21601.000000  2 20
21689.000000  15 20
21741.000000  24 20
21819.000000  37 20
21861.000000  45 20
21899.000000  51 20
21939.000000  58 20
22001.000000  69 20
22003.000000  69 20
22111.000000  88 20
22143.000000  94 20
22201.000000  105 20
22235.000000  111 20
22257.000000  114 20
22259.000000  115 20
22291.000000  121 20
22343.000000  130 20
22359.000000  132 20
22405.000000  141 20
22407.000000  141 20
22467.000000  151 20
22493.000000  156 20
22549.000000  166 20
22595.000000  174 20
22661.000000  185 20
22687.000000  190 20
22759.000000  203 20
22793.000000  209 20
22899.000000  228 20
22925.000000  232 20
22957.000000  238 20
22969.000000  240 20
23011.000000  247 20
23025.000000  250 20
23097.000000  262 20
23097.000000  262 20
23209.000000  282 20
23233.000000  287 20
23283.000000  295 20
23301.000000  299 20
23339.000000  305 20
23447.000000  324 20
23481.000000  330 20
23535.000000  339 20
23721.000000  372 20
23777.000000  383 20
23779.000000  383 20
23827.000000  391 20
23875.000000  400 20
24029.000000  427 20
24125.000000  443 20
24201.000000  457 20
24265.000000  468 20
24283.000000  472 20
24303.000000  475 20
24303.000000  475 20
24375.000000  488 20
24475.000000  505 20
24749.000000  554 20
24803.000000  563 20
24835.000000  569 20
24889.000000  579 20
24913.000000  583 20
24955.000000  590 20
24985.000000  595 20
25031.000000  603 20
25033.000000  604 20
25053.000000  607 20
25067.000000  610 20
25067.000000  610 20
25119.000000  619 20
25147.000000  624 20
25155.000000  625 20
25187.000000  631 20
25247.000000  641 20
25279.000000  647 20
25281.000000  647 20
25333.000000  657 20
25357.000000  661 20
25413.000000  671 20
25469.000000  681 20
25503.000000  687 20
25547.000000  694 20
25549.000000  694 20
25595.000000  703 20
25625.000000  708 20
25661.000000  714 20
25697.000000  721 20
25745.000000  729 20
25775.000000  734 20
25775.000000  734 20
25861.000000  750 20
25863.000000  750 20
25897.000000  756 20
26005.000000  775 20
26029.000000  779 20
27783.000000  1088 20
27785.000000  1088 20
27837.000000  1097 20
27871.000000  1104 20
27905.000000  1110 20
27905.000000  1110 20
27959.000000  1119 20
28015.000000  1129 20
28045.000000  1134 20
28047.000000  1135 20
28073.000000  1139 20
28117.000000  1147 20
28153.000000  1153 20
28187.000000  1159 20
28223.000000  1165 20
28263.000000  1172 20
28285.000000  1176 20
28299.000000  1179 20
28315.000000  1182 20
28343.000000  1187 20
28367.000000  1191 20
28381.000000  1193 20
28397.000000  1196 20
28429.000000  1202 20
28535.000000  1220 20
28559.000000  1225 20
28591.000000  1230 20
28619.000000  1235 20
28651.000000  1241 20
28651.000000  1241 20
28709.000000  1251 20
28745.000000  1257 20
28775.000000  1262 20
28801.000000  1267 20
28839.000000  1274 20
28881.000000  1281 20
28907.000000  1286 20
28943.000000  1292 20
28945.000000  1293 20
28989.000000  1300 20
29033.000000  1308 20
29091.000000  1318 20
29103.000000  1320 20
29159.000000  1330 20
29161.000000  1330 20
29183.000000  1334 20
29215.000000  1340 20
29289.000000  1353 20
29325.000000  1359 20
29397.000000  1372 20
29397.000000  1372 20
29479.000000  1386 20
29481.000000  1387 20
29535.000000  1396 20
29553.000000  1399 20
29645.000000  1415 20
29709.000000  1427 20
29761.000000  1436 20
29761.000000  1436 20
29795.000000  1442 20
29795.000000  1442 20
29877.000000  1456 20
29909.000000  1462 20
30013.000000  1480 20
30033.000000  1484 20
30063.000000  1489 20
30063.000000  1489 20
30091.000000  1494 20
30141.000000  1503 20
30197.000000  1512 20
30237.000000  1519 20
30263.000000  1524 20
30265.000000  1524 20
30289.000000  1529 20
30303.000000  1531 20
30325.000000  1535 20
30357.000000  1541 20
30383.000000  1545 20
30385.000000  1546 20
30417.000000  1551 20
30447.000000  1557 20
30449.000000  1557 20
30479.000000  1562 20
30511.000000  1568 20
30545.000000  1574 20
30573.000000  1579 20
30575.000000  1579 20
30637.000000  1590 20
30637.000000  1590 20
30687.000000  1599 20
30727.000000  1606 20
30771.000000  1613 20
30807.000000  1620 20
30823.000000  1623 20
30873.000000  1631 20
30919.000000  1640 20
30943.000000  1644 20
31011.000000  1656 20
31013.000000  1656 20
31027.000000  1659 20
31091.000000  1670 20
31145.000000  1679 20
31167.000000  1683 20
31223.000000  1693 20
31223.000000  1693 20
31239.000000  1696 20
31353.000000  1716 20
31391.000000  1723 20
31457.000000  1734 20
31505.000000  1743 20
31517.000000  1745 20
31519.000000  1745 20
31543.000000  1749 20
31563.000000  1753 20
31609.000000  1761 20
31645.000000  1767 20
31677.000000  1773 20
31713.000000  1779 20
31735.000000  1783 20
31751.000000  1786 20
31767.000000  1788 20
31767.000000  1788 20
31805.000000  1795 20
31839.000000  1801 20
31893.000000  1811 20
31931.000000  1817 20
31945.000000  1820 20
31959.000000  1823 20
31959.000000  1823 20
32007.000000  1831 20
32007.000000  1831 20
32041.000000  1837 20
32093.000000  1846 20
32105.000000  1848 20
32151.000000  1856 20
32153.000000  1857 20
32169.000000  1859 20
32263.000000  1876 20
32265.000000  1876 20
32287.000000  1880 20
32319.000000  1885 20
32343.000000  1890 20
32399.000000  1900 20
32433.000000  1906 20
32455.000000  1910 20
32511.000000  1920 20
32545.000000  1925 20
32575.000000  1931 20
32595.000000  1934 20
32627.000000  1940 20
32677.000000  1949 20
32679.000000  1949 20
32695.000000  1952 20
32729.000000  1957 20
32767.000000  1964 20
32815.000000  1973 20
32831.000000  1976 20
32847.000000  1978 20
32869.000000  1982 20
32933.000000  1994 20
32935.000000  1994 20
32967.000000  2000 20
33021.000000  2009 20
33043.000000  2013 20
33043.000000  2013 20
33077.000000  2019 20
33103.000000  2023 20
33103.000000  2023 20
33119.000000  2026 20
33171.000000  2035 20
33171.000000  2035 20
33205.000000  2041 20
33257.000000  2050 20
33295.000000  2057 20
33333.000000  2064 20
33375.000000  2071 20
33429.000000  2081 20
33467.000000  2087 20
33497.000000  2093 20
33511.000000  2095 20
33545.000000  2101 20
33547.000000  2102 20
33569.000000  2105 20
33585.000000  2108 20
33639.000000  2118 20
33639.000000  2118 20
33649.000000  2119 20
33705.000000  2129 20
33761.000000  2139 20
33795.000000  2145 20
33847.000000  2154 20
33847.000000  2154 20
33871.000000  2158 20
33921.000000  2167 20
33959.000000  2174 20
34003.000000  2182 20
34023.000000  2185 20
34047.000000  2190 20
34095.000000  2198 20
34127.000000  2203 20
34143.000000  2206 20
34183.000000  2213 20
34217.000000  2219 20
34241.000000  2223 20
34297.000000  2233 20
34331.000000  2239 20
34361.000000  2244 20
34363.000000  2245 20
34377.000000  2247 20
34463.000000  2263 20
34533.000000  2275 20
34553.000000  2279 20
34609.000000  2288 20
34637.000000  2293 20
34661.000000  2297 20
34669.000000  2299 20
34689.000000  2302 20
34717.000000  2307 20
34727.000000  2309 20
34747.000000  2312 20
34785.000000  2319 20
34823.000000  2326 20
34845.000000  2329 20
34859.000000  2332 20
34887.000000  2337 20
34893.000000  2338 20
34927.000000  2344 20
34957.000000  2349 20
34957.000000  2349 20
34973.000000  2352 20
34995.000000  2356 20
35027.000000  2362 20
35051.000000  2366 20
35107.000000  2376 20
35123.000000  2379 20
35155.000000  2384 20
35173.000000  2387 20
35173.000000  2387 20
35221.000000  2396 20
35223.000000  2396 20
35277.000000  2405 20
35297.000000  2409 20
35319.000000  2413 20
35337.000000  2416 20
35351.000000  2418 20
35371.000000  2422 20
35407.000000  2428 20
35439.000000  2434 20
35495.000000  2444 20
35511.000000  2447 20
35543.000000  2452 20
35649.000000  2471 20
35673.000000  2475 20
35789.000000  2495 20
35795.000000  2496 20
35861.000000  2508 20
35891.000000  2513 20
35909.000000  2516 20
35925.000000  2519 20
35949.000000  2524 20
35977.000000  2529 20
36025.000000  2537 20
36055.000000  2542 20
36073.000000  2545 20
36087.000000  2548 20
36141.000000  2557 20
36169.000000  2562 20
36183.000000  2565 20
36183.000000  2565 20
36363.000000  2596 20
36365.000000  2597 20
36445.000000  2611 20
36467.000000  2615 20
36521.000000  2624 20
36553.000000  2630 20
36553.000000  2630 20
36583.000000  2635 20
36585.000000  2635 20
36599.000000  2638 20
36617.000000  2641 20
36643.000000  2646 20
36645.000000  2646 20
36693.000000  2654 20
36723.000000  2660 20
36725.000000  2660 20
36819.000000  2676 20
36873.000000  2686 20
36967.000000  2702 20
36967.000000  2702 20
36981.000000  2705 20
37043.000000  2716 20
37111.000000  2728 20
37205.000000  2744 20
37355.000000  2771 20
37367.000000  2773 20
37367.000000  2773 20
37475.000000  2792 20
37529.000000  2801 20
37551.000000  2805 20
37561.000000  2807 20
37669.000000  2826 20
37851.000000  2858 20
37863.000000  2860 20
38063.000000  2895 20
38123.000000  2906 20
38237.000000  2926 20
38237.000000  2926 20
38339.000000  2943 20
38391.000000  2952 20
38443.000000  2962 20
38483.000000  2969 20
38561.000000  2983 20
38587.000000  2987 20
38637.000000  2996 20
38637.000000  2996 20
38795.000000  3024 20
38849.000000  3033 20
38903.000000  3042 20
38927.000000  3047 20
38981.000000  3056 20
38995.000000  3059 20
39011.000000  3061 20
39061.000000  3070 20
39123.000000  3081 20
39123.000000  3081 20
39161.000000  3088 20
39385.000000  3127 20
39387.000000  3127 20
39401.000000  3130 20
39509.000000  3149 20
39603.000000  3165 20
39603.000000  3165 20
39657.000000  3175 20
39787.000000  3198 20
39787.000000  3198 20
39985.000000  3232 20
39987.000000  3233 20
40045.000000  3243 20
40101.000000  3253 20
40247.000000  3279 20
40249.000000  3279 20
40317.000000  3291 20
40339.000000  3295 20
40339.000000  3295 20
40427.000000  3310 20
40803.000000  3376 20
40897.000000  3393 20
40899.000000  3393 20
40923.000000  3397 20
41015.000000  3413 20
41059.000000  3421 20
41151.000000  3437 20
41309.000000  3465 20
41315.000000  3466 20
41349.000000  3472 20
41491.000000  3497 20
41507.000000  3500 20
41581.000000  3513 20
41637.000000  3523 20
41697.000000  3533 20
41761.000000  3545 20
41795.000000  3551 20
41815.000000  3554 20
41867.000000  3563 20
41899.000000  3569 20
41955.000000  3579 20
41957.000000  3579 20
42007.000000  3588 20
42007.000000  3588 20
42061.000000  3597 20
42085.000000  3601 20
42119.000000  3607 20
42151.000000  3613 20
42175.000000  3617 20
42287.000000  3637 20
42325.000000  3644 20
42347.000000  3648 20
42395.000000  3656 20
42417.000000  3660 20
42467.000000  3668 20
42501.000000  3674 20
42501.000000  3674 20
42501.000000  3674 20
42501.000000  3674 20
42551.000000  3683 20
42553.000000  3683 20
42607.000000  3693 20
42609.000000  3693 20
42639.000000  3699 20
42671.000000  3705 20
42673.000000  3705 20
42803.000000  3728 20
42841.000000  3734 20
42857.000000  3737 20
42875.000000  3740 20
42909.000000  3746 20
42925.000000  3749 20
42957.000000  3755 20
42993.000000  3761 20
43023.000000  3766 20
43053.000000  3771 20
43089.000000  3778 20
43089.000000  3778 20
43123.000000  3784 20
43155.000000  3789 20
43183.000000  3794 20
43239.000000  3804 20
43239.000000  3804 20
43355.000000  3825 20
43413.000000  3835 20
43445.000000  3840 20
43463.000000  3843 20
43485.000000  3847 20
43495.000000  3849 20
43515.000000  3852 20
43575.000000  3863 20
43611.000000  3869 20
43695.000000  3884 20
43739.000000  3892 20
43799.000000  3903 20
43837.000000  3909 20
43839.000000  3910 20
43889.000000  3918 20
43913.000000  3923 20
43981.000000  3934 20
44045.000000  3946 20
44117.000000  3958 20
44147.000000  3964 20
44183.000000  3970 20
44257.000000  3983 20
44275.000000  3986 20
44337.000000  3997 20
44337.000000  3997 20
44379.000000  4005 20
44395.000000  4007 20
44477.000000  4021 20
44499.000000  4025 20
44499.000000  4025 20
44557.000000  4035 20
44589.000000  4041 20
44619.000000  4046 20
44621.000000  4047 20
44649.000000  4052 20
44651.000000  4052 20
44703.000000  4061 20
44705.000000  4062 20
44733.000000  4067 20
44747.000000  4069 20
44773.000000  4074 20
44793.000000  4077 20
44811.000000  4081 20
44859.000000  4089 20
44911.000000  4098 20
44993.000000  4112 20
44993.000000  4112 20
45081.000000  4128 20
45115.000000  4134 20
45149.000000  4140 20
45171.000000  4143 20
45231.000000  4154 20
45231.000000  4154 20
45231.000000  4154 20
45263.000000  4160 20
45317.000000  4169 20
45351.000000  4175 20
45385.000000  4181 20
45421.000000  4187 20
45477.000000  4197 20
45479.000000  4198 20
45511.000000  4203 20
45511.000000  4203 20
45529.000000  4206 20
45529.000000  4206 20
45567.000000  4213 20
45615.000000  4221 20
45631.000000  4224 20
45683.000000  4233 20
45745.000000  4244 20
45801.000000  4254 20
45863.000000  4265 20
45865.000000  4265 20
45923.000000  4276 20
45955.000000  4281 20
45979.000000  4285 20
45979.000000  4285 20
45995.000000  4288 20
46031.000000  4295 20
46115.000000  4309 20
46191.000000  4323 20
46203.000000  4325 20
46221.000000  4328 20
46363.000000  4353 20
46379.000000  4356 20
46435.000000  4366 20
46437.000000  4366 20
46457.000000  4370 20
46489.000000  4375 20
46521.000000  4381 20
46579.000000  4391 20
46593.000000  4393 20
46629.000000  4400 20
46661.000000  4405 20
46697.000000  4412 20
46729.000000  4417 20
46731.000000  4418 20
46745.000000  4420 20
46765.000000  4424 20
46809.000000  4431 20
46847.000000  4438 20
46907.000000  4449 20
46943.000000  4455 20
46987.000000  4463 20
46989.000000  4463 20
47021.000000  4469 20
47055.000000  4474 20
47081.000000  4479 20
47117.000000  4485 20
47117.000000  4485 20
47117.000000  4485 20
47151.000000  4491 20
47181.000000  4497 20
47217.000000  4503 20
47271.000000  4513 20
47359.000000  4528 20
47379.000000  4532 20
47449.000000  4544 20
47527.000000  4557 20
47557.000000  4563 20
47577.000000  4566 20
47645.000000  4578 20
47681.000000  4585 20
47683.000000  4585 20
47765.000000  4599 20
47799.000000  4605 20
47825.000000  4610 20
47833.000000  4611 20
47833.000000  4611 20
47909.000000  4625 20
47911.000000  4625 20
47943.000000  4631 20
47951.000000  4632 20
47983.000000  4638 20
47997.000000  4640 20
48029.000000  4646 20
48031.000000  4646 20
48069.000000  4653 20
48093.000000  4657 20
48143.000000  4666 20
48145.000000  4666 20
48167.000000  4670 20
48197.000000  4675 20
48229.000000  4681 20
48289.000000  4691 20
48291.000000  4692 20
48345.000000  4701 20
48407.000000  4712 20
48407.000000  4712 20
48443.000000  4718 20
48467.000000  4723 20
48499.000000  4728 20
48531.000000  4734 20
48533.000000  4734 20
48593.000000  4745 20
48595.000000  4745 20
48617.000000  4749 20
48665.000000  4757 20
48713.000000  4766 20
48713.000000  4766 20
48753.000000  4773 20
48753.000000  4773 20
48833.000000  4787 20
48881.000000  4795 20
48917.000000  4802 20
48939.000000  4806 20
48947.000000  4807 20
48947.000000  4807 20
48981.000000  -1 20
48981.000000  -1 20
49045.000000  4824 20
49069.000000  4828 20
49071.000000  4829 20
49083.000000  4831 20
49119.000000  4837 20
49141.000000  4841 20
49197.000000  4851 20
49211.000000  4853 20
49297.000000  4868 20
49323.000000  4873 20
49331.000000  4875 20
49365.000000  4881 20
49431.000000  4892 20
49443.000000  4894 20
49459.000000  4897 20
49487.000000  4902 20
49523.000000  4908 20
49549.000000  4913 20
49579.000000  4918 20
49633.000000  4927 20
49665.000000  4933 20
49665.000000  4933 20
49753.000000  4949 20
49779.000000  4953 20
49781.000000  4953 20
49841.000000  4964 20
49843.000000  4964 20
49861.000000  4968 20
49897.000000  4974 20
49973.000000  4987 20
49973.000000  4987 20
49993.000000  4991 20
50047.000000  5000 20
50091.000000  5008 20
50163.000000  5020 20
50197.000000  5026 20
50233.000000  5033 20
50307.000000  5046 20
50343.000000  5052 20
50367.000000  5057 20
50401.000000  5063 20
50429.000000  5067 20
50461.000000  5073 20
50463.000000  5073 20
50501.000000  5080 20
50533.000000  5086 20
50579.000000  5094 20
50623.000000  5101 20
50623.000000  5101 20
50649.000000  5106 20
50649.000000  5106 20
50697.000000  5114 20
50697.000000  5114 20
50745.000000  5123 20
50795.000000  5131 20
50865.000000  5144 20
50867.000000  5144 20
50879.000000  5146 20
50901.000000  5150 20
50957.000000  5160 20
50989.000000  5166 20
51015.000000  5170 20
51049.000000  5176 20
51073.000000  5181 20
51105.000000  5186 20
51137.000000  5192 20
51167.000000  5197 20
51207.000000  5204 20
51231.000000  5208 20
51269.000000  5215 20
51295.000000  5219 20
51295.000000  5219 20
51343.000000  5228 20
51351.000000  5229 20
51373.000000  5233 20
51403.000000  5239 20
51425.000000  5242 20
51483.000000  5253 20
51517.000000  5259 20
51541.000000  5263 20
51635.000000  5279 20
51661.000000  5284 20
51717.000000  5293 20
51791.000000  5307 20
51829.000000  5313 20
51917.000000  5329 20
51983.000000  5340 20
52005.000000  5344 20
52029.000000  5348 20
52151.000000  5370 20
52277.000000  5392 20
52301.000000  5396 20
52335.000000  5402 20
52363.000000  5407 20
52365.000000  5407 20
52393.000000  5412 20
52415.000000  5416 20
52427.000000  5418 20
52503.000000  5432 20
52555.000000  5441 20
52595.000000  5448 20
52633.000000  5455 20
52683.000000  5463 20
52707.000000  5467 20
52743.000000  5474 20
52767.000000  5478 20
52827.000000  5488 20
52829.000000  5489 20
52857.000000  5494 20
52881.000000  5498 20
52943.000000  5509 20
53011.000000  5521 20
53063.000000  5530 20
53111.000000  5539 20
53193.000000  5553 20
53195.000000  5553 20
53225.000000  5558 20
53293.000000  5570 20
53317.000000  5575 20
53363.000000  5583 20
53397.000000  5589 20
53397.000000  5589 20
53425.000000  5594 20
53533.000000  5613 20
53569.000000  5619 20
53621.000000  5628 20
53677.000000  5638 20
53857.000000  5669 20
53951.000000  5686 20
54043.000000  5702 20
54059.000000  5705 20
54093.000000  5711 20
54119.000000  5715 20
54131.000000  5718 20
54163.000000  5723 20
54219.000000  5733 20
54221.000000  5733 20
54347.000000  5755 20
54363.000000  5758 20
54411.000000  5767 20
54507.000000  5784 20
54531.000000  5788 20
54581.000000  5797 20
54623.000000  5804 20
54637.000000  5807 20
54669.000000  5812 20
54743.000000  5825 20
54755.000000  5827 20
54823.000000  5839 20
54857.000000  5845 20
54891.000000  5851 20
54925.000000  5857 20
54949.000000  5861 20
55007.000000  5871 20
55037.000000  5877 20
55067.000000  5882 20
55117.000000  5891 20
55119.000000  5891 20
55143.000000  5895 20
55173.000000  5901 20
55189.000000  5903 20
55191.000000  5904 20
55305.000000  5924 20
55365.000000  5934 20
55421.000000  5944 20
55455.000000  5950 20
55507.000000  5959 20
55509.000000  5960 20
55533.000000  5964 20
55595.000000  5975 20
55609.000000  5977 20
55629.000000  5981 20
55675.000000  5989 20
55753.000000  6002 20
55785.000000  6008 20
55801.000000  6011 20
55817.000000  6013 20
55917.000000  6031 20
55951.000000  6037 20
55953.000000  6037 20
55975.000000  6041 20
56033.000000  6052 20
56067.000000  6058 20
56069.000000  6058 20
56093.000000  6062 20
56127.000000  6068 20
56149.000000  6072 20
56149.000000  6072 20
56183.000000  6078 20
56211.000000  6083 20
56283.000000  6095 20
56339.000000  6105 20
56363.000000  6109 20
56439.000000  6123 20
56491.000000  6132 20
56503.000000  6134 20
56523.000000  6138 20
56617.000000  6154 20
56675.000000  6164 20
56771.000000  6181 20
56877.000000  6200 20
56903.000000  6204 20
59557.000000  6671 20
59589.000000  6676 20
59631.000000  6684 20
59649.000000  6687 20
59685.000000  6693 20
59685.000000  6693 20
59807.000000  6715 20
59841.000000  6721 20
59865.000000  6725 20
59897.000000  6730 20
59897.000000  6730 20
59931.000000  6736 20
59945.000000  6739 20
59945.000000  6739 20
60003.000000  6749 20
60005.000000  6749 20
60033.000000  6754 20
60059.000000  6759 20
60107.000000  6767 20
60165.000000  6778 20
60223.000000  6788 20
60225.000000  6788 20
60323.000000  6805 20
60383.000000  6815 20
60427.000000  6823 20
60495.000000  6835 20
60529.000000  6841 20
60603.000000  6854 20
60639.000000  6861 20
60695.000000  6871 20
60697.000000  6871 20
60729.000000  6877 20
60759.000000  6882 20
60773.000000  6884 20
60803.000000  6890 20
60843.000000  6897 20
60903.000000  6907 20
60915.000000  6909 20
60945.000000  6914 20
61005.000000  6925 20
61067.000000  6936 20
61069.000000  6936 20
61091.000000  6940 20
61187.000000  6957 20
61189.000000  6957 20
61293.000000  6976 20
61353.000000  6986 20
61375.000000  6990 20
61375.000000  6990 20
61411.000000  6996 20
61553.000000  7021 20
61569.000000  7024 20
61595.000000  7029 20
61595.000000  7029 20
61595.000000  7029 20
61595.000000  7029 20
61791.000000  7063 20
61807.000000  7066 20
61927.000000  7087 20
61929.000000  7087 20
61961.000000  7093 20
62023.000000  7104 20
62051.000000  7109 20
62059.000000  7110 20
62147.000000  7126 20
62241.000000  7142 20
62439.000000  7177 20
62827.000000  7245 20
63009.000000  7277 20
63141.000000  7300 20
63427.000000  7350 20
63621.000000  7384 20
63747.000000  7407 20
63805.000000  7417 20
64151.000000  7477 20
64311.000000  7506 20
64629.000000  7561 20
64809.000000  7593 20
64809.000000  7593 20
65007.000000  7628 20
65293.000000  7678 20
65321.000000  7683 20
65349.000000  7688 20
65363.000000  7691 20
65363.000000  7691 20
65523.000000  7718 20
65559.000000  7725 20
65585.000000  7729 20
65599.000000  7732 20
65655.000000  7742 20
65657.000000  7742 20
65677.000000  7746 20
65733.000000  7756 20
65829.000000  7773 20
65831.000000  7773 20
65887.000000  7783 20
65937.000000  7791 20
65957.000000  7795 20
65989.000000  7801 20
65993.000000  7801 20
66049.000000  7811 20
66049.000000  7811 20
66107.000000  7821 20
66127.000000  7825 20
66183.000000  7835 20
66219.000000  7841 20
66347.000000  7863 20
66409.000000  7874 20
66411.000000  7875 20
66443.000000  7880 20
66467.000000  7885 20
66515.000000  7893 20
66527.000000  7895 20
66591.000000  7906 20
66633.000000  7913 20
66673.000000  7921 20
66689.000000  7923 20
66725.000000  7930 20
66725.000000  7930 20
66787.000000  7941 20
66823.000000  7947 20
66845.000000  7951 20
66845.000000  7951 20
66879.000000  7957 20
66911.000000  7963 20
66927.000000  7965 20
67135.000000  8002 20
67137.000000  8002 20
67349.000000  8040 20
67409.000000  8050 20
67411.000000  8050 20
67443.000000  8056 20
67637.000000  8090 20
67675.000000  8097 20
67677.000000  8097 20
67699.000000  8101 20
67731.000000  8106 20
67781.000000  8115 20
67865.000000  8130 20
68039.000000  8161 20
68041.000000  8161 20
68103.000000  8172 20
68127.000000  8176 20
68141.000000  8178 20
68323.000000  8211 20
68325.000000  8211 20
68349.000000  8215 20
68351.000000  8216 20
68377.000000  8220 20
68379.000000  8221 20
68423.000000  8228 20
68447.000000  8232 20
68499.000000  8241 20
68547.000000  8250 20
68603.000000  8259 20
68635.000000  8265 20
68635.000000  8265 20
68659.000000  8269 20
68743.000000  8284 20
68851.000000  8303 20
68907.000000  8313 20
68929.000000  8317 20
68985.000000  8327 20
69019.000000  8333 20
69059.000000  8340 20
69103.000000  8347 20
69135.000000  8353 20
69171.000000  8359 20
69333.000000  8388 20
69439.000000  8407 20
69441.000000  8407 20
69457.000000  8410 20
69559.000000  8428 20
69583.000000  8432 20
69639.000000  8441 20
69649.000000  8443 20
69715.000000  8455 20
69883.000000  8485 20
70021.000000  8509 20
70023.000000  8509 20
70045.000000  8513 20
70077.000000  8519 20
70105.000000  8523 20
70107.000000  8524 20
70157.000000  8533 20
70191.000000  8538 20
70245.000000  8548 20
70269.000000  8552 20
70491.000000  8591 20
70509.000000  8595 20
70605.000000  8611 20
70605.000000  8611 20
70783.000000  8643 20
70805.000000  8646 20
70805.000000  8646 20
70805.000000  8646 20
70805.000000  8646 20
70953.000000  8673 20
70953.000000  8673 20
71061.000000  8691 20
71103.000000  8699 20
71167.000000  8710 20
71239.000000  8723 20
71261.000000  8726 20
71261.000000  8726 20
71325.000000  8738 20
71327.000000  8738 20
71359.000000  8744 20
71413.000000  8753 20
71437.000000  8758 20
71521.000000  8772 20
71529.000000  8774 20
71531.000000  8774 20
71563.000000  8780 20
71563.000000  8780 20
71615.000000  8789 20
71655.000000  8795 20
71671.000000  8798 20
71671.000000  8798 20
71809.000000  8823 20
71811.000000  8823 20
71859.000000  8832 20
71899.000000  8839 20
71901.000000  8839 20
71947.000000  8847 20
71979.000000  8853 20
72009.000000  8858 20
72043.000000  8864 20
72065.000000  8868 20
72067.000000  8868 20
72081.000000  8871 20
72113.000000  8876 20
72171.000000  8886 20
72185.000000  8889 20
72209.000000  8893 20
72299.000000  8909 20
72321.000000  8913 20
72415.000000  8929 20
72499.000000  8944 20
72517.000000  8947 20
72553.000000  8953 20
72651.000000  8971 20
72839.000000  9004 20
72925.000000  9019 20
72993.000000  9031 20
73051.000000  9041 20
73159.000000  9060 20
73161.000000  9060 20
73199.000000  9067 20
73199.000000  9067 20
73273.000000  9080 20
73307.000000  9086 20
73335.000000  9091 20
73335.000000  9091 20
73335.000000  9091 20
73405.000000  9103 20
73437.000000  9109 20
73495.000000  9119 20
73503.000000  9121 20
73505.000000  9121 20
73517.000000  9123 20
73519.000000  9123 20
73567.000000  9131 20
73595.000000  9137 20
73629.000000  9143 20
73747.000000  9163 20
73759.000000  9165 20
73801.000000  9173 20
73863.000000  9183 20
73865.000000  9184 20
73959.000000  9201 20
74017.000000  9211 20
74073.000000  9221 20
74129.000000  9230 20
74167.000000  9237 20
74219.000000  9246 20
74303.000000  9261 20
74315.000000  9263 20
74335.000000  9266 20
74355.000000  9270 20
74417.000000  9281 20
74501.000000  9296 20
74701.000000  9331 20
74873.000000  9361 20
74953.000000  9375 20
75039.000000  9390 20
75093.000000  9400 20
75115.000000  9403 20
75181.000000  9415 20
75517.000000  9474 20
75783.000000  9521 20
75837.000000  9530 20
75839.000000  9531 20
75861.000000  9534 20
75895.000000  9540 20
75897.000000  9541 20
75917.000000  9544 20
75949.000000  9550 20
75971.000000  9554 20
75971.000000  9554 20
76029.000000  9564 20
76035.000000  9565 20
76035.000000  9565 20
76099.000000  9576 20
76145.000000  9585 20
76229.000000  9599 20
76375.000000  9625 20
76375.000000  9625 20
76459.000000  9639 20
76557.000000  9657 20
76559.000000  9657 20
76575.000000  9660 20
76631.000000  9670 20
76631.000000  9670 20
76687.000000  9680 20
76689.000000  9680 20
76739.000000  9689 20
76773.000000  9695 20
76791.000000  9698 20
76817.000000  9702 20
76833.000000  9705 20
76849.000000  9708 20
76915.000000  9719 20
76915.000000  9719 20
76941.000000  9724 20
77063.000000  9746 20
77157.000000  9762 20
77169.000000  9764 20
77203.000000  9770 20
77205.000000  9771 20
77389.000000  9803 20
77391.000000  9803 20
77437.000000  9811 20
77459.000000  9815 20
77513.000000  9825 20
77535.000000  9829 20
77571.000000  9835 20
77571.000000  9835 20
77599.000000  9840 20
77653.000000  9849 20
77689.000000  9856 20
77757.000000  9868 20
77759.000000  9868 20
77789.000000  9873 20
77811.000000  9877 20
77811.000000  9877 20
77823.000000  9879 20
77877.000000  9888 20
77993.000000  9909 20
78047.000000  9919 20
78065.000000  9922 20
78089.000000  9926 20
78155.000000  9937 20
78155.000000  9937 20
78177.000000  9941 20
78199.000000  9945 20
78261.000000  9956 20
78283.000000  9960 20
78303.000000  9963 20
78785.000000  10048 20
78785.000000  10048 20
78947.000000  10076 20
78983.000000  10083 20
79011.000000  10088 20
79011.000000  10088 20
79011.000000  10088 20
79011.000000  10088 20
79101.000000  10104 20
79125.000000  10108 20
79181.000000  10118 20
79213.000000  10123 20
79213.000000  10123 20
79349.000000  10147 20
79405.000000  10157 20
79407.000000  10157 20
79439.000000  10163 20
79457.000000  10166 20
79533.000000  10180 20
79623.000000  10195 20
79677.000000  10205 20
79699.000000  10209 20
79767.000000  10221 20
79769.000000  10221 20
79773.000000  10222 20
79805.000000  10227 20
79833.000000  10232 20
79905.000000  10245 20
79949.000000  10253 20
80083.000000  10276 20
80095.000000  10278 20
80213.000000  10299 20
80471.000000  10344 20
80507.000000  10351 20
80531.000000  10355 20
80543.000000  10357 20
80555.000000  10359 20
80555.000000  10359 20
80635.000000  10373 20
80695.000000  10384 20
80749.000000  10393 20
80805.000000  10403 20
80821.000000  10406 20
80839.000000  10409 20
80857.000000  10412 20
80929.000000  10425 20
80995.000000  10436 20
81055.000000  10447 20
81169.000000  10467 20
81229.000000  10477 20
81371.000000  10502 20
81439.000000  10514 20
81503.000000  10525 20
81749.000000  10569 20
81751.000000  10569 20
81911.000000  10597 20
81917.000000  10598 20
81949.000000  10604 20
82005.000000  10614 20
82007.000000  10614 20
82049.000000  10621 20
82089.000000  10629 20
82109.000000  10632 20
82139.000000  10637 20
82209.000000  10650 20
82209.000000  10650 20
82209.000000  10650 20
82215.000000  10651 20
82275.000000  10661 20
82333.000000  10671 20
82335.000000  10672 20
82351.000000  10675 20
82379.000000  10679 20
82533.000000  10707 20
82609.000000  10720 20
82649.000000  10727 20
82667.000000  10730 20
82679.000000  10732 20
82681.000000  10733 20
82953.000000  10780 20
83413.000000  10861 20
83797.000000  10929 20
84079.000000  10978 20
84175.000000  10995 20
84199.000000  10999 20
85087.000000  11155 20
85207.000000  11176 20
85541.000000  11235 20
85543.000000  11235 20
85865.000000  11292 20
86093.000000  11332 20
86385.000000  11383 20
86385.000000  11383 20
86661.000000  11432 20
86927.000000  11479 20
86979.000000  11488 20
87159.000000  11519 20
87641.000000  11604 20
87825.000000  11637 20
87827.000000  11637 20
88129.000000  11690 20
88129.000000  11690 20
88315.000000  11723 20
88317.000000  11723 20
88423.000000  11742 20
88627.000000  11777 20
88887.000000  11823 20
89089.000000  11858 20
89137.000000  11867 20
89441.000000  11920 20
89543.000000  11938 20
89605.000000  11949 20
89731.000000  11971 20
90525.000000  12111 20
90541.000000  12114 20
90807.000000  12160 20
91027.000000  12199 20
91029.000000  12199 20
91185.000000  12227 20
91187.000000  12227 20
91341.000000  12254 20
91603.000000  12300 20
91649.000000  12308 20
91715.000000  12320 20
91717.000000  12320 20
91803.000000  12335 20
91931.000000  12358 20
91957.000000  12363 20
91957.000000  12363 20
91957.000000  12363 20
91957.000000  12363 20
92363.000000  12434 20
92451.000000  12449 20
92451.000000  12449 20
92535.000000  12464 20
92617.000000  12478 20
92629.000000  12480 20
92663.000000  12486 20
92693.000000  12491 20
92695.000000  12492 20
92737.000000  12499 20
92737.000000  12499 20
92837.000000  12517 20
92873.000000  12523 20
92991.000000  12544 20
93003.000000  12546 20
93213.000000  12583 20
93439.000000  12623 20
93587.000000  12649 20
93657.000000  12661 20
93797.000000  12685 20
93871.000000  12699 20
94187.000000  12754 20
94199.000000  12756 20
94281.000000  12770 20
94343.000000  12781 20
94453.000000  12801 20
94489.000000  12807 20
94511.000000  12811 20
94573.000000  12822 20
94607.000000  12828 20
94635.000000  12833 20
94675.000000  12840 20
94701.000000  12844 20
94921.000000  12883 20
94921.000000  12883 20
94939.000000  12886 20
94985.000000  12894 20
95239.000000  12939 20
95347.000000  12958 20
95499.000000  12985 20
95623.000000  13006 20
95773.000000  13032 20
95825.000000  13042 20
95825.000000  13042 20
95851.000000  13046 20
95907.000000  13056 20
95913.000000  13057 20
96051.000000  13082 20
96165.000000  13101 20
96187.000000  13105 20
96327.000000  13130 20
96459.000000  13153 20
96567.000000  13172 20
96649.000000  13187 20
96739.000000  13202 20
96925.000000  13235 20
96925.000000  13235 20
96995.000000  13247 20
97029.000000  13253 20
97029.000000  13253 20
97083.000000  13263 20
97107.000000  13267 20
97139.000000  13273 20
97139.000000  13273 20
97173.000000  13279 20
97335.000000  13307 20
97335.000000  13307 20
97435.000000  13325 20
97453.000000  13328 20
97515.000000  13339 20
97627.000000  13358 20
97629.000000  13359 20
97825.000000  13393 20
97827.000000  13393 20
97929.000000  13411 20
97947.000000  13414 20
97995.000000  13423 20
98031.000000  13429 20
98031.000000  13429 20
98075.000000  13437 20
98077.000000  13437 20
98185.000000  13456 20
98219.000000  13462 20
98243.000000  13467 20
98243.000000  13467 20
98277.000000  13472 20
98331.000000  13482 20
98435.000000  13500 20
98521.000000  13515 20
98521.000000  13515 20
98851.000000  13573 20
99125.000000  13621 20
99163.000000  13628 20
99481.000000  13684 20
99481.000000  13684 20
99497.000000  13687 20
99643.000000  13713 20
99851.000000  13749 20
99873.000000  13753 20
99907.000000  13759 20
99907.000000  13759 20
99947.000000  13766 20
99971.000000  13770 20
99995.000000  13774 20
100041.000000  13783 20
100081.000000  13789 20
100081.000000  13789 20
100141.000000  13800 20
100207.000000  13812 20
100239.000000  13817 20
100241.000000  13818 20
100371.000000  13840 20
100373.000000  13841 20
100449.000000  13854 20
100869.000000  13928 20
101085.000000  13966 20
101331.000000  14009 20
101333.000000  14009 20
101487.000000  14036 20
101523.000000  14043 20
101575.000000  14052 20
101577.000000  14052 20
101747.000000  14082 20
102091.000000  14143 20
102091.000000  14143 20
102249.000000  14170 20
102449.000000  14205 20
102507.000000  14216 20
102507.000000  14216 20
102575.000000  14228 20
102709.000000  14251 20
102953.000000  14294 20
102955.000000  14294 20
103119.000000  14323 20
103159.000000  14330 20
103303.000000  14356 20
103421.000000  14376 20
103421.000000  14376 20
103735.000000  14432 20
103895.000000  14459 20
104007.000000  14479 20
104019.000000  14481 20
104309.000000  14532 20
104419.000000  14552 20
104645.000000  14591 20
104669.000000  14596 20
104763.000000  14612 20
104857.000000  14629 20
104895.000000  14635 20
104897.000000  14636 20
104919.000000  14639 20
105087.000000  14669 20
105241.000000  14696 20
105489.000000  14739 20
105575.000000  14755 20
105671.000000  14772 20
105673.000000  14772 20
105945.000000  14820 20
105945.000000  14820 20
105999.000000  14829 20
106033.000000  14835 20
106033.000000  14835 20
106235.000000  14871 20
106323.000000  14886 20
106563.000000  14928 20
106601.000000  14935 20
106603.000000  14935 20
106623.000000  14939 20
106679.000000  14949 20
106763.000000  14964 20
106819.000000  14973 20
107209.000000  15042 20
107355.000000  15068 20
107465.000000  15087 20
107727.000000  15133 20
107727.000000  15133 20
107815.000000  15149 20
108003.000000  15181 20
108227.000000  15221 20
108227.000000  15221 20
108389.000000  15249 20
108565.000000  15280 20
108697.000000  15303 20
108739.000000  15311 20
108777.000000  15318 20
108813.000000  15324 20
108813.000000  15324 20
108919.000000  15343 20
108931.000000  15345 20
108933.000000  15345 20
108957.000000  15349 20
109033.000000  15362 20
109145.000000  15382 20
109311.000000  15411 20
109393.000000  15426 20
109457.000000  15437 20
109611.000000  15464 20
109769.000000  15492 20
109791.000000  15496 20
109847.000000  15506 20
109861.000000  15508 20
109875.000000  15511 20
109955.000000  15525 20
109991.000000  15531 20
110017.000000  15535 20
110205.000000  15568 20
110207.000000  15569 20
110227.000000  15572 20
110341.000000  15592 20
110475.000000  15616 20
110633.000000  15643 20
110649.000000  15646 20
110691.000000  15654 20
110693.000000  15654 20
110747.000000  15663 20
110747.000000  15663 20
110885.000000  15688 20
111081.000000  15722 20
111163.000000  15737 20
111407.000000  15780 20
111511.000000  15798 20
111543.000000  15803 20
111757.000000  15841 20
111781.000000  15845 20
111897.000000  15866 20
111995.000000  15883 20
112095.000000  15900 20
112177.000000  15915 20
112407.000000  15955 20
112443.000000  15962 20
112505.000000  15973 20
112685.000000  16004 20
112773.000000  16019 20
112975.000000  16055 20
113065.000000  16071 20
113067.000000  16071 20
113141.000000  16084 20
113427.000000  16135 20
113429.000000  16135 20
113435.000000  16136 20
113451.000000  16139 20
113461.000000  16141 20
113507.000000  16149 20
113543.000000  16155 20
113567.000000  16159 20
113695.000000  16181 20
113807.000000  16201 20
113901.000000  16218 20
114115.000000  16255 20
114245.000000  16278 20
114371.000000  16300 20
114371.000000  16300 20
114401.000000  16306 20
114403.000000  16306 20
114463.000000  16317 20
114465.000000  16317 20
114481.000000  16320 20
114559.000000  16333 20
114785.000000  16373 20
114801.000000  16376 20
114895.000000  16392 20
114969.000000  16405 20
115079.000000  16425 20
115099.000000  16428 20
115099.000000  16428 20
115287.000000  16461 20
115347.000000  16472 20
115461.000000  16492 20
115461.000000  16492 20
115591.000000  16515 20
115791.000000  16549 20
116045.000000  16595 20
116413.000000  16659 20
116691.000000  16708 20
116827.000000  16732 20
116827.000000  16732 20
116937.000000  16751 20
117139.000000  16787 20
117231.000000  16803 20
117455.000000  16842 20
117457.000000  16843 20
117477.000000  16846 20
117537.000000  16857 20
117551.000000  16859 20
117553.000000  16859 20
117585.000000  16865 20
117639.000000  16875 20
117671.000000  16880 20
117697.000000  16885 20
117771.000000  16897 20
117913.000000  16923 20
118053.000000  16947 20
118127.000000  16960 20
118235.000000  16979 20
118377.000000  17004 20
118423.000000  17012 20
118465.000000  17020 20
118467.000000  17020 20
118491.000000  17024 20
118661.000000  17054 20
118791.000000  17077 20
118865.000000  17090 20
118887.000000  17094 20
118921.000000  17100 20
118945.000000  17104 20
119071.000000  17126 20
119443.000000  17191 20
119507.000000  17203 20
120319.000000  17345 20
120339.000000  17349 20
120339.000000  17349 20
120393.000000  17358 20
120439.000000  17366 20
120467.000000  17371 20
120785.000000  17427 20
120859.000000  17440 20
121075.000000  17478 20
121281.000000  17514 20
121453.000000  17544 20
121885.000000  17620 20
122045.000000  17648 20
122075.000000  17654 20
122077.000000  17654 20
122105.000000  17659 20
122129.000000  17663 20
122297.000000  17693 20
122299.000000  17693 20
122421.000000  17714 20
122575.000000  17741 20
122589.000000  17744 20
122591.000000  17744 20
122687.000000  17761 20
122937.000000  17805 20
122939.000000  17805 20
122965.000000  17810 20
123071.000000  17829 20
123079.000000  17830 20
123107.000000  17835 20
123143.000000  17841 20
123217.000000  17854 20
123219.000000  17855 20
123305.000000  17870 20
123391.000000  17885 20
123391.000000  17885 20
123391.000000  17885 20
123473.000000  17899 20
123695.000000  17938 20
123735.000000  17945 20
123919.000000  17977 20
123921.000000  17978 20
123979.000000  17988 20
124075.000000  18005 20
124103.000000  18010 20
124129.000000  18015 20
124129.000000  18015 20
124165.000000  18021 20
124213.000000  18029 20
124213.000000  18029 20
124311.000000  18047 20
124451.000000  18071 20
124509.000000  18081 20
124581.000000  18094 20
124581.000000  18094 20
124735.000000  18121 20
124829.000000  18137 20
124961.000000  18160 20
125161.000000  18196 20
125443.000000  18245 20
125443.000000  18245 20
125485.000000  18253 20
125529.000000  18260 20
125667.000000  18285 20
125801.000000  18308 20
125803.000000  18309 20
125809.000000  18310 20
125841.000000  18315 20
125841.000000  18315 20
125895.000000  18325 20
125991.000000  18341 20
126075.000000  18356 20
126119.000000  18364 20
126237.000000  18385 20
126505.000000  18432 20
126559.000000  18441 20
126697.000000  18466 20
126835.000000  18490 20
126951.000000  18510 20
127015.000000  18521 20
127017.000000  18522 20
127045.000000  18527 20
127121.000000  18540 20
127417.000000  18592 20
127429.000000  18594 20
127457.000000  18599 20
127493.000000  18605 20
127519.000000  18610 20
127557.000000  18617 20
127629.000000  18629 20
127661.000000  18635 20
127941.000000  18684 20
127943.000000  18685 20
127973.000000  18690 20
128013.000000  18697 20
128045.000000  18702 20
128227.000000  18735 20
128315.000000  18750 20
128351.000000  18756 20
128379.000000  18761 20
128381.000000  18761 20
128395.000000  18764 20
128499.000000  18782 20
128527.000000  18787 20
128593.000000  18799 20
128593.000000  18799 20
128741.000000  18825 20
128781.000000  18832 20
128797.000000  18835 20
128813.000000  18837 20
128861.000000  18846 20
128877.000000  18849 20
128913.000000  18855 20
129003.000000  18871 20
129027.000000  18875 20
129039.000000  18877 20
129093.000000  18886 20
129117.000000  18891 20
129173.000000  18901 20
129211.000000  18907 20
129281.000000  18920 20
129313.000000  18925 20
129337.000000  18929 20
129385.000000  18938 20
129419.000000  18944 20
129449.000000  18949 20
129451.000000  18949 20
129573.000000  18971 20
129667.000000  18987 20
129675.000000  18989 20
129757.000000  19003 20
129793.000000  19010 20
129795.000000  19010 20
129825.000000  19015 20
129843.000000  19018 20
129977.000000  19042 20
130061.000000  19056 20
130107.000000  19065 20
130133.000000  19069 20
130147.000000  19071 20
130197.000000  19080 20
130211.000000  19083 20
130361.000000  19109 20
130409.000000  19118 20
130421.000000  19120 20
130491.000000  19132 20
130493.000000  19133 20
130529.000000  19139 20
130567.000000  19145 20
130603.000000  19152 20
130663.000000  19162 20
130663.000000  19162 20
130701.000000  19169 20
130713.000000  19171 20
130823.000000  19191 20
130835.000000  19193 20
130899.000000  19204 20
130965.000000  19215 20
130999.000000  19221 20
131023.000000  19226 20
131091.000000  19237 20
131141.000000  19246 20
131163.000000  19250 20
131213.000000  19259 20
131215.000000  19259 20
131243.000000  19264 20
131391.000000  19290 20
131417.000000  19295 20
131441.000000  19299 20
131473.000000  19305 20
131505.000000  19310 20
131541.000000  19317 20
131595.000000  19326 20
131625.000000  19331 20
131631.000000  19332 20
131665.000000  19338 20
131693.000000  19343 20
131721.000000  19348 20
131723.000000  19348 20
131777.000000  19358 20
131789.000000  19360 20
131813.000000  19364 20
131833.000000  19368 20
131847.000000  19370 20
131877.000000  19376 20
131923.000000  19384 20
131923.000000  19384 20
131947.000000  19388 20
132003.000000  19398 20
132005.000000  19398 20
132029.000000  19402 20
132029.000000  19402 20
132051.000000  19406 20
132083.000000  19412 20
133283.000000  19623 20
133285.000000  19623 20
133361.000000  19636 20
133371.000000  19638 20
133373.000000  19639 20
133385.000000  19641 20
133413.000000  19645 20
133443.000000  19651 20
133443.000000  19651 20
133479.000000  19657 20
133501.000000  19661 20
133537.000000  19667 20
133539.000000  19668 20
133571.000000  19673 20
133587.000000  19676 20
133615.000000  19681 20
133651.000000  19687 20
133653.000000  19687 20
133673.000000  19691 20
133709.000000  19697 20
133751.000000  19705 20
133773.000000  19709 20
133821.000000  19717 20
133847.000000  19722 20
133913.000000  19733 20
133947.000000  19739 20
133973.000000  19744 20
134067.000000  19760 20
134067.000000  19760 20
134121.000000  19770 20
134199.000000  19783 20
134201.000000  19784 20
134207.000000  19785 20
134347.000000  19809 20
134431.000000  19824 20
134473.000000  19832 20
134493.000000  19835 20
134511.000000  19838 20
134559.000000  19847 20
134571.000000  19849 20
134661.000000  19864 20
134715.000000  19874 20
134769.000000  19883 20
134793.000000  19888 20
134801.000000  19889 20
134865.000000  19901 20
134961.000000  19917 20
134987.000000  19922 20
135035.000000  19930 20
135161.000000  19952 20
135213.000000  19961 20
135237.000000  19966 20
135307.000000  19978 20
135309.000000  19978 20
135417.000000  19998 20
135417.000000  19998 20
135513.000000  20015 20
135549.000000  20021 20
135601.000000  20030 20
135641.000000  20037 20
135679.000000  20043 20
135719.000000  20050 20
135737.000000  20053 20
135847.000000  20073 20
135941.000000  20090 20
135971.000000  20095 20
136029.000000  20105 20
136037.000000  20106 20
136039.000000  20107 20
136171.000000  20130 20
136183.000000  20132 20
136217.000000  20138 20
136337.000000  20159 20
136339.000000  20159 20
136357.000000  20163 20
136359.000000  20163 20
136391.000000  20169 20
136581.000000  20202 20
136769.000000  20235 20
136771.000000  20235 20
136803.000000  20241 20
136837.000000  20247 20
136997.000000  20275 20
137053.000000  20285 20
137053.000000  20285 20
137131.000000  20299 20
137337.000000  20335 20
137373.000000  20341 20
137457.000000  20356 20
137527.000000  20368 20
137529.000000  20369 20
137545.000000  20371 20
137573.000000  20376 20
137623.000000  20385 20
137659.000000  20391 20
137673.000000  20394 20
137737.000000  20405 20
137755.000000  20408 20
137773.000000  20411 20
137821.000000  20420 20
137873.000000  20429 20
137929.000000  20439 20
137943.000000  20441 20
137973.000000  20447 20
138007.000000  20453 20
138063.000000  20462 20
138123.000000  20473 20
138137.000000  20475 20
138137.000000  20475 20
138177.000000  20482 20
138209.000000  20488 20
138233.000000  20492 20
138377.000000  20517 20
138409.000000  20523 20
138433.000000  20527 20
138479.000000  20535 20
138515.000000  20542 20
138545.000000  20547 20
138673.000000  20570 20
138707.000000  20575 20
138707.000000  20575 20
138815.000000  20594 20
138919.000000  20613 20
139003.000000  20627 20
139207.000000  20663 20
139315.000000  20682 20
139447.000000  20705 20
139667.000000  20744 20
139805.000000  20768 20
139965.000000  20796 20
140019.000000  20806 20
140113.000000  20823 20
140113.000000  20823 20
140145.000000  20828 20
140147.000000  20829 20
140219.000000  20841 20
140227.000000  20843 20
140441.000000  20880 20
140583.000000  20905 20
140821.000000  20947 20
140947.000000  20969 20
141027.000000  20983 20
141061.000000  20989 20
141169.000000  21008 20
141223.000000  21017 20
141223.000000  21017 20
141249.000000  21022 20
141589.000000  21082 20
141589.000000  21082 20
141641.000000  21091 20
141817.000000  21122 20
141999.000000  21154 20
142007.000000  21155 20
142167.000000  21183 20
142243.000000  21197 20
142309.000000  21208 20
142325.000000  21211 20
142347.000000  21215 20
142403.000000  21225 20
142499.000000  21242 20
142625.000000  21264 20
142649.000000  21268 20
142801.000000  21295 20
142981.000000  21326 20
143075.000000  21343 20
143533.000000  21423 20
143753.000000  21462 20
143883.000000  21485 20
144093.000000  21522 20
144487.000000  21591 20
144563.000000  21604 20
144873.000000  21659 20
145075.000000  21694 20
145391.000000  21750 20
145667.000000  21798 20
145731.000000  21810 20
145731.000000  21810 20
145807.000000  21823 20
145941.000000  21846 20
146003.000000  21857 20
146035.000000  21863 20
146057.000000  21867 20
146337.000000  21916 20
146501.000000  21945 20
146565.000000  21956 20
146585.000000  21959 20
146709.000000  21981 20
146801.000000  21997 20
146895.000000  22014 20
146953.000000  22024 20
147011.000000  22034 20
147173.000000  22063 20
147175.000000  22063 20
147589.000000  22136 20
147767.000000  22167 20
147923.000000  22195 20
147925.000000  22195 20
147983.000000  22205 20
148305.000000  22262 20
148307.000000  22262 20
148361.000000  22271 20
148409.000000  22280 20
148457.000000  22288 20
148643.000000  22321 20
148801.000000  22349 20
148835.000000  22355 20
149029.000000  22389 20
149113.000000  22403 20
149229.000000  22424 20
149733.000000  22513 20
149927.000000  22547 20
150047.000000  22567 20
150049.000000  22568 20
150081.000000  22573 20
150109.000000  22578 20
150201.000000  22595 20
150535.000000  22653 20
150537.000000  22653 20
150731.000000  22688 20
150787.000000  22698 20
150821.000000  22704 20
150855.000000  22710 20
150929.000000  22723 20
150969.000000  22730 20
151017.000000  22738 20
151075.000000  22748 20
151095.000000  22751 20
151143.000000  22760 20
151161.000000  22763 20
151243.000000  22778 20
151383.000000  22803 20
151383.000000  22803 20
151411.000000  22807 20
151467.000000  22817 20
151501.000000  22823 20
151575.000000  22836 20
151583.000000  22837 20
151599.000000  22840 20
151621.000000  22844 20
151621.000000  22844 20
151641.000000  22847 20
151687.000000  22855 20
151721.000000  22861 20
151721.000000  22861 20
151731.000000  22863 20
151767.000000  22870 20
151811.000000  22877 20
151841.000000  22883 20
151841.000000  22883 20
151865.000000  22887 20
151865.000000  22887 20
151903.000000  22894 20
151921.000000  22897 20
151921.000000  22897 20
151921.000000  22897 20
151921.000000  22897 20
152007.000000  22912 20
152031.000000  22916 20
152063.000000  22922 20
152063.000000  22922 20
152171.000000  22941 20
152193.000000  22945 20
152257.000000  22956 20
152259.000000  22956 20
152313.000000  22966 20
152353.000000  22973 20
152385.000000  22978 20
152437.000000  22987 20
152513.000000  23001 20
152583.000000  23013 20
152637.000000  23022 20
152711.000000  23035 20
152817.000000  23054 20
152869.000000  23063 20
152869.000000  23063 20
152969.000000  23081 20
153003.000000  23087 20
153051.000000  23095 20
153075.000000  23099 20
153109.000000  23105 20
153141.000000  23111 20
153187.000000  23119 20
153245.000000  23129 20
153305.000000  23140 20
153339.000000  23146 20
153373.000000  23152 20
153427.000000  23161 20
153427.000000  23161 20
153427.000000  23161 20
153481.000000  23171 20
153529.000000  23179 20
153565.000000  23186 20
153565.000000  23186 20
153619.000000  23195 20
153673.000000  23204 20
153713.000000  23211 20
153757.000000  23219 20
153795.000000  23226 20
153795.000000  23226 20
153863.000000  23238 20
153917.000000  23247 20
153969.000000  23257 20
153969.000000  23257 20
153995.000000  23261 20
154143.000000  23287 20
154175.000000  23293 20
154177.000000  23293 20
154179.000000  23293 20
154195.000000  23296 20
154227.000000  23302 20
154297.000000  23314 20
154481.000000  23346 20
154855.000000  23412 20
154855.000000  23412 20
154983.000000  23435 20
155161.000000  23466 20
155197.000000  23472 20
155301.000000  23490 20
155521.000000  23529 20
155583.000000  23540 20
155813.000000  23580 20
155815.000000  23581 20
155887.000000  23593 20
155945.000000  23604 20
155979.000000  23610 20
155979.000000  23610 20
155979.000000  23610 20
156053.000000  23623 20
156061.000000  23624 20
156095.000000  23630 20
156131.000000  23636 20
156421.000000  23687 20
156445.000000  23691 20
156453.000000  23693 20
156455.000000  23693 20
156487.000000  23699 20
156563.000000  23712 20
156571.000000  23713 20
156657.000000  23729 20
156719.000000  23739 20
156721.000000  23740 20
156749.000000  23745 20
156903.000000  23772 20
156945.000000  23779 20
156961.000000  23782 20
157027.000000  23794 20
157085.000000  23804 20
157203.000000  23824 20
157215.000000  23826 20
157215.000000  23826 20
157369.000000  23853 20
157423.000000  23863 20
157453.000000  23868 20
157589.000000  23892 20
157671.000000  23907 20
157807.000000  23930 20
157809.000000  23931 20
157841.000000  23937 20
157871.000000  23942 20
157887.000000  23945 20
157941.000000  23954 20
157973.000000  23960 20
157973.000000  23960 20
158025.000000  23969 20
158073.000000  23977 20
158105.000000  23983 20
158121.000000  23986 20
158145.000000  23990 20
158145.000000  23990 20
158181.000000  23996 20
158199.000000  23999 20
158237.000000  24006 20
158343.000000  24025 20
158371.000000  24030 20
158427.000000  24039 20
158459.000000  24045 20
158459.000000  24045 20
158493.000000  24051 20
158507.000000  24054 20
158559.000000  24063 20
158559.000000  24063 20
158585.000000  24067 20
158617.000000  24073 20
158647.000000  24078 20
158649.000000  24079 20
158665.000000  24081 20
158761.000000  24098 20
158781.000000  24101 20
158809.000000  24106 20
158873.000000  24118 20
158913.000000  24125 20
158949.000000  24131 20
159359.000000  24203 20
159429.000000  24215 20
159503.000000  24229 20
159539.000000  24235 20
159619.000000  24249 20
159635.000000  24252 20
159669.000000  24258 20
159693.000000  24262 20
159703.000000  24264 20
159775.000000  24276 20
159809.000000  24282 20
159863.000000  24292 20
159863.000000  24292 20
159863.000000  24292 20
159887.000000  24296 20
159925.000000  24303 20
159943.000000  24306 20
159983.000000  24313 20
160015.000000  24319 20
160063.000000  24327 20
160083.000000  24331 20
160143.000000  24341 20
160219.000000  24354 20
160219.000000  24354 20
160329.000000  24373 20
160335.000000  24375 20
160369.000000  24381 20
160391.000000  24384 20
160391.000000  24384 20
160407.000000  24387 20
160443.000000  24394 20
160445.000000  24394 20
160465.000000  24397 20
160505.000000  24405 20
160589.000000  24419 20
160601.000000  24421 20
160601.000000  24421 20
160629.000000  24426 20
160635.000000  24427 20
160657.000000  24431 20
160683.000000  24436 20
160699.000000  24439 20
160737.000000  24445 20
160761.000000  24449 20
160807.000000  24457 20
160853.000000  24465 20
160933.000000  24480 20
160963.000000  24485 20
160999.000000  24491 20
161001.000000  24492 20
161083.000000  24506 20
161085.000000  24507 20
161117.000000  24512 20
161149.000000  24518 20
161183.000000  24524 20
161209.000000  24528 20
161223.000000  24531 20
161239.000000  24534 20
161267.000000  24538 20
161317.000000  24547 20
161353.000000  24553 20
161395.000000  24561 20
161395.000000  24561 20
161445.000000  24569 20
161461.000000  24572 20
161509.000000  24581 20
161543.000000  24587 20
161543.000000  24587 20
161571.000000  24592 20
161605.000000  24598 20
161637.000000  24603 20
161695.000000  24613 20
161727.000000  24619 20
161803.000000  24632 20
161947.000000  24658 20
161985.000000  24664 20
162009.000000  24669 20
162055.000000  24677 20
162103.000000  24685 20
162135.000000  24691 20
162161.000000  24695 20
162217.000000  24705 20
162219.000000  24706 20
162239.000000  24709 20
162305.000000  24721 20
162337.000000  24726 20
162373.000000  24732 20
162407.000000  24738 20
162409.000000  24739 20
162433.000000  24743 20
162433.000000  24743 20
162433.000000  24743 20
162445.000000  24745 20
162467.000000  24749 20
162485.000000  24752 20
162493.000000  24754 20
162689.000000  24788 20
162939.000000  24832 20
163389.000000  24911 20
163389.000000  24911 20
163417.000000  24916 20
163539.000000  24937 20
163829.000000  24988 20
163831.000000  24989 20
163859.000000  24993 20
163869.000000  24995 20
163899.000000  25000 20
164139.000000  25043 20
164139.000000  25043 20
164139.000000  25043 20
164201.000000  25054 20
164271.000000  25066 20
164307.000000  25072 20
164309.000000  25073 20
164381.000000  25085 20
164393.000000  25087 20
164443.000000  25096 20
164459.000000  25099 20
164485.000000  25103 20
164521.000000  25110 20
164563.000000  25117 20
164577.000000  25120 20
164577.000000  25120 20
164621.000000  25127 20
164651.000000  25133 20
164685.000000  25139 20
164741.000000  25149 20
164753.000000  25151 20
164773.000000  25154 20
164801.000000  25159 20
164897.000000  25176 20
164921.000000  25180 20
164975.000000  25189 20
165009.000000  25195 20
165073.000000  25207 20
165095.000000  25211 20
165143.000000  25219 20
165167.000000  25223 20
165167.000000  25223 20
165195.000000  25229 20
165337.000000  25253 20
165339.000000  25254 20
165363.000000  25258 20
165417.000000  25267 20
165417.000000  25267 20
165473.000000  25277 20
165475.000000  25277 20
165531.000000  25287 20
165563.000000  25293 20
165617.000000  25302 20
165649.000000  25308 20
165683.000000  25314 20
165721.000000  25321 20
165759.000000  25327 20
165789.000000  25333 20
165839.000000  25341 20
165881.000000  25349 20
165929.000000  25357 20
165969.000000  25364 20
166001.000000  25370 20
166059.000000  25380 20
166067.000000  25381 20
166123.000000  25391 20
166157.000000  25397 20
166179.000000  25401 20
166213.000000  25407 20
166241.000000  25412 20
166379.000000  25436 20
166415.000000  25443 20
166427.000000  25445 20
166445.000000  25448 20
166583.000000  25472 20
166613.000000  25477 20
166665.000000  25487 20
166699.000000  25493 20
166699.000000  25493 20
166699.000000  25493 20
166777.000000  25506 20
166813.000000  25513 20
166835.000000  25516 20
166869.000000  25522 20
166903.000000  25528 20
166915.000000  25530 20
166927.000000  25532 20
166951.000000  25537 20
167011.000000  25547 20
167027.000000  25550 20
167027.000000  25550 20
167099.000000  25563 20
167139.000000  25570 20
167141.000000  25570 20
167181.000000  25577 20
167207.000000  25582 20
167207.000000  25582 20
167239.000000  25587 20
167279.000000  25594 20
167293.000000  25597 20
167351.000000  25607 20
167351.000000  25607 20
167449.000000  25624 20
167481.000000  25630 20
167495.000000  25632 20
167551.000000  25642 20
167617.000000  25654 20
167649.000000  25659 20
167671.000000  25663 20
167745.000000  25676 20
167775.000000  25682 20
167807.000000  25687 20
168113.000000  25741 20
168115.000000  25741 20
168119.000000  25742 20
168147.000000  25747 20
168169.000000  25751 20
168203.000000  25757 20
168227.000000  25761 20
168235.000000  25762 20
168465.000000  25803 20
168539.000000  25815 20
168585.000000  25824 20
168619.000000  25830 20
168767.000000  25856 20
168855.000000  25871 20
168867.000000  25873 20
169075.000000  25910 20
169075.000000  25910 20
169075.000000  25910 20
169081.000000  25911 20
169081.000000  25911 20
169151.000000  25923 20
169181.000000  25928 20
169245.000000  25940 20
169343.000000  25957 20
169345.000000  25957 20
169395.000000  25966 20
169395.000000  25966 20
169421.000000  25971 20
169429.000000  25972 20
169443.000000  25975 20
169467.000000  25979 20
169531.000000  25990 20
169533.000000  25990 20
169561.000000  25995 20
169585.000000  25999 20
169621.000000  26005 20
169663.000000  26013 20
169777.000000  26033 20
169799.000000  26037 20
169813.000000  26040 20
169833.000000  26043 20
169889.000000  26053 20
169947.000000  26063 20
169947.000000  26063 20
170005.000000  26073 20
170019.000000  26075 20
170049.000000  26081 20
170049.000000  26081 20
170075.000000  26085 20
170129.000000  26095 20
170185.000000  26105 20
170207.000000  26109 20
170207.000000  26109 20
170235.000000  26113 20
170321.000000  26129 20
170321.000000  26129 20
170345.000000  26133 20
170419.000000  26146 20
170475.000000  26156 20
170509.000000  26162 20
170509.000000  26162 20
170509.000000  26162 20
170509.000000  26162 20
170509.000000  26162 20
170591.000000  26176 20
170623.000000  26181 20
170657.000000  26188 20
170715.000000  26198 20
170779.000000  26209 20
170781.000000  26209 20
170783.000000  26210 20
171055.000000  26257 20
171057.000000  26258 20
171073.000000  26261 20
171169.000000  26277 20
171229.000000  26288 20
171407.000000  26319 20
171409.000000  26320 20
171439.000000  26325 20
171453.000000  26327 20
171469.000000  26330 20
171487.000000  26333 20
171517.000000  26339 20
171623.000000  26357 20
171625.000000  26357 20
171647.000000  26361 20
171653.000000  26363 20
171673.000000  26366 20
171687.000000  26368 20
171707.000000  26372 20
171899.000000  26406 20
171953.000000  26415 20
172007.000000  26425 20
172063.000000  26434 20
172183.000000  26455 20
172221.000000  26462 20
172285.000000  26474 20
172479.000000  26508 20
172481.000000  26508 20
172533.000000  26517 20
172561.000000  26522 20
172563.000000  26522 20
172677.000000  26542 20
172679.000000  26543 20
172709.000000  26548 20
172711.000000  26548 20
172879.000000  26578 20
172895.000000  26581 20
172921.000000  26585 20
172967.000000  26593 20
173059.000000  26609 20
173061.000000  26610 20
173087.000000  26614 20
173153.000000  26626 20
173217.000000  26637 20
173219.000000  26637 20
173233.000000  26640 20
173335.000000  26658 20
173335.000000  26658 20
173335.000000  26658 20
173335.000000  26658 20
173497.000000  26687 20
173527.000000  26692 20
173529.000000  26692 20
173647.000000  26713 20
173675.000000  26718 20
173731.000000  26727 20
173765.000000  26733 20
173765.000000  26733 20
173765.000000  26733 20
173819.000000  26743 20
173873.000000  26753 20
173895.000000  26757 20
173963.000000  26768 20
174051.000000  26784 20
174089.000000  26790 20
174181.000000  26806 20
174181.000000  26806 20
174343.000000  26835 20
174437.000000  26852 20
174517.000000  26866 20
174573.000000  26875 20
174581.000000  26877 20
174581.000000  26877 20
174613.000000  26882 20
174699.000000  26897 20
174733.000000  26903 20
174759.000000  26908 20
174801.000000  26915 20
174801.000000  26915 20
174809.000000  26917 20
174811.000000  26917 20
174945.000000  26941 20
175003.000000  26951 20
175017.000000  26953 20
175071.000000  26963 20
175127.000000  26973 20
175141.000000  26975 20
175143.000000  26975 20
175173.000000  26981 20
175249.000000  26994 20
175319.000000  27006 20
175335.000000  27009 20
175411.000000  27023 20
175413.000000  27023 20
175429.000000  27026 20
175455.000000  27031 20
175469.000000  27033 20
175493.000000  27037 20
175493.000000  27037 20
175521.000000  27042 20
175535.000000  27044 20
175561.000000  27049 20
175597.000000  27055 20
175629.000000  27061 20
175629.000000  27061 20
175687.000000  27071 20
175689.000000  27071 20
175709.000000  27075 20
175789.000000  27089 20
175851.000000  27100 20
175859.000000  27101 20
175861.000000  27102 20
175895.000000  27108 20
175895.000000  27108 20
175895.000000  27108 20
175939.000000  27115 20
175959.000000  27119 20
176009.000000  27128 20
176045.000000  27134 20
176081.000000  27140 20
176125.000000  27148 20
176157.000000  27153 20
176203.000000  27161 20
176225.000000  27165 20
176233.000000  27167 20
176289.000000  27177 20
176323.000000  27183 20
176351.000000  27188 20
176351.000000  27188 20
176351.000000  27188 20
176435.000000  27203 20
176487.000000  27212 20
176511.000000  27216 20
176525.000000  27218 20
176525.000000  27218 20
176575.000000  27227 20
176673.000000  27244 20
176709.000000  27250 20
176749.000000  27257 20
176773.000000  27262 20
176787.000000  27264 20
176789.000000  27265 20
176813.000000  27269 20
176845.000000  27274 20
176871.000000  27279 20
176929.000000  27289 20
176945.000000  27292 20
176961.000000  27295 20
176987.000000  27299 20
177043.000000  27309 20
177043.000000  27309 20
177077.000000  27315 20
177129.000000  27324 20
177131.000000  27325 20
177153.000000  27328 20
180763.000000  27962 20
180799.000000  27969 20
180867.000000  27981 20
180869.000000  27981 20
180921.000000  27990 20
180945.000000  27994 20
180979.000000  28000 20
181007.000000  28005 20
181009.000000  28006 20
181021.000000  28008 20
181049.000000  28013 20
181085.000000  28019 20
181137.000000  28028 20
181219.000000  28043 20
181271.000000  28051 20
181305.000000  28057 20
181337.000000  28063 20
181339.000000  28063 20
181349.000000  28065 20
181371.000000  28069 20
181395.000000  28073 20
181429.000000  28079 20
181481.000000  28089 20
181481.000000  28089 20
181481.000000  28089 20
181481.000000  28089 20
181573.000000  28105 20
181689.000000  28125 20
181743.000000  28135 20
181761.000000  28138 20
181779.000000  28141 20
181801.000000  28145 20
181821.000000  28148 20
181889.000000  28160 20
181909.000000  28164 20
181911.000000  28164 20
181957.000000  28172 20
182019.000000  28183 20
182051.000000  28189 20
182107.000000  28199 20
182163.000000  28209 20
182285.000000  28230 20
182337.000000  28239 20
182393.000000  28249 20
182437.000000  28256 20
182449.000000  28259 20
182491.000000  28266 20
182527.000000  28272 20
182565.000000  28279 20
182579.000000  28282 20
182661.000000  28296 20
182663.000000  28296 20
182689.000000  28301 20
182747.000000  28311 20
182761.000000  28313 20
182773.000000  28316 20
182801.000000  28320 20
182825.000000  28325 20
182839.000000  28327 20
182855.000000  28330 20
182881.000000  28334 20
182915.000000  28340 20
182965.000000  28349 20
182977.000000  28351 20
183033.000000  28361 20
183049.000000  28364 20
183125.000000  28377 20
183165.000000  28384 20
183323.000000  28412 20
183397.000000  28425 20
183399.000000  28425 20
183429.000000  28431 20
183509.000000  28445 20
183571.000000  28456 20
183573.000000  28456 20
183607.000000  28462 20
183609.000000  28463 20
183631.000000  28466 20
183699.000000  28478 20
183721.000000  28482 20
183801.000000  28496 20
183827.000000  28501 20
183863.000000  28507 20
183963.000000  28524 20
183999.000000  28531 20
184075.000000  28544 20
184111.000000  28551 20
184217.000000  28569 20
184243.000000  28574 20
184243.000000  28574 20
184411.000000  28603 20
184427.000000  28606 20
184443.000000  28609 20
184465.000000  28613 20
184481.000000  28615 20
184497.000000  28618 20
184517.000000  28622 20
184543.000000  28626 20
184603.000000  28637 20
184659.000000  28647 20
184673.000000  28649 20
184745.000000  28662 20
184745.000000  28662 20
184771.000000  28667 20
184803.000000  28672 20
184827.000000  28676 20
184835.000000  28678 20
184869.000000  28684 20
184945.000000  28697 20
184947.000000  28697 20
185017.000000  28710 20
185017.000000  28710 20
185065.000000  28718 20
185093.000000  28723 20
185241.000000  28749 20
185241.000000  28749 20
185469.000000  28789 20
185471.000000  28789 20
185491.000000  28793 20
185529.000000  28799 20
185647.000000  28820 20
185673.000000  28825 20
185861.000000  28858 20
185915.000000  28867 20
186041.000000  28889 20
186095.000000  28899 20
186119.000000  28903 20
186175.000000  28913 20
186185.000000  28915 20
186217.000000  28921 20
186273.000000  28930 20
186335.000000  28941 20
186379.000000  28949 20
186419.000000  28956 20
186455.000000  28962 20
186467.000000  28964 20
186543.000000  28978 20
186579.000000  28984 20
186581.000000  28984 20
186631.000000  28993 20
186655.000000  28997 20
186711.000000  29007 20
186745.000000  29013 20
186799.000000  29023 20
186827.000000  29028 20
186879.000000  29037 20
186963.000000  29051 20
186981.000000  29054 20
187055.000000  29068 20
187099.000000  29075 20
187151.000000  29085 20
187161.000000  29086 20
187181.000000  29090 20
187227.000000  29098 20
187239.000000  29100 20
187315.000000  29113 20
187373.000000  29124 20
187375.000000  29124 20
187407.000000  29129 20
187431.000000  29133 20
187439.000000  29135 20
187521.000000  29149 20
187523.000000  29150 20
187549.000000  29154 20
187561.000000  29156 20
187613.000000  29166 20
187613.000000  29166 20
187663.000000  29175 20
187711.000000  29183 20
187719.000000  29185 20
187739.000000  29188 20
187779.000000  29195 20
187835.000000  29205 20
187837.000000  29205 20
187919.000000  29219 20
187973.000000  29229 20
187997.000000  29233 20
188057.000000  29244 20
188059.000000  29244 20
188107.000000  29252 20
188159.000000  29262 20
188197.000000  29268 20
188197.000000  29268 20
188235.000000  29275 20
188235.000000  29275 20
188235.000000  29275 20
188235.000000  29275 20
188309.000000  29288 20
188343.000000  29294 20
188343.000000  29294 20
188375.000000  29300 20
188391.000000  29303 20
188425.000000  29308 20
188447.000000  29312 20
188503.000000  29322 20
188511.000000  29323 20
188511.000000  29323 20
188545.000000  29329 20
188567.000000  29333 20
188581.000000  29336 20
188583.000000  29336 20
188627.000000  29344 20
188663.000000  29350 20
188691.000000  29355 20
188693.000000  29355 20
188727.000000  29361 20
188757.000000  29367 20
188805.000000  29375 20
188873.000000  29387 20
188931.000000  29397 20
188943.000000  29399 20
188965.000000  29403 20
188989.000000  29407 20
189039.000000  29416 20
189041.000000  29416 20
189073.000000  29422 20
189099.000000  29427 20
189133.000000  29433 20
189157.000000  29437 20
189189.000000  29443 20
189213.000000  29447 20
189285.000000  29459 20
189373.000000  29475 20
189427.000000  29484 20
189427.000000  29484 20
189507.000000  29498 20
189537.000000  29503 20
189559.000000  29507 20
189569.000000  29509 20
189589.000000  29513 20
189615.000000  29517 20
189651.000000  29524 20
189673.000000  29527 20
189673.000000  29527 20
189707.000000  29533 20
189733.000000  29538 20
189747.000000  29541 20
189761.000000  29543 20
189815.000000  29553 20
189841.000000  29557 20
189897.000000  29567 20
189929.000000  29573 20
189957.000000  29577 20
189973.000000  29580 20
189995.000000  29584 20
189995.000000  29584 20
190013.000000  29587 20
190063.000000  29596 20
190101.000000  29603 20
190141.000000  29610 20
190167.000000  29614 20
190181.000000  29617 20
190207.000000  29621 20
190231.000000  29626 20
190271.000000  29633 20
190305.000000  29639 20
190321.000000  29641 20
190355.000000  29647 20
190429.000000  29660 20
190465.000000  29667 20
190487.000000  29670 20
190521.000000  29676 20
190543.000000  29680 20
190543.000000  29680 20
190615.000000  29693 20
190651.000000  29699 20
190685.000000  29705 20
190713.000000  29710 20
190743.000000  29715 20
190757.000000  29718 20
190783.000000  29723 20
190811.000000  29727 20
190845.000000  29733 20
190855.000000  29735 20
190879.000000  29739 20
190903.000000  29744 20
190903.000000  29744 20
190937.000000  29750 20
190947.000000  29751 20
190983.000000  29758 20
191009.000000  29762 20
191041.000000  29768 20
191063.000000  29771 20
191063.000000  29771 20
191079.000000  29774 20
191089.000000  29776 20
191091.000000  29776 20
191113.000000  29780 20
191115.000000  29781 20
191169.000000  29790 20
191227.000000  29800 20
191291.000000  29812 20
191341.000000  29821 20
191371.000000  29826 20
191421.000000  29835 20
191453.000000  29840 20
191453.000000  29840 20
191501.000000  29849 20
191527.000000  29853 20
191573.000000  29861 20
191625.000000  29870 20
191627.000000  29871 20
191643.000000  29873 20
191671.000000  29878 20
191671.000000  29878 20
