33867.000000  20
33869.000000  21
33871.000000  21
33873.000000  21
33875.000000  22
33877.000000  22
33879.000000  23
33881.000000  23
33883.000000  24
33885.000000  24
33887.000000  25
33889.000000  25
33891.000000  26
33893.000000  26
33895.000000  27
33897.000000  27
33899.000000  28
33901.000000  29
33903.000000  29
33905.000000  29
33907.000000  30
33909.000000  31
33911.000000  31
33913.000000  31
33915.000000  32
33917.000000  33
33919.000000  33
33921.000000  34
33923.000000  34
33925.000000  35
33927.000000  35
33929.000000  36
33931.000000  36
33933.000000  37
33935.000000  37
33937.000000  38
33939.000000  38
33941.000000  39
33943.000000  39
33945.000000  40
33947.000000  40
33949.000000  41
33951.000000  41
33953.000000  42
33955.000000  42
33957.000000  43
33959.000000  43
33961.000000  44
33963.000000  44
33965.000000  45
33967.000000  45
33969.000000  46
33971.000000  47
33973.000000  47
33975.000000  47
33977.000000  48
33979.000000  49
33981.000000  49
33983.000000  50
33985.000000  50
33987.000000  51
33989.000000  51
33991.000000  52
33993.000000  52
33995.000000  53
33997.000000  53
33999.000000  54
34001.000000  54
34003.000000  55
34005.000000  55
34007.000000  56
34009.000000  57
34011.000000  57
34013.000000  57
34015.000000  58
34017.000000  59
34019.000000  59
34021.000000  60
34023.000000  60
34025.000000  61
34027.000000  61
34029.000000  62
34031.000000  62
34033.000000  63
34035.000000  63
34037.000000  64
34039.000000  64
34041.000000  65
34043.000000  65
34045.000000  66
34047.000000  66
34049.000000  67
34051.000000  67
34053.000000  68
34055.000000  69
34057.000000  69
34059.000000  69
34061.000000  70
34063.000000  71
34065.000000  71
34067.000000  72
34069.000000  72
34071.000000  73
34073.000000  73
34075.000000  74
34077.000000  74
34079.000000  75
34081.000000  75
34083.000000  76
34085.000000  76
34087.000000  77
34089.000000  77
34091.000000  78
34093.000000  79
34095.000000  79
34097.000000  80
34099.000000  80
34101.000000  81
34103.000000  81
34105.000000  82
34107.000000  82
34109.000000  83
34111.000000  83
34113.000000  84
34115.000000  84
34117.000000  85
34119.000000  85
34121.000000  86
34123.000000  86
34125.000000  87
34127.000000  87
34129.000000  88
34131.000000  89
34133.000000  89
34135.000000  89
34137.000000  90
34139.000000  91
34141.000000  91
34143.000000  92
34145.000000  92
34147.000000  93
34149.000000  93
34151.000000  94
34153.000000  94
34155.000000  95
34157.000000  95
34159.000000  96
34161.000000  96
34163.000000  97
34165.000000  97
34167.000000  98
34169.000000  98
34171.000000  99
34173.000000  99
34175.000000  100
34177.000000  101
34179.000000  101
34181.000000  102
34183.000000  102
34185.000000  103
34187.000000  103
34189.000000  104
34191.000000  104
34193.000000  105
34195.000000  105
34197.000000  106
34199.000000  106
34201.000000  107
34203.000000  107
34205.000000  108
34207.000000  108
34209.000000  109
34211.000000  109
34213.000000  110
34215.000000  111
34217.000000  111
34219.000000  111
34221.000000  112
34223.000000  113
34225.000000  113
34227.000000  114
34229.000000  114
34231.000000  115
34233.000000  115
34235.000000  116
34237.000000  116
34239.000000  117
34241.000000  117
34243.000000  118
34245.000000  118
34247.000000  119
34249.000000  119
34251.000000  120
34253.000000  120
34255.000000  121
34257.000000  121
34259.000000  122
34261.000000  122
34263.000000  123
34265.000000  123
34267.000000  124
34269.000000  125
34271.000000  125
34273.000000  126
34275.000000  126
34277.000000  127
34279.000000  127
34281.000000  128
34283.000000  128
34285.000000  129
34287.000000  129
34289.000000  130
34291.000000  130
34293.000000  131
34295.000000  131
34297.000000  132
34299.000000  133
34301.000000  133
34303.000000  133
34305.000000  134
34307.000000  135
34309.000000  135
34311.000000  136
34313.000000  136
34315.000000  137
34317.000000  137
34319.000000  138
34321.000000  138
34323.000000  139
34325.000000  139
34327.000000  140
34329.000000  140
34331.000000  141
34333.000000  141
34335.000000  142
34337.000000  142
34339.000000  143
34341.000000  143
34343.000000  144
34345.000000  145
34347.000000  145
34349.000000  145
34351.000000  146
34353.000000  147
34355.000000  147
34357.000000  148
34359.000000  148
34361.000000  149
34363.000000  149
34365.000000  150
34367.000000  150
34369.000000  151
34371.000000  151
34373.000000  152
34375.000000  152
34377.000000  153
34379.000000  153
34381.000000  154
34383.000000  155
34385.000000  155
34387.000000  156
34389.000000  156
34391.000000  157
34393.000000  157
34395.000000  158
34397.000000  158
34399.000000  159
34401.000000  159
34403.000000  160
34405.000000  160
34407.000000  161
34409.000000  161
34411.000000  162
34413.000000  162
34415.000000  163
34417.000000  163
34419.000000  164
34421.000000  165
34423.000000  165
34425.000000  166
34427.000000  166
34429.000000  167
34431.000000  167
34433.000000  168
34435.000000  168
34437.000000  169
34439.000000  169
34441.000000  170
34443.000000  170
34445.000000  171
34447.000000  171
34449.000000  172
34451.000000  172
34453.000000  173
34455.000000  173
34457.000000  174
34459.000000  175
34461.000000  175
34463.000000  175
34465.000000  176
34467.000000  177
34469.000000  177
34471.000000  178
34473.000000  178
34475.000000  179
34477.000000  179
34479.000000  180
34481.000000  180
34483.000000  181
34485.000000  181
34487.000000  182
34489.000000  182
34491.000000  183
34493.000000  183
34495.000000  184
34497.000000  185
34499.000000  185
34501.000000  185
34503.000000  186
34505.000000  187
34507.000000  187
34509.000000  188
34511.000000  188
34513.000000  189
34515.000000  189
34517.000000  190
34519.000000  190
34521.000000  191
34523.000000  191
34525.000000  192
34527.000000  192
34529.000000  193
34531.000000  193
34533.000000  194
34535.000000  194
34537.000000  195
34539.000000  195
34541.000000  196
34543.000000  197
34545.000000  197
34547.000000  198
34549.000000  198
34551.000000  199
34553.000000  199
34555.000000  200
34557.000000  200
34559.000000  201
34561.000000  201
34563.000000  202
34565.000000  202
34567.000000  203
34569.000000  203
34571.000000  204
34573.000000  204
34575.000000  205
34577.000000  205
34579.000000  206
34581.000000  207
34583.000000  207
34585.000000  207
34587.000000  208
34589.000000  209
34591.000000  209
34593.000000  210
34595.000000  210
34597.000000  211
34599.000000  211
34601.000000  212
34603.000000  212
34605.000000  213
34607.000000  213
34609.000000  214
34611.000000  214
34613.000000  215
34615.000000  215
34617.000000  216
34619.000000  216
34621.000000  217
34623.000000  217
34625.000000  218
34627.000000  218
34629.000000  219
34631.000000  219
34633.000000  220
34635.000000  221
34637.000000  221
34639.000000  222
34641.000000  222
34643.000000  223
34645.000000  223
34647.000000  224
34649.000000  224
34651.000000  225
34653.000000  225
34655.000000  226
34657.000000  226
34659.000000  227
34661.000000  227
34663.000000  228
34665.000000  229
34667.000000  229
34669.000000  229
34671.000000  230
34673.000000  231
34675.000000  231
34677.000000  232
34679.000000  232
34681.000000  233
34683.000000  233
34685.000000  234
34687.000000  234
34689.000000  235
34691.000000  235
34693.000000  236
34695.000000  236
34697.000000  237
34699.000000  237
34701.000000  238
34703.000000  238
34705.000000  239
34707.000000  239
34709.000000  240
34711.000000  241
34713.000000  241
34715.000000  241
34717.000000  242
34719.000000  243
34721.000000  243
34723.000000  244
34725.000000  244
34727.000000  245
34729.000000  245
34731.000000  246
34733.000000  246
34735.000000  247
34737.000000  247
34739.000000  248
34741.000000  248
34743.000000  249
34745.000000  249
34747.000000  250
34749.000000  251
34751.000000  251
34753.000000  252
34755.000000  252
34757.000000  253
34759.000000  253
34761.000000  254
34763.000000  254
34765.000000  255
34767.000000  255
34769.000000  256
34771.000000  256
34773.000000  257
34775.000000  257
34777.000000  258
34779.000000  258
34781.000000  259
34783.000000  259
34785.000000  260
34787.000000  261
34789.000000  261
34791.000000  261
34793.000000  262
34795.000000  263
34797.000000  263
34799.000000  264
34801.000000  264
34803.000000  265
34805.000000  265
34807.000000  266
34809.000000  266
34811.000000  267
34813.000000  267
34815.000000  268
34817.000000  268
34819.000000  269
34821.000000  269
34823.000000  270
34825.000000  270
34827.000000  271
34829.000000  271
34831.000000  272
34833.000000  273
34835.000000  273
34837.000000  274
34839.000000  274
34841.000000  275
34843.000000  275
34845.000000  276
34847.000000  276
34849.000000  277
34851.000000  277
34853.000000  278
34855.000000  278
34857.000000  279
34859.000000  279
34861.000000  280
34863.000000  280
34865.000000  281
34867.000000  281
34869.000000  282
34871.000000  283
34873.000000  283
34875.000000  283
34877.000000  284
34879.000000  285
34881.000000  285
34883.000000  286
34885.000000  286
34887.000000  287
34889.000000  287
34891.000000  288
34893.000000  288
34895.000000  289
34897.000000  289
34899.000000  290
34901.000000  290
34903.000000  291
34905.000000  291
34907.000000  292
34909.000000  292
34911.000000  293
34913.000000  293
34915.000000  294
34917.000000  295
34919.000000  295
34921.000000  295
34923.000000  296
34925.000000  297
34927.000000  297
34929.000000  298
34931.000000  298
34933.000000  299
34935.000000  299
34937.000000  300
34939.000000  300
34941.000000  301
34943.000000  301
34945.000000  302
34947.000000  302
34949.000000  303
34951.000000  303
34953.000000  304
34955.000000  305
34957.000000  305
34959.000000  305
34961.000000  306
34963.000000  307
34965.000000  307
34967.000000  308
34969.000000  308
34971.000000  309
34973.000000  309
34975.000000  310
34977.000000  310
34979.000000  311
34981.000000  311
34983.000000  312
34985.000000  312
34987.000000  313
34989.000000  313
34991.000000  314
34993.000000  314
34995.000000  315
34997.000000  315
34999.000000  316
35001.000000  317
35003.000000  317
35005.000000  317
35007.000000  318
35009.000000  319
35011.000000  319
35013.000000  320
35015.000000  320
35017.000000  321
35019.000000  321
35021.000000  322
35023.000000  322
35025.000000  323
35027.000000  323
35029.000000  324
35031.000000  324
35033.000000  325
35035.000000  325
35037.000000  326
35039.000000  327
35041.000000  327
35043.000000  328
35045.000000  328
35047.000000  329
35049.000000  329
35051.000000  330
35053.000000  330
35055.000000  331
35057.000000  331
35059.000000  332
35061.000000  332
35063.000000  333
35065.000000  333
35067.000000  334
35069.000000  334
35071.000000  335
35073.000000  335
35075.000000  336
35077.000000  337
35079.000000  337
35081.000000  337
35083.000000  338
35085.000000  339
35087.000000  339
35089.000000  340
35091.000000  340
35093.000000  341
35095.000000  341
35097.000000  342
35099.000000  342
35101.000000  343
35103.000000  343
35105.000000  344
35107.000000  344
35109.000000  345
35111.000000  345
35113.000000  346
35115.000000  347
35117.000000  347
35119.000000  348
35121.000000  348
35123.000000  349
35125.000000  349
35127.000000  350
35129.000000  350
35131.000000  351
35133.000000  351
35135.000000  352
35137.000000  352
35139.000000  353
35141.000000  353
35143.000000  354
35145.000000  354
35147.000000  355
35149.000000  355
35151.000000  356
35153.000000  356
35155.000000  357
35157.000000  357
35159.000000  358
35161.000000  359
35163.000000  359
35165.000000  359
35167.000000  360
35169.000000  361
35171.000000  361
35173.000000  362
35175.000000  362
35177.000000  363
35179.000000  363
35181.000000  364
35183.000000  364
35185.000000  365
35187.000000  365
35189.000000  366
35191.000000  366
35193.000000  367
35195.000000  367
35197.000000  368
35199.000000  369
35201.000000  369
35203.000000  370
35205.000000  370
35207.000000  371
35209.000000  371
35211.000000  372
35213.000000  372
35215.000000  373
35217.000000  373
35219.000000  374
35221.000000  374
35223.000000  375
35225.000000  375
35227.000000  376
35229.000000  376
35231.000000  377
35233.000000  377
35235.000000  378
35237.000000  379
35239.000000  379
35241.000000  379
35243.000000  380
35245.000000  381
35247.000000  381
35249.000000  382
35251.000000  382
35253.000000  383
35255.000000  383
35257.000000  384
35259.000000  384
35261.000000  385
35263.000000  385
35265.000000  386
35267.000000  386
35269.000000  387
35271.000000  387
35273.000000  388
35275.000000  388
35277.000000  389
35279.000000  389
35281.000000  390
35283.000000  391
35285.000000  391
35287.000000  391
35289.000000  392
35291.000000  393
35293.000000  393
35295.000000  394
35297.000000  394
35299.000000  395
35301.000000  395
35303.000000  396
35305.000000  396
35307.000000  397
35309.000000  397
35311.000000  398
35313.000000  398
35315.000000  399
35317.000000  399
35319.000000  400
35321.000000  401
35323.000000  401
35325.000000  401
35327.000000  402
35329.000000  403
35331.000000  403
35333.000000  404
35335.000000  404
35337.000000  405
35339.000000  405
35341.000000  406
35343.000000  406
35345.000000  407
35347.000000  407
35349.000000  408
35351.000000  408
35353.000000  409
35355.000000  409
35357.000000  410
35359.000000  410
35361.000000  411
35363.000000  411
35365.000000  412
35367.000000  413
35369.000000  413
35371.000000  414
35373.000000  414
35375.000000  415
35377.000000  415
35379.000000  416
35381.000000  416
35383.000000  417
35385.000000  417
35387.000000  418
35389.000000  418
35391.000000  419
35393.000000  419
35395.000000  420
35397.000000  421
35399.000000  421
35401.000000  421
35403.000000  422
35405.000000  423
35407.000000  423
35409.000000  424
35411.000000  424
35413.000000  425
35415.000000  425
35417.000000  426
35419.000000  426
35421.000000  427
35423.000000  427
35425.000000  428
35427.000000  428
35429.000000  429
35431.000000  429
35433.000000  430
35435.000000  430
35437.000000  431
35439.000000  431
35441.000000  432
35443.000000  433
35445.000000  433
35447.000000  433
35449.000000  434
35451.000000  435
35453.000000  435
35455.000000  436
35457.000000  436
35459.000000  437
35461.000000  437
35463.000000  438
35465.000000  438
35467.000000  439
35469.000000  439
35471.000000  440
35473.000000  441
35475.000000  441
35477.000000  441
35479.000000  442
35481.000000  443
35483.000000  443
35485.000000  444
35487.000000  444
35489.000000  445
35491.000000  445
35493.000000  446
35495.000000  446
35497.000000  447
35499.000000  447
35501.000000  448
35503.000000  448
35505.000000  449
35507.000000  449
35509.000000  450
35511.000000  450
35513.000000  451
35515.000000  451
35517.000000  452
35519.000000  453
35521.000000  453
35523.000000  453
35525.000000  454
35527.000000  455
35529.000000  455
35531.000000  456
35533.000000  456
35535.000000  457
35537.000000  457
35539.000000  458
35541.000000  458
35543.000000  459
35545.000000  459
35547.000000  460
35549.000000  460
35551.000000  461
35553.000000  461
35555.000000  462
35557.000000  463
35559.000000  463
35561.000000  463
35563.000000  464
35565.000000  465
35567.000000  465
35569.000000  466
35571.000000  466
35573.000000  467
35575.000000  467
35577.000000  468
35579.000000  468
35581.000000  469
35583.000000  469
35585.000000  470
35587.000000  470
35589.000000  471
35591.000000  471
35593.000000  472
35595.000000  472
35597.000000  473
35599.000000  473
35601.000000  474
35603.000000  475
35605.000000  475
35607.000000  475
35609.000000  476
35611.000000  477
35613.000000  477
35615.000000  478
35617.000000  478
35619.000000  479
35621.000000  479
35623.000000  480
35625.000000  480
35627.000000  481
35629.000000  481
35631.000000  482
35633.000000  482
35635.000000  483
35637.000000  483
35639.000000  484
35641.000000  484
35643.000000  485
35645.000000  485
35647.000000  486
35649.000000  487
35651.000000  487
35653.000000  487
35655.000000  488
35657.000000  489
35659.000000  489
35661.000000  490
35663.000000  490
35665.000000  491
35667.000000  491
35669.000000  492
35671.000000  492
35673.000000  493
35675.000000  493
35677.000000  494
35679.000000  494
35681.000000  495
35683.000000  495
35685.000000  496
35687.000000  497
35689.000000  497
35691.000000  497
35693.000000  498
35695.000000  499
35697.000000  499
35699.000000  500
35701.000000  500
35703.000000  501
35705.000000  501
35707.000000  502
35709.000000  502
35711.000000  503
35713.000000  503
35715.000000  504
35717.000000  504
35719.000000  505
35721.000000  505
35723.000000  506
35725.000000  506
35727.000000  507
35729.000000  507
35731.000000  508
35733.000000  509
35735.000000  509
35737.000000  510
35739.000000  510
35741.000000  511
35743.000000  511
35745.000000  512
35747.000000  512
35749.000000  513
35751.000000  513
35753.000000  514
35755.000000  514
35757.000000  515
35759.000000  515
35761.000000  516
35763.000000  517
35765.000000  517
35767.000000  518
35769.000000  518
35771.000000  519
35773.000000  519
35775.000000  520
35777.000000  520
35779.000000  521
35781.000000  521
35783.000000  522
35785.000000  522
35787.000000  523
35789.000000  523
35791.000000  524
35793.000000  524
35795.000000  525
35797.000000  525
35799.000000  526
35801.000000  527
35803.000000  527
35805.000000  527
35807.000000  528
35809.000000  529
35811.000000  529
35813.000000  530
35815.000000  530
35817.000000  531
35819.000000  531
35821.000000  532
35823.000000  532
35825.000000  533
35827.000000  533
35829.000000  534
35831.000000  534
35833.000000  535
35835.000000  535
35837.000000  536
35839.000000  537
35841.000000  537
35843.000000  537
35845.000000  538
35847.000000  539
35849.000000  539
35851.000000  540
35853.000000  540
35855.000000  541
35857.000000  541
35859.000000  542
35861.000000  542
35863.000000  543
35865.000000  543
