34507.000000  5
34509.000000  5
34511.000000  5
34513.000000  5
34515.000000  5
34517.000000  5
34519.000000  6
34521.000000  6
34523.000000  6
34525.000000  6
34527.000000  6
34529.000000  6
34531.000000  6
34533.000000  6
34535.000000  7
34537.000000  7
34539.000000  7
34541.000000  7
34543.000000  7
34545.000000  7
34547.000000  8
34549.000000  8
34551.000000  8
34553.000000  8
34555.000000  8
34557.000000  8
34559.000000  8
34561.000000  9
34563.000000  9
34565.000000  9
34567.000000  9
34569.000000  9
34571.000000  9
34573.000000  9
34575.000000  10
34577.000000  10
34579.000000  10
34581.000000  10
34583.000000  10
34585.000000  10
34587.000000  10
34589.000000  11
34591.000000  11
34593.000000  11
34595.000000  11
34597.000000  11
34599.000000  11
34601.000000  12
34603.000000  12
34605.000000  12
34607.000000  12
34609.000000  12
34611.000000  12
34613.000000  12
34615.000000  12
34617.000000  13
34619.000000  13
34621.000000  13
34623.000000  13
34625.000000  13
34627.000000  13
34629.000000  14
34631.000000  14
34633.000000  14
34635.000000  14
34637.000000  14
34639.000000  14
34641.000000  14
34643.000000  15
34645.000000  15
34647.000000  15
34649.000000  15
34651.000000  15
34653.000000  15
34655.000000  16
34657.000000  16
34659.000000  16
34661.000000  16
34663.000000  16
34665.000000  16
34667.000000  16
34669.000000  17
34671.000000  17
34673.000000  17
34675.000000  17
34677.000000  17
34679.000000  18
34681.000000  18
34683.000000  18
34685.000000  18
34687.000000  18
34689.000000  18
34691.000000  18
34693.000000  19
34695.000000  19
34697.000000  19
34699.000000  19
34701.000000  19
34703.000000  19
34705.000000  20
34707.000000  20
34709.000000  20
34711.000000  20
34713.000000  20
34715.000000  20
34717.000000  20
34719.000000  21
34721.000000  21
34723.000000  21
34725.000000  21
34727.000000  21
34729.000000  22
34731.000000  22
34733.000000  22
34735.000000  22
34737.000000  22
34739.000000  22
34741.000000  22
34743.000000  23
34745.000000  23
34747.000000  23
34749.000000  23
34751.000000  23
34753.000000  23
34755.000000  24
34757.000000  24
34759.000000  24
34761.000000  24
34763.000000  24
34765.000000  24
34767.000000  24
34769.000000  25
34771.000000  25
34773.000000  25
34775.000000  25
34777.000000  25
34779.000000  26
34781.000000  26
34783.000000  26
34785.000000  26
34787.000000  26
34789.000000  26
34791.000000  26
34793.000000  27
34795.000000  27
34797.000000  27
34799.000000  27
34801.000000  27
34803.000000  27
34805.000000  28
34807.000000  28
34809.000000  28
34811.000000  28
34813.000000  28
34815.000000  28
34817.000000  28
34819.000000  29
34821.000000  29
34823.000000  29
34825.000000  29
34827.000000  29
34829.000000  30
34831.000000  30
34833.000000  30
34835.000000  30
34837.000000  30
34839.000000  30
34841.000000  30
34843.000000  31
34845.000000  31
34847.000000  31
34849.000000  31
34851.000000  31
34853.000000  31
34855.000000  32
34857.000000  32
34859.000000  32
34861.000000  32
34863.000000  32
34865.000000  32
34867.000000  32
34869.000000  32
34871.000000  33
34873.000000  33
34875.000000  33
34877.000000  33
34879.000000  33
34881.000000  33
34883.000000  34
34885.000000  34
34887.000000  34
34889.000000  34
34891.000000  34
34893.000000  34
34895.000000  34
34897.000000  34
34899.000000  35
34901.000000  35
34903.000000  35
34905.000000  35
34907.000000  35
34909.000000  35
34911.000000  35
34913.000000  36
34915.000000  36
34917.000000  36
34919.000000  36
34921.000000  36
34923.000000  36
34925.000000  36
34927.000000  36
34929.000000  37
34931.000000  37
34933.000000  37
34935.000000  37
34937.000000  37
34939.000000  37
34941.000000  38
34943.000000  38
34945.000000  38
34947.000000  38
34949.000000  38
34951.000000  38
34953.000000  38
34955.000000  39
34957.000000  39
34959.000000  39
34961.000000  39
34963.000000  39
34965.000000  39
34967.000000  40
34969.000000  40
34971.000000  40
34973.000000  40
34975.000000  40
34977.000000  40
34979.000000  40
34981.000000  41
34983.000000  41
34985.000000  41
34987.000000  41
34989.000000  41
34991.000000  41
34993.000000  42
34995.000000  42
34997.000000  42
34999.000000  42
35001.000000  42
35003.000000  42
35005.000000  42
35007.000000  43
35009.000000  43
35011.000000  43
35013.000000  43
35015.000000  43
35017.000000  44
35019.000000  44
35021.000000  44
35023.000000  44
35025.000000  44
35027.000000  44
35029.000000  44
35031.000000  45
35033.000000  45
35035.000000  45
35037.000000  45
35039.000000  45
35041.000000  45
35043.000000  46
35045.000000  46
35047.000000  46
35049.000000  46
35051.000000  46
35053.000000  46
35055.000000  46
35057.000000  47
35059.000000  47
35061.000000  47
35063.000000  47
35065.000000  47
35067.000000  47
35069.000000  48
35071.000000  48
35073.000000  48
35075.000000  48
35077.000000  48
35079.000000  48
35081.000000  49
35083.000000  49
35085.000000  49
35087.000000  49
35089.000000  49
35091.000000  49
35093.000000  50
35095.000000  50
35097.000000  50
35099.000000  50
35101.000000  50
35103.000000  50
35105.000000  50
35107.000000  51
35109.000000  51
35111.000000  51
35113.000000  51
35115.000000  51
35117.000000  52
35119.000000  52
35121.000000  52
35123.000000  52
35125.000000  52
35127.000000  52
35129.000000  52
35131.000000  53
35133.000000  53
35135.000000  53
35137.000000  53
35139.000000  53
35141.000000  53
35143.000000  54
35145.000000  54
35147.000000  54
35149.000000  54
35151.000000  54
35153.000000  54
35155.000000  54
35157.000000  55
35159.000000  55
35161.000000  55
35163.000000  55
35165.000000  55
35167.000000  56
35169.000000  56
35171.000000  56
35173.000000  56
35175.000000  56
35177.000000  56
35179.000000  56
35181.000000  57
35183.000000  57
35185.000000  57
35187.000000  57
35189.000000  57
35191.000000  57
35193.000000  58
35195.000000  58
35197.000000  58
35199.000000  58
35201.000000  58
35203.000000  58
35205.000000  58
35207.000000  59
35209.000000  59
35211.000000  59
35213.000000  59
35215.000000  59
35217.000000  59
35219.000000  60
35221.000000  60
35223.000000  60
35225.000000  60
35227.000000  60
35229.000000  60
35231.000000  60
35233.000000  61
35235.000000  61
35237.000000  61
35239.000000  61
35241.000000  61
35243.000000  61
35245.000000  62
35247.000000  62
35249.000000  62
35251.000000  62
35253.000000  62
35255.000000  62
35257.000000  62
35259.000000  63
35261.000000  63
35263.000000  63
35265.000000  63
35267.000000  63
35269.000000  64
35271.000000  64
35273.000000  64
35275.000000  64
35277.000000  64
35279.000000  64
35281.000000  64
35283.000000  65
35285.000000  65
35287.000000  65
35289.000000  65
35291.000000  65
35293.000000  65
35295.000000  66
35297.000000  66
35299.000000  66
35301.000000  66
35303.000000  66
35305.000000  66
35307.000000  66
35309.000000  67
35311.000000  67
35313.000000  67
35315.000000  67
35317.000000  67
35319.000000  68
35321.000000  68
35323.000000  68
35325.000000  68
35327.000000  68
35329.000000  68
35331.000000  68
35333.000000  69
35335.000000  69
35337.000000  69
35339.000000  69
35341.000000  69
35343.000000  69
35345.000000  70
35347.000000  70
35349.000000  70
35351.000000  70
35353.000000  70
35355.000000  70
35357.000000  70
35359.000000  71
35361.000000  71
35363.000000  71
35365.000000  71
35367.000000  71
35369.000000  71
35371.000000  72
35373.000000  72
35375.000000  72
35377.000000  72
35379.000000  72
35381.000000  72
35383.000000  72
35385.000000  73
35387.000000  73
35389.000000  73
35391.000000  73
35393.000000  73
35395.000000  74
35397.000000  74
35399.000000  74
35401.000000  74
35403.000000  74
35405.000000  74
35407.000000  74
35409.000000  75
35411.000000  75
35413.000000  75
35415.000000  75
35417.000000  75
35419.000000  76
35421.000000  76
35423.000000  76
35425.000000  76
35427.000000  76
35429.000000  76
35431.000000  76
35433.000000  77
35435.000000  77
35437.000000  77
35439.000000  77
35441.000000  77
35443.000000  77
35445.000000  78
35447.000000  78
35449.000000  78
35451.000000  78
35453.000000  78
35455.000000  78
35457.000000  78
35459.000000  79
35461.000000  79
35463.000000  79
35465.000000  79
35467.000000  79
35469.000000  80
35471.000000  80
35473.000000  80
35475.000000  80
35477.000000  80
35479.000000  80
35481.000000  80
35483.000000  81
35485.000000  81
35487.000000  81
35489.000000  81
35491.000000  81
35493.000000  81
35495.000000  82
35497.000000  82
35499.000000  82
35501.000000  82
35503.000000  82
35505.000000  82
35507.000000  82
35509.000000  83
35511.000000  83
35513.000000  83
35515.000000  83
35517.000000  83
35519.000000  83
35521.000000  84
35523.000000  84
35525.000000  84
35527.000000  84
35529.000000  84
35531.000000  84
35533.000000  84
35535.000000  85
35537.000000  85
35539.000000  85
35541.000000  85
35543.000000  85
35545.000000  86
35547.000000  86
35549.000000  86
35551.000000  86
35553.000000  86
35555.000000  86
35557.000000  86
35559.000000  87
35561.000000  87
35563.000000  87
35565.000000  87
35567.000000  87
35569.000000  87
35571.000000  88
35573.000000  88
35575.000000  88
35577.000000  88
35579.000000  88
35581.000000  88
35583.000000  88
35585.000000  89
35587.000000  89
35589.000000  89
35591.000000  89
35593.000000  89
35595.000000  89
35597.000000  90
35599.000000  90
35601.000000  90
35603.000000  90
35605.000000  90
35607.000000  90
35609.000000  91
35611.000000  91
35613.000000  91
35615.000000  91
35617.000000  91
35619.000000  91
35621.000000  92
35623.000000  92
35625.000000  92
35627.000000  92
35629.000000  92
35631.000000  92
35633.000000  92
35635.000000  93
35637.000000  93
35639.000000  93
35641.000000  93
35643.000000  93
35645.000000  94
35647.000000  94
35649.000000  94
35651.000000  94
35653.000000  94
35655.000000  94
35657.000000  94
35659.000000  95
35661.000000  95
35663.000000  95
35665.000000  95
35667.000000  95
35669.000000  95
35671.000000  96
35673.000000  96
35675.000000  96
35677.000000  96
35679.000000  96
35681.000000  96
35683.000000  96
35685.000000  97
35687.000000  97
35689.000000  97
35691.000000  97
35693.000000  97
35695.000000  97
35697.000000  98
35699.000000  98
35701.000000  98
35703.000000  98
35705.000000  98
35707.000000  98
35709.000000  98
35711.000000  99
35713.000000  99
35715.000000  99
35717.000000  99
35719.000000  99
35721.000000  99
35723.000000  100
35725.000000  100
35727.000000  100
35729.000000  100
35731.000000  100
35733.000000  100
35735.000000  100
35737.000000  100
35739.000000  101
35741.000000  101
35743.000000  101
35745.000000  101
35747.000000  101
35749.000000  102
35751.000000  102
35753.000000  102
35755.000000  102
35757.000000  102
35759.000000  102
35761.000000  102
35763.000000  102
35765.000000  103
35767.000000  103
35769.000000  103
35771.000000  103
35773.000000  103
35775.000000  104
35777.000000  104
35779.000000  104
35781.000000  104
35783.000000  104
35785.000000  104
35787.000000  104
35789.000000  105
35791.000000  105
35793.000000  105
35795.000000  105
35797.000000  105
35799.000000  105
35801.000000  106
35803.000000  106
35805.000000  106
35807.000000  106
35809.000000  106
35811.000000  106
35813.000000  106
35815.000000  107
35817.000000  107
35819.000000  107
35821.000000  107
35823.000000  107
35825.000000  107
35827.000000  108
35829.000000  108
35831.000000  108
35833.000000  108
35835.000000  108
35837.000000  108
35839.000000  108
35841.000000  109
35843.000000  109
35845.000000  109
35847.000000  109
35849.000000  109
35851.000000  109
35853.000000  110
35855.000000  110
35857.000000  110
35859.000000  110
35861.000000  110
35863.000000  110
35865.000000  110
35867.000000  111
35869.000000  111
35871.000000  111
35873.000000  111
35875.000000  111
35877.000000  111
35879.000000  112
35881.000000  112
35883.000000  112
35885.000000  112
35887.000000  112
35889.000000  112
35891.000000  112
35893.000000  113
35895.000000  113
35897.000000  113
35899.000000  113
35901.000000  113
35903.000000  114
35905.000000  114
35907.000000  114
35909.000000  114
35911.000000  114
35913.000000  114
35915.000000  114
35917.000000  115
35919.000000  115
35921.000000  115
35923.000000  115
35925.000000  115
35927.000000  115
35929.000000  116
35931.000000  116
35933.000000  116
35935.000000  116
35937.000000  116
35939.000000  116
35941.000000  116
35943.000000  117
35945.000000  117
35947.000000  117
35949.000000  117
35951.000000  117
35953.000000  118
35955.000000  118
35957.000000  118
35959.000000  118
35961.000000  118
35963.000000  118
35965.000000  118
35967.000000  119
35969.000000  119
35971.000000  119
35973.000000  119
35975.000000  119
35977.000000  119
35979.000000  120
35981.000000  120
35983.000000  120
35985.000000  120
35987.000000  120
35989.000000  120
35991.000000  120
35993.000000  121
35995.000000  121
35997.000000  121
35999.000000  121
36001.000000  121
36003.000000  122
36005.000000  122
36007.000000  122
36009.000000  122
36011.000000  122
36013.000000  122
36015.000000  122
36017.000000  122
36019.000000  123
36021.000000  123
36023.000000  123
36025.000000  123
36027.000000  123
36029.000000  123
36031.000000  124
36033.000000  124
36035.000000  124
36037.000000  124
36039.000000  124
36041.000000  124
36043.000000  124
36045.000000  124
36047.000000  125
36049.000000  125
36051.000000  125
36053.000000  125
36055.000000  125
36057.000000  125
36059.000000  126
36061.000000  126
36063.000000  126
36065.000000  126
36067.000000  126
36069.000000  126
36071.000000  126
36073.000000  126
36075.000000  127
36077.000000  127
36079.000000  127
36081.000000  127
36083.000000  127
36085.000000  127
36087.000000  128
36089.000000  128
36091.000000  128
36093.000000  128
36095.000000  128
36097.000000  128
36099.000000  128
36101.000000  129
36103.000000  129
36105.000000  129
36107.000000  129
36109.000000  129
36111.000000  129
36113.000000  130
36115.000000  130
36117.000000  130
36119.000000  130
36121.000000  130
36123.000000  130
36125.000000  130
36127.000000  131
36129.000000  131
36131.000000  131
36133.000000  131
36135.000000  131
36137.000000  131
36139.000000  132
36141.000000  132
36143.000000  132
36145.000000  132
36147.000000  132
36149.000000  132
36151.000000  132
36153.000000  133
36155.000000  133
36157.000000  133
36159.000000  133
36161.000000  133
36163.000000  133
36165.000000  134
36167.000000  134
36169.000000  134
36171.000000  134
36173.000000  134
36175.000000  134
36177.000000  134
36179.000000  135
36181.000000  135
36183.000000  135
36185.000000  135
36187.000000  135
36189.000000  135
36191.000000  136
36193.000000  136
36195.000000  136
36197.000000  136
36199.000000  136
36201.000000  136
36203.000000  136
36205.000000  137
36207.000000  137
36209.000000  137
36211.000000  137
36213.000000  137
36215.000000  137
36217.000000  138
36219.000000  138
36221.000000  138
36223.000000  138
36225.000000  138
36227.000000  138
36229.000000  139
36231.000000  139
36233.000000  139
36235.000000  139
36237.000000  139
36239.000000  139
36241.000000  140
36243.000000  140
36245.000000  140
36247.000000  140
36249.000000  140
36251.000000  140
36253.000000  140
36255.000000  141
36257.000000  141
36259.000000  141
36261.000000  141
36263.000000  141
36265.000000  141
36267.000000  142
36269.000000  142
36271.000000  142
36273.000000  142
36275.000000  142
36277.000000  142
36279.000000  143
36281.000000  143
36283.000000  143
36285.000000  143
36287.000000  143
36289.000000  143
36291.000000  144
36293.000000  144
36295.000000  144
36297.000000  144
36299.000000  144
36301.000000  144
36303.000000  144
36305.000000  145
36307.000000  145
36309.000000  145
36311.000000  145
36313.000000  145
36315.000000  146
36317.000000  146
36319.000000  146
36321.000000  146
36323.000000  146
36325.000000  146
36327.000000  146
36329.000000  147
36331.000000  147
36333.000000  147
36335.000000  147
36337.000000  147
36339.000000  147
36341.000000  148
36343.000000  148
36345.000000  148
36347.000000  148
36349.000000  148
36351.000000  148
36353.000000  148
36355.000000  149
36357.000000  149
36359.000000  149
36361.000000  149
36363.000000  149
36365.000000  150
36367.000000  150
36369.000000  150
36371.000000  150
36373.000000  150
36375.000000  150
36377.000000  150
36379.000000  151
36381.000000  151
36383.000000  151
36385.000000  151
36387.000000  151
36389.000000  151
36391.000000  152
36393.000000  152
36395.000000  152
36397.000000  152
36399.000000  152
36401.000000  152
36403.000000  152
36405.000000  153
36407.000000  153
36409.000000  153
36411.000000  153
36413.000000  153
36415.000000  153
36417.000000  154
36419.000000  154
36421.000000  154
36423.000000  154
36425.000000  154
36427.000000  154
36429.000000  154
36431.000000  155
36433.000000  155
36435.000000  155
36437.000000  155
36439.000000  155
36441.000000  155
36443.000000  156
36445.000000  156
36447.000000  156
36449.000000  156
36451.000000  156
36453.000000  156
36455.000000  156
36457.000000  157
36459.000000  157
36461.000000  157
36463.000000  157
36465.000000  157
36467.000000  158
36469.000000  158
36471.000000  158
36473.000000  158
36475.000000  158
36477.000000  158
36479.000000  158
36481.000000  159
36483.000000  159
36485.000000  159
36487.000000  159
36489.000000  159
36491.000000  159
36493.000000  160
36495.000000  160
36497.000000  160
36499.000000  160
36501.000000  160
36503.000000  160
