39219.000000  77
39221.000000  78
39223.000000  80
39225.000000  81
39227.000000  82
39229.000000  84
39231.000000  85
39233.000000  86
39235.000000  87
39237.000000  89
39239.000000  90
39241.000000  91
39243.000000  93
39245.000000  94
39247.000000  95
39249.000000  97
39251.000000  98
39253.000000  99
39255.000000  101
39257.000000  102
39259.000000  103
39261.000000  105
39263.000000  106
39265.000000  107
39267.000000  109
39269.000000  110
39271.000000  111
39273.000000  113
39275.000000  114
39277.000000  115
39279.000000  117
39281.000000  118
39283.000000  119
39285.000000  121
39287.000000  122
39289.000000  123
39291.000000  125
39293.000000  126
39295.000000  127
39297.000000  129
39299.000000  130
39301.000000  131
39303.000000  133
39305.000000  134
39307.000000  135
39309.000000  137
39311.000000  138
39313.000000  139
39315.000000  141
39317.000000  142
39319.000000  143
39321.000000  145
39323.000000  146
39325.000000  147
39327.000000  149
39329.000000  150
39331.000000  151
39333.000000  153
39335.000000  154
39337.000000  156
39339.000000  157
39341.000000  158
39343.000000  160
39345.000000  161
39347.000000  162
39349.000000  164
39351.000000  165
39353.000000  166
39355.000000  168
39357.000000  169
39359.000000  171
39361.000000  172
39363.000000  173
39365.000000  175
39367.000000  176
39369.000000  177
39371.000000  179
39373.000000  180
39375.000000  181
39377.000000  183
39379.000000  184
39381.000000  185
39383.000000  187
39385.000000  188
39387.000000  190
39389.000000  191
39391.000000  192
39393.000000  194
39395.000000  195
39397.000000  197
39399.000000  198
39401.000000  199
39403.000000  201
39405.000000  202
39407.000000  203
39409.000000  205
39411.000000  206
39413.000000  207
39415.000000  209
39417.000000  210
39419.000000  211
39421.000000  213
39423.000000  214
39425.000000  216
39427.000000  217
39429.000000  218
39431.000000  220
39433.000000  221
39435.000000  223
39437.000000  224
39439.000000  225
39441.000000  227
39443.000000  228
39445.000000  229
39447.000000  231
39449.000000  232
39451.000000  233
39453.000000  235
39455.000000  236
39457.000000  238
39459.000000  239
39461.000000  240
39463.000000  242
39465.000000  243
39467.000000  245
39469.000000  246
39471.000000  247
39473.000000  249
39475.000000  250
39477.000000  251
39479.000000  253
39481.000000  254
39483.000000  255
39485.000000  257
39487.000000  258
39489.000000  260
39491.000000  261
39493.000000  262
39495.000000  264
39497.000000  265
39499.000000  267
39501.000000  268
39503.000000  269
39505.000000  271
39507.000000  272
39509.000000  273
39511.000000  275
39513.000000  276
39515.000000  278
39517.000000  279
39519.000000  280
39521.000000  282
39523.000000  283
39525.000000  285
39527.000000  286
39529.000000  287
39531.000000  289
39533.000000  290
39535.000000  291
39537.000000  293
39539.000000  294
39541.000000  296
39543.000000  297
39545.000000  298
39547.000000  300
39549.000000  301
39551.000000  303
39553.000000  304
39555.000000  305
39557.000000  307
39559.000000  308
39561.000000  309
39563.000000  311
39565.000000  312
39567.000000  313
39569.000000  315
39571.000000  316
39573.000000  318
39575.000000  319
39577.000000  320
39579.000000  322
39581.000000  323
39583.000000  325
39585.000000  326
39587.000000  327
39589.000000  329
39591.000000  330
39593.000000  331
39595.000000  333
39597.000000  334
39599.000000  336
39601.000000  337
39603.000000  338
39605.000000  340
39607.000000  341
39609.000000  343
39611.000000  344
39613.000000  345
39615.000000  347
39617.000000  348
39619.000000  349
39621.000000  351
39623.000000  352
39625.000000  354
39627.000000  355
39629.000000  356
39631.000000  358
39633.000000  359
39635.000000  361
39637.000000  362
39639.000000  363
39641.000000  365
39643.000000  366
39645.000000  367
39647.000000  369
39649.000000  370
39651.000000  372
39653.000000  373
39655.000000  375
39657.000000  376
39659.000000  377
39661.000000  379
39663.000000  380
39665.000000  381
39667.000000  383
39669.000000  384
39671.000000  385
39673.000000  387
39675.000000  388
39677.000000  390
39679.000000  391
39681.000000  393
39683.000000  394
39685.000000  395
39687.000000  397
39689.000000  398
39691.000000  399
39693.000000  401
39695.000000  402
39697.000000  403
39699.000000  405
39701.000000  406
39703.000000  408
39705.000000  409
39707.000000  411
39709.000000  412
39711.000000  413
39713.000000  415
39715.000000  416
39717.000000  417
39719.000000  419
39721.000000  420
39723.000000  422
39725.000000  423
39727.000000  424
39729.000000  426
39731.000000  427
39733.000000  429
39735.000000  430
39737.000000  431
39739.000000  433
39741.000000  434
39743.000000  435
39745.000000  437
39747.000000  438
39749.000000  440
39751.000000  441
39753.000000  443
39755.000000  444
39757.000000  445
39759.000000  447
39761.000000  448
39763.000000  449
39765.000000  451
39767.000000  452
39769.000000  453
39771.000000  455
39773.000000  456
39775.000000  458
39777.000000  459
39779.000000  461
39781.000000  462
39783.000000  463
39785.000000  465
39787.000000  466
39789.000000  467
39791.000000  469
39793.000000  470
39795.000000  472
39797.000000  473
39799.000000  475
39801.000000  476
39803.000000  477
39805.000000  479
39807.000000  480
39809.000000  481
39811.000000  483
39813.000000  484
39815.000000  486
39817.000000  487
39819.000000  488
39821.000000  490
39823.000000  491
39825.000000  493
39827.000000  494
39829.000000  495
39831.000000  497
39833.000000  498
39835.000000  499
39837.000000  501
39839.000000  502
39841.000000  504
39843.000000  505
39845.000000  507
39847.000000  508
39849.000000  509
39851.000000  511
39853.000000  512
39855.000000  513
39857.000000  515
39859.000000  516
39861.000000  518
39863.000000  519
39865.000000  521
39867.000000  522
39869.000000  523
39871.000000  525
39873.000000  526
39875.000000  527
39877.000000  529
39879.000000  530
39881.000000  532
39883.000000  533
39885.000000  535
39887.000000  536
39889.000000  537
39891.000000  539
39893.000000  540
39895.000000  541
39897.000000  543
39899.000000  544
39901.000000  546
39903.000000  547
39905.000000  548
39907.000000  550
39909.000000  551
39911.000000  553
39913.000000  554
39915.000000  555
39917.000000  557
39919.000000  558
39921.000000  560
39923.000000  561
39925.000000  563
39927.000000  564
39929.000000  565
39931.000000  567
39933.000000  568
39935.000000  569
39937.000000  571
39939.000000  572
39941.000000  574
39943.000000  575
39945.000000  576
39947.000000  578
39949.000000  579
39951.000000  581
39953.000000  582
39955.000000  583
39957.000000  585
39959.000000  586
39961.000000  588
39963.000000  589
39965.000000  590
39967.000000  592
39969.000000  593
39971.000000  595
39973.000000  596
39975.000000  597
39977.000000  599
39979.000000  600
39981.000000  602
39983.000000  603
39985.000000  604
39987.000000  606
39989.000000  607
39991.000000  609
39993.000000  610
39995.000000  611
39997.000000  613
39999.000000  614
40001.000000  616
40003.000000  617
40005.000000  618
40007.000000  620
40009.000000  621
40011.000000  623
40013.000000  624
40015.000000  625
40017.000000  627
40019.000000  628
40021.000000  630
40023.000000  631
40025.000000  633
40027.000000  634
40029.000000  635
40031.000000  637
40033.000000  638
40035.000000  639
40037.000000  641
40039.000000  642
40041.000000  644
40043.000000  645
40045.000000  647
40047.000000  648
40049.000000  649
40051.000000  651
40053.000000  652
40055.000000  654
40057.000000  655
40059.000000  656
40061.000000  658
40063.000000  659
40065.000000  661
40067.000000  662
40069.000000  663
40071.000000  665
40073.000000  666
40075.000000  667
40077.000000  669
40079.000000  670
40081.000000  672
40083.000000  673
40085.000000  675
40087.000000  676
40089.000000  677
40091.000000  679
40093.000000  680
40095.000000  682
40097.000000  683
40099.000000  685
40101.000000  686
40103.000000  687
40105.000000  689
40107.000000  690
40109.000000  691
40111.000000  693
40113.000000  694
40115.000000  696
40117.000000  697
40119.000000  699
40121.000000  700
40123.000000  701
40125.000000  703
40127.000000  704
40129.000000  706
40131.000000  707
40133.000000  708
40135.000000  710
40137.000000  711
40139.000000  713
40141.000000  714
40143.000000  715
40145.000000  717
40147.000000  718
40149.000000  719
40151.000000  721
40153.000000  722
40155.000000  724
40157.000000  725
40159.000000  727
40161.000000  728
40163.000000  729
40165.000000  731
40167.000000  732
40169.000000  734
40171.000000  735
40173.000000  737
40175.000000  738
40177.000000  739
40179.000000  741
40181.000000  742
40183.000000  743
40185.000000  745
40187.000000  746
40189.000000  748
40191.000000  749
40193.000000  751
40195.000000  752
40197.000000  753
40199.000000  755
40201.000000  756
40203.000000  758
40205.000000  759
40207.000000  760
40209.000000  762
40211.000000  763
40213.000000  765
40215.000000  766
40217.000000  767
40219.000000  769
40221.000000  770
40223.000000  772
40225.000000  773
40227.000000  774
40229.000000  776
40231.000000  777
40233.000000  779
40235.000000  780
40237.000000  781
40239.000000  783
40241.000000  784
40243.000000  786
40245.000000  787
40247.000000  788
40249.000000  790
40251.000000  791
40253.000000  793
40255.000000  794
40257.000000  795
40259.000000  797
40261.000000  798
40263.000000  800
40265.000000  801
40267.000000  803
40269.000000  804
40271.000000  805
40273.000000  807
40275.000000  808
40277.000000  809
40279.000000  811
40281.000000  812
40283.000000  814
40285.000000  815
40287.000000  817
40289.000000  818
40291.000000  819
40293.000000  821
40295.000000  822
40297.000000  824
40299.000000  825
40301.000000  827
40303.000000  828
40305.000000  829
40307.000000  831
40309.000000  832
40311.000000  833
40313.000000  835
40315.000000  836
40317.000000  838
40319.000000  839
40321.000000  841
40323.000000  842
40325.000000  843
40327.000000  845
40329.000000  846
40331.000000  847
40333.000000  849
40335.000000  850
40337.000000  852
40339.000000  853
40341.000000  855
40343.000000  856
40345.000000  857
40347.000000  859
40349.000000  860
40351.000000  861
40353.000000  863
40355.000000  864
40357.000000  866
40359.000000  867
40361.000000  869
40363.000000  870
40365.000000  871
40367.000000  873
40369.000000  874
40371.000000  876
40373.000000  877
40375.000000  879
40377.000000  880
40379.000000  881
40381.000000  883
40383.000000  884
40385.000000  885
40387.000000  887
40389.000000  888
40391.000000  890
40393.000000  891
40395.000000  893
40397.000000  894
40399.000000  895
40401.000000  897
40403.000000  898
40405.000000  900
40407.000000  901
40409.000000  903
40411.000000  904
40413.000000  905
40415.000000  907
40417.000000  908
40419.000000  909
40421.000000  911
40423.000000  912
40425.000000  914
40427.000000  915
40429.000000  917
40431.000000  918
40433.000000  919
40435.000000  921
40437.000000  922
40439.000000  924
40441.000000  925
40443.000000  926
40445.000000  928
40447.000000  929
40449.000000  931
40451.000000  932
40453.000000  933
40455.000000  935
40457.000000  936
40459.000000  938
40461.000000  939
40463.000000  940
40465.000000  942
40467.000000  943
40469.000000  945
40471.000000  946
40473.000000  947
40475.000000  949
40477.000000  950
40479.000000  952
40481.000000  953
40483.000000  955
40485.000000  956
40487.000000  957
40489.000000  959
40491.000000  960
40493.000000  962
40495.000000  963
40497.000000  964
40499.000000  966
40501.000000  967
40503.000000  969
40505.000000  970
40507.000000  971
40509.000000  973
40511.000000  974
40513.000000  976
40515.000000  977
40517.000000  979
40519.000000  980
40521.000000  981
40523.000000  983
40525.000000  984
40527.000000  986
40529.000000  987
40531.000000  989
40533.000000  990
40535.000000  991
40537.000000  993
40539.000000  994
40541.000000  996
40543.000000  997
40545.000000  998
40547.000000  1000
40549.000000  1001
40551.000000  1003
40553.000000  1004
40555.000000  1005
40557.000000  1007
40559.000000  1008
40561.000000  1010
40563.000000  1011
40565.000000  1013
40567.000000  1014
40569.000000  1015
40571.000000  1017
40573.000000  1018
40575.000000  1020
40577.000000  1021
40579.000000  1023
40581.000000  1024
40583.000000  1025
40585.000000  1027
40587.000000  1028
40589.000000  1029
40591.000000  1031
40593.000000  1032
40595.000000  1034
40597.000000  1035
40599.000000  1037
40601.000000  1038
40603.000000  1039
40605.000000  1041
40607.000000  1042
40609.000000  1044
40611.000000  1045
40613.000000  1047
40615.000000  1048
40617.000000  1049
40619.000000  1051
40621.000000  1052
40623.000000  1053
40625.000000  1055
40627.000000  1056
40629.000000  1058
40631.000000  1059
40633.000000  1061
40635.000000  1062
40637.000000  1063
40639.000000  1065
40641.000000  1066
40643.000000  1068
40645.000000  1069
40647.000000  1071
40649.000000  1072
40651.000000  1073
40653.000000  1075
40655.000000  1076
40657.000000  1078
40659.000000  1079
40661.000000  1081
40663.000000  1082
40665.000000  1083
40667.000000  1085
40669.000000  1086
40671.000000  1088
40673.000000  1089
40675.000000  1090
40677.000000  1092
40679.000000  1093
40681.000000  1095
40683.000000  1096
40685.000000  1097
40687.000000  1099
40689.000000  1100
40691.000000  1102
40693.000000  1103
40695.000000  1105
40697.000000  1106
40699.000000  1107
40701.000000  1109
40703.000000  1110
40705.000000  1112
40707.000000  1113
40709.000000  1115
40711.000000  1116
40713.000000  1117
40715.000000  1119
40717.000000  1120
40719.000000  1121
40721.000000  1123
40723.000000  1124
40725.000000  1126
40727.000000  1127
40729.000000  1129
40731.000000  1130
40733.000000  1131
40735.000000  1133
40737.000000  1134
40739.000000  1136
40741.000000  1137
40743.000000  1139
40745.000000  1140
40747.000000  1141
40749.000000  1143
40751.000000  1144
40753.000000  1146
40755.000000  1147
40757.000000  1149
40759.000000  1150
40761.000000  1151
40763.000000  1153
40765.000000  1154
40767.000000  1156
40769.000000  1157
40771.000000  1159
40773.000000  1160
40775.000000  1161
40777.000000  1163
40779.000000  1164
40781.000000  1166
40783.000000  1167
40785.000000  1168
40787.000000  1170
40789.000000  1171
40791.000000  1173
40793.000000  1174
40795.000000  1175
40797.000000  1177
40799.000000  1178
40801.000000  1180
40803.000000  1181
40805.000000  1183
40807.000000  1184
40809.000000  1185
40811.000000  1187
40813.000000  1188
40815.000000  1190
40817.000000  1191
40819.000000  1193
40821.000000  1194
40823.000000  1195
40825.000000  1197
40827.000000  1198
40829.000000  1200
40831.000000  1201
40833.000000  1203
40835.000000  1204
40837.000000  1205
40839.000000  1207
40841.000000  1208
40843.000000  1210
40845.000000  1211
40847.000000  1212
40849.000000  1214
40851.000000  1215
40853.000000  1217
40855.000000  1218
40857.000000  1219
40859.000000  1221
40861.000000  1222
40863.000000  1224
40865.000000  1225
40867.000000  1227
40869.000000  1228
40871.000000  1229
40873.000000  1231
40875.000000  1232
40877.000000  1234
40879.000000  1235
40881.000000  1237
40883.000000  1238
40885.000000  1239
40887.000000  1241
40889.000000  1242
40891.000000  1244
40893.000000  1245
40895.000000  1246
40897.000000  1248
40899.000000  1249
40901.000000  1251
40903.000000  1252
40905.000000  1254
40907.000000  1255
40909.000000  1257
40911.000000  1258
40913.000000  1259
40915.000000  1261
40917.000000  1262
40919.000000  1263
40921.000000  1265
40923.000000  1266
40925.000000  1268
40927.000000  1269
40929.000000  1271
40931.000000  1272
40933.000000  1273
40935.000000  1275
40937.000000  1276
40939.000000  1278
40941.000000  1279
40943.000000  1281
40945.000000  1282
40947.000000  1283
40949.000000  1285
40951.000000  1286
40953.000000  1288
40955.000000  1289
40957.000000  1291
40959.000000  1292
40961.000000  1293
40963.000000  1295
40965.000000  1296
40967.000000  1297
40969.000000  1299
40971.000000  1300
40973.000000  1302
40975.000000  1303
40977.000000  1305
40979.000000  1306
40981.000000  1308
40983.000000  1309
40985.000000  1310
40987.000000  1312
40989.000000  1313
40991.000000  1315
40993.000000  1316
40995.000000  1317
40997.000000  1319
40999.000000  1320
41001.000000  1322
41003.000000  1323
41005.000000  1325
41007.000000  1326
41009.000000  1327
41011.000000  1329
41013.000000  1330
41015.000000  1332
41017.000000  1333
41019.000000  1335
41021.000000  1336
41023.000000  1337
41025.000000  1339
41027.000000  1340
41029.000000  1341
41031.000000  1343
41033.000000  1344
41035.000000  1346
41037.000000  1347
41039.000000  1349
41041.000000  1350
41043.000000  1352
41045.000000  1353
41047.000000  1354
41049.000000  1356
41051.000000  1357
41053.000000  1359
41055.000000  1360
41057.000000  1361
41059.000000  1363
41061.000000  1364
41063.000000  1366
41065.000000  1367
41067.000000  1369
41069.000000  1370
41071.000000  1371
41073.000000  1373
41075.000000  1374
41077.000000  1376
41079.000000  1377
41081.000000  1379
41083.000000  1380
41085.000000  1381
41087.000000  1383
41089.000000  1384
41091.000000  1386
41093.000000  1387
41095.000000  1388
41097.000000  1390
41099.000000  1391
41101.000000  1393
41103.000000  1394
41105.000000  1396
41107.000000  1397
41109.000000  1398
41111.000000  1400
41113.000000  1401
41115.000000  1403
41117.000000  1404
41119.000000  1405
41121.000000  1407
41123.000000  1408
41125.000000  1410
41127.000000  1411
41129.000000  1413
41131.000000  1414
41133.000000  1415
41135.000000  1417
41137.000000  1418
41139.000000  1420
41141.000000  1421
41143.000000  1423
41145.000000  1424
41147.000000  1425
41149.000000  1427
41151.000000  1428
41153.000000  1430
41155.000000  1431
41157.000000  1433
41159.000000  1434
41161.000000  1435
41163.000000  1437
41165.000000  1438
41167.000000  1440
41169.000000  1441
41171.000000  1443
41173.000000  1444
41175.000000  1445
41177.000000  1447
41179.000000  1448
41181.000000  1450
41183.000000  1451
41185.000000  1453
41187.000000  1454
41189.000000  1455
41191.000000  1457
41193.000000  1458
41195.000000  1460
41197.000000  1461
41199.000000  1463
41201.000000  1464
41203.000000  1465
41205.000000  1467
41207.000000  1468
41209.000000  1470
41211.000000  1471
41213.000000  1473
41215.000000  1474
41217.000000  1475
