38507.000000  77 100
38603.000000  157 100
38691.000000  232 100
39013.000000  510 100
39123.000000  605 100
39183.000000  657 100
39431.000000  872 100
39579.000000  1000 100
39707.000000  1111 100
39803.000000  1194 100
39857.000000  1241 100
39913.000000  1290 100
40121.000000  1470 100
40215.000000  1552 100
40533.000000  1827 100
40535.000000  1829 100
40971.000000  2208 100
41077.000000  2299 100
41493.000000  2661 100
41683.000000  2825 100
41787.000000  2916 100
42083.000000  3173 100
42085.000000  3175 100
42165.000000  3244 100
42165.000000  3244 100
42201.000000  3275 100
42429.000000  3473 100
42577.000000  3602 100
42661.000000  3675 100
42815.000000  3809 100
42929.000000  3908 100
42955.000000  3930 100
42955.000000  3930 100
43017.000000  3984 100
43191.000000  4135 100
43193.000000  4137 100
43217.000000  4158 100
43217.000000  4158 100
43379.000000  4299 100
43453.000000  4363 100
43475.000000  4382 100
43475.000000  4382 100
43575.000000  4469 100
43595.000000  4486 100
43597.000000  4488 100
43679.000000  4559 100
43679.000000  4559 100
43739.000000  4611 100
43845.000000  4703 100
43865.000000  4721 100
43929.000000  4777 100
44145.000000  4964 100
44389.000000  5176 100
44391.000000  5178 100
44413.000000  5197 100
44575.000000  5338 100
44577.000000  5340 100
44703.000000  5449 100
44705.000000  5451 100
44835.000000  5564 100
44865.000000  5590 100
44867.000000  5592 100
44891.000000  5613 100
45201.000000  5883 100
45673.000000  6293 100
45853.000000  6450 100
45855.000000  6451 100
45889.000000  6481 100
45913.000000  6502 100
45945.000000  6530 100
46167.000000  6723 100
46265.000000  6808 100
46497.000000  7010 100
46503.000000  7015 100
46503.000000  7015 100
46641.000000  7135 100
46695.000000  7182 100
46909.000000  7368 100
47059.000000  7499 100
47121.000000  7554 100
47267.000000  7688 100
47327.000000  7744 100
47575.000000  7973 100
47919.000000  8292 100
47993.000000  8361 100
48175.000000  8529 100
48345.000000  8687 100
48447.000000  8781 100
48681.000000  8998 100
48699.000000  9014 100
48789.000000  9098 100
48829.000000  9135 100
48951.000000  9248 100
49083.000000  9370 100
49117.000000  9402 100
49117.000000  9402 100
49247.000000  9522 100
49471.000000  9729 100
49573.000000  9824 100
49575.000000  9826 100
49691.000000  9933 100
49727.000000  9966 100
49801.000000  10035 100
49859.000000  10089 100
49893.000000  10120 100
49999.000000  10218 100
49999.000000  10218 100
50063.000000  10277 100
50093.000000  10305 100
50421.000000  10609 100
50423.000000  10611 100
50439.000000  10626 100
50563.000000  10741 100
50621.000000  10794 100
50621.000000  10794 100
50641.000000  10813 100
50813.000000  10972 100
50873.000000  11028 100
51003.000000  11148 100
51099.000000  11237 100
51227.000000  11355 100
51259.000000  11385 100
51385.000000  11502 100
51405.000000  11520 100
51407.000000  11522 100
51425.000000  11539 100
51461.000000  11572 100
51461.000000  11572 100
51481.000000  11591 100
51647.000000  11744 100
51669.000000  11765 100
51725.000000  11817 100
51727.000000  11819 100
51759.000000  11848 100
51783.000000  11870 100
51877.000000  11957 100
51899.000000  11978 100
51913.000000  11991 100
52553.000000  12583 100
52573.000000  12602 100
52735.000000  12752 100
52959.000000  12959 100
53011.000000  13008 100
53035.000000  13030 100
53091.000000  13082 100
53123.000000  13111 100
53123.000000  13111 100
53147.000000  13133 100
53261.000000  13239 100
53263.000000  13241 100
53451.000000  13415 100
53539.000000  13497 100
53539.000000  13497 100
53557.000000  13513 100
53731.000000  13674 100
53799.000000  13737 100
53897.000000  13828 100
54083.000000  14000 100
54085.000000  14002 100
54221.000000  14128 100
54249.000000  14154 100
54575.000000  14456 100
54657.000000  14532 100
54733.000000  14602 100
54759.000000  14626 100
54905.000000  14762 100
54999.000000  14849 100
54999.000000  14849 100
55059.000000  14904 100
55109.000000  14951 100
55123.000000  14963 100
55123.000000  14963 100
55185.000000  15021 100
55221.000000  15054 100
55245.000000  15076 100
55459.000000  15275 100
55493.000000  15306 100
55493.000000  15306 100
55581.000000  15388 100
55729.000000  15525 100
55931.000000  15712 100
55951.000000  15730 100
55953.000000  15732 100
55991.000000  15767 100
55991.000000  15767 100
56159.000000  15923 100
56161.000000  15925 100
56439.000000  16182 100
56479.000000  16219 100
56481.000000  16221 100
56519.000000  16256 100
56521.000000  16258 100
56541.000000  16277 100
56543.000000  16279 100
56581.000000  16314 100
56581.000000  16314 100
56679.000000  16405 100
56737.000000  16458 100
56739.000000  16460 100
56747.000000  16467 100
56855.000000  16567 100
56881.000000  16591 100
56881.000000  16591 100
56917.000000  16625 100
56919.000000  16627 100
56949.000000  16655 100
56951.000000  16656 100
57097.000000  16791 100
57201.000000  16888 100
57449.000000  17118 100
57577.000000  17236 100
57669.000000  17321 100
57671.000000  17323 100
57681.000000  17332 100
57709.000000  17358 100
57853.000000  17492 100
57927.000000  17560 100
58081.000000  17703 100
58083.000000  17705 100
58159.000000  17775 100
58159.000000  17775 100
58159.000000  17775 100
58231.000000  17842 100
58369.000000  17970 100
58435.000000  18031 100
58493.000000  18084 100
58573.000000  18159 100
58725.000000  18299 100
58883.000000  18446 100
58939.000000  18497 100
58941.000000  18499 100
58989.000000  18544 100
58991.000000  18546 100
59217.000000  18755 100
59439.000000  18961 100
59615.000000  19123 100
59773.000000  19270 100
59799.000000  19294 100
59913.000000  19399 100
59927.000000  19413 100
59963.000000  19446 100
60091.000000  19564 100
60093.000000  19566 100
60113.000000  19585 100
60129.000000  19600 100
60263.000000  19724 100
60425.000000  19874 100
60425.000000  19874 100
60449.000000  19896 100
60551.000000  19991 100
60553.000000  19992 100
60657.000000  20089 100
60685.000000  20115 100
60687.000000  20116 100
60703.000000  20131 100
60757.000000  20181 100
60857.000000  20274 100
60859.000000  20276 100
60875.000000  20291 100
60933.000000  20344 100
61097.000000  20496 100
61145.000000  20541 100
61145.000000  20541 100
61153.000000  20548 100
61169.000000  20563 100
61219.000000  20609 100
61251.000000  20639 100
61275.000000  20661 100
61417.000000  20793 100
61471.000000  20843 100
61501.000000  20870 100
61639.000000  20998 100
61639.000000  20998 100
61663.000000  21020 100
61901.000000  21241 100
61927.000000  21265 100
61959.000000  21295 100
62037.000000  21367 100
62039.000000  21369 100
62169.000000  21489 100
62325.000000  21633 100
62353.000000  21659 100
62369.000000  21674 100
62405.000000  21708 100
62405.000000  21708 100
62429.000000  21730 100
62497.000000  21793 100
62565.000000  21856 100
62651.000000  21935 100
62687.000000  21969 100
62711.000000  21991 100
62771.000000  22047 100
62773.000000  22048 100
62863.000000  22132 100
62863.000000  22132 100
62863.000000  22132 100
62901.000000  22167 100
62999.000000  22258 100
63091.000000  22343 100
63199.000000  22443 100
63201.000000  22445 100
63415.000000  22643 100
63415.000000  22643 100
63615.000000  -1 100
63615.000000  -1 100
63687.000000  22895 100
63775.000000  22977 100
63811.000000  23010 100
63937.000000  23127 100
64001.000000  23186 100
64001.000000  23186 100
64189.000000  23360 100
64237.000000  23404 100
64677.000000  23812 100
64919.000000  24036 100
65169.000000  24268 100
65365.000000  24449 100
65401.000000  24483 100
65401.000000  24483 100
65679.000000  24740 100
65821.000000  24872 100
65925.000000  24968 100
65981.000000  25020 100
65981.000000  25020 100
66005.000000  25042 100
66035.000000  25070 100
66157.000000  25183 100
66185.000000  25209 100
66331.000000  25344 100
66401.000000  25409 100
66401.000000  25409 100
66417.000000  25424 100
66449.000000  25453 100
66477.000000  25479 100
66479.000000  25481 100
66511.000000  25511 100
66597.000000  25590 100
66617.000000  25609 100
66617.000000  25609 100
66641.000000  25631 100
66677.000000  25664 100
66701.000000  25687 100
66791.000000  25770 100
66823.000000  25800 100
66865.000000  25839 100
66887.000000  25859 100
66905.000000  25876 100
66979.000000  25944 100
66981.000000  25946 100
67295.000000  26237 100
67369.000000  26305 100
67391.000000  26326 100
67393.000000  26328 100
67403.000000  26337 100
67423.000000  26355 100
67449.000000  26379 100
67469.000000  26398 100
67591.000000  26511 100
67669.000000  26583 100
67755.000000  26663 100
67789.000000  26694 100
67789.000000  26694 100
67817.000000  26720 100
67873.000000  26772 100
67905.000000  26802 100
68001.000000  26891 100
68001.000000  26891 100
68061.000000  26946 100
68149.000000  27028 100
68169.000000  27046 100
68195.000000  27070 100
68211.000000  27085 100
68245.000000  27117 100
68245.000000  27117 100
68327.000000  27193 100
68341.000000  27206 100
68365.000000  27228 100
68375.000000  27237 100
68431.000000  27289 100
68487.000000  27341 100
68561.000000  27409 100
68573.000000  27420 100
68629.000000  27472 100
68665.000000  27506 100
68693.000000  27531 100
68715.000000  27552 100
68743.000000  27578 100
68803.000000  27633 100
68821.000000  27650 100
68841.000000  27669 100
68877.000000  27702 100
68879.000000  27704 100
68897.000000  27721 100
68897.000000  27721 100
68897.000000  27721 100
68897.000000  27721 100
69017.000000  27832 100
69073.000000  27883 100
69131.000000  27937 100
69163.000000  27967 100
69165.000000  27969 100
69185.000000  27987 100
69201.000000  28002 100
69221.000000  28021 100
69223.000000  28022 100
69311.000000  28104 100
69341.000000  28132 100
69389.000000  28176 100
69435.000000  28219 100
69461.000000  28243 100
69517.000000  28295 100
69517.000000  28295 100
69551.000000  28326 100
69575.000000  28348 100
69607.000000  28378 100
69639.000000  28408 100
69675.000000  28441 100
69753.000000  28513 100
69755.000000  28515 100
69787.000000  28545 100
69829.000000  28584 100
69849.000000  28602 100
69863.000000  28615 100
69897.000000  28647 100
69897.000000  28647 100
69965.000000  28709 100
69997.000000  28739 100
69997.000000  28739 100
70069.000000  28806 100
70153.000000  28884 100
70167.000000  28897 100
70167.000000  28897 100
70201.000000  28928 100
70227.000000  28952 100
70227.000000  28952 100
70241.000000  28965 100
70305.000000  29025 100
70341.000000  29058 100
70343.000000  29060 100
70369.000000  29084 100
70403.000000  29115 100
70403.000000  29115 100
70429.000000  29139 100
70459.000000  29167 100
70481.000000  29187 100
70483.000000  29189 100
70511.000000  29215 100
70617.000000  29313 100
70667.000000  29360 100
70789.000000  29473 100
70789.000000  29473 100
70823.000000  29504 100
70825.000000  29506 100
70877.000000  29554 100
70903.000000  29578 100
70939.000000  29612 100
70941.000000  29614 100
70965.000000  29636 100
70971.000000  29641 100
70987.000000  29656 100
71009.000000  29677 100
71063.000000  29727 100
71103.000000  29764 100
71105.000000  29765 100
71131.000000  29789 100
71139.000000  29797 100
71179.000000  29834 100
71181.000000  29836 100
71201.000000  29855 100
71253.000000  29903 100
71265.000000  29914 100
71369.000000  30010 100
71401.000000  30040 100
71435.000000  30071 100
71465.000000  30099 100
71477.000000  30110 100
71493.000000  30125 100
71547.000000  30175 100
71569.000000  30195 100
71625.000000  30247 100
71659.000000  30279 100
71683.000000  30301 100
71715.000000  30331 100
71741.000000  30355 100
73609.000000  32085 100
73609.000000  32085 100
73673.000000  32144 100
73691.000000  32161 100
73701.000000  32170 100
73741.000000  32207 100
73743.000000  32209 100
73765.000000  32229 100
73801.000000  32263 100
73809.000000  32270 100
73829.000000  32289 100
73863.000000  32320 100
73889.000000  32344 100
73899.000000  32354 100
73919.000000  32372 100
73965.000000  32415 100
73999.000000  32446 100
73999.000000  32446 100
74033.000000  32478 100
74071.000000  32513 100
74073.000000  32515 100
74123.000000  32561 100
74197.000000  32630 100
74221.000000  32652 100
74235.000000  32665 100
74235.000000  32665 100
74253.000000  32681 100
74279.000000  32705 100
74279.000000  32705 100
74455.000000  32869 100
74457.000000  32870 100
74465.000000  32878 100
74491.000000  32902 100
74505.000000  32915 100
74507.000000  32917 100
74565.000000  32971 100
74579.000000  32983 100
74615.000000  33017 100
74615.000000  33017 100
74675.000000  33072 100
74737.000000  33130 100
74801.000000  33189 100
74809.000000  33196 100
74823.000000  33209 100
74853.000000  33237 100
74907.000000  33287 100
74941.000000  33319 100
74989.000000  33363 100
75003.000000  33376 100
75091.000000  33458 100
75231.000000  33587 100
75231.000000  33587 100
75347.000000  33695 100
75371.000000  33717 100
75443.000000  33784 100
75455.000000  33795 100
75457.000000  33797 100
75563.000000  33895 100
75579.000000  33910 100
75589.000000  33919 100
75607.000000  33936 100
75623.000000  33950 100
75793.000000  34108 100
75837.000000  34149 100
75879.000000  34188 100
75913.000000  34219 100
75943.000000  34247 100
76011.000000  34310 100
76013.000000  34312 100
76131.000000  34421 100
76143.000000  34432 100
76177.000000  34464 100
76205.000000  34489 100
76367.000000  34640 100
76397.000000  34667 100
76397.000000  34667 100
76449.000000  34716 100
76473.000000  34738 100
76523.000000  34784 100
76559.000000  34818 100
76561.000000  34819 100
76645.000000  34897 100
76863.000000  35099 100
76989.000000  35216 100
77069.000000  35290 100
77091.000000  35310 100
77111.000000  35329 100
77139.000000  35355 100
77171.000000  35384 100
77225.000000  35434 100
77303.000000  35507 100
77435.000000  35629 100
77451.000000  35644 100
77487.000000  35677 100
77553.000000  35738 100
77589.000000  35772 100
77621.000000  35801 100
77657.000000  35835 100
77691.000000  35866 100
77737.000000  35909 100
77799.000000  35966 100
77835.000000  35999 100
77835.000000  35999 100
77835.000000  35999 100
77869.000000  36031 100
77897.000000  36057 100
77899.000000  36059 100
77929.000000  36087 100
77929.000000  36087 100
77959.000000  36114 100
77961.000000  36116 100
77987.000000  36140 100
78017.000000  36168 100
78019.000000  36170 100
78045.000000  36194 100
78075.000000  36222 100
78075.000000  36222 100
78075.000000  36222 100
78075.000000  36222 100
78143.000000  36285 100
78155.000000  36296 100
78185.000000  36324 100
78211.000000  36348 100
78343.000000  36470 100
78345.000000  36472 100
78371.000000  36496 100
78373.000000  36498 100
78397.000000  36520 100
78411.000000  36533 100
78501.000000  36616 100
78609.000000  36717 100
78705.000000  36805 100
78773.000000  36868 100
78773.000000  36868 100
78875.000000  36963 100
78899.000000  36985 100
78917.000000  37002 100
79039.000000  37115 100
79055.000000  37130 100
79113.000000  37183 100
79149.000000  37217 100
79151.000000  37219 100
79171.000000  37237 100
79185.000000  37250 100
79217.000000  37279 100
79271.000000  37329 100
79399.000000  37448 100
79401.000000  37450 100
79425.000000  37472 100
79427.000000  37474 100
79443.000000  37489 100
79459.000000  37504 100
79533.000000  37572 100
79595.000000  37630 100
79637.000000  37669 100
79681.000000  37709 100
79681.000000  37709 100
79711.000000  37737 100
79751.000000  37774 100
79805.000000  37824 100
79829.000000  37847 100
79845.000000  37861 100
79871.000000  37885 100
79871.000000  37885 100
79871.000000  37885 100
79895.000000  37907 100
79927.000000  37937 100
79949.000000  37957 100
80043.000000  38045 100
80139.000000  38133 100
80157.000000  38150 100
80295.000000  38278 100
80391.000000  38367 100
80415.000000  38389 100
80473.000000  38443 100
80507.000000  38474 100
80613.000000  38573 100
80685.000000  38639 100
80685.000000  38639 100
80719.000000  38671 100
80745.000000  38695 100
80791.000000  38737 100
80793.000000  38739 100
80809.000000  38754 100
80825.000000  38769 100
80861.000000  38802 100
80887.000000  38826 100
80919.000000  38856 100
80935.000000  38871 100
80971.000000  38904 100
80971.000000  38904 100
81001.000000  38932 100
81065.000000  38991 100
81091.000000  39015 100
81125.000000  39047 100
81155.000000  39075 100
81157.000000  39077 100
81183.000000  39101 100
81207.000000  39123 100
81207.000000  39123 100
81371.000000  39275 100
81371.000000  39275 100
81395.000000  39297 100
81409.000000  39310 100
81439.000000  39338 100
81441.000000  39339 100
81471.000000  39367 100
81547.000000  39438 100
81563.000000  39453 100
81573.000000  39462 100
81593.000000  39480 100
81593.000000  39480 100
81605.000000  39491 100
81623.000000  39508 100
81623.000000  39508 100
81647.000000  39530 100
81743.000000  39619 100
82091.000000  39941 100
82091.000000  39941 100
82111.000000  39960 100
82175.000000  40019 100
82203.000000  40045 100
82225.000000  40066 100
82261.000000  40099 100
82323.000000  40157 100
82323.000000  40157 100
82357.000000  40188 100
82419.000000  40245 100
82495.000000  40316 100
82529.000000  40347 100
82531.000000  40349 100
82553.000000  40369 100
82567.000000  40383 100
82631.000000  40442 100
82673.000000  40481 100
82685.000000  40492 100
82687.000000  40493 100
82751.000000  40553 100
82753.000000  40555 100
82761.000000  40562 100
82849.000000  40644 100
82887.000000  40679 100
83003.000000  40786 100
83005.000000  40788 100
83077.000000  40855 100
83113.000000  40888 100
83165.000000  40936 100
83167.000000  40938 100
83191.000000  40961 100
83255.000000  41020 100
83409.000000  41162 100
83489.000000  41237 100
83497.000000  41244 100
83517.000000  41262 100
83519.000000  41264 100
83545.000000  41288 100
83595.000000  41335 100
83605.000000  41344 100
83637.000000  41374 100
83743.000000  41472 100
83819.000000  41542 100
83853.000000  41574 100
83877.000000  41596 100
83891.000000  41609 100
83893.000000  41611 100
83941.000000  41655 100
83941.000000  41655 100
83959.000000  41672 100
83975.000000  41687 100
84047.000000  41753 100
84059.000000  41765 100
84077.000000  41781 100
84099.000000  41802 100
84131.000000  41831 100
84179.000000  41876 100
84197.000000  41892 100
84199.000000  41894 100
84213.000000  41907 100
84225.000000  41918 100
84249.000000  41941 100
84263.000000  41953 100
84395.000000  42076 100
84409.000000  42089 100
84411.000000  42091 100
84433.000000  42111 100
84447.000000  42124 100
84687.000000  42346 100
84689.000000  42348 100
84745.000000  42400 100
84939.000000  42580 100
85165.000000  42789 100
85371.000000  42980 100
85431.000000  43035 100
85431.000000  43035 100
85611.000000  43202 100
85611.000000  43202 100
85673.000000  43260 100
85731.000000  43313 100
85829.000000  43404 100
85847.000000  43421 100
85849.000000  43423 100
85859.000000  43432 100
85877.000000  43449 100
85921.000000  43489 100
85921.000000  43489 100
85955.000000  43521 100
85971.000000  43536 100
86029.000000  43589 100
86051.000000  43610 100
86073.000000  43630 100
86081.000000  43638 100
86101.000000  43656 100
86161.000000  43712 100
86163.000000  43714 100
86189.000000  43738 100
86191.000000  43739 100
86223.000000  43769 100
86257.000000  43801 100
86343.000000  43880 100
86377.000000  43912 100
86389.000000  43923 100
86401.000000  43934 100
86431.000000  43962 100
86431.000000  43962 100
86461.000000  43990 100
86481.000000  44008 100
86511.000000  44036 100
86523.000000  44047 100
86549.000000  44071 100
86565.000000  44086 100
86621.000000  44138 100
86623.000000  44140 100
86659.000000  44173 100
86671.000000  44184 100
86691.000000  44203 100
86705.000000  44215 100
86707.000000  44217 100
86731.000000  44240 100
86763.000000  44269 100
86929.000000  44423 100
86941.000000  44434 100
86975.000000  44466 100
86975.000000  44466 100
87051.000000  44536 100
87087.000000  44569 100
87103.000000  44584 100
87103.000000  44584 100
87119.000000  44599 100
87143.000000  44621 100
87167.000000  44643 100
87203.000000  44677 100
87251.000000  44721 100
87253.000000  44723 100
87291.000000  44758 100
87293.000000  44760 100
87463.000000  44918 100
87653.000000  45094 100
87737.000000  45171 100
87763.000000  45195 100
87795.000000  45225 100
87803.000000  45233 100
87843.000000  45269 100
87845.000000  45271 100
87871.000000  45295 100
87905.000000  45327 100
87919.000000  45340 100
87945.000000  45364 100
87973.000000  45390 100
87973.000000  45390 100
87983.000000  45399 100
87999.000000  45414 100
88017.000000  45431 100
88039.000000  45451 100
88073.000000  45483 100
88125.000000  45531 100
88125.000000  45531 100
88155.000000  45559 100
88157.000000  45560 100
88219.000000  45618 100
88255.000000  45651 100
88377.000000  45764 100
88451.000000  45833 100
88453.000000  45835 100
88473.000000  45853 100
88521.000000  45897 100
88549.000000  45923 100
88559.000000  45933 100
88579.000000  45951 100
88603.000000  45973 100
88653.000000  46020 100
88687.000000  46051 100
88723.000000  46085 100
88725.000000  46087 100
88775.000000  46133 100
88849.000000  46201 100
88879.000000  46229 100
88881.000000  46231 100
88905.000000  46253 100
88905.000000  46253 100
88959.000000  46303 100
89013.000000  46353 100
89043.000000  46381 100
89043.000000  46381 100
89099.000000  46433 100
89101.000000  46435 100
89109.000000  46442 100
89151.000000  46481 100
89203.000000  46529 100
89239.000000  46563 100
89315.000000  46633 100
89327.000000  46644 100
89359.000000  46674 100
89387.000000  46700 100
89455.000000  46763 100
89471.000000  46777 100
89565.000000  46865 100
89565.000000  46865 100
89565.000000  46865 100
89621.000000  46916 100
89761.000000  47046 100
89831.000000  47111 100
89833.000000  47113 100
89863.000000  47140 100
89909.000000  47183 100
89993.000000  47261 100
90009.000000  47276 100
90115.000000  47374 100
90115.000000  47374 100
90171.000000  47426 100
90195.000000  47448 100
90261.000000  47509 100
90403.000000  47641 100
90455.000000  47689 100
90511.000000  47741 100
90559.000000  47785 100
90629.000000  47850 100
90657.000000  47876 100
90691.000000  47907 100
90909.000000  48109 100
90921.000000  48121 100
90921.000000  48121 100
90999.000000  48193 100
91065.000000  48254 100
91087.000000  48274 100
91123.000000  48308 100
91179.000000  48359 100
91213.000000  48391 100
91245.000000  48421 100
91373.000000  48539 100
91409.000000  48573 100
91483.000000  48641 100
91541.000000  48695 100
91709.000000  48850 100
91763.000000  48900 100
91985.000000  49106 100
91987.000000  49108 100
92009.000000  49128 100
92127.000000  49238 100
92139.000000  49249 100
92199.000000  49304 100
92199.000000  49304 100
92199.000000  49304 100
92429.000000  49517 100
92431.000000  49519 100
92573.000000  49651 100
92575.000000  49653 100
92703.000000  49771 100
92739.000000  49805 100
92887.000000  49942 100
92935.000000  49986 100
92953.000000  50003 100
92993.000000  50040 100
92995.000000  50042 100
93021.000000  50066 100
93067.000000  50109 100
93067.000000  50109 100
93125.000000  50162 100
93161.000000  50195 100
93225.000000  50255 100
93227.000000  50257 100
93405.000000  50422 100
93557.000000  50562 100
93557.000000  50562 100
93557.000000  50562 100
93557.000000  50562 100
93741.000000  50733 100
93943.000000  50920 100
93967.000000  50942 100
93999.000000  50972 100
94163.000000  51124 100
94195.000000  51153 100
94337.000000  51285 100
94401.000000  51344 100
94431.000000  51372 100
94503.000000  51439 100
94575.000000  51505 100
94583.000000  51513 100
94601.000000  51529 100
94625.000000  51552 100
94659.000000  51583 100
94661.000000  51585 100
94687.000000  51609 100
94699.000000  51620 100
94735.000000  51653 100
94795.000000  51709 100
94939.000000  51843 100
94963.000000  51865 100
94965.000000  51867 100
95073.000000  51967 100
95189.000000  52074 100
95337.000000  52211 100
95421.000000  52289 100
95441.000000  52308 100
95639.000000  52491 100
95697.000000  52545 100
95697.000000  52545 100
95781.000000  52623 100
95789.000000  52630 100
95991.000000  52817 100
96025.000000  52849 100
96027.000000  52851 100
96175.000000  52988 100
96199.000000  53010 100
96393.000000  53190 100
96469.000000  53260 100
96471.000000  53262 100
96543.000000  53329 100
96579.000000  53362 100
96631.000000  53410 100
96631.000000  53410 100
96741.000000  53512 100
96805.000000  53571 100
96885.000000  53645 100
96943.000000  53699 100
96963.000000  53718 100
96965.000000  53719 100
97057.000000  53805 100
97115.000000  53859 100
97149.000000  53890 100
97231.000000  53966 100
97341.000000  54068 100
97467.000000  54185 100
97467.000000  54185 100
97501.000000  54216 100
97553.000000  54264 100
97577.000000  54287 100
97607.000000  54314 100
97625.000000  54331 100
97693.000000  54394 100
97949.000000  54631 100
97999.000000  54677 100
98211.000000  54874 100
98213.000000  54876 100
98309.000000  54965 100
98437.000000  55083 100
98465.000000  55109 100
98481.000000  55124 100
98513.000000  55154 100
98567.000000  55204 100
98687.000000  55315 100
98777.000000  55398 100
98777.000000  55398 100
98801.000000  55420 100
98827.000000  55445 100
98997.000000  55602 100
99073.000000  55673 100
99145.000000  55739 100
99479.000000  56049 100
99539.000000  56104 100
99565.000000  56128 100
99629.000000  56188 100
99629.000000  56188 100
99629.000000  56188 100
99629.000000  56188 100
99755.000000  56304 100
99811.000000  56356 100
99881.000000  56421 100
99881.000000  56421 100
99985.000000  56517 100
99987.000000  56519 100
99989.000000  56521 100
100037.000000  56566 100
100037.000000  56566 100
100163.000000  56683 100
100203.000000  56719 100
100261.000000  56773 100
100405.000000  56907 100
100479.000000  56975 100
100481.000000  56977 100
100503.000000  56997 100
100557.000000  57047 100
100589.000000  57077 100
100669.000000  57151 100
100713.000000  57192 100
100733.000000  57210 100
100735.000000  57212 100
100871.000000  57338 100
100873.000000  57340 100
100901.000000  57366 100
100903.000000  57368 100
100905.000000  57370 100
101099.000000  57549 100
101135.000000  57583 100
101203.000000  57646 100
101215.000000  57657 100
101233.000000  57674 100
101251.000000  57690 100
101307.000000  57742 100
101351.000000  57783 100
101363.000000  57794 100
101407.000000  57835 100
101407.000000  57835 100
101421.000000  57848 100
101431.000000  57857 100
101467.000000  57890 100
101543.000000  57961 100
101545.000000  57963 100
101547.000000  57965 100
101631.000000  58042 100
101727.000000  58131 100
101731.000000  58135 100
101733.000000  58137 100
101767.000000  58168 100
101891.000000  58283 100
101903.000000  58294 100
101941.000000  58329 100
101943.000000  58331 100
101989.000000  58374 100
102223.000000  58591 100
102225.000000  58592 100
102251.000000  58617 100
102345.000000  58704 100
102347.000000  58705 100
102367.000000  58724 100
102427.000000  58779 100
102441.000000  58793 100
102441.000000  58793 100
102469.000000  58819 100
102469.000000  58819 100
102477.000000  58826 100
102477.000000  58826 100
102507.000000  58853 100
102545.000000  58889 100
102577.000000  58919 100
102627.000000  58965 100
102627.000000  58965 100
102671.000000  59006 100
102683.000000  59017 100
102699.000000  59031 100
102759.000000  59087 100
102777.000000  59104 100
102785.000000  59111 100
102799.000000  59124 100
102821.000000  59145 100
102835.000000  59157 100
102865.000000  59185 100
102891.000000  59209 100
102923.000000  59239 100
102947.000000  59261 100
102959.000000  59272 100
102983.000000  59295 100
103121.000000  59422 100
103121.000000  59422 100
104187.000000  60410 100
104217.000000  60438 100
104219.000000  60440 100
104247.000000  60465 100
104249.000000  60467 100
104269.000000  60486 100
104269.000000  60486 100
104269.000000  60486 100
104269.000000  60486 100
104377.000000  60586 100
104385.000000  60593 100
104421.000000  60627 100
104431.000000  60636 100
104471.000000  60673 100
104479.000000  60680 100
104495.000000  60695 100
104519.000000  60717 100
104543.000000  60740 100
104573.000000  60767 100
104575.000000  60769 100
104595.000000  60788 100
104641.000000  60831 100
104641.000000  60831 100
104729.000000  60912 100
104753.000000  60934 100
104785.000000  60964 100
104787.000000  60966 100
104817.000000  60993 100
104873.000000  61045 100
104905.000000  61075 100
104907.000000  61077 100
104979.000000  61143 100
104987.000000  61151 100
105019.000000  61181 100
105043.000000  61203 100
105045.000000  61205 100
105069.000000  61227 100
105069.000000  61227 100
105141.000000  61294 100
105161.000000  61312 100
105175.000000  61325 100
105201.000000  61349 100
105249.000000  61394 100
105311.000000  61451 100
105395.000000  61529 100
105427.000000  61559 100
105459.000000  61588 100
105515.000000  61640 100
105539.000000  61662 100
105595.000000  61714 100
105609.000000  61727 100
105641.000000  61757 100
105641.000000  61757 100
105659.000000  61773 100
105659.000000  61773 100
105679.000000  61792 100
105699.000000  61810 100
105717.000000  61827 100
105737.000000  61846 100
105751.000000  61859 100
105767.000000  61873 100
105811.000000  61914 100
105843.000000  61944 100
105873.000000  61971 100
105897.000000  61994 100
105943.000000  62037 100
105943.000000  62037 100
106163.000000  62240 100
106163.000000  62240 100
106163.000000  62240 100
106197.000000  62272 100
106227.000000  62299 100
106229.000000  62301 100
106257.000000  62327 100
106299.000000  62366 100
106437.000000  62494 100
106497.000000  62549 100
106535.000000  62585 100
106735.000000  62770 100
106905.000000  62928 100
106969.000000  62987 100
106993.000000  63009 100
106993.000000  63009 100
106993.000000  63009 100
106993.000000  63009 100
106993.000000  63009 100
107077.000000  63087 100
107367.000000  63356 100
107369.000000  63357 100
107379.000000  63367 100
107439.000000  63422 100
107439.000000  63422 100
107439.000000  63422 100
107439.000000  63422 100
107439.000000  63422 100
107561.000000  63535 100
107627.000000  63597 100
107653.000000  63621 100
107721.000000  63683 100
107747.000000  63708 100
107765.000000  63724 100
107797.000000  63754 100
107815.000000  63771 100
107833.000000  63787 100
107859.000000  63811 100
107859.000000  63811 100
107915.000000  63863 100
108033.000000  63973 100
108165.000000  64095 100
108167.000000  64097 100
108173.000000  64102 100
108173.000000  64102 100
108223.000000  64149 100
108273.000000  64195 100
108361.000000  64277 100
108363.000000  64278 100
108387.000000  64301 100
108395.000000  64308 100
108435.000000  64345 100
108447.000000  64356 100
108579.000000  64479 100
108707.000000  64597 100
108709.000000  64599 100
108767.000000  64653 100
108877.000000  64755 100
108923.000000  64797 100
108945.000000  64817 100
108987.000000  64856 100
109045.000000  64910 100
109099.000000  64960 100
109137.000000  64995 100
109137.000000  64995 100
109155.000000  65012 100
109197.000000  65051 100
109371.000000  65212 100
109455.000000  65290 100
109471.000000  65305 100
109499.000000  65331 100
109573.000000  65399 100
109607.000000  65431 100
109657.000000  65477 100
109707.000000  65523 100
109719.000000  65535 100
109745.000000  65559 100
109793.000000  65603 100
110045.000000  65837 100
110121.000000  65907 100
110221.000000  66000 100
110345.000000  66115 100
110373.000000  66141 100
110395.000000  66161 100
110491.000000  66250 100
110527.000000  66283 100
110549.000000  66304 100
110549.000000  66304 100
110583.000000  66335 100
110663.000000  66409 100
110773.000000  66511 100
110793.000000  66530 100
110843.000000  66576 100
110885.000000  66615 100
110887.000000  66617 100
111051.000000  66769 100
111063.000000  66780 100
111195.000000  66902 100
111213.000000  66919 100
111245.000000  66948 100
111269.000000  66971 100
111393.000000  67085 100
111393.000000  67085 100
111411.000000  67102 100
111413.000000  67104 100
111435.000000  67124 100
111467.000000  67154 100
111481.000000  67167 100
111501.000000  67185 100
111529.000000  67211 100
111555.000000  67235 100
111603.000000  67280 100
111603.000000  67280 100
111651.000000  67325 100
111751.000000  67417 100
111777.000000  67441 100
111791.000000  67454 100
111861.000000  67519 100
111895.000000  67551 100
111947.000000  67599 100
111947.000000  67599 100
112101.000000  67741 100
112231.000000  67862 100
112305.000000  67930 100
112317.000000  67942 100
112423.000000  68040 100
112423.000000  68040 100
112965.000000  68542 100
113077.000000  68646 100
113077.000000  68646 100
113109.000000  -1 100
113109.000000  -1 100
113167.000000  68729 100
113181.000000  68742 100
113359.000000  68907 100
113381.000000  68927 100
113417.000000  68961 100
113447.000000  68989 100
113479.000000  69018 100
113531.000000  69066 100
113571.000000  69103 100
113607.000000  69137 100
113651.000000  69177 100
113687.000000  69211 100
113741.000000  69261 100
113983.000000  69485 100
114187.000000  69674 100
114187.000000  69674 100
114187.000000  69674 100
114193.000000  69680 100
114209.000000  69695 100
114393.000000  69865 100
114407.000000  69878 100
114439.000000  69908 100
114441.000000  69909 100
114495.000000  69959 100
114495.000000  69959 100
114495.000000  69959 100
114505.000000  69969 100
114525.000000  69987 100
114549.000000  70009 100
114621.000000  70076 100
114649.000000  70102 100
114701.000000  70150 100
114703.000000  70152 100
114705.000000  70154 100
114729.000000  70176 100
114801.000000  70243 100
114873.000000  70310 100
114909.000000  70343 100
114929.000000  70362 100
114989.000000  70417 100
114991.000000  70419 100
115003.000000  70430 100
115027.000000  70452 100
115061.000000  70484 100
115063.000000  70486 100
115083.000000  70504 100
115125.000000  70543 100
115147.000000  70563 100
115215.000000  70627 100
115231.000000  70641 100
115345.000000  70747 100
115371.000000  70771 100
115381.000000  70780 100
115413.000000  70810 100
115433.000000  70828 100
115469.000000  70862 100
115485.000000  70877 100
115517.000000  70906 100
115571.000000  70956 100
115605.000000  70988 100
115639.000000  71019 100
115693.000000  71069 100
115717.000000  71091 100
115731.000000  71105 100
115761.000000  71132 100
115859.000000  71223 100
115861.000000  71225 100
115891.000000  71253 100
115973.000000  71329 100
116013.000000  71366 100
116129.000000  71473 100
116307.000000  71638 100
116307.000000  71638 100
116433.000000  71755 100
116463.000000  71783 100
116465.000000  71785 100
116549.000000  71862 100
116561.000000  71873 100
116577.000000  71888 100
116591.000000  71901 100
116609.000000  71918 100
116623.000000  71931 100
116643.000000  71949 100
116947.000000  72231 100
116949.000000  72233 100
116981.000000  72263 100
117035.000000  72313 100
117061.000000  72337 100
117075.000000  72350 100
117291.000000  72550 100
117337.000000  72592 100
117339.000000  72594 100
117361.000000  72615 100
117485.000000  72729 100
117559.000000  72798 100
117591.000000  72828 100
117593.000000  72830 100
117615.000000  72850 100
117651.000000  72883 100
117653.000000  72885 100
117861.000000  73078 100
117863.000000  73080 100
117883.000000  73098 100
117997.000000  73204 100
118011.000000  73217 100
118063.000000  73265 100
118235.000000  73424 100
118407.000000  73584 100
118409.000000  73585 100
118465.000000  73637 100
118465.000000  73637 100
118545.000000  73711 100
118661.000000  73819 100
118707.000000  73862 100
118739.000000  73891 100
118753.000000  73904 100
118771.000000  73921 100
118887.000000  74028 100
118953.000000  74089 100
119145.000000  74267 100
119263.000000  74377 100
119265.000000  74379 100
119383.000000  74488 100
119385.000000  74490 100
119413.000000  74516 100
119433.000000  74534 100
119435.000000  74536 100
119445.000000  74545 100
119473.000000  74571 100
119567.000000  74659 100
119567.000000  74659 100
119601.000000  74690 100
119663.000000  74747 100
119787.000000  74862 100
119789.000000  74864 100
119923.000000  74988 100
119931.000000  74996 100
119953.000000  75016 100
120013.000000  75072 100
120039.000000  75096 100
120131.000000  75181 100
120205.000000  75249 100
120259.000000  75299 100
120285.000000  75323 100
120285.000000  75323 100
120321.000000  75357 100
120323.000000  75359 100
120349.000000  75383 100
120351.000000  75385 100
120387.000000  75418 100
120389.000000  75420 100
120463.000000  75488 100
120665.000000  75676 100
120773.000000  75776 100
120775.000000  75777 100
120963.000000  75952 100
120965.000000  75954 100
120973.000000  75961 100
120975.000000  75963 100
121273.000000  76239 100
121281.000000  76247 100
121349.000000  76309 100
121377.000000  76335 100
121377.000000  76335 100
121377.000000  76335 100
121387.000000  76345 100
121399.000000  76356 100
121425.000000  76380 100
121425.000000  76380 100
121425.000000  76380 100
121425.000000  76380 100
121511.000000  76459 100
121535.000000  76482 100
121535.000000  76482 100
121663.000000  76600 100
121685.000000  76621 100
121699.000000  76634 100
121823.000000  76749 100
121825.000000  76750 100
121855.000000  76778 100
121869.000000  76791 100
121885.000000  76806 100
121885.000000  76806 100
121899.000000  -1 100
121899.000000  -1 100
121917.000000  76835 100
121947.000000  76863 100
121971.000000  76886 100
122025.000000  76936 100
122059.000000  76967 100
122133.000000  77036 100
122135.000000  77037 100
122157.000000  77058 100
122205.000000  77102 100
122263.000000  77156 100
122277.000000  77169 100
122299.000000  77189 100
122301.000000  77191 100
122317.000000  77206 100
122333.000000  77221 100
122349.000000  77236 100
122381.000000  77265 100
122413.000000  77295 100
122427.000000  77308 100
122443.000000  77323 100
122461.000000  77339 100
122477.000000  77354 100
122499.000000  77375 100
122529.000000  77403 100
122553.000000  77425 100
122567.000000  77438 100
122593.000000  77462 100
122613.000000  77480 100
122671.000000  77534 100
122673.000000  77536 100
122701.000000  77562 100
122703.000000  77564 100
122725.000000  77584 100
122725.000000  77584 100
122725.000000  77584 100
122725.000000  77584 100
122781.000000  77636 100
122875.000000  77723 100
122929.000000  77773 100
122967.000000  77808 100
123009.000000  77847 100
123019.000000  77856 100
123059.000000  77893 100
123081.000000  77914 100
123097.000000  77929 100
123107.000000  77938 100
123107.000000  77938 100
123107.000000  77938 100
123107.000000  77938 100
123139.000000  77967 100
123149.000000  77977 100
123161.000000  77988 100
123195.000000  78019 100
123215.000000  78038 100
123249.000000  78069 100
123249.000000  78069 100
123361.000000  78173 100
123395.000000  78205 100
123419.000000  78227 100
123451.000000  78257 100
123475.000000  78279 100
123475.000000  78279 100
123511.000000  78312 100
123535.000000  78334 100
123543.000000  78342 100
123559.000000  78357 100
123593.000000  78388 100
123615.000000  78408 100
123615.000000  78408 100
123659.000000  78449 100
123661.000000  78451 100
123689.000000  78477 100
123719.000000  78505 100
123721.000000  78507 100
123783.000000  78564 100
123859.000000  78634 100
123859.000000  78634 100
123923.000000  78694 100
123947.000000  78716 100
123981.000000  78747 100
123983.000000  78749 100
124003.000000  78768 100
124037.000000  78799 100
124039.000000  78801 100
124063.000000  78823 100
124077.000000  78836 100
124099.000000  78857 100
124155.000000  78909 100
124155.000000  78909 100
124213.000000  78962 100
124229.000000  78977 100
124247.000000  78994 100
124257.000000  79003 100
124297.000000  79040 100
124337.000000  79077 100
124337.000000  79077 100
124345.000000  79085 100
124379.000000  79116 100
124379.000000  79116 100
124397.000000  79133 100
124443.000000  79175 100
124463.000000  79194 100
124469.000000  79199 100
124503.000000  79231 100
124527.000000  79253 100
124559.000000  79283 100
124583.000000  79305 100
124615.000000  79335 100
124643.000000  79361 100
124645.000000  79363 100
124673.000000  79389 100
124695.000000  79409 100
124695.000000  79409 100
124729.000000  79440 100
124783.000000  79490 100
124837.000000  79540 100
124863.000000  79565 100
124871.000000  79572 100
124891.000000  79590 100
124915.000000  79613 100
124917.000000  79614 100
124949.000000  79644 100
124949.000000  79644 100
124983.000000  79676 100
125039.000000  79727 100
125079.000000  79765 100
125119.000000  79802 100
125159.000000  79839 100
125175.000000  79853 100
125207.000000  79883 100
125209.000000  79885 100
125233.000000  79907 100
125247.000000  79920 100
125321.000000  79989 100
125329.000000  79996 100
125363.000000  80028 100
125417.000000  80078 100
125439.000000  80098 100
125441.000000  80100 100
125451.000000  80109 100
125517.000000  80170 100
125569.000000  80218 100
125585.000000  80233 100
125587.000000  80235 100
125609.000000  80256 100
125625.000000  80270 100
125639.000000  80283 100
125641.000000  80285 100
125661.000000  80304 100
125689.000000  80330 100
125703.000000  80343 100
125723.000000  80361 100
125771.000000  80406 100
125811.000000  80443 100
125847.000000  80476 100
125877.000000  80504 100
125935.000000  80558 100
125935.000000  80558 100
125969.000000  80589 100
125999.000000  80617 100
126001.000000  80619 100
126027.000000  80643 100
126049.000000  80663 100
126063.000000  80676 100
126087.000000  80698 100
126087.000000  80698 100
126121.000000  80730 100
126145.000000  80752 100
126159.000000  80765 100
126159.000000  80765 100
126193.000000  80797 100
126235.000000  80835 100
126291.000000  80887 100
126307.000000  80902 100
126335.000000  80928 100
126337.000000  80930 100
126351.000000  80943 100
126401.000000  80989 100
126423.000000  81010 100
126443.000000  81028 100
126475.000000  81058 100
126505.000000  81086 100
126507.000000  81087 100
126537.000000  81115 100
126565.000000  81141 100
126567.000000  81143 100
126595.000000  81169 100
126649.000000  81219 100
126651.000000  81221 100
126679.000000  81247 100
126711.000000  81276 100
126763.000000  81325 100
126763.000000  81325 100
126793.000000  81352 100
126803.000000  81362 100
126917.000000  81467 100
126945.000000  81493 100
126945.000000  81493 100
126975.000000  81521 100
126997.000000  81541 100
127011.000000  81554 100
127029.000000  81571 100
127055.000000  81595 100
127055.000000  81595 100
127071.000000  81610 100
127091.000000  81629 100
127091.000000  81629 100
127125.000000  81660 100
127147.000000  81680 100
127147.000000  81680 100
127183.000000  81714 100
127185.000000  81716 100
127213.000000  81741 100
127249.000000  81775 100
127251.000000  81777 100
127323.000000  81843 100
127335.000000  81855 100
127353.000000  81871 100
127377.000000  81893 100
127377.000000  81893 100
127401.000000  81916 100
127433.000000  81945 100
127453.000000  81964 100
127497.000000  82005 100
127525.000000  82031 100
127541.000000  82045 100
127557.000000  82060 100
127625.000000  82123 100
127827.000000  82310 100
127829.000000  82312 100
127849.000000  82331 100
127945.000000  82420 100
127975.000000  82447 100
128007.000000  82477 100
128007.000000  82477 100
128031.000000  82499 100
128059.000000  82525 100
128105.000000  82568 100
128113.000000  82575 100
128133.000000  82594 100
128171.000000  82629 100
128185.000000  82642 100
128201.000000  82657 100
128225.000000  82679 100
128225.000000  82679 100
128243.000000  82696 100
128363.000000  82807 100
128399.000000  82840 100
128547.000000  82977 100
128579.000000  83007 100
128613.000000  83039 100
128687.000000  83107 100
128703.000000  83122 100
128829.000000  83239 100
128841.000000  83250 100
128869.000000  83276 100
128899.000000  83303 100
128925.000000  83328 100
128925.000000  83328 100
128941.000000  83342 100
128977.000000  83376 100
129005.000000  83402 100
129067.000000  83459 100
129069.000000  83461 100
129097.000000  83487 100
129127.000000  83515 100
129129.000000  83517 100
129157.000000  83543 100
129159.000000  83544 100
129179.000000  83563 100
129211.000000  83593 100
129239.000000  83618 100
129239.000000  83618 100
129239.000000  83618 100
129433.000000  83798 100
129507.000000  83867 100
131505.000000  85718 100
131511.000000  85724 100
131541.000000  85752 100
131593.000000  85800 100
131607.000000  85813 100
131639.000000  85842 100
131695.000000  85894 100
131707.000000  85905 100
131707.000000  85905 100
131733.000000  85929 100
131767.000000  85961 100
131769.000000  85963 100
131897.000000  86081 100
131955.000000  86135 100
131999.000000  86176 100
131999.000000  86176 100
132173.000000  86337 100
132175.000000  86339 100
132267.000000  86424 100
132335.000000  86487 100
132337.000000  86489 100
132347.000000  86498 100
132379.000000  86528 100
132407.000000  86554 100
132567.000000  86702 100
132595.000000  86728 100
132679.000000  86806 100
132679.000000  86806 100
132709.000000  86834 100
132991.000000  87095 100
133119.000000  87214 100
133119.000000  87214 100
133225.000000  87312 100
133469.000000  87538 100
133533.000000  87597 100
133641.000000  87697 100
133809.000000  87853 100
133903.000000  87940 100
134083.000000  88107 100
134193.000000  88209 100
134193.000000  88209 100
134219.000000  88233 100
134273.000000  88283 100
134307.000000  88315 100
134415.000000  88415 100
134459.000000  88455 100
134499.000000  88492 100
134499.000000  88492 100
134523.000000  88515 100
134543.000000  88533 100
134769.000000  88743 100
134769.000000  88743 100
134901.000000  88865 100
135061.000000  89013 100
135213.000000  89154 100
135545.000000  89461 100
135635.000000  89545 100
135709.000000  89613 100
135829.000000  89725 100
135829.000000  89725 100
135869.000000  89762 100
135909.000000  89799 100
135909.000000  89799 100
135931.000000  89819 100
136013.000000  89895 100
136077.000000  89955 100
136203.000000  90071 100
136203.000000  90071 100
136579.000000  90419 100
136803.000000  90627 100
137179.000000  90975 100
137223.000000  91016 100
137377.000000  91159 100
137399.000000  91179 100
137433.000000  91211 100
137463.000000  91239 100
137463.000000  91239 100
137463.000000  91239 100
137519.000000  91291 100
137551.000000  91320 100
137687.000000  91446 100
137861.000000  91607 100
138045.000000  91778 100
138389.000000  92097 100
138391.000000  92098 100
138609.000000  92301 100
138837.000000  92512 100
138911.000000  92580 100
139063.000000  92721 100
139119.000000  92773 100
139121.000000  92775 100
139447.000000  93077 100
139479.000000  93107 100
139511.000000  93136 100
139545.000000  93168 100
139743.000000  93351 100
139789.000000  93394 100
139815.000000  93418 100
139999.000000  93589 100
140179.000000  93755 100
140181.000000  93757 100
140289.000000  93857 100
140291.000000  93859 100
140311.000000  93877 100
140313.000000  93879 100
140365.000000  93927 100
140797.000000  94328 100
141003.000000  94519 100
141317.000000  94810 100
141345.000000  94836 100
141347.000000  94837 100
141401.000000  94888 100
141403.000000  94889 100
141435.000000  94919 100
141491.000000  94971 100
141519.000000  94997 100
141571.000000  95045 100
141633.000000  95103 100
141655.000000  95123 100
141681.000000  95147 100
141743.000000  95205 100
141765.000000  95225 100
141837.000000  95291 100
141861.000000  95314 100
141929.000000  95377 100
141985.000000  95429 100
142019.000000  95460 100
142045.000000  95484 100
142057.000000  95495 100
142075.000000  95512 100
142101.000000  95536 100
142179.000000  95608 100
142207.000000  95634 100
142223.000000  95649 100
142251.000000  95675 100
142251.000000  95675 100
142293.000000  95714 100
142345.000000  95762 100
142375.000000  95790 100
142421.000000  95833 100
142459.000000  95868 100
142471.000000  95879 100
142507.000000  95912 100
142539.000000  95942 100
142547.000000  95949 100
142581.000000  95981 100
142611.000000  96009 100
142623.000000  96020 100
142623.000000  96020 100
142699.000000  96090 100
142735.000000  96123 100
142765.000000  96151 100
142767.000000  96153 100
142793.000000  96177 100
142815.000000  96197 100
142861.000000  96240 100
142885.000000  96262 100
142905.000000  96281 100
142939.000000  96312 100
142989.000000  96359 100
143031.000000  96398 100
143069.000000  96433 100
143119.000000  96479 100
143121.000000  96481 100
143123.000000  96483 100
143157.000000  96514 100
143181.000000  96537 100
143195.000000  96550 100
143229.000000  96581 100
143231.000000  96583 100
143261.000000  96611 100
143343.000000  96687 100
143449.000000  96785 100
143475.000000  96809 100
143489.000000  96822 100
143489.000000  96822 100
143521.000000  -1 100
143521.000000  -1 100
143569.000000  96896 100
143571.000000  96898 100
143591.000000  96917 100
143591.000000  96917 100
143643.000000  96965 100
143681.000000  97000 100
143731.000000  97046 100
143747.000000  97061 100
143781.000000  97093 100
143803.000000  97113 100
143813.000000  97122 100
143867.000000  97172 100
143877.000000  97181 100
143889.000000  97193 100
143889.000000  97193 100
143913.000000  97215 100
143927.000000  97228 100
143957.000000  97256 100
143975.000000  97272 100
143977.000000  97274 100
143989.000000  97285 100
143989.000000  97285 100
144023.000000  97317 100
144079.000000  97369 100
144143.000000  97428 100
144189.000000  97471 100
144213.000000  97493 100
144245.000000  97522 100
144263.000000  97539 100
144323.000000  97595 100
144525.000000  97782 100
144579.000000  97832 100
144579.000000  97832 100
144605.000000  97856 100
144661.000000  97908 100
144697.000000  97941 100
144715.000000  97958 100
144749.000000  97989 100
144783.000000  98021 100
144799.000000  98036 100
144825.000000  98060 100
144891.000000  98121 100
144941.000000  98167 100
144957.000000  98182 100
145031.000000  98251 100
145061.000000  98279 100
145063.000000  98280 100
145087.000000  98303 100
145111.000000  98325 100
145113.000000  98327 100
145143.000000  98354 100
145143.000000  98354 100
145167.000000  98377 100
145181.000000  98390 100
145259.000000  98462 100
145261.000000  98464 100
145293.000000  98493 100
145295.000000  98495 100
145317.000000  98516 100
145335.000000  98532 100
145335.000000  98532 100
145387.000000  98580 100
145485.000000  98671 100
145485.000000  98671 100
145525.000000  98708 100
145559.000000  98740 100
145729.000000  98897 100
145729.000000  98897 100
145803.000000  98966 100
145899.000000  99055 100
145911.000000  99066 100
145969.000000  99120 100
146017.000000  99164 100
146051.000000  99196 100
146069.000000  99213 100
146117.000000  99257 100
146155.000000  99292 100
146185.000000  99320 100
146193.000000  99327 100
146255.000000  99385 100
146255.000000  99385 100
146289.000000  99416 100
146325.000000  99450 100
146327.000000  99452 100
146347.000000  99470 100
146379.000000  99500 100
146405.000000  99524 100
146413.000000  99531 100
146473.000000  99587 100
146513.000000  99624 100
146513.000000  99624 100
146589.000000  99694 100
146605.000000  99709 100
146669.000000  99768 100
146669.000000  99768 100
146705.000000  99802 100
146719.000000  99815 100
146729.000000  99824 100
146751.000000  99844 100
146765.000000  99857 100
146797.000000  99887 100
146929.000000  100009 100
146943.000000  100022 100
146943.000000  100022 100
146999.000000  100074 100
147001.000000  100076 100
147053.000000  100124 100
147157.000000  100221 100
147159.000000  100222 100
147215.000000  100274 100
147247.000000  100304 100
147285.000000  100339 100
147285.000000  100339 100
147317.000000  100369 100
147335.000000  100385 100
147361.000000  100409 100
147385.000000  100432 100
147433.000000  100476 100
147471.000000  100511 100
147485.000000  100524 100
147515.000000  100552 100
147593.000000  100625 100
147595.000000  100626 100
147621.000000  100651 100
147623.000000  100652 100
147677.000000  100702 100
147735.000000  100756 100
147767.000000  100786 100
147791.000000  100808 100
147791.000000  100808 100
147805.000000  100821 100
147829.000000  100843 100
147843.000000  100856 100
147875.000000  100886 100
147889.000000  100899 100
147917.000000  100925 100
147917.000000  100925 100
147943.000000  100949 100
147983.000000  100986 100
147985.000000  100988 100
148011.000000  101012 100
148029.000000  101028 100
148049.000000  101047 100
148063.000000  101060 100
148095.000000  101089 100
148125.000000  101117 100
148157.000000  101147 100
148173.000000  101162 100
148211.000000  101197 100
148211.000000  101197 100
148253.000000  101236 100
148255.000000  101238 100
148329.000000  101306 100
148367.000000  101341 100
148369.000000  101343 100
148419.000000  101390 100
148419.000000  101390 100
148449.000000  101417 100
148463.000000  101430 100
148523.000000  101486 100
148525.000000  101488 100
148559.000000  101519 100
148573.000000  101532 100
148595.000000  101553 100
148609.000000  101566 100
148635.000000  101590 100
148649.000000  101603 100
148651.000000  101605 100
148675.000000  101627 100
148703.000000  101653 100
148731.000000  101679 100
148749.000000  101695 100
148763.000000  101708 100
148779.000000  101723 100
148793.000000  101736 100
148839.000000  101779 100
148855.000000  101794 100
148887.000000  101823 100
148941.000000  101873 100
148995.000000  101923 100
149167.000000  102083 100
149169.000000  102085 100
149197.000000  102111 100
149213.000000  102125 100
149281.000000  102188 100
149297.000000  102203 100
149303.000000  102209 100
149317.000000  102222 100
149375.000000  102275 100
149407.000000  102305 100
149491.000000  102383 100
149547.000000  102435 100
149549.000000  102437 100
149569.000000  102455 100
149601.000000  102485 100
149625.000000  102507 100
149639.000000  102520 100
149695.000000  102572 100
149727.000000  102601 100
149805.000000  102674 100
149807.000000  102676 100
149817.000000  102685 100
149839.000000  102705 100
149839.000000  102705 100
149863.000000  102727 100
149863.000000  102727 100
149873.000000  102737 100
149893.000000  102755 100
149909.000000  102770 100
149927.000000  102787 100
149927.000000  102787 100
149957.000000  102815 100
149971.000000  102828 100
149989.000000  102844 100
149999.000000  102853 100
150021.000000  102874 100
150061.000000  102911 100
150063.000000  102913 100
150091.000000  102939 100
150137.000000  102981 100
150175.000000  103017 100
150177.000000  103019 100
150197.000000  103037 100
150229.000000  103067 100
150229.000000  103067 100
150283.000000  103117 100
150311.000000  103143 100
150311.000000  103143 100
150311.000000  103143 100
150311.000000  103143 100
150311.000000  103143 100
150401.000000  103226 100
150431.000000  103254 100
150433.000000  103256 100
150485.000000  103304 100
150515.000000  103332 100
150517.000000  103333 100
150545.000000  103359 100
150555.000000  103369 100
150581.000000  103393 100
150613.000000  103422 100
150665.000000  103471 100
150697.000000  103500 100
150715.000000  103517 100
150769.000000  103567 100
150827.000000  103621 100
150887.000000  103676 100
150921.000000  103708 100
150949.000000  103734 100
150957.000000  103741 100
151015.000000  103795 100
151047.000000  103825 100
151071.000000  103847 100
151109.000000  103882 100
151153.000000  103923 100
151177.000000  103945 100
151177.000000  103945 100
151213.000000  103978 100
151265.000000  104027 100
151287.000000  104047 100
151299.000000  104058 100
151301.000000  104060 100
151327.000000  104084 100
151345.000000  104101 100
151379.000000  104132 100
151399.000000  104151 100
151415.000000  104165 100
151427.000000  104177 100
151459.000000  104206 100
151515.000000  104258 100
151549.000000  104290 100
151571.000000  104310 100
151573.000000  104312 100
151605.000000  104341 100
151629.000000  104364 100
151683.000000  104414 100
151685.000000  104416 100
151741.000000  104468 100
151759.000000  104484 100
151813.000000  104534 100
151863.000000  104581 100
151885.000000  104601 100
151901.000000  104616 100
151957.000000  104668 100
151993.000000  104701 100
152033.000000  104738 100
152071.000000  104773 100
152073.000000  104775 100
152103.000000  104803 100
152165.000000  104860 100
152167.000000  104862 100
152181.000000  104875 100
152207.000000  104899 100
152207.000000  104899 100
152243.000000  104933 100
152245.000000  104935 100
152295.000000  104981 100
152319.000000  105003 100
152333.000000  105016 100
152373.000000  105053 100
152375.000000  105055 100
152383.000000  105062 100
152407.000000  105085 100
152455.000000  105129 100
152507.000000  105177 100
152523.000000  105192 100
152539.000000  105207 100
152555.000000  105222 100
152619.000000  105281 100
152711.000000  105366 100
152735.000000  105389 100
152767.000000  105418 100
152795.000000  105444 100
152797.000000  105446 100
152829.000000  105476 100
152861.000000  105505 100
152865.000000  105509 100
152865.000000  105509 100
152865.000000  105509 100
152893.000000  105535 100
152895.000000  105537 100
152917.000000  105557 100
152951.000000  105589 100
152973.000000  105609 100
152987.000000  105622 100
153021.000000  105653 100
153029.000000  105661 100
153057.000000  105687 100
153059.000000  105689 100
153073.000000  105702 100
153087.000000  105715 100
153107.000000  105733 100
153135.000000  105759 100
153149.000000  105772 100
153159.000000  105781 100
153181.000000  105802 100
153193.000000  105813 100
153217.000000  105835 100
153233.000000  105850 100
153369.000000  105976 100
153381.000000  105987 100
153381.000000  105987 100
153417.000000  106020 100
153443.000000  106045 100
153477.000000  106076 100
153531.000000  106126 100
153565.000000  106157 100
153599.000000  106189 100
153629.000000  106217 100
153657.000000  106243 100
153691.000000  106274 100
153693.000000  106276 100
153743.000000  106323 100
153767.000000  106345 100
153779.000000  106356 100
153805.000000  106380 100
153819.000000  106393 100
153819.000000  106393 100
153847.000000  106419 100
153863.000000  106434 100
153891.000000  106460 100
153961.000000  106525 100
153961.000000  106525 100
154021.000000  106580 100
154053.000000  106610 100
154055.000000  106611 100
154077.000000  106632 100
154091.000000  106645 100
154103.000000  106656 100
154127.000000  106678 100
154127.000000  106678 100
154161.000000  106710 100
154185.000000  106732 100
154241.000000  106784 100
154305.000000  106843 100
154353.000000  106888 100
154419.000000  106949 100
154437.000000  106965 100
154471.000000  106997 100
154497.000000  107021 100
154497.000000  107021 100
154537.000000  107058 100
154585.000000  107103 100
154593.000000  107110 100
154611.000000  107127 100
154635.000000  107149 100
154667.000000  107179 100
154723.000000  107231 100
154725.000000  107232 100
154745.000000  107251 100
154759.000000  107264 100
154811.000000  107312 100
154821.000000  107321 100
154821.000000  107321 100
154839.000000  107338 100
154907.000000  107401 100
154907.000000  107401 100
154907.000000  107401 100
154919.000000  107412 100
154951.000000  107442 100
154971.000000  107460 100
155007.000000  107493 100
155007.000000  107493 100
155055.000000  107538 100
155057.000000  107540 100
155073.000000  107555 100
155095.000000  107575 100
155119.000000  107597 100
155145.000000  107621 100
155177.000000  107651 100
155177.000000  107651 100
155193.000000  107666 100
155215.000000  107686 100
155247.000000  107716 100
155261.000000  107729 100
155261.000000  107729 100
156463.000000  108843 100
156497.000000  108874 100
156515.000000  108891 100
156553.000000  108926 100
156577.000000  108948 100
156577.000000  108948 100
156635.000000  109002 100
156671.000000  109035 100
156673.000000  109037 100
156693.000000  109056 100
156725.000000  109085 100
156747.000000  109106 100
156747.000000  109106 100
156781.000000  109137 100
156805.000000  109160 100
156871.000000  109221 100
156937.000000  109282 100
156955.000000  109299 100
156979.000000  109321 100
157007.000000  109347 100
157007.000000  109347 100
157045.000000  109382 100
157071.000000  109406 100
157113.000000  109445 100
157115.000000  109447 100
157155.000000  109484 100
157217.000000  109541 100
157217.000000  109541 100
157217.000000  109541 100
157253.000000  109575 100
157255.000000  109577 100
157305.000000  109623 100
157329.000000  109645 100
157343.000000  109658 100
157373.000000  109686 100
157401.000000  109712 100
157431.000000  109740 100
157467.000000  109773 100
157505.000000  109808 100
157507.000000  109810 100
157527.000000  109829 100
157575.000000  109873 100
157619.000000  109914 100
157637.000000  109930 100
157651.000000  109943 100
157689.000000  109979 100
157717.000000  110005 100
157747.000000  110033 100
157747.000000  110033 100
157771.000000  110055 100
157795.000000  110077 100
157861.000000  110138 100
157897.000000  110171 100
157921.000000  110194 100
157977.000000  110245 100
158009.000000  110275 100
158009.000000  110275 100
158033.000000  110297 100
158067.000000  110329 100
158143.000000  110399 100
158221.000000  110472 100
158317.000000  110561 100
158329.000000  110572 100
158363.000000  110603 100
158389.000000  110627 100
158439.000000  110673 100
158473.000000  110705 100
158499.000000  110729 100
158533.000000  110761 100
158557.000000  110783 100
158593.000000  110816 100
158595.000000  110818 100
158647.000000  110866 100
158649.000000  110868 100
158675.000000  110892 100
158677.000000  110894 100
158707.000000  110922 100
158731.000000  110944 100
158745.000000  110957 100
158783.000000  110992 100
158791.000000  111000 100
158811.000000  111018 100
158859.000000  111063 100
158885.000000  111087 100
158895.000000  111096 100
158917.000000  111116 100
158951.000000  111148 100
158999.000000  111192 100
159035.000000  111226 100
159069.000000  111257 100
159109.000000  111294 100
159109.000000  111294 100
159163.000000  111344 100
159187.000000  111367 100
159189.000000  111368 100
159305.000000  111476 100
159307.000000  111478 100
159323.000000  111493 100
159383.000000  111548 100
159419.000000  111581 100
159437.000000  111598 100
159437.000000  111598 100
159449.000000  111609 100
159473.000000  111631 100
159515.000000  111671 100
159545.000000  111698 100
159553.000000  111706 100
159591.000000  111741 100
159607.000000  111756 100
159717.000000  111858 100
159753.000000  111891 100
159781.000000  111917 100
159781.000000  111917 100
159781.000000  111917 100
159815.000000  111949 100
159839.000000  111971 100
159855.000000  111986 100
159865.000000  111995 100
159877.000000  112006 100
159927.000000  112052 100
159951.000000  112075 100
159985.000000  112106 100
159985.000000  112106 100
159985.000000  112106 100
160057.000000  112173 100
160109.000000  112221 100
160131.000000  112241 100
160161.000000  112269 100
160175.000000  112282 100
160175.000000  112282 100
160207.000000  112312 100
160227.000000  112330 100
160229.000000  112332 100
160243.000000  112345 100
160259.000000  112360 100
160287.000000  112386 100
160287.000000  112386 100
160319.000000  112415 100
160333.000000  112428 100
160357.000000  112451 100
160357.000000  112451 100
160369.000000  112462 100
160391.000000  112482 100
160397.000000  112488 100
160447.000000  112534 100
160481.000000  112565 100
160497.000000  112580 100
160539.000000  112619 100
160553.000000  112632 100
160577.000000  112655 100
160609.000000  112684 100
160609.000000  112684 100
160635.000000  112708 100
160649.000000  112721 100
160673.000000  112743 100
160721.000000  112788 100
160735.000000  112801 100
160775.000000  112838 100
160783.000000  112845 100
160797.000000  112858 100
160811.000000  112871 100
160845.000000  112903 100
160915.000000  112968 100
160915.000000  112968 100
160915.000000  112968 100
160915.000000  112968 100
160931.000000  112982 100
160955.000000  113005 100
160975.000000  113023 100
160985.000000  113033 100
161003.000000  113049 100
161035.000000  113079 100
161057.000000  113099 100
161057.000000  113099 100
161127.000000  113164 100
161141.000000  113177 100
161183.000000  113216 100
161185.000000  113218 100
161213.000000  113244 100
161267.000000  113294 100
161347.000000  113368 100
161359.000000  113379 100
161443.000000  113457 100
161465.000000  113477 100
161515.000000  113523 100
161539.000000  113546 100
161539.000000  113546 100
161651.000000  113649 100
161689.000000  113685 100
161691.000000  113687 100
161741.000000  113733 100
161769.000000  113759 100
161825.000000  113811 100
161859.000000  113842 100
161887.000000  113868 100
161919.000000  113898 100
161919.000000  113898 100
161973.000000  113948 100
161995.000000  113968 100
162009.000000  113981 100
162035.000000  114005 100
162067.000000  114035 100
162081.000000  114048 100
162083.000000  114050 100
162111.000000  114076 100
162147.000000  114109 100
162147.000000  114109 100
162175.000000  114135 100
162233.000000  114189 100
162235.000000  114191 100
162309.000000  114259 100
162333.000000  114281 100
162427.000000  114369 100
162481.000000  114419 100
162509.000000  114445 100
162567.000000  114498 100
162599.000000  114528 100
162617.000000  114545 100
162655.000000  114580 100
162677.000000  114600 100
162677.000000  114600 100
162755.000000  114672 100
162795.000000  114709 100
162871.000000  114780 100
162879.000000  114787 100
162901.000000  114808 100
162911.000000  114817 100
162931.000000  114836 100
162951.000000  114854 100
162963.000000  114865 100
162987.000000  114887 100
162987.000000  114887 100
163003.000000  114902 100
163025.000000  114923 100
163039.000000  114936 100
163099.000000  114991 100
163101.000000  114993 100
163107.000000  114999 100
163139.000000  115028 100
163141.000000  115030 100
163161.000000  115049 100
163193.000000  115078 100
163223.000000  115106 100
163225.000000  115108 100
163253.000000  115134 100
163255.000000  115136 100
163369.000000  115241 100
163425.000000  115293 100
163437.000000  115304 100
163479.000000  115343 100
163739.000000  115584 100
163741.000000  115586 100
163771.000000  115614 100
163795.000000  115636 100
163859.000000  115695 100
163931.000000  115762 100
163947.000000  115777 100
163947.000000  115777 100
163995.000000  115821 100
164023.000000  115847 100
164079.000000  115899 100
164081.000000  115901 100
164097.000000  115916 100
164155.000000  115970 100
164175.000000  115988 100
164201.000000  116012 100
164209.000000  116020 100
164211.000000  116021 100
164267.000000  116073 100
164269.000000  116075 100
164301.000000  116105 100
164355.000000  116155 100
164449.000000  116242 100
164465.000000  116257 100
164519.000000  116307 100
164611.000000  116392 100
164675.000000  116451 100
164713.000000  116487 100
164745.000000  116516 100
164767.000000  116537 100
164767.000000  116537 100
164783.000000  116551 100
164825.000000  116591 100
164845.000000  116609 100
164911.000000  116670 100
164945.000000  116702 100
164969.000000  116724 100
164979.000000  116733 100
165015.000000  116767 100
165017.000000  116768 100
165091.000000  116837 100
165103.000000  116848 100
165131.000000  116874 100
165145.000000  116887 100
165189.000000  116928 100
165223.000000  116959 100
165223.000000  116959 100
165231.000000  -1 100
165231.000000  -1 100
165231.000000  -1 100
165231.000000  -1 100
165357.000000  117083 100
165409.000000  117131 100
165433.000000  117154 100
165451.000000  117171 100
165465.000000  117183 100
165465.000000  117183 100
165491.000000  117208 100
165537.000000  117250 100
165575.000000  117285 100
165577.000000  117287 100
165605.000000  117313 100
165661.000000  117365 100
165675.000000  117378 100
165675.000000  117378 100
165709.000000  117409 100
165733.000000  117432 100
165765.000000  117461 100
165793.000000  117487 100
165795.000000  117489 100
165825.000000  117517 100
165873.000000  117561 100
165909.000000  117595 100
165933.000000  117617 100
165969.000000  117650 100
166005.000000  117684 100
166055.000000  117730 100
166079.000000  117752 100
166097.000000  117769 100
166097.000000  117769 100
166153.000000  117821 100
166167.000000  117834 100
166227.000000  117889 100
166229.000000  117891 100
166389.000000  118039 100
166391.000000  118041 100
166413.000000  118062 100
166447.000000  118093 100
166497.000000  118139 100
166497.000000  118139 100
166591.000000  118227 100
166591.000000  118227 100
166591.000000  118227 100
166699.000000  118327 100
166755.000000  118379 100
166863.000000  118479 100
166891.000000  118505 100
166893.000000  118507 100
166923.000000  118534 100
166925.000000  118536 100
166975.000000  118583 100
166997.000000  118603 100
166997.000000  118603 100
167033.000000  118636 100
167035.000000  118638 100
167061.000000  118662 100
167061.000000  118662 100
167079.000000  118679 100
167099.000000  118697 100
167121.000000  118718 100
167177.000000  118769 100
167213.000000  118803 100
167259.000000  118845 100
167349.000000  118929 100
167361.000000  118940 100
167377.000000  118955 100
167433.000000  119007 100
167497.000000  119066 100
167563.000000  119127 100
167625.000000  119185 100
167627.000000  119187 100
167659.000000  119216 100
167687.000000  119242 100
167687.000000  119242 100
167687.000000  119242 100
167719.000000  119272 100
167737.000000  119288 100
167769.000000  119318 100
167785.000000  119333 100
167805.000000  119351 100
167833.000000  119377 100
167861.000000  119403 100
167895.000000  119435 100
167907.000000  119446 100
167907.000000  119446 100
167937.000000  119474 100
167943.000000  119479 100
167965.000000  119500 100
167993.000000  119525 100
168023.000000  119553 100
168049.000000  119577 100
168051.000000  119579 100
168059.000000  119587 100
168093.000000  119618 100
168095.000000  119620 100
168125.000000  119648 100
168125.000000  119648 100
168125.000000  119648 100
168133.000000  119655 100
168145.000000  119666 100
168145.000000  119666 100
168167.000000  119687 100
168167.000000  119687 100
168199.000000  119716 100
168223.000000  119739 100
168223.000000  119739 100
168257.000000  119770 100
168383.000000  119887 100
168397.000000  119900 100
168409.000000  119911 100
168457.000000  119955 100
168505.000000  120000 100
168557.000000  120048 100
168585.000000  120074 100
168599.000000  120087 100
168647.000000  120131 100
168709.000000  120189 100
168733.000000  120211 100
168767.000000  120243 100
168799.000000  120272 100
168823.000000  120294 100
168823.000000  120294 100
168857.000000  120326 100
168931.000000  120395 100
168967.000000  120428 100
169015.000000  120472 100
169023.000000  120480 100
169043.000000  120498 100
169093.000000  120545 100
169109.000000  120559 100
169125.000000  120574 100
169141.000000  120589 100
169165.000000  120611 100
169193.000000  120637 100
169261.000000  120700 100
169263.000000  120702 100
169295.000000  120732 100
169321.000000  120756 100
169335.000000  120769 100
169389.000000  120819 100
169419.000000  120847 100
169421.000000  120848 100
169447.000000  120873 100
169477.000000  120900 100
169509.000000  120930 100
169511.000000  120932 100
169535.000000  120954 100
169591.000000  121006 100
169627.000000  121039 100
169629.000000  121041 100
169657.000000  121067 100
169657.000000  121067 100
169707.000000  121113 100
169765.000000  121167 100
169797.000000  121197 100
169845.000000  121241 100
169877.000000  121271 100
169879.000000  121273 100
169913.000000  121304 100
169965.000000  121352 100
169967.000000  121354 100
169983.000000  121369 100
170017.000000  121401 100
170019.000000  121402 100
170071.000000  121451 100
170085.000000  121464 100
170115.000000  121491 100
170149.000000  121523 100
170203.000000  121573 100
170237.000000  121604 100
170267.000000  121632 100
170383.000000  121740 100
170451.000000  121803 100
170473.000000  121823 100
170481.000000  121830 100
170481.000000  121830 100
170545.000000  121890 100
170561.000000  121905 100
170611.000000  121951 100
170613.000000  121953 100
170647.000000  121984 100
170677.000000  122012 100
170679.000000  122014 100
170709.000000  122042 100
170795.000000  122121 100
170929.000000  122245 100
171007.000000  122318 100
171061.000000  122368 100
171251.000000  122544 100
171355.000000  122640 100
171467.000000  122744 100
171467.000000  122744 100
171467.000000  122744 100
171467.000000  122744 100
171805.000000  123057 100
171939.000000  123182 100
172133.000000  123361 100
172207.000000  123430 100
172209.000000  123432 100
172231.000000  123452 100
172325.000000  123539 100
172361.000000  123573 100
172549.000000  123747 100
172645.000000  123836 100
172679.000000  123867 100
172703.000000  123889 100
172705.000000  123891 100
172719.000000  123904 100
172731.000000  123915 100
172855.000000  124030 100
172879.000000  124053 100
172965.000000  124132 100
173089.000000  124247 100
173191.000000  124342 100
173193.000000  124343 100
173525.000000  124651 100
173665.000000  124781 100
173705.000000  124818 100
173853.000000  124955 100
173871.000000  124972 100
173903.000000  125001 100
174099.000000  125183 100
174113.000000  125196 100
174187.000000  125265 100
174187.000000  125265 100
174209.000000  125285 100
174219.000000  125294 100
174237.000000  125311 100
174287.000000  125357 100
174287.000000  125357 100
174385.000000  125448 100
174429.000000  125489 100
174473.000000  125529 100
174473.000000  125529 100
174483.000000  125539 100
174499.000000  125554 100
174509.000000  125563 100
174539.000000  125591 100
174603.000000  125650 100
174617.000000  125663 100
174629.000000  125674 100
174703.000000  125743 100
174761.000000  125796 100
174899.000000  125924 100
175021.000000  126037 100
175133.000000  126141 100
175135.000000  126143 100
175141.000000  126149 100
175141.000000  126149 100
175199.000000  126202 100
175213.000000  126215 100
175319.000000  126313 100
175415.000000  126403 100
175427.000000  126413 100
175505.000000  126486 100
175527.000000  126506 100
175661.000000  126631 100
175673.000000  126642 100
175707.000000  126673 100
175773.000000  126734 100
175909.000000  126860 100
175911.000000  126862 100
175991.000000  126936 100
176109.000000  127046 100
176147.000000  127081 100
176149.000000  127083 100
176185.000000  127116 100
176215.000000  127144 100
176319.000000  127240 100
176505.000000  127413 100
176505.000000  127413 100
176505.000000  127413 100
176525.000000  127431 100
176853.000000  127735 100
176957.000000  127831 100
177031.000000  127900 100
177055.000000  127922 100
177113.000000  127976 100
177201.000000  128058 100
177225.000000  128080 100
177257.000000  128110 100
177377.000000  128221 100
177393.000000  128235 100
177429.000000  128269 100
177457.000000  128295 100
177581.000000  128410 100
177647.000000  128471 100
177731.000000  128549 100
177743.000000  128560 100
177805.000000  128617 100
177807.000000  128619 100
177863.000000  128671 100
177897.000000  128703 100
177923.000000  128727 100
177935.000000  128738 100
177935.000000  128738 100
177935.000000  128738 100
177935.000000  128738 100
177997.000000  128795 100
