17479.000000  13 70
17581.000000  64 70
17581.000000  64 70
17635.000000  96 70
17689.000000  128 70
17713.000000  142 70
17727.000000  151 70
17727.000000  151 70
17785.000000  185 70
17811.000000  201 70
17821.000000  207 70
17843.000000  221 70
17943.000000  281 70
17951.000000  286 70
17997.000000  314 70
17997.000000  314 70
18033.000000  335 70
18033.000000  335 70
18109.000000  381 70
18175.000000  421 70
18233.000000  456 70
18235.000000  457 70
18289.000000  490 70
18289.000000  490 70
18299.000000  496 70
18381.000000  546 70
18457.000000  592 70
18457.000000  592 70
18515.000000  627 70
18621.000000  691 70
18671.000000  721 70
18713.000000  747 70
18745.000000  766 70
18745.000000  766 70
18781.000000  788 70
18817.000000  809 70
18839.000000  823 70
18873.000000  843 70
18927.000000  876 70
18929.000000  877 70
18981.000000  909 70
19003.000000  922 70
19003.000000  922 70
19053.000000  952 70
19069.000000  962 70
19417.000000  1173 70
19471.000000  1205 70
19501.000000  1223 70
19647.000000  1312 70
19663.000000  1321 70
19663.000000  1321 70
19727.000000  1360 70
19727.000000  1360 70
19765.000000  1383 70
19781.000000  1393 70
19829.000000  1422 70
19871.000000  1447 70
19923.000000  1479 70
19971.000000  1508 70
20029.000000  1543 70
20043.000000  1551 70
20073.000000  1570 70
20105.000000  1589 70
20159.000000  1622 70
20161.000000  1623 70
20221.000000  1659 70
20221.000000  1659 70
20247.000000  1675 70
20261.000000  1683 70
20291.000000  1701 70
20291.000000  1701 70
20323.000000  1721 70
20349.000000  1737 70
20365.000000  1746 70
20405.000000  1771 70
20449.000000  1797 70
20473.000000  1812 70
20493.000000  1824 70
20495.000000  1825 70
20575.000000  1873 70
20867.000000  2050 70
20867.000000  2050 70
20905.000000  2073 70
20907.000000  2075 70
20955.000000  2104 70
20987.000000  2123 70
21013.000000  2139 70
21029.000000  2148 70
21053.000000  2163 70
21097.000000  2190 70
21159.000000  2227 70
21293.000000  2310 70
21329.000000  2332 70
21361.000000  2353 70
21419.000000  2389 70
21475.000000  2425 70
21531.000000  2461 70
21565.000000  2482 70
21605.000000  2507 70
21637.000000  2528 70
21663.000000  2545 70
21711.000000  2575 70
21767.000000  2611 70
21775.000000  2616 70
21801.000000  2632 70
21815.000000  2641 70
21831.000000  2651 70
21879.000000  2682 70
21913.000000  2703 70
21947.000000  2725 70
22001.000000  2759 70
22003.000000  2761 70
22029.000000  2777 70
22029.000000  2777 70
22041.000000  2785 70
22073.000000  2805 70
22109.000000  2828 70
22137.000000  2846 70
22139.000000  2847 70
22219.000000  2898 70
22301.000000  2950 70
22331.000000  2969 70
22379.000000  3000 70
22487.000000  3068 70
22495.000000  3073 70
22515.000000  3086 70
22627.000000  3157 70
22759.000000  3241 70
22795.000000  3264 70
22853.000000  3301 70
22879.000000  3318 70
22993.000000  3390 70
23079.000000  3445 70
23155.000000  3493 70
23163.000000  3498 70
23277.000000  3571 70
23277.000000  3571 70
23277.000000  3571 70
23337.000000  3609 70
23395.000000  3646 70
23429.000000  3667 70
23539.000000  3737 70
23593.000000  3772 70
23593.000000  3772 70
23651.000000  3809 70
23673.000000  3823 70
23687.000000  3831 70
23709.000000  3845 70
23743.000000  3867 70
23757.000000  3876 70
23829.000000  3922 70
23853.000000  3937 70
23885.000000  3957 70
23887.000000  3959 70
23911.000000  3974 70
23925.000000  3983 70
23983.000000  4019 70
23991.000000  4025 70
23991.000000  4025 70
24025.000000  4046 70
24067.000000  4073 70
24079.000000  4081 70
24131.000000  4114 70
24155.000000  4129 70
24201.000000  4158 70
24203.000000  4159 70
24261.000000  4196 70
24305.000000  4224 70
24331.000000  4241 70
24345.000000  4250 70
24369.000000  4265 70
24371.000000  4266 70
24431.000000  4304 70
24481.000000  4336 70
24483.000000  4337 70
24509.000000  4354 70
24665.000000  4453 70
24667.000000  4454 70
24669.000000  4456 70
24699.000000  4475 70
24701.000000  4476 70
24721.000000  4489 70
24755.000000  4510 70
24757.000000  4511 70
24807.000000  4543 70
24869.000000  4583 70
24885.000000  4593 70
24915.000000  4612 70
24931.000000  4622 70
24963.000000  4643 70
24965.000000  4644 70
25003.000000  4668 70
25049.000000  4697 70
25085.000000  4720 70
25097.000000  4728 70
25157.000000  4766 70
25189.000000  4786 70
25219.000000  4805 70
25251.000000  4825 70
25251.000000  4825 70
25277.000000  4842 70
25291.000000  4851 70
25345.000000  4885 70
25379.000000  4907 70
25405.000000  4923 70
25439.000000  4945 70
25439.000000  4945 70
25461.000000  4959 70
25509.000000  4989 70
25531.000000  5003 70
25531.000000  5003 70
25567.000000  5026 70
25615.000000  5057 70
25635.000000  5070 70
25667.000000  5090 70
25713.000000  5119 70
25713.000000  5119 70
25731.000000  5131 70
25759.000000  5149 70
25759.000000  5149 70
25775.000000  5159 70
25807.000000  5179 70
25841.000000  5201 70
25867.000000  5217 70
25923.000000  5253 70
25937.000000  5262 70
25969.000000  5282 70
26009.000000  5307 70
26033.000000  5323 70
26101.000000  5366 70
26161.000000  5404 70
26213.000000  5437 70
26233.000000  5450 70
26247.000000  5459 70
26249.000000  5460 70
26283.000000  5482 70
26287.000000  5484 70
26287.000000  5484 70
26325.000000  5508 70
26391.000000  5550 70
26415.000000  5565 70
26471.000000  5601 70
26505.000000  5623 70
26529.000000  5638 70
26587.000000  5675 70
26621.000000  5697 70
26675.000000  5731 70
26735.000000  5769 70
26755.000000  5782 70
26787.000000  5802 70
26813.000000  5819 70
26841.000000  5836 70
26935.000000  5896 70
26937.000000  5897 70
26957.000000  5910 70
26987.000000  5929 70
27007.000000  5942 70
27023.000000  5952 70
27055.000000  5972 70
27089.000000  5994 70
27125.000000  6017 70
27157.000000  6037 70
27159.000000  6038 70
27233.000000  6085 70
27293.000000  6124 70
27369.000000  6172 70
27449.000000  6223 70
27469.000000  6235 70
27469.000000  6235 70
27489.000000  6248 70
27511.000000  6262 70
27561.000000  6294 70
27599.000000  6318 70
27607.000000  6323 70
27633.000000  6340 70
27697.000000  6380 70
27705.000000  6385 70
27739.000000  6407 70
27813.000000  6454 70
27813.000000  6454 70
27849.000000  6477 70
27875.000000  6493 70
27909.000000  6515 70
27939.000000  6534 70
27941.000000  6535 70
27951.000000  6542 70
27983.000000  6562 70
28031.000000  6593 70
28031.000000  6593 70
28071.000000  6618 70
28087.000000  6628 70
28133.000000  6657 70
28133.000000  6657 70
28159.000000  6674 70
28205.000000  6703 70
28237.000000  6724 70
28265.000000  6741 70
28337.000000  6787 70
28339.000000  6789 70
28345.000000  6792 70
28377.000000  6813 70
28411.000000  6834 70
28443.000000  6855 70
28457.000000  6863 70
28511.000000  6898 70
28545.000000  6919 70
28575.000000  6939 70
28587.000000  6946 70
28601.000000  6955 70
28641.000000  6980 70
28669.000000  6998 70
28689.000000  7011 70
28703.000000  7020 70
28725.000000  7034 70
28741.000000  7044 70
28757.000000  7054 70
28801.000000  7082 70
28801.000000  7082 70
28841.000000  7108 70
28871.000000  7127 70
28951.000000  7177 70
29005.000000  7212 70
29039.000000  7233 70
29041.000000  7235 70
29053.000000  7242 70
29107.000000  7277 70
29131.000000  7292 70
29145.000000  7301 70
29197.000000  7334 70
29229.000000  7354 70
29231.000000  7355 70
29259.000000  7373 70
29281.000000  7387 70
29329.000000  7418 70
29355.000000  7434 70
29355.000000  7434 70
29371.000000  7444 70
29395.000000  7460 70
29419.000000  7475 70
29439.000000  7488 70
29485.000000  7517 70
29517.000000  7537 70
29535.000000  7549 70
29571.000000  7572 70
29601.000000  7591 70
29615.000000  7599 70
29617.000000  7601 70
29671.000000  7635 70
29671.000000  7635 70
29671.000000  7635 70
30831.000000  8373 70
30881.000000  8405 70
30883.000000  8406 70
30935.000000  8439 70
30975.000000  8464 70
30999.000000  8479 70
31031.000000  8500 70
31031.000000  8500 70
31057.000000  8516 70
31071.000000  8525 70
31105.000000  8547 70
31107.000000  8548 70
31137.000000  8567 70
31137.000000  8567 70
31167.000000  8586 70
31169.000000  8587 70
31181.000000  8595 70
31197.000000  8605 70
31227.000000  8624 70
31253.000000  8641 70
31261.000000  8646 70
31319.000000  8683 70
31375.000000  8718 70
31405.000000  8737 70
31443.000000  8761 70
31445.000000  8763 70
31451.000000  8767 70
31453.000000  8768 70
31477.000000  8783 70
31491.000000  8792 70
31575.000000  8845 70
31611.000000  8868 70
31639.000000  8886 70
31641.000000  8887 70
31691.000000  8919 70
31725.000000  8941 70
31785.000000  8979 70
31863.000000  9028 70
31899.000000  9051 70
31953.000000  9085 70
31953.000000  9085 70
32003.000000  -1 70
32003.000000  -1 70
32025.000000  9131 70
32073.000000  9162 70
32099.000000  9178 70
32101.000000  9180 70
32133.000000  9200 70
32165.000000  9220 70
32217.000000  9253 70
32217.000000  9253 70
32243.000000  9270 70
32275.000000  9290 70
32299.000000  9305 70
32299.000000  9305 70
32335.000000  9328 70
32389.000000  9363 70
32411.000000  9376 70
32445.000000  9398 70
32473.000000  9416 70
32473.000000  9416 70
32487.000000  9425 70
32527.000000  9450 70
32527.000000  9450 70
32561.000000  9472 70
32607.000000  9501 70
32629.000000  9515 70
32647.000000  9526 70
32661.000000  9535 70
32683.000000  9549 70
32731.000000  9580 70
32733.000000  9581 70
32735.000000  9582 70
32757.000000  9596 70
32791.000000  9618 70
32791.000000  9618 70
32791.000000  9618 70
32791.000000  9618 70
32827.000000  9641 70
32861.000000  9662 70
32863.000000  9664 70
33061.000000  9789 70
33099.000000  9814 70
33099.000000  9814 70
33149.000000  9846 70
33157.000000  9851 70
33201.000000  9879 70
33227.000000  9895 70
33255.000000  9913 70
33263.000000  9918 70
33263.000000  9918 70
33281.000000  9929 70
33321.000000  9955 70
33397.000000  10003 70
33459.000000  10043 70
33459.000000  10043 70
33515.000000  10078 70
33611.000000  10139 70
33611.000000  10139 70
33611.000000  10139 70
33645.000000  10161 70
33701.000000  10197 70
33725.000000  10212 70
33735.000000  10218 70
33765.000000  10237 70
33765.000000  10237 70
33831.000000  10279 70
33859.000000  10297 70
33859.000000  10297 70
33887.000000  10315 70
33907.000000  10327 70
33927.000000  10340 70
33943.000000  10350 70
33985.000000  10377 70
34005.000000  10390 70
34053.000000  10420 70
34069.000000  10431 70
34123.000000  10465 70
34129.000000  10469 70
34129.000000  10469 70
34163.000000  10490 70
34193.000000  10509 70
34193.000000  10509 70
34207.000000  10518 70
34269.000000  10558 70
34271.000000  10559 70
34303.000000  10579 70
34333.000000  10598 70
34333.000000  10598 70
34351.000000  10610 70
34409.000000  10647 70
34409.000000  10647 70
34409.000000  10647 70
34433.000000  10662 70
34481.000000  10692 70
34507.000000  10709 70
34529.000000  10723 70
34561.000000  10743 70
34571.000000  10750 70
34599.000000  10767 70
34599.000000  10767 70
34619.000000  10780 70
34637.000000  10792 70
34685.000000  10822 70
34743.000000  10859 70
34799.000000  10895 70
34833.000000  10916 70
34863.000000  10935 70
34897.000000  10957 70
34971.000000  11004 70
34987.000000  11014 70
35001.000000  11023 70
35043.000000  11050 70
35083.000000  11075 70
35083.000000  11075 70
35105.000000  11089 70
35137.000000  11109 70
35173.000000  11132 70
35187.000000  11141 70
35203.000000  11151 70
35243.000000  11177 70
35273.000000  11196 70
35297.000000  11211 70
35311.000000  11220 70
35355.000000  11248 70
35387.000000  11269 70
35441.000000  11303 70
35475.000000  11324 70
35529.000000  11359 70
35583.000000  11393 70
35615.000000  11413 70
35617.000000  11415 70
35621.000000  11417 70
35629.000000  11422 70
35665.000000  11445 70
35671.000000  11449 70
35691.000000  11462 70
35737.000000  11491 70
35737.000000  11491 70
35767.000000  11510 70
35801.000000  11532 70
35815.000000  11541 70
35867.000000  11574 70
35893.000000  11590 70
35925.000000  11611 70
35961.000000  11633 70
35995.000000  11655 70
36047.000000  11688 70
36047.000000  11688 70
36149.000000  11753 70
36207.000000  11790 70
36243.000000  11813 70
36245.000000  11814 70
36275.000000  11833 70
36329.000000  11867 70
36379.000000  11899 70
36425.000000  11928 70
36451.000000  11945 70
36483.000000  11965 70
36537.000000  12000 70
36631.000000  12059 70
36657.000000  12076 70
36723.000000  12118 70
36787.000000  12158 70
36787.000000  12158 70
36787.000000  12158 70
36823.000000  12181 70
36937.000000  12254 70
36959.000000  12268 70
36959.000000  12268 70
36989.000000  12287 70
37011.000000  12301 70
37039.000000  12319 70
37085.000000  12348 70
37097.000000  12355 70
37153.000000  12391 70
37153.000000  12391 70
37173.000000  12404 70
37223.000000  12436 70
37231.000000  12441 70
37277.000000  12470 70
37309.000000  12490 70
37333.000000  12505 70
37367.000000  12527 70
37367.000000  12527 70
37367.000000  12527 70
37441.000000  12574 70
37477.000000  12597 70
37531.000000  12631 70
37585.000000  12666 70
37619.000000  12687 70
37635.000000  12697 70
37635.000000  12697 70
37683.000000  12728 70
37683.000000  12728 70
37713.000000  12747 70
37727.000000  12756 70
37743.000000  12766 70
37799.000000  12802 70
37837.000000  12826 70
37869.000000  12846 70
37883.000000  12855 70
37917.000000  12877 70
37917.000000  12877 70
37945.000000  12895 70
37977.000000  12915 70
38055.000000  12965 70
38057.000000  12966 70
38091.000000  12987 70
38093.000000  12989 70
38163.000000  13033 70
38163.000000  13033 70
38181.000000  13045 70
38219.000000  13069 70
38221.000000  13070 70
38255.000000  13092 70
38301.000000  13121 70
38331.000000  13140 70
38355.000000  13155 70
38383.000000  13173 70
38411.000000  13191 70
38431.000000  13203 70
38457.000000  13220 70
38467.000000  13226 70
38523.000000  13262 70
38595.000000  13308 70
38669.000000  13355 70
38671.000000  13356 70
38735.000000  13397 70
38793.000000  13433 70
38801.000000  13439 70
38835.000000  13460 70
38877.000000  13487 70
38921.000000  13515 70
38935.000000  13524 70
38935.000000  13524 70
38969.000000  13545 70
38971.000000  13547 70
39063.000000  13605 70
39121.000000  13642 70
39191.000000  13687 70
39217.000000  13703 70
39289.000000  13749 70
39325.000000  13772 70
39347.000000  13786 70
39361.000000  13795 70
39393.000000  13815 70
39467.000000  13862 70
39469.000000  13863 70
39527.000000  13900 70
39567.000000  13926 70
39647.000000  13977 70
39659.000000  13984 70
39679.000000  13997 70
39681.000000  13998 70
39705.000000  14013 70
39763.000000  14050 70
39793.000000  14069 70
39853.000000  14107 70
39887.000000  14129 70
39887.000000  14129 70
39887.000000  14129 70
39909.000000  14143 70
39911.000000  14144 70
39965.000000  14179 70
40031.000000  14221 70
40095.000000  14261 70
40095.000000  14261 70
40095.000000  14261 70
40095.000000  14261 70
40165.000000  14306 70
40185.000000  14318 70
40219.000000  14340 70
40233.000000  14349 70
40255.000000  14363 70
40291.000000  14386 70
40311.000000  14399 70
40345.000000  14420 70
40399.000000  14455 70
40449.000000  14486 70
40487.000000  14511 70
40489.000000  14512 70
40509.000000  14525 70
40523.000000  14533 70
40553.000000  14553 70
40577.000000  14568 70
40591.000000  14577 70
40613.000000  14591 70
40677.000000  14631 70
40691.000000  14640 70
40725.000000  14662 70
40813.000000  14718 70
40867.000000  14752 70
40915.000000  14783 70
40941.000000  14799 70
40971.000000  14818 70
41007.000000  14841 70
41057.000000  14873 70
41071.000000  14882 70
41093.000000  14896 70
41127.000000  14917 70
41127.000000  14917 70
41127.000000  14917 70
41155.000000  14935 70
41155.000000  14935 70
41191.000000  14958 70
41193.000000  14959 70
41213.000000  14972 70
41227.000000  14981 70
41257.000000  15000 70
41257.000000  15000 70
41311.000000  15034 70
41335.000000  15050 70
41391.000000  15085 70
41401.000000  15091 70
41435.000000  15113 70
41485.000000  15145 70
41515.000000  15164 70
41515.000000  15164 70
41567.000000  15197 70
41611.000000  15225 70
41645.000000  15247 70
41675.000000  15266 70
41721.000000  15295 70
41755.000000  15317 70
41779.000000  15332 70
41843.000000  15373 70
41903.000000  15411 70
41955.000000  15444 70
41971.000000  15454 70
41985.000000  15463 70
42011.000000  15479 70
42043.000000  15500 70
42063.000000  15513 70
42087.000000  15528 70
42101.000000  15537 70
42137.000000  15559 70
42157.000000  15572 70
42187.000000  15591 70
42203.000000  15601 70
42237.000000  15623 70
42263.000000  15640 70
42311.000000  15670 70
42349.000000  15694 70
42349.000000  15694 70
42403.000000  15729 70
42435.000000  15749 70
42469.000000  15771 70
42503.000000  15792 70
42751.000000  15950 70
42753.000000  15951 70
42773.000000  15964 70
42821.000000  15994 70
42863.000000  16021 70
42865.000000  16022 70
42897.000000  16043 70
42945.000000  16073 70
42945.000000  16073 70
42945.000000  16073 70
42945.000000  16073 70
42989.000000  16101 70
43029.000000  16127 70
43083.000000  16161 70
43113.000000  16180 70
43115.000000  16181 70
43169.000000  16215 70
43171.000000  16217 70
43197.000000  16233 70
43197.000000  16233 70
43227.000000  16253 70
43229.000000  16254 70
43279.000000  16285 70
43279.000000  16285 70
43297.000000  16297 70
43307.000000  16303 70
43333.000000  16320 70
43409.000000  16368 70
43409.000000  16368 70
43439.000000  16387 70
43463.000000  16403 70
43493.000000  16421 70
43515.000000  16435 70
43515.000000  16435 70
43531.000000  16446 70
43619.000000  16502 70
43647.000000  16519 70
43703.000000  16555 70
43759.000000  16591 70
43793.000000  16612 70
43897.000000  16678 70
43927.000000  16697 70
43959.000000  16718 70
43991.000000  16738 70
43993.000000  16739 70
44009.000000  16749 70
44083.000000  16796 70
44091.000000  16801 70
44169.000000  16851 70
44205.000000  16874 70
44269.000000  16915 70
44269.000000  16915 70
44317.000000  16945 70
44319.000000  16947 70
44347.000000  16964 70
44377.000000  16983 70
44391.000000  16992 70
44391.000000  16992 70
44447.000000  17028 70
44457.000000  17034 70
44511.000000  17069 70
44545.000000  17090 70
44577.000000  17110 70
44617.000000  17136 70
44663.000000  17165 70
44741.000000  17215 70
44775.000000  17236 70
44805.000000  17255 70
44805.000000  17255 70
44817.000000  17263 70
44837.000000  17276 70
44887.000000  17307 70
44887.000000  17307 70
44887.000000  17307 70
44911.000000  17323 70
44925.000000  17332 70
44983.000000  17369 70
44985.000000  17370 70
45017.000000  17390 70
45019.000000  17391 70
45045.000000  17408 70
45073.000000  17426 70
45103.000000  17445 70
45105.000000  17446 70
45131.000000  17462 70
45153.000000  17477 70
45209.000000  17512 70
45223.000000  17521 70
45273.000000  17553 70
45289.000000  17563 70
45313.000000  17578 70
45361.000000  17609 70
45389.000000  17626 70
45411.000000  17640 70
45425.000000  17649 70
45445.000000  17662 70
45465.000000  17675 70
45467.000000  17676 70
45509.000000  17703 70
45509.000000  17703 70
45509.000000  17703 70
45529.000000  17715 70
45565.000000  17738 70
45583.000000  17750 70
45613.000000  17769 70
45627.000000  17778 70
45639.000000  17785 70
45689.000000  17817 70
45703.000000  17826 70
45703.000000  17826 70
45719.000000  17836 70
45749.000000  17855 70
45749.000000  17855 70
45805.000000  17891 70
45805.000000  17891 70
45821.000000  17901 70
45881.000000  17939 70
45883.000000  17940 70
45921.000000  17965 70
45923.000000  17966 70
45959.000000  17989 70
45967.000000  17994 70
46003.000000  18017 70
46023.000000  18029 70
46033.000000  18036 70
46059.000000  18052 70
46085.000000  18069 70
46097.000000  18076 70
46097.000000  18076 70
46183.000000  18131 70
46189.000000  18135 70
46209.000000  18148 70
46241.000000  18168 70
46265.000000  18183 70
46297.000000  18203 70
46297.000000  18203 70
46373.000000  18252 70
46407.000000  18273 70
46409.000000  18275 70
46439.000000  18294 70
46439.000000  18294 70
46455.000000  18304 70
46455.000000  18304 70
46467.000000  18311 70
46469.000000  18313 70
46497.000000  18331 70
46497.000000  18331 70
46497.000000  18331 70
46533.000000  18353 70
46535.000000  18355 70
46581.000000  18384 70
46613.000000  18404 70
46627.000000  18413 70
46643.000000  18423 70
46663.000000  18436 70
46691.000000  18454 70
46701.000000  18460 70
46721.000000  18473 70
46735.000000  18482 70
46751.000000  18492 70
46763.000000  18499 70
46789.000000  18516 70
46837.000000  18547 70
46839.000000  18548 70
46855.000000  18558 70
46885.000000  18577 70
46887.000000  18578 70
46909.000000  18592 70
46923.000000  18601 70
46939.000000  18611 70
46965.000000  18628 70
47021.000000  18663 70
47043.000000  18677 70
47099.000000  18713 70
47165.000000  18755 70
47245.000000  18806 70
47297.000000  18839 70
47313.000000  18849 70
47343.000000  18868 70
47379.000000  18891 70
47389.000000  18897 70
47425.000000  18920 70
47457.000000  18941 70
47513.000000  18976 70
47697.000000  19093 70
47721.000000  19109 70
47755.000000  19130 70
47757.000000  19131 70
47807.000000  19163 70
47851.000000  19191 70
47927.000000  19239 70
47945.000000  19251 70
47993.000000  19281 70
48043.000000  19313 70
48093.000000  19345 70
48125.000000  19365 70
48125.000000  19365 70
48157.000000  19385 70
48157.000000  19385 70
48211.000000  19420 70
48235.000000  19435 70
48267.000000  19455 70
48267.000000  19455 70
48291.000000  19471 70
48307.000000  19481 70
48339.000000  19501 70
48393.000000  19535 70
48421.000000  19553 70
48455.000000  19575 70
48481.000000  19591 70
48495.000000  19600 70
48525.000000  19619 70
48527.000000  19620 70
48563.000000  19643 70
48577.000000  19652 70
48617.000000  19677 70
48649.000000  19698 70
48695.000000  19727 70
48721.000000  19744 70
48791.000000  19788 70
48815.000000  19803 70
48847.000000  19824 70
48847.000000  19824 70
48903.000000  19859 70
48927.000000  19875 70
48959.000000  19895 70
48989.000000  19914 70
49051.000000  19953 70
49053.000000  19955 70
49057.000000  19957 70
49093.000000  19980 70
49149.000000  20016 70
49179.000000  20035 70
49209.000000  20054 70
49223.000000  20063 70
49249.000000  20079 70
49271.000000  20093 70
49305.000000  20115 70
49323.000000  20126 70
49361.000000  20150 70
49365.000000  20153 70
49381.000000  20163 70
49405.000000  20178 70
49405.000000  20178 70
49437.000000  20199 70
49437.000000  20199 70
49463.000000  20215 70
49479.000000  20225 70
49603.000000  20304 70
49639.000000  20327 70
49663.000000  20342 70
49673.000000  20349 70
49705.000000  20369 70
49785.000000  20420 70
49815.000000  20439 70
49815.000000  20439 70
49889.000000  20486 70
49891.000000  20487 70
49921.000000  20506 70
49941.000000  20519 70
49941.000000  20519 70
50037.000000  20580 70
50053.000000  20590 70
50079.000000  20607 70
50111.000000  20627 70
50133.000000  20641 70
50167.000000  20663 70
50245.000000  20712 70
50247.000000  20713 70
50263.000000  20724 70
50273.000000  20730 70
50273.000000  20730 70
50363.000000  20787 70
50393.000000  20806 70
50411.000000  20818 70
50441.000000  20837 70
50441.000000  20837 70
50457.000000  20847 70
50495.000000  20871 70
50531.000000  20894 70
50565.000000  20915 70
50579.000000  20924 70
50623.000000  20952 70
50655.000000  20973 70
50687.000000  20993 70
50695.000000  20998 70
50695.000000  20998 70
50709.000000  21007 70
50743.000000  21029 70
50801.000000  21065 70
50869.000000  21109 70
50877.000000  21114 70
50911.000000  21135 70
50965.000000  21170 70
50991.000000  21186 70
50991.000000  21186 70
51043.000000  21219 70
51067.000000  21234 70
51093.000000  21251 70
51119.000000  21267 70
51183.000000  21308 70
51215.000000  21328 70
51229.000000  21337 70
51257.000000  21355 70
51277.000000  21368 70
51311.000000  21389 70
51375.000000  21430 70
51407.000000  21450 70
51407.000000  21450 70
51461.000000  21485 70
51669.000000  21617 70
51687.000000  21628 70
51723.000000  21651 70
51783.000000  21689 70
51821.000000  21713 70
51917.000000  21774 70
51937.000000  21787 70
51973.000000  21810 70
51985.000000  21817 70
52009.000000  21833 70
52023.000000  21841 70
52025.000000  21843 70
52083.000000  21880 70
52115.000000  21900 70
52191.000000  21948 70
52251.000000  21986 70
52285.000000  22008 70
52287.000000  22009 70
52357.000000  22054 70
52439.000000  22106 70
52451.000000  22113 70
52475.000000  22129 70
52505.000000  22148 70
52653.000000  22242 70
52653.000000  22242 70
52681.000000  22260 70
52681.000000  22260 70
52759.000000  22309 70
52923.000000  22413 70
52943.000000  22426 70
52993.000000  22458 70
53069.000000  22506 70
53069.000000  22506 70
53091.000000  22520 70
53121.000000  22539 70
53167.000000  22568 70
53205.000000  22592 70
53231.000000  22609 70
53251.000000  22622 70
53275.000000  22637 70
53275.000000  22637 70
53309.000000  22658 70
53333.000000  22674 70
53365.000000  22694 70
53389.000000  22709 70
53453.000000  22750 70
53507.000000  22784 70
53543.000000  22807 70
53593.000000  22839 70
53609.000000  22849 70
53619.000000  22855 70
53639.000000  22868 70
53687.000000  22899 70
53709.000000  22913 70
53775.000000  22955 70
53817.000000  22981 70
53847.000000  23000 70
53849.000000  23002 70
53863.000000  23010 70
53899.000000  23033 70
53933.000000  23055 70
53933.000000  23055 70
53987.000000  23089 70
54011.000000  23105 70
54045.000000  23126 70
54077.000000  23147 70
54095.000000  23158 70
54133.000000  23182 70
54135.000000  23183 70
54191.000000  23219 70
54191.000000  23219 70
54225.000000  23241 70
54257.000000  23261 70
54271.000000  23270 70
54271.000000  23270 70
54319.000000  23300 70
54321.000000  23301 70
54353.000000  23322 70
54399.000000  23351 70
54425.000000  23367 70
54437.000000  23375 70
54485.000000  23406 70
54531.000000  23435 70
54585.000000  23469 70
54639.000000  23504 70
54663.000000  23519 70
54677.000000  23528 70
54733.000000  23563 70
54765.000000  23583 70
54789.000000  23599 70
54821.000000  23619 70
54851.000000  23638 70
54859.000000  23643 70
54879.000000  23656 70
54899.000000  23669 70
54913.000000  23677 70
54989.000000  23726 70
54989.000000  23726 70
55071.000000  23778 70
55073.000000  23779 70
55093.000000  23792 70
55141.000000  23822 70
55143.000000  23824 70
55163.000000  23836 70
55217.000000  23871 70
55251.000000  23892 70
55281.000000  23911 70
55295.000000  23920 70
55327.000000  23941 70
55327.000000  23941 70
55351.000000  23956 70
55385.000000  23977 70
55409.000000  23993 70
55467.000000  24029 70
55483.000000  24040 70
55535.000000  24073 70
55583.000000  24103 70
55679.000000  24164 70
55691.000000  24172 70
55729.000000  24196 70
55731.000000  24197 70
55739.000000  24203 70
55739.000000  24203 70
55793.000000  24237 70
55811.000000  24248 70
55841.000000  24267 70
55855.000000  24276 70
55887.000000  24297 70
55909.000000  24311 70
55923.000000  24319 70
55951.000000  24337 70
55953.000000  24339 70
55983.000000  24357 70
55985.000000  24359 70
57465.000000  25299 70
57465.000000  25299 70
57465.000000  25299 70
57483.000000  25311 70
57527.000000  25339 70
57567.000000  25364 70
57663.000000  25425 70
57675.000000  25433 70
57717.000000  25460 70
57753.000000  25483 70
57779.000000  25499 70
57873.000000  25559 70
57875.000000  25560 70
57953.000000  25610 70
57969.000000  25620 70
57995.000000  25636 70
58003.000000  25641 70
58061.000000  25678 70
58069.000000  25683 70
58079.000000  25690 70
58093.000000  25699 70
58119.000000  25715 70
58129.000000  25721 70
58143.000000  25730 70
58171.000000  25748 70
58171.000000  25748 70
58171.000000  25748 70
58205.000000  25770 70
58207.000000  25771 70
58225.000000  25783 70
58245.000000  25795 70
58279.000000  25817 70
58313.000000  25838 70
58315.000000  25840 70
58331.000000  25850 70
58355.000000  25865 70
58357.000000  25866 70
58367.000000  25873 70
58385.000000  25884 70
58411.000000  25901 70
58463.000000  25934 70
58487.000000  25949 70
58523.000000  25972 70
58525.000000  25973 70
58575.000000  26005 70
58599.000000  26020 70
58631.000000  26040 70
58705.000000  26087 70
58705.000000  26087 70
58725.000000  26100 70
58739.000000  26109 70
58857.000000  26184 70
58859.000000  26185 70
58885.000000  26202 70
58909.000000  26217 70
58941.000000  26237 70
58941.000000  26237 70
58975.000000  26259 70
59035.000000  26297 70
59047.000000  26305 70
59083.000000  26328 70
59085.000000  26329 70
59135.000000  26361 70
59189.000000  26395 70
59189.000000  26395 70
59215.000000  26411 70
59247.000000  26432 70
59281.000000  26453 70
59305.000000  26469 70
59313.000000  26474 70
59347.000000  26495 70
59403.000000  26531 70
59429.000000  26547 70
59489.000000  26586 70
59489.000000  26586 70
59511.000000  26600 70
59511.000000  26600 70
59527.000000  26610 70
59543.000000  26620 70
59587.000000  26648 70
59589.000000  26649 70
59597.000000  26654 70
59693.000000  26715 70
59753.000000  26753 70
59809.000000  26789 70
59843.000000  26811 70
59877.000000  26832 70
59945.000000  26875 70
59991.000000  26905 70
60025.000000  26926 70
60075.000000  26958 70
60105.000000  26977 70
60199.000000  27037 70
60259.000000  27075 70
60283.000000  27090 70
60377.000000  27150 70
60453.000000  27198 70
60469.000000  27208 70
60515.000000  27237 70
60579.000000  27278 70
60611.000000  27299 70
60667.000000  27334 70
60669.000000  27335 70
60699.000000  27354 70
60745.000000  27384 70
60795.000000  27415 70
60827.000000  27436 70
60861.000000  27457 70
60863.000000  27459 70
60879.000000  27469 70
60895.000000  27479 70
60951.000000  27515 70
60951.000000  27515 70
60985.000000  27536 70
61011.000000  27553 70
61013.000000  27554 70
61071.000000  27591 70
61071.000000  27591 70
61071.000000  27591 70
61103.000000  27611 70
61187.000000  27664 70
61269.000000  27717 70
61437.000000  27823 70
61479.000000  27850 70
61509.000000  27869 70
61675.000000  27975 70
61749.000000  28022 70
61811.000000  28061 70
61813.000000  28062 70
61863.000000  28094 70
61933.000000  28139 70
61951.000000  28150 70
61951.000000  28150 70
62003.000000  28183 70
62057.000000  28217 70
62103.000000  28247 70
62125.000000  28261 70
62139.000000  28269 70
62185.000000  28299 70
62253.000000  28342 70
62263.000000  28348 70
62345.000000  28400 70
62377.000000  28421 70
62431.000000  28455 70
62535.000000  28521 70
62535.000000  28521 70
62535.000000  28521 70
62589.000000  28555 70
62605.000000  28565 70
62655.000000  28597 70
62677.000000  28611 70
62677.000000  28611 70
62691.000000  28620 70
62707.000000  28630 70
62707.000000  28630 70
62735.000000  28648 70
62761.000000  28665 70
62763.000000  28666 70
62809.000000  28695 70
62821.000000  28703 70
62839.000000  28714 70
62871.000000  28735 70
62899.000000  28752 70
62901.000000  28754 70
62933.000000  28774 70
62955.000000  28788 70
62989.000000  28810 70
63043.000000  28844 70
63065.000000  28858 70
63079.000000  28867 70
63133.000000  28901 70
63157.000000  28916 70
63193.000000  28939 70
63265.000000  28985 70
63361.000000  29046 70
63399.000000  29070 70
63411.000000  29078 70
63449.000000  29102 70
63483.000000  29123 70
63519.000000  29146 70
63521.000000  29147 70
63541.000000  29160 70
63575.000000  29182 70
63577.000000  29183 70
63605.000000  29201 70
63607.000000  29202 70
63635.000000  29220 70
63689.000000  29254 70
63713.000000  29269 70
63723.000000  29276 70
63779.000000  29311 70
63813.000000  29333 70
63851.000000  29357 70
63947.000000  29418 70
63965.000000  29430 70
63991.000000  29446 70
63993.000000  29447 70
64029.000000  29470 70
64039.000000  29477 70
64055.000000  29487 70
64075.000000  29500 70
64121.000000  29529 70
64157.000000  29552 70
64209.000000  29585 70
64209.000000  29585 70
64305.000000  29646 70
64387.000000  29698 70
64423.000000  29721 70
64453.000000  29740 70
64485.000000  29760 70
64533.000000  29791 70
64583.000000  29823 70
64601.000000  29834 70
64601.000000  29834 70
64623.000000  29848 70
64675.000000  29881 70
64675.000000  29881 70
64725.000000  29913 70
64753.000000  29931 70
64791.000000  29955 70
64813.000000  29969 70
64815.000000  29970 70
64885.000000  30015 70
64921.000000  30037 70
64945.000000  30053 70
64977.000000  30073 70
65053.000000  30121 70
65091.000000  30145 70
65091.000000  30145 70
65147.000000  30181 70
65233.000000  30235 70
65275.000000  30262 70
65275.000000  30262 70
65315.000000  30288 70
65365.000000  30319 70
65367.000000  30321 70
65399.000000  30341 70
65457.000000  30378 70
65491.000000  30399 70
65517.000000  30416 70
65535.000000  30427 70
65567.000000  30448 70
65619.000000  30481 70
65619.000000  30481 70
65707.000000  30537 70
65767.000000  30575 70
65813.000000  30604 70
65865.000000  30637 70
65867.000000  30638 70
65893.000000  30655 70
65939.000000  30684 70
65939.000000  30684 70
65985.000000  30713 70
66037.000000  30747 70
66075.000000  30771 70
66077.000000  30772 70
66099.000000  30786 70
66113.000000  30795 70
66197.000000  30848 70
66261.000000  30889 70
66263.000000  30890 70
66271.000000  30895 70
66287.000000  30905 70
66319.000000  30926 70
66321.000000  30927 70
66341.000000  30940 70
66353.000000  30947 70
66353.000000  30947 70
66379.000000  30964 70
66433.000000  30998 70
66445.000000  31006 70
66461.000000  31016 70
66461.000000  31016 70
66511.000000  31048 70
66567.000000  31083 70
66579.000000  31091 70
66675.000000  31152 70
66735.000000  31190 70
66791.000000  31225 70
66825.000000  31247 70
66857.000000  31267 70
66859.000000  31269 70
66889.000000  31288 70
66889.000000  31288 70
66915.000000  31304 70
66949.000000  31326 70
66949.000000  31326 70
66949.000000  31326 70
66971.000000  31340 70
66971.000000  31340 70
67027.000000  31375 70
67095.000000  31419 70
67097.000000  31420 70
67139.000000  31447 70
67175.000000  31470 70
67177.000000  31471 70
67229.000000  31504 70
67281.000000  31537 70
67283.000000  31538 70
67311.000000  31556 70
67311.000000  31556 70
67355.000000  31584 70
67357.000000  31585 70
67409.000000  31618 70
67411.000000  31619 70
67431.000000  31632 70
67463.000000  31652 70
67463.000000  31652 70
67495.000000  31673 70
67551.000000  31708 70
67609.000000  31745 70
67661.000000  31778 70
67707.000000  31807 70
67731.000000  31823 70
67755.000000  31838 70
67803.000000  31868 70
67829.000000  31885 70
67883.000000  31919 70
67933.000000  31951 70
67967.000000  31973 70
67967.000000  31973 70
68003.000000  31995 70
68005.000000  31997 70
68057.000000  32030 70
68059.000000  32031 70
68133.000000  32078 70
68169.000000  32101 70
68171.000000  32102 70
68255.000000  32155 70
68255.000000  32155 70
68271.000000  32166 70
68297.000000  32182 70
68327.000000  32201 70
68341.000000  32210 70
68371.000000  32229 70
68385.000000  32238 70
68417.000000  32258 70
68465.000000  32289 70
68483.000000  32300 70
68485.000000  32301 70
68541.000000  32337 70
68557.000000  32347 70
68585.000000  32365 70
68629.000000  32393 70
68661.000000  32413 70
68691.000000  32432 70
68723.000000  32453 70
68757.000000  32474 70
68781.000000  32489 70
68813.000000  32510 70
68815.000000  32511 70
68867.000000  32544 70
68899.000000  32564 70
68901.000000  32566 70
68903.000000  32567 70
68941.000000  32591 70
68941.000000  32591 70
68941.000000  32591 70
68965.000000  32606 70
69013.000000  32637 70
69069.000000  32673 70
69093.000000  32688 70
69113.000000  32700 70
69127.000000  32709 70
69143.000000  32719 70
69195.000000  32753 70
69269.000000  32799 70
69295.000000  32816 70
69329.000000  32838 70
69331.000000  32839 70
69355.000000  32854 70
69387.000000  32875 70
69417.000000  32893 70
69419.000000  32895 70
69445.000000  32911 70
69467.000000  32925 70
69503.000000  32948 70
69577.000000  32995 70
69585.000000  33000 70
69607.000000  33014 70
69607.000000  33014 70
69665.000000  33051 70
69667.000000  33052 70
69687.000000  33065 70
69687.000000  33065 70
69717.000000  33084 70
69751.000000  33106 70
69765.000000  33114 70
69787.000000  33129 70
69805.000000  33140 70
69817.000000  33148 70
69867.000000  33179 70
69913.000000  33209 70
69947.000000  33230 70
69999.000000  33263 70
70001.000000  33265 70
70053.000000  33297 70
70081.000000  33315 70
70113.000000  33336 70
70137.000000  33351 70
70173.000000  33374 70
70175.000000  33375 70
70197.000000  33389 70
70251.000000  33423 70
70275.000000  33439 70
70311.000000  33461 70
70345.000000  33483 70
70397.000000  33516 70
70399.000000  33517 70
70435.000000  33540 70
70455.000000  33553 70
70479.000000  33568 70
70515.000000  33591 70
70553.000000  33615 70
70583.000000  33634 70
70597.000000  33643 70
70651.000000  33677 70
70675.000000  33693 70
70707.000000  33713 70
70731.000000  33728 70
70765.000000  33750 70
70791.000000  33766 70
70791.000000  33766 70
70807.000000  33777 70
70839.000000  33797 70
70907.000000  33840 70
70949.000000  33867 70
70977.000000  33885 70
71025.000000  33915 70
71025.000000  33915 70
71079.000000  33949 70
71189.000000  34019 70
71189.000000  34019 70
71215.000000  34036 70
71269.000000  34070 70
71279.000000  34076 70
71309.000000  34095 70
71309.000000  34095 70
71337.000000  34113 70
71399.000000  34153 70
71401.000000  34154 70
71455.000000  34188 70
71491.000000  34211 70
71527.000000  34234 70
71579.000000  34267 70
71649.000000  34311 70
71687.000000  34336 70
71699.000000  34343 70
71737.000000  34367 70
71755.000000  34379 70
71769.000000  34388 70
71791.000000  34402 70
71799.000000  34407 70
71833.000000  34428 70
71911.000000  34478 70
71911.000000  34478 70
71935.000000  34493 70
71961.000000  34510 70
72035.000000  34557 70
72035.000000  34557 70
72213.000000  34670 70
72255.000000  34697 70
72307.000000  34729 70
72439.000000  34813 70
72473.000000  34835 70
72527.000000  34869 70
72655.000000  34951 70
72669.000000  34960 70
72679.000000  34966 70
72679.000000  34966 70
72729.000000  34998 70
72793.000000  35039 70
72853.000000  35077 70
72919.000000  35119 70
72965.000000  35148 70
72965.000000  35148 70
72965.000000  35148 70
72965.000000  35148 70
73013.000000  35178 70
73043.000000  35197 70
73057.000000  35206 70
73091.000000  35228 70
73125.000000  35249 70
73179.000000  35284 70
73203.000000  35299 70
73215.000000  35307 70
73217.000000  35308 70
73247.000000  35327 70
73271.000000  35342 70
73303.000000  35363 70
73357.000000  35397 70
73379.000000  35411 70
73393.000000  35420 70
73469.000000  35468 70
73481.000000  35476 70
73501.000000  35489 70
73503.000000  35490 70
73525.000000  35504 70
73575.000000  35536 70
73605.000000  35555 70
73659.000000  35589 70
73675.000000  35599 70
73707.000000  35620 70
73737.000000  35639 70
73803.000000  35681 70
73837.000000  35702 70
73915.000000  35752 70
73917.000000  35753 70
73951.000000  35775 70
73975.000000  35790 70
73983.000000  35795 70
74017.000000  35817 70
74051.000000  35838 70
74051.000000  35838 70
74083.000000  35859 70
74117.000000  35880 70
74135.000000  35892 70
74159.000000  35907 70
74193.000000  35929 70
74225.000000  35949 70
74293.000000  35992 70
74331.000000  36017 70
74365.000000  36038 70
74399.000000  36060 70
74523.000000  36139 70
74587.000000  36179 70
74587.000000  36179 70
74645.000000  36216 70
74659.000000  36225 70
74677.000000  36236 70
74709.000000  36257 70
74711.000000  36258 70
74765.000000  36292 70
74799.000000  36314 70
74849.000000  36346 70
74865.000000  36356 70
74915.000000  36388 70
74923.000000  36393 70
74959.000000  36416 70
75051.000000  36474 70
75081.000000  36493 70
75137.000000  36529 70
75137.000000  36529 70
75153.000000  36539 70
75175.000000  36553 70
75189.000000  36562 70
75223.000000  36583 70
75255.000000  36604 70
75257.000000  36605 70
75315.000000  36642 70
75351.000000  36665 70
75389.000000  36689 70
75439.000000  36721 70
75455.000000  36731 70
75525.000000  36775 70
75543.000000  36787 70
75629.000000  36842 70
75679.000000  36873 70
75681.000000  36875 70
75709.000000  36893 70
75763.000000  36927 70
75765.000000  36928 70
75817.000000  36961 70
75915.000000  37023 70
75917.000000  37025 70
75949.000000  37045 70
75979.000000  37064 70
76015.000000  37087 70
76065.000000  37119 70
76141.000000  37167 70
76141.000000  37167 70
76235.000000  37227 70
76237.000000  37228 70
76287.000000  37260 70
76323.000000  37283 70
76375.000000  37316 70
76375.000000  37316 70
76569.000000  37439 70
76571.000000  37440 70
76585.000000  37449 70
76669.000000  37503 70
76725.000000  37538 70
76727.000000  37539 70
76753.000000  37556 70
76769.000000  37566 70
76813.000000  37594 70
76845.000000  37615 70
76869.000000  37630 70
76915.000000  37659 70
76915.000000  37659 70
76951.000000  37682 70
76975.000000  37697 70
77035.000000  37735 70
77067.000000  37755 70
77091.000000  37771 70
77105.000000  37780 70
77161.000000  37815 70
77201.000000  37841 70
77257.000000  37876 70
77311.000000  37911 70
77311.000000  37911 70
77335.000000  37926 70
77349.000000  37935 70
77379.000000  37954 70
77481.000000  38019 70
77503.000000  38033 70
77525.000000  38047 70
77617.000000  38105 70
77695.000000  38155 70
77805.000000  38225 70
77843.000000  38249 70
77845.000000  38250 70
77863.000000  38262 70
77863.000000  38262 70
77913.000000  38293 70
77989.000000  38342 70
78017.000000  38359 70
78103.000000  38414 70
78235.000000  38498 70
78251.000000  38508 70
78329.000000  38558 70
78365.000000  38581 70
78387.000000  38595 70
78387.000000  38595 70
78483.000000  38656 70
78749.000000  38825 70
78893.000000  38916 70
78895.000000  38918 70
78961.000000  38960 70
78961.000000  38960 70
78961.000000  38960 70
79017.000000  38995 70
79019.000000  38996 70
79073.000000  39031 70
79073.000000  39031 70
79083.000000  39037 70
79117.000000  39059 70
79139.000000  39073 70
79181.000000  39099 70
79181.000000  39099 70
79181.000000  39099 70
79199.000000  39111 70
79201.000000  39112 70
79279.000000  39162 70
79327.000000  39192 70
79371.000000  39220 70
79415.000000  39248 70
79415.000000  39248 70
79433.000000  39259 70
79471.000000  39284 70
79471.000000  39284 70
79517.000000  39313 70
79609.000000  39371 70
79637.000000  39389 70
79639.000000  39391 70
79689.000000  39422 70
79723.000000  39444 70
79753.000000  39463 70
79813.000000  39501 70
79843.000000  39520 70
79843.000000  39520 70
79873.000000  39539 70
79919.000000  39568 70
79935.000000  39579 70
79953.000000  39590 70
79965.000000  39598 70
79987.000000  39612 70
80011.000000  39627 70
80043.000000  39647 70
80043.000000  39647 70
80075.000000  39667 70
80083.000000  39673 70
80103.000000  39685 70
80103.000000  39685 70
80129.000000  39702 70
80157.000000  39720 70
80157.000000  39720 70
80175.000000  39731 70
80205.000000  39750 70
80205.000000  39750 70
80231.000000  39767 70
80265.000000  39788 70
80267.000000  39789 70
80287.000000  39802 70
80301.000000  39811 70
80301.000000  39811 70
80301.000000  39811 70
80301.000000  39811 70
80389.000000  39867 70
80419.000000  39886 70
80457.000000  39910 70
80485.000000  39928 70
80505.000000  39941 70
80531.000000  39957 70
80609.000000  40007 70
80689.000000  40058 70
80691.000000  40059 70
80721.000000  40078 70
80733.000000  40086 70
80763.000000  40105 70
80795.000000  40125 70
80819.000000  40140 70
80851.000000  40161 70
80905.000000  40195 70
80935.000000  40214 70
80937.000000  40215 70
80963.000000  40232 70
81015.000000  40265 70
81015.000000  40265 70
81045.000000  40284 70
81047.000000  40285 70
81101.000000  40319 70
81127.000000  40336 70
81215.000000  40392 70
81241.000000  40408 70
81319.000000  40458 70
81431.000000  40529 70
81505.000000  40576 70
81635.000000  40659 70
81693.000000  40695 70
81745.000000  40729 70
81765.000000  40741 70
81849.000000  40795 70
81871.000000  40809 70
81939.000000  40852 70
82031.000000  40910 70
82031.000000  40910 70
82081.000000  40942 70
82081.000000  40942 70
82081.000000  40942 70
82245.000000  41046 70
82267.000000  41060 70
82267.000000  41060 70
82327.000000  41098 70
82479.000000  41195 70
82535.000000  41230 70
82689.000000  41328 70
82691.000000  41330 70
82745.000000  41364 70
82771.000000  41381 70
82841.000000  41425 70
82843.000000  41426 70
82929.000000  41481 70
82951.000000  41495 70
82985.000000  41516 70
83059.000000  41563 70
83089.000000  41583 70
83091.000000  41584 70
83175.000000  41637 70
83309.000000  41722 70
83355.000000  41751 70
83449.000000  41811 70
83477.000000  41829 70
83573.000000  41890 70
83647.000000  41937 70
83733.000000  41992 70
83779.000000  42021 70
83805.000000  42037 70
83937.000000  42121 70
83949.000000  42129 70
84063.000000  42202 70
84135.000000  42247 70
84255.000000  42324 70
84363.000000  42392 70
84439.000000  42441 70
84473.000000  42462 70
84497.000000  42477 70
84499.000000  42479 70
84631.000000  42563 70
84633.000000  42564 70
84657.000000  42579 70
84671.000000  42588 70
84703.000000  42609 70
84739.000000  42631 70
84767.000000  42649 70
84769.000000  42650 70
84827.000000  42687 70
84829.000000  42689 70
84857.000000  42706 70
84887.000000  42725 70
84919.000000  42746 70
84949.000000  42765 70
85011.000000  42804 70
85013.000000  42805 70
85077.000000  42846 70
85077.000000  42846 70
85099.000000  42860 70
85113.000000  42869 70
85131.000000  42880 70
85193.000000  42920 70
85207.000000  42929 70
85223.000000  42939 70
85277.000000  42973 70
85335.000000  43010 70
85409.000000  43057 70
85481.000000  43103 70
85481.000000  43103 70
85507.000000  43119 70
87495.000000  44383 70
87531.000000  44406 70
87531.000000  44406 70
87637.000000  44473 70
87675.000000  44497 70
87709.000000  44519 70
87725.000000  44529 70
87791.000000  44571 70
87839.000000  44602 70
87841.000000  44603 70
87869.000000  44621 70
87947.000000  44670 70
87947.000000  44670 70
87947.000000  44670 70
87965.000000  44682 70
87965.000000  44682 70
87995.000000  44701 70
88019.000000  44716 70
88035.000000  44726 70
88051.000000  44736 70
88053.000000  44738 70
88055.000000  44739 70
88055.000000  44739 70
88085.000000  44758 70
88101.000000  44768 70
88141.000000  44794 70
88143.000000  44795 70
88193.000000  44827 70
88217.000000  44842 70
88273.000000  44877 70
88275.000000  44879 70
88291.000000  44889 70
88313.000000  44903 70
88327.000000  44912 70
88349.000000  44926 70
88371.000000  44940 70
88443.000000  44986 70
88501.000000  45023 70
88669.000000  45129 70
88675.000000  45133 70
88695.000000  45146 70
88703.000000  45151 70
88733.000000  45170 70
88787.000000  45204 70
88803.000000  45215 70
88867.000000  45255 70
88867.000000  45255 70
88917.000000  45287 70
88999.000000  45339 70
89049.000000  45371 70
89077.000000  45389 70
89111.000000  45410 70
89111.000000  45410 70
89111.000000  45410 70
89111.000000  45410 70
89111.000000  45410 70
89193.000000  45463 70
89195.000000  45464 70
89253.000000  45501 70
89255.000000  45502 70
89289.000000  45523 70
89311.000000  45537 70
89325.000000  45546 70
89355.000000  45565 70
89355.000000  45565 70
89381.000000  45582 70
89417.000000  45605 70
89437.000000  45617 70
89467.000000  45637 70
89481.000000  45645 70
89511.000000  45665 70
89531.000000  45677 70
89581.000000  45709 70
89635.000000  45743 70
89671.000000  45766 70
89671.000000  45766 70
89689.000000  45778 70
89711.000000  45792 70
89751.000000  45817 70
89751.000000  45817 70
89751.000000  45817 70
89805.000000  45851 70
89843.000000  45875 70
89843.000000  45875 70
89879.000000  45898 70
89901.000000  45912 70
89935.000000  45934 70
89935.000000  45934 70
89935.000000  45934 70
89961.000000  45950 70
89963.000000  45952 70
89993.000000  45971 70
89995.000000  45972 70
90015.000000  45985 70
90031.000000  45995 70
90041.000000  46001 70
90059.000000  46013 70
90087.000000  46031 70
90235.000000  46125 70
90247.000000  46132 70
90271.000000  46147 70
90307.000000  46170 70
90321.000000  46179 70
90343.000000  46193 70
90343.000000  46193 70
90359.000000  46203 70
90397.000000  46228 70
90429.000000  46248 70
90461.000000  46268 70
90463.000000  46269 70
90465.000000  46271 70
90495.000000  46290 70
90517.000000  46304 70
90533.000000  46314 70
90607.000000  46361 70
90623.000000  46371 70
90701.000000  46421 70
90733.000000  46441 70
90733.000000  46441 70
90753.000000  46454 70
90781.000000  46472 70
90789.000000  46477 70
90823.000000  46498 70
90843.000000  46511 70
90845.000000  46512 70
90923.000000  46562 70
90939.000000  46572 70
90987.000000  46603 70
91039.000000  46636 70
91041.000000  46637 70
91073.000000  46657 70
91127.000000  46691 70
91221.000000  46751 70
91223.000000  46753 70
91281.000000  46789 70
91313.000000  46810 70
91339.000000  46826 70
91385.000000  46855 70
91441.000000  46891 70
91507.000000  46933 70
91621.000000  47005 70
91621.000000  47005 70
91723.000000  47071 70
91783.000000  47109 70
91783.000000  47109 70
91819.000000  47131 70
91841.000000  47145 70
91875.000000  47167 70
92003.000000  47248 70
92051.000000  47279 70
92083.000000  47299 70
92083.000000  47299 70
92281.000000  47425 70
92343.000000  47465 70
92345.000000  47466 70
92487.000000  47556 70
92581.000000  47616 70
92583.000000  47617 70
92707.000000  47696 70
92715.000000  47701 70
92749.000000  47723 70
92813.000000  47763 70
92843.000000  47783 70
92843.000000  47783 70
92853.000000  47789 70
92889.000000  47812 70
92961.000000  47857 70
92995.000000  47879 70
93049.000000  47913 70
93079.000000  47933 70
93093.000000  47941 70
93125.000000  47962 70
93367.000000  48115 70
93369.000000  48117 70
93393.000000  48132 70
93443.000000  48164 70
93537.000000  48224 70
93559.000000  48237 70
93615.000000  48273 70
93649.000000  48295 70
93671.000000  48309 70
93685.000000  48318 70
93711.000000  48334 70
93745.000000  48356 70
93747.000000  48357 70
93819.000000  48403 70
93835.000000  48413 70
93861.000000  48429 70
93905.000000  48457 70
93907.000000  48459 70
93929.000000  48473 70
93949.000000  48485 70
93949.000000  48485 70
93977.000000  48503 70
93997.000000  48516 70
94055.000000  48553 70
94079.000000  48568 70
94121.000000  48595 70
94155.000000  48616 70
94157.000000  48617 70
94177.000000  48630 70
94191.000000  48639 70
94209.000000  48651 70
94263.000000  48685 70
94273.000000  48691 70
94329.000000  48727 70
94337.000000  48732 70
94363.000000  48748 70
94415.000000  48781 70
94417.000000  48783 70
94441.000000  48798 70
94497.000000  48833 70
94529.000000  48854 70
94559.000000  48873 70
94607.000000  48903 70
94609.000000  48905 70
94655.000000  48934 70
94687.000000  48954 70
94723.000000  48977 70
94723.000000  48977 70
94763.000000  49003 70
94815.000000  49036 70
94855.000000  49061 70
94921.000000  49103 70
94923.000000  49104 70
94979.000000  49140 70
95013.000000  49162 70
95065.000000  49195 70
95089.000000  49210 70
95123.000000  49231 70
95153.000000  49251 70
95211.000000  49287 70
95235.000000  49303 70
95255.000000  49315 70
95271.000000  49325 70
95287.000000  49336 70
95297.000000  49342 70
95297.000000  49342 70
95317.000000  49355 70
95343.000000  49371 70
95377.000000  49393 70
95423.000000  49422 70
95425.000000  49423 70
95445.000000  49436 70
95491.000000  49465 70
95527.000000  49488 70
95549.000000  49502 70
95583.000000  49524 70
95635.000000  49557 70
95667.000000  49577 70
95723.000000  49613 70
95725.000000  49614 70
95757.000000  49634 70
95783.000000  49651 70
95847.000000  49691 70
95849.000000  49693 70
95905.000000  49728 70
95955.000000  49760 70
95999.000000  49788 70
96041.000000  49815 70
96063.000000  49829 70
96117.000000  49863 70
96117.000000  49863 70
96153.000000  49886 70
96177.000000  49901 70
96211.000000  49923 70
96211.000000  49923 70
96211.000000  49923 70
96285.000000  49970 70
96321.000000  49993 70
96375.000000  50027 70
96429.000000  50061 70
96459.000000  50081 70
96461.000000  50082 70
96483.000000  50096 70
96587.000000  50162 70
96587.000000  50162 70
96611.000000  50177 70
96657.000000  50206 70
96659.000000  50208 70
96707.000000  50238 70
96733.000000  50255 70
96791.000000  50292 70
96829.000000  50316 70
96831.000000  50317 70
96851.000000  50330 70
96859.000000  50335 70
96893.000000  50357 70
96895.000000  50358 70
96921.000000  50374 70
96953.000000  50395 70
97007.000000  50429 70
97031.000000  50444 70
97087.000000  50480 70
97137.000000  50512 70
97137.000000  50512 70
97169.000000  50532 70
97267.000000  50594 70
97267.000000  50594 70
97307.000000  50620 70
97343.000000  50643 70
97377.000000  50664 70
97401.000000  50679 70
97417.000000  50690 70
97461.000000  50718 70
97463.000000  50719 70
97525.000000  50758 70
97601.000000  50807 70
97635.000000  50828 70
97637.000000  50829 70
97689.000000  50863 70
97717.000000  50881 70
97771.000000  50915 70
97773.000000  50916 70
97819.000000  50945 70
97845.000000  50962 70
97859.000000  50971 70
97915.000000  51006 70
97943.000000  51024 70
97943.000000  51024 70
97943.000000  51024 70
97943.000000  51024 70
98035.000000  51083 70
98071.000000  51105 70
98099.000000  51123 70
98101.000000  51125 70
98129.000000  51142 70
98181.000000  51175 70
98181.000000  51175 70
98235.000000  51210 70
98259.000000  51225 70
98293.000000  51247 70
98315.000000  51261 70
98349.000000  51282 70
98373.000000  51297 70
98375.000000  51299 70
98389.000000  51308 70
98439.000000  51339 70
98451.000000  51347 70
98453.000000  51348 70
98473.000000  51361 70
98475.000000  51362 70
98505.000000  51381 70
98537.000000  51402 70
98615.000000  51451 70
98667.000000  51485 70
98691.000000  51500 70
98745.000000  51534 70
98773.000000  51552 70
98773.000000  51552 70
98789.000000  51562 70
98823.000000  51584 70
98825.000000  51585 70
98875.000000  51617 70
98911.000000  51640 70
98945.000000  51661 70
98945.000000  51661 70
98969.000000  51677 70
99019.000000  51708 70
99053.000000  51730 70
99053.000000  51730 70
99083.000000  51749 70
99083.000000  51749 70
99117.000000  51771 70
99165.000000  51801 70
99189.000000  51817 70
99203.000000  51825 70
99219.000000  51835 70
99269.000000  51867 70
99293.000000  51883 70
99295.000000  51884 70
99321.000000  51901 70
99355.000000  51922 70
99387.000000  51943 70
99387.000000  51943 70
99447.000000  51981 70
99479.000000  52001 70
99509.000000  52020 70
99543.000000  52042 70
99577.000000  52063 70
99607.000000  52082 70
99663.000000  52118 70
99665.000000  52119 70
99697.000000  52140 70
99745.000000  52170 70
99777.000000  52191 70
99797.000000  52203 70
99811.000000  52212 70
99811.000000  52212 70
99855.000000  52240 70
99895.000000  52265 70
99911.000000  52276 70
99933.000000  52290 70
99959.000000  52306 70
99975.000000  52316 70
100029.000000  52351 70
100043.000000  52360 70
100059.000000  52370 70
100059.000000  52370 70
100083.000000  52385 70
100109.000000  52402 70
100143.000000  52423 70
100219.000000  52472 70
100221.000000  52473 70
100277.000000  52509 70
100291.000000  52517 70
100321.000000  52537 70
100339.000000  52548 70
100385.000000  52577 70
100427.000000  52604 70
100443.000000  52614 70
100459.000000  52624 70
100479.000000  52637 70
100505.000000  52653 70
100567.000000  52693 70
100587.000000  52706 70
100631.000000  52734 70
100719.000000  52790 70
100721.000000  52791 70
100787.000000  52833 70
100853.000000  52875 70
100923.000000  52919 70
100981.000000  52956 70
101025.000000  52984 70
101053.000000  53002 70
101099.000000  53031 70
101119.000000  53044 70
101167.000000  53075 70
101217.000000  53106 70
101219.000000  53107 70
101281.000000  53147 70
101315.000000  53169 70
101347.000000  53189 70
101383.000000  53212 70
101457.000000  53259 70
101515.000000  53296 70
101581.000000  53338 70
101583.000000  53339 70
101653.000000  53384 70
101675.000000  53398 70
101723.000000  53428 70
101817.000000  53488 70
101851.000000  53510 70
101863.000000  53517 70
101879.000000  53527 70
101935.000000  53563 70
101943.000000  53568 70
101979.000000  53591 70
102011.000000  53611 70
102045.000000  53633 70
102101.000000  53669 70
102103.000000  53670 70
102197.000000  53730 70
102223.000000  53746 70
102243.000000  53759 70
102273.000000  53778 70
102351.000000  53827 70
102373.000000  53842 70
102397.000000  53857 70
102451.000000  53891 70
102463.000000  53899 70
102493.000000  53918 70
102541.000000  53948 70
102577.000000  53971 70
102631.000000  54006 70
102659.000000  54023 70
102695.000000  54046 70
102697.000000  54048 70
102717.000000  54060 70
102749.000000  54081 70
102803.000000  54115 70
102827.000000  54130 70
102859.000000  54151 70
102891.000000  54171 70
102921.000000  54190 70
102939.000000  54201 70
102941.000000  54203 70
102961.000000  54215 70
102983.000000  54229 70
102985.000000  54231 70
103019.000000  54252 70
103019.000000  54252 70
103019.000000  54252 70
103019.000000  54252 70
103019.000000  54252 70
103019.000000  54252 70
103137.000000  54327 70
103193.000000  54363 70
103207.000000  54372 70
103239.000000  54392 70
103293.000000  54427 70
103317.000000  54442 70
103349.000000  54462 70
103381.000000  54483 70
103415.000000  54504 70
103469.000000  54538 70
103493.000000  54554 70
103539.000000  54583 70
103601.000000  54622 70
103633.000000  54643 70
103657.000000  54658 70
103717.000000  54696 70
103717.000000  54696 70
103737.000000  54709 70
103769.000000  54729 70
103789.000000  54742 70
103789.000000  54742 70
103831.000000  54769 70
103853.000000  54783 70
103855.000000  54784 70
103869.000000  54793 70
103887.000000  54804 70
103891.000000  54807 70
103913.000000  54821 70
103945.000000  54841 70
103947.000000  54842 70
104009.000000  54882 70
104011.000000  54883 70
104033.000000  54897 70
104087.000000  54931 70
104121.000000  54953 70
104139.000000  54964 70
104141.000000  54966 70
104151.000000  54972 70
104169.000000  54983 70
104213.000000  55011 70
104213.000000  55011 70
104225.000000  55019 70
104277.000000  55052 70
104297.000000  55065 70
104323.000000  55081 70
104371.000000  55112 70
104373.000000  55113 70
104409.000000  55136 70
104409.000000  55136 70
104429.000000  55149 70
104443.000000  55158 70
104475.000000  55178 70
104589.000000  55250 70
104619.000000  55269 70
104621.000000  55271 70
104631.000000  55277 70
104685.000000  55311 70
104719.000000  55333 70
104743.000000  55348 70
104779.000000  55371 70
104781.000000  55372 70
104811.000000  55391 70
104863.000000  55425 70
104901.000000  55449 70
104919.000000  55460 70
104921.000000  55461 70
104939.000000  55473 70
104941.000000  55474 70
104951.000000  55480 70
105011.000000  55519 70
105087.000000  55567 70
105147.000000  55605 70
105179.000000  55625 70
105233.000000  55660 70
105257.000000  55675 70
105313.000000  55711 70
105369.000000  55746 70
105371.000000  55747 70
105403.000000  55768 70
105429.000000  55784 70
105453.000000  55799 70
105489.000000  55822 70
105519.000000  55841 70
105519.000000  55841 70
105535.000000  55852 70
105551.000000  55862 70
105569.000000  55873 70
105579.000000  55880 70
105599.000000  55892 70
105619.000000  55905 70
105619.000000  55905 70
105637.000000  55916 70
105637.000000  55916 70
105669.000000  -1 70
105669.000000  -1 70
105693.000000  55952 70
105709.000000  55962 70
105709.000000  55962 70
105731.000000  55976 70
105785.000000  56011 70
105813.000000  56028 70
105849.000000  56051 70
105877.000000  56069 70
105909.000000  56089 70
105963.000000  56124 70
105987.000000  56139 70
106019.000000  56159 70
106063.000000  56187 70
106063.000000  56187 70
106101.000000  56211 70
106131.000000  56231 70
106159.000000  56248 70
106159.000000  56248 70
106187.000000  56266 70
106277.000000  56323 70
106299.000000  56337 70
106485.000000  56456 70
106487.000000  56457 70
106503.000000  56467 70
106531.000000  56485 70
106531.000000  56485 70
106585.000000  56519 70
106639.000000  56554 70
106717.000000  56603 70
106763.000000  56633 70
106763.000000  56633 70
106827.000000  56673 70
106901.000000  56720 70
106943.000000  56747 70
106943.000000  56747 70
107011.000000  56790 70
107011.000000  56790 70
107035.000000  56805 70
107069.000000  56827 70
107097.000000  56845 70
107107.000000  56851 70
107181.000000  56898 70
107291.000000  56968 70
107367.000000  57017 70
107383.000000  57027 70
107431.000000  57057 70
107443.000000  57065 70
107487.000000  57093 70
107517.000000  57112 70
107531.000000  57121 70
107533.000000  57122 70
107629.000000  57183 70
107641.000000  57191 70
107699.000000  57228 70
107715.000000  57238 70
107779.000000  57279 70
107849.000000  57323 70
107881.000000  57344 70
107903.000000  57358 70
107919.000000  57368 70
107935.000000  57378 70
107971.000000  57401 70
108005.000000  57423 70
108031.000000  57439 70
108045.000000  57448 70
108075.000000  57467 70
108091.000000  57477 70
108115.000000  57493 70
108115.000000  57493 70
108149.000000  57514 70
108161.000000  57522 70
108163.000000  57523 70
108185.000000  57537 70
108225.000000  57563 70
108237.000000  57570 70
108237.000000  57570 70
108263.000000  57587 70
108291.000000  57605 70
108323.000000  57625 70
108347.000000  57640 70
108379.000000  57660 70
108409.000000  57679 70
108443.000000  57701 70
108497.000000  57735 70
108521.000000  57751 70
108617.000000  57812 70
108619.000000  57813 70
108635.000000  57823 70
108651.000000  57833 70
108713.000000  57873 70
108757.000000  57901 70
108813.000000  57936 70
108813.000000  57936 70
108847.000000  57958 70
108951.000000  58024 70
108951.000000  58024 70
108951.000000  58024 70
109005.000000  58058 70
109109.000000  58124 70
109133.000000  58140 70
109207.000000  58187 70
109265.000000  58223 70
109287.000000  58237 70
109307.000000  58250 70
109353.000000  58280 70
109403.000000  58311 70
109403.000000  58311 70
109437.000000  58333 70
109469.000000  58353 70
109471.000000  58355 70
109487.000000  58365 70
109511.000000  58380 70
109529.000000  58391 70
109529.000000  58391 70
109581.000000  58425 70
109649.000000  58468 70
109701.000000  58501 70
109719.000000  58512 70
109775.000000  58548 70
109833.000000  58585 70
109841.000000  58590 70
109909.000000  58633 70
109911.000000  58635 70
109943.000000  58655 70
109993.000000  58687 70
110037.000000  58715 70
110059.000000  58729 70
110059.000000  58729 70
110089.000000  58748 70
110135.000000  58777 70
110163.000000  58795 70
110191.000000  58813 70
110207.000000  58823 70
110261.000000  58857 70
110275.000000  58866 70
110305.000000  58885 70
110363.000000  58922 70
110365.000000  58923 70
110385.000000  58936 70
110385.000000  58936 70
110419.000000  58957 70
110473.000000  58992 70
110475.000000  58993 70
110495.000000  59006 70
110495.000000  59006 70
110505.000000  59012 70
110551.000000  59041 70
110553.000000  59043 70
110615.000000  59082 70
110635.000000  59095 70
110649.000000  59104 70
110665.000000  59114 70
110679.000000  59123 70
110725.000000  59152 70
110737.000000  59160 70
110749.000000  59167 70
110769.000000  59180 70
110781.000000  59188 70
110813.000000  59208 70
110833.000000  59221 70
110869.000000  59244 70
110893.000000  59259 70
110907.000000  59268 70
110925.000000  59279 70
110929.000000  59282 70
110949.000000  59294 70
110951.000000  59296 70
110983.000000  59316 70
111019.000000  59339 70
111051.000000  59359 70
111053.000000  59361 70
111079.000000  59377 70
111079.000000  59377 70
111079.000000  59377 70
111139.000000  59415 70
111141.000000  59417 70
111189.000000  59447 70
111191.000000  59448 70
111237.000000  59477 70
111239.000000  59479 70
111259.000000  59491 70
111261.000000  59493 70
111305.000000  59521 70
111347.000000  59547 70
111393.000000  59577 70
111393.000000  59577 70
111449.000000  59612 70
111469.000000  59625 70
111533.000000  59666 70
111567.000000  59687 70
111601.000000  59709 70
111625.000000  59724 70
111633.000000  59729 70
111633.000000  59729 70
111689.000000  59765 70
111689.000000  59765 70
111723.000000  59787 70
111753.000000  59805 70
111817.000000  59846 70
111819.000000  59847 70
111861.000000  59874 70
111895.000000  59896 70
111929.000000  59917 70
111931.000000  59919 70
111947.000000  59929 70
111963.000000  59939 70
111997.000000  59961 70
112015.000000  59972 70
112065.000000  60004 70
112095.000000  60023 70
112115.000000  60036 70
112115.000000  60036 70
112155.000000  60061 70
112157.000000  60062 70
112177.000000  60075 70
112237.000000  60113 70
112239.000000  60115 70
112397.000000  60215 70
112399.000000  60216 70
112419.000000  60229 70
112421.000000  60230 70
112467.000000  60259 70
112501.000000  60281 70
112523.000000  60295 70
112537.000000  60304 70
112581.000000  60332 70
112597.000000  60342 70
112615.000000  60353 70
112639.000000  60369 70
112647.000000  60374 70
112695.000000  60404 70
112725.000000  60423 70
112755.000000  60443 70
112771.000000  60453 70
112813.000000  60479 70
112919.000000  60547 70
112971.000000  60580 70
112971.000000  60580 70
112997.000000  60596 70
113029.000000  60617 70
113053.000000  60632 70
113067.000000  60641 70
113101.000000  60662 70
113157.000000  60698 70
113201.000000  60726 70
113233.000000  60746 70
113257.000000  60761 70
113307.000000  60793 70
113343.000000  60816 70
113357.000000  60825 70
113373.000000  60835 70
113427.000000  60870 70
113429.000000  60871 70
113487.000000  60908 70
113557.000000  60952 70
113625.000000  60995 70
113631.000000  60999 70
113633.000000  61001 70
113665.000000  61021 70
113695.000000  61040 70
113697.000000  61041 70
113725.000000  61059 70
113783.000000  61096 70
113785.000000  61097 70
113873.000000  61153 70
113873.000000  61153 70
113951.000000  61203 70
113983.000000  61223 70
113997.000000  61232 70
114033.000000  61255 70
114049.000000  61265 70
114079.000000  61284 70
114103.000000  61299 70
114135.000000  61320 70
114157.000000  61334 70
114191.000000  61355 70
114225.000000  61377 70
114279.000000  61411 70
114333.000000  61445 70
115801.000000  62379 70
115803.000000  62380 70
115823.000000  62393 70
115847.000000  62408 70
115881.000000  62430 70
115887.000000  62433 70
115923.000000  62456 70
115937.000000  62465 70
115955.000000  62477 70
115971.000000  62487 70
115987.000000  62497 70
116015.000000  62515 70
116037.000000  62529 70
116071.000000  62551 70
116123.000000  62583 70
116123.000000  62583 70
116149.000000  62600 70
116161.000000  62608 70
116189.000000  62625 70
116247.000000  62662 70
116279.000000  62683 70
116307.000000  62701 70
116309.000000  62702 70
116333.000000  62717 70
116349.000000  62727 70
116365.000000  62737 70
116403.000000  62761 70
116403.000000  62761 70
116427.000000  62777 70
116441.000000  62786 70
116469.000000  62803 70
116533.000000  62844 70
116629.000000  62905 70
116653.000000  62920 70
116709.000000  62956 70
116741.000000  62976 70
116743.000000  62978 70
116817.000000  63025 70
116907.000000  63082 70
116933.000000  63098 70
116957.000000  63114 70
117007.000000  63145 70
117067.000000  63183 70
117079.000000  63191 70
117099.000000  63204 70
117101.000000  63205 70
117129.000000  63223 70
117143.000000  63232 70
117229.000000  63287 70
117229.000000  63287 70
117273.000000  63315 70
117371.000000  63377 70
117395.000000  63392 70
117427.000000  63413 70
117481.000000  63447 70
117503.000000  63461 70
117517.000000  63470 70
117631.000000  63542 70
117657.000000  63559 70
117755.000000  63621 70
118051.000000  63809 70
118051.000000  63809 70
118051.000000  63809 70
118079.000000  63827 70
118081.000000  63828 70
118109.000000  63846 70
118183.000000  63893 70
118185.000000  63894 70
118237.000000  63927 70
118285.000000  63958 70
118297.000000  63965 70
118317.000000  63978 70
118347.000000  63997 70
118381.000000  64019 70
118399.000000  64030 70
118477.000000  64080 70
118507.000000  64099 70
118573.000000  64141 70
118587.000000  64150 70
118661.000000  64197 70
118725.000000  64237 70
118739.000000  64246 70
118739.000000  64246 70
118773.000000  64268 70
118797.000000  64283 70
118863.000000  64325 70
118895.000000  64346 70
118923.000000  64363 70
118939.000000  64374 70
118987.000000  64404 70
119021.000000  64426 70
119053.000000  64446 70
119109.000000  64482 70
119137.000000  64499 70
119155.000000  64511 70
119171.000000  64521 70
119203.000000  64541 70
119231.000000  64559 70
119265.000000  64581 70
119339.000000  64628 70
119355.000000  64638 70
119413.000000  64675 70
119447.000000  64697 70
119473.000000  64713 70
119523.000000  64745 70
119607.000000  64798 70
119619.000000  64806 70
119635.000000  64816 70
119705.000000  64861 70
119767.000000  64900 70
119831.000000  64941 70
119853.000000  64955 70
119863.000000  64961 70
119919.000000  64997 70
119921.000000  64998 70
119979.000000  65035 70
120013.000000  65056 70
120043.000000  65075 70
120103.000000  65114 70
120105.000000  65115 70
120195.000000  65172 70
120215.000000  65185 70
120233.000000  65196 70
120253.000000  65209 70
120275.000000  65223 70
120283.000000  65228 70
120309.000000  65245 70
120311.000000  65246 70
120387.000000  65294 70
120445.000000  65331 70
120503.000000  65368 70
120539.000000  65391 70
120541.000000  65392 70
120591.000000  65424 70
120645.000000  65458 70
120669.000000  65473 70
120725.000000  65509 70
120725.000000  65509 70
120811.000000  65563 70
120835.000000  65579 70
120853.000000  65590 70
120871.000000  65602 70
120925.000000  65636 70
120943.000000  65647 70
120965.000000  65661 70
121023.000000  65698 70
121025.000000  65699 70
121053.000000  65717 70
121079.000000  65734 70
121111.000000  65754 70
121135.000000  65769 70
121137.000000  65771 70
121191.000000  65805 70
121225.000000  65827 70
121299.000000  65874 70
121315.000000  65884 70
121315.000000  65884 70
121349.000000  65905 70
121381.000000  65926 70
