0.000000 21201.000000
0.000000 21203.000000
0.000000 21205.000000
0.000000 21207.000000
0.000000 21209.000000
0.000000 21211.000000
0.000000 21213.000000
0.000000 21215.000000
1.000000 21217.000000
1.000000 21219.000000
1.000000 21221.000000
1.000000 21223.000000
2.000000 21225.000000
2.000000 21227.000000
3.000000 21229.000000
3.000000 21231.000000
4.000000 21233.000000
4.000000 21235.000000
5.000000 21237.000000
5.000000 21239.000000
6.000000 21241.000000
6.000000 21243.000000
7.000000 21245.000000
7.000000 21247.000000
8.000000 21249.000000
9.000000 21251.000000
9.000000 21253.000000
10.000000 21255.000000
11.000000 21257.000000
12.000000 21259.000000
12.000000 21261.000000
13.000000 21263.000000
14.000000 21265.000000
15.000000 21267.000000
15.000000 21269.000000
16.000000 21271.000000
17.000000 21273.000000
18.000000 21275.000000
19.000000 21277.000000
20.000000 21279.000000
21.000000 21281.000000
21.000000 21283.000000
22.000000 21285.000000
23.000000 21287.000000
24.000000 21289.000000
25.000000 21291.000000
26.000000 21293.000000
27.000000 21295.000000
28.000000 21297.000000
29.000000 21299.000000
30.000000 21301.000000
31.000000 21303.000000
32.000000 21305.000000
33.000000 21307.000000
34.000000 21309.000000
35.000000 21311.000000
36.000000 21313.000000
37.000000 21315.000000
38.000000 21317.000000
39.000000 21319.000000
40.000000 21321.000000
41.000000 21323.000000
42.000000 21325.000000
43.000000 21327.000000
44.000000 21329.000000
45.000000 21331.000000
46.000000 21333.000000
47.000000 21335.000000
48.000000 21337.000000
49.000000 21339.000000
50.000000 21341.000000
51.000000 21343.000000
52.000000 21345.000000
53.000000 21347.000000
55.000000 21349.000000
56.000000 21351.000000
57.000000 21353.000000
58.000000 21355.000000
59.000000 21357.000000
60.000000 21359.000000
61.000000 21361.000000
62.000000 21363.000000
63.000000 21365.000000
64.000000 21367.000000
65.000000 21369.000000
66.000000 21371.000000
67.000000 21373.000000
69.000000 21375.000000
70.000000 21377.000000
71.000000 21379.000000
72.000000 21381.000000
73.000000 21383.000000
74.000000 21385.000000
75.000000 21387.000000
76.000000 21389.000000
77.000000 21391.000000
79.000000 21393.000000
80.000000 21395.000000
81.000000 21397.000000
82.000000 21399.000000
83.000000 21401.000000
84.000000 21403.000000
85.000000 21405.000000
86.000000 21407.000000
87.000000 21409.000000
89.000000 21411.000000
90.000000 21413.000000
91.000000 21415.000000
92.000000 21417.000000
93.000000 21419.000000
94.000000 21421.000000
95.000000 21423.000000
97.000000 21425.000000
98.000000 21427.000000
99.000000 21429.000000
100.000000 21431.000000
101.000000 21433.000000
102.000000 21435.000000
103.000000 21437.000000
104.000000 21439.000000
105.000000 21441.000000
107.000000 21443.000000
108.000000 21445.000000
109.000000 21447.000000
110.000000 21449.000000
111.000000 21451.000000
112.000000 21453.000000
113.000000 21455.000000
115.000000 21457.000000
116.000000 21459.000000
117.000000 21461.000000
118.000000 21463.000000
119.000000 21465.000000
120.000000 21467.000000
121.000000 21469.000000
123.000000 21471.000000
124.000000 21473.000000
125.000000 21475.000000
126.000000 21477.000000
127.000000 21479.000000
128.000000 21481.000000
129.000000 21483.000000
131.000000 21485.000000
132.000000 21487.000000
133.000000 21489.000000
134.000000 21491.000000
135.000000 21493.000000
136.000000 21495.000000
137.000000 21497.000000
139.000000 21499.000000
140.000000 21501.000000
141.000000 21503.000000
142.000000 21505.000000
143.000000 21507.000000
144.000000 21509.000000
145.000000 21511.000000
147.000000 21513.000000
148.000000 21515.000000
149.000000 21517.000000
150.000000 21519.000000
151.000000 21521.000000
152.000000 21523.000000
153.000000 21525.000000
155.000000 21527.000000
156.000000 21529.000000
157.000000 21531.000000
158.000000 21533.000000
159.000000 21535.000000
160.000000 21537.000000
161.000000 21539.000000
162.000000 21541.000000
164.000000 21543.000000
165.000000 21545.000000
166.000000 21547.000000
167.000000 21549.000000
168.000000 21551.000000
169.000000 21553.000000
171.000000 21555.000000
172.000000 21557.000000
173.000000 21559.000000
174.000000 21561.000000
175.000000 21563.000000
176.000000 21565.000000
177.000000 21567.000000
178.000000 21569.000000
179.000000 21571.000000
181.000000 21573.000000
182.000000 21575.000000
183.000000 21577.000000
184.000000 21579.000000
185.000000 21581.000000
186.000000 21583.000000
188.000000 21585.000000
189.000000 21587.000000
190.000000 21589.000000
191.000000 21591.000000
192.000000 21593.000000
193.000000 21595.000000
195.000000 21597.000000
196.000000 21599.000000
197.000000 21601.000000
198.000000 21603.000000
199.000000 21605.000000
200.000000 21607.000000
201.000000 21609.000000
202.000000 21611.000000
203.000000 21613.000000
205.000000 21615.000000
206.000000 21617.000000
207.000000 21619.000000
208.000000 21621.000000
209.000000 21623.000000
210.000000 21625.000000
212.000000 21627.000000
213.000000 21629.000000
214.000000 21631.000000
215.000000 21633.000000
216.000000 21635.000000
217.000000 21637.000000
219.000000 21639.000000
220.000000 21641.000000
221.000000 21643.000000
222.000000 21645.000000
223.000000 21647.000000
224.000000 21649.000000
225.000000 21651.000000
226.000000 21653.000000
227.000000 21655.000000
229.000000 21657.000000
230.000000 21659.000000
231.000000 21661.000000
232.000000 21663.000000
233.000000 21665.000000
235.000000 21667.000000
236.000000 21669.000000
237.000000 21671.000000
238.000000 21673.000000
239.000000 21675.000000
240.000000 21677.000000
241.000000 21679.000000
243.000000 21681.000000
244.000000 21683.000000
245.000000 21685.000000
246.000000 21687.000000
247.000000 21689.000000
248.000000 21691.000000
249.000000 21693.000000
251.000000 21695.000000
252.000000 21697.000000
253.000000 21699.000000
254.000000 21701.000000
255.000000 21703.000000
256.000000 21705.000000
257.000000 21707.000000
259.000000 21709.000000
260.000000 21711.000000
261.000000 21713.000000
262.000000 21715.000000
263.000000 21717.000000
264.000000 21719.000000
265.000000 21721.000000
267.000000 21723.000000
268.000000 21725.000000
269.000000 21727.000000
270.000000 21729.000000
271.000000 21731.000000
272.000000 21733.000000
273.000000 21735.000000
275.000000 21737.000000
276.000000 21739.000000
277.000000 21741.000000
278.000000 21743.000000
279.000000 21745.000000
280.000000 21747.000000
281.000000 21749.000000
283.000000 21751.000000
284.000000 21753.000000
285.000000 21755.000000
286.000000 21757.000000
287.000000 21759.000000
288.000000 21761.000000
289.000000 21763.000000
291.000000 21765.000000
292.000000 21767.000000
293.000000 21769.000000
294.000000 21771.000000
295.000000 21773.000000
296.000000 21775.000000
297.000000 21777.000000
299.000000 21779.000000
300.000000 21781.000000
301.000000 21783.000000
302.000000 21785.000000
303.000000 21787.000000
304.000000 21789.000000
305.000000 21791.000000
307.000000 21793.000000
308.000000 21795.000000
309.000000 21797.000000
310.000000 21799.000000
311.000000 21801.000000
312.000000 21803.000000
313.000000 21805.000000
315.000000 21807.000000
316.000000 21809.000000
317.000000 21811.000000
318.000000 21813.000000
319.000000 21815.000000
320.000000 21817.000000
321.000000 21819.000000
323.000000 21821.000000
324.000000 21823.000000
325.000000 21825.000000
326.000000 21827.000000
327.000000 21829.000000
328.000000 21831.000000
329.000000 21833.000000
331.000000 21835.000000
332.000000 21837.000000
333.000000 21839.000000
334.000000 21841.000000
335.000000 21843.000000
336.000000 21845.000000
337.000000 21847.000000
339.000000 21849.000000
340.000000 21851.000000
341.000000 21853.000000
342.000000 21855.000000
343.000000 21857.000000
344.000000 21859.000000
345.000000 21861.000000
347.000000 21863.000000
348.000000 21865.000000
349.000000 21867.000000
350.000000 21869.000000
351.000000 21871.000000
352.000000 21873.000000
353.000000 21875.000000
355.000000 21877.000000
356.000000 21879.000000
357.000000 21881.000000
358.000000 21883.000000
359.000000 21885.000000
360.000000 21887.000000
361.000000 21889.000000
363.000000 21891.000000
364.000000 21893.000000
365.000000 21895.000000
366.000000 21897.000000
367.000000 21899.000000
368.000000 21901.000000
369.000000 21903.000000
371.000000 21905.000000
372.000000 21907.000000
373.000000 21909.000000
374.000000 21911.000000
375.000000 21913.000000
376.000000 21915.000000
377.000000 21917.000000
379.000000 21919.000000
380.000000 21921.000000
381.000000 21923.000000
382.000000 21925.000000
383.000000 21927.000000
384.000000 21929.000000
385.000000 21931.000000
387.000000 21933.000000
388.000000 21935.000000
389.000000 21937.000000
390.000000 21939.000000
391.000000 21941.000000
392.000000 21943.000000
393.000000 21945.000000
395.000000 21947.000000
396.000000 21949.000000
397.000000 21951.000000
398.000000 21953.000000
399.000000 21955.000000
400.000000 21957.000000
401.000000 21959.000000
403.000000 21961.000000
404.000000 21963.000000
405.000000 21965.000000
406.000000 21967.000000
407.000000 21969.000000
408.000000 21971.000000
409.000000 21973.000000
411.000000 21975.000000
412.000000 21977.000000
413.000000 21979.000000
414.000000 21981.000000
415.000000 21983.000000
416.000000 21985.000000
417.000000 21987.000000
419.000000 21989.000000
420.000000 21991.000000
421.000000 21993.000000
422.000000 21995.000000
423.000000 21997.000000
424.000000 21999.000000
425.000000 22001.000000
427.000000 22003.000000
428.000000 22005.000000
429.000000 22007.000000
430.000000 22009.000000
431.000000 22011.000000
432.000000 22013.000000
434.000000 22015.000000
435.000000 22017.000000
436.000000 22019.000000
437.000000 22021.000000
438.000000 22023.000000
439.000000 22025.000000
440.000000 22027.000000
441.000000 22029.000000
443.000000 22031.000000
444.000000 22033.000000
445.000000 22035.000000
446.000000 22037.000000
447.000000 22039.000000
448.000000 22041.000000
449.000000 22043.000000
451.000000 22045.000000
452.000000 22047.000000
453.000000 22049.000000
454.000000 22051.000000
455.000000 22053.000000
457.000000 22055.000000
458.000000 22057.000000
459.000000 22059.000000
460.000000 22061.000000
461.000000 22063.000000
462.000000 22065.000000
463.000000 22067.000000
464.000000 22069.000000
465.000000 22071.000000
467.000000 22073.000000
468.000000 22075.000000
469.000000 22077.000000
470.000000 22079.000000
471.000000 22081.000000
472.000000 22083.000000
473.000000 22085.000000
475.000000 22087.000000
476.000000 22089.000000
477.000000 22091.000000
478.000000 22093.000000
479.000000 22095.000000
481.000000 22097.000000
482.000000 22099.000000
483.000000 22101.000000
484.000000 22103.000000
485.000000 22105.000000
486.000000 22107.000000
487.000000 22109.000000
489.000000 22111.000000
490.000000 22113.000000
491.000000 22115.000000
492.000000 22117.000000
493.000000 22119.000000
494.000000 22121.000000
494.000000 22121.000000
517.000000 22161.000000
518.000000 22163.000000
519.000000 22165.000000
521.000000 22167.000000
522.000000 22169.000000
523.000000 22171.000000
524.000000 22173.000000
525.000000 22175.000000
526.000000 22177.000000
527.000000 22179.000000
529.000000 22181.000000
530.000000 22183.000000
531.000000 22185.000000
532.000000 22187.000000
533.000000 22189.000000
534.000000 22191.000000
535.000000 22193.000000
537.000000 22195.000000
538.000000 22197.000000
539.000000 22199.000000
540.000000 22201.000000
541.000000 22203.000000
542.000000 22205.000000
543.000000 22207.000000
545.000000 22209.000000
546.000000 22211.000000
547.000000 22213.000000
548.000000 22215.000000
549.000000 22217.000000
550.000000 22219.000000
551.000000 22221.000000
553.000000 22223.000000
554.000000 22225.000000
555.000000 22227.000000
556.000000 22229.000000
557.000000 22231.000000
558.000000 22233.000000
559.000000 22235.000000
561.000000 22237.000000
562.000000 22239.000000
563.000000 22241.000000
564.000000 22243.000000
565.000000 22245.000000
566.000000 22247.000000
567.000000 22249.000000
569.000000 22251.000000
570.000000 22253.000000
571.000000 22255.000000
572.000000 22257.000000
573.000000 22259.000000
574.000000 22261.000000
575.000000 22263.000000
577.000000 22265.000000
578.000000 22267.000000
579.000000 22269.000000
580.000000 22271.000000
581.000000 22273.000000
582.000000 22275.000000
583.000000 22277.000000
583.000000 22277.000000
607.000000 22319.000000
609.000000 22321.000000
610.000000 22323.000000
611.000000 22325.000000
612.000000 22327.000000
613.000000 22329.000000
614.000000 22331.000000
615.000000 22333.000000
617.000000 22335.000000
618.000000 22337.000000
619.000000 22339.000000
620.000000 22341.000000
621.000000 22343.000000
622.000000 22345.000000
623.000000 22347.000000
625.000000 22349.000000
626.000000 22351.000000
627.000000 22353.000000
628.000000 22355.000000
629.000000 22357.000000
630.000000 22359.000000
631.000000 22361.000000
633.000000 22363.000000
634.000000 22365.000000
635.000000 22367.000000
636.000000 22369.000000
637.000000 22371.000000
638.000000 22373.000000
639.000000 22375.000000
641.000000 22377.000000
642.000000 22379.000000
643.000000 22381.000000
644.000000 22383.000000
645.000000 22385.000000
646.000000 22387.000000
647.000000 22389.000000
649.000000 22391.000000
650.000000 22393.000000
651.000000 22395.000000
652.000000 22397.000000
653.000000 22399.000000
654.000000 22401.000000
655.000000 22403.000000
657.000000 22405.000000
658.000000 22407.000000
659.000000 22409.000000
660.000000 22411.000000
661.000000 22413.000000
662.000000 22415.000000
663.000000 22417.000000
665.000000 22419.000000
666.000000 22421.000000
667.000000 22423.000000
668.000000 22425.000000
669.000000 22427.000000
670.000000 22429.000000
671.000000 22431.000000
673.000000 22433.000000
674.000000 22435.000000
675.000000 22437.000000
676.000000 22439.000000
677.000000 22441.000000
678.000000 22443.000000
679.000000 22445.000000
681.000000 22447.000000
682.000000 22449.000000
683.000000 22451.000000
684.000000 22453.000000
685.000000 22455.000000
686.000000 22457.000000
687.000000 22459.000000
689.000000 22461.000000
690.000000 22463.000000
691.000000 22465.000000
692.000000 22467.000000
693.000000 22469.000000
695.000000 22471.000000
696.000000 22473.000000
697.000000 22475.000000
698.000000 22477.000000
699.000000 22479.000000
700.000000 22481.000000
701.000000 22483.000000
703.000000 22485.000000
704.000000 22487.000000
705.000000 22489.000000
706.000000 22491.000000
707.000000 22493.000000
708.000000 22495.000000
709.000000 22497.000000
710.000000 22499.000000
711.000000 22501.000000
713.000000 22503.000000
714.000000 22505.000000
715.000000 22507.000000
716.000000 22509.000000
717.000000 22511.000000
719.000000 22513.000000
720.000000 22515.000000
721.000000 22517.000000
722.000000 22519.000000
723.000000 22521.000000
724.000000 22523.000000
725.000000 22525.000000
727.000000 22527.000000
728.000000 22529.000000
729.000000 22531.000000
730.000000 22533.000000
731.000000 22535.000000
732.000000 22537.000000
733.000000 22539.000000
734.000000 22541.000000
735.000000 22543.000000
737.000000 22545.000000
738.000000 22547.000000
739.000000 22549.000000
740.000000 22551.000000
741.000000 22553.000000
742.000000 22555.000000
744.000000 22557.000000
745.000000 22559.000000
746.000000 22561.000000
747.000000 22563.000000
748.000000 22565.000000
749.000000 22567.000000
751.000000 22569.000000
752.000000 22571.000000
753.000000 22573.000000
754.000000 22575.000000
755.000000 22577.000000
756.000000 22579.000000
757.000000 22581.000000
758.000000 22583.000000
759.000000 22585.000000
761.000000 22587.000000
762.000000 22589.000000
763.000000 22591.000000
764.000000 22593.000000
765.000000 22595.000000
767.000000 22597.000000
768.000000 22599.000000
769.000000 22601.000000
770.000000 22603.000000
771.000000 22605.000000
772.000000 22607.000000
773.000000 22609.000000
775.000000 22611.000000
776.000000 22613.000000
777.000000 22615.000000
778.000000 22617.000000
779.000000 22619.000000
780.000000 22621.000000
781.000000 22623.000000
782.000000 22625.000000
784.000000 22627.000000
785.000000 22629.000000
786.000000 22631.000000
787.000000 22633.000000
788.000000 22635.000000
789.000000 22637.000000
791.000000 22639.000000
792.000000 22641.000000
793.000000 22643.000000
794.000000 22645.000000
795.000000 22647.000000
796.000000 22649.000000
797.000000 22651.000000
799.000000 22653.000000
800.000000 22655.000000
801.000000 22657.000000
802.000000 22659.000000
803.000000 22661.000000
804.000000 22663.000000
805.000000 22665.000000
807.000000 22667.000000
808.000000 22669.000000
809.000000 22671.000000
810.000000 22673.000000
811.000000 22675.000000
812.000000 22677.000000
813.000000 22679.000000
815.000000 22681.000000
816.000000 22683.000000
817.000000 22685.000000
818.000000 22687.000000
819.000000 22689.000000
820.000000 22691.000000
821.000000 22693.000000
823.000000 22695.000000
824.000000 22697.000000
825.000000 22699.000000
826.000000 22701.000000
827.000000 22703.000000
828.000000 22705.000000
829.000000 22707.000000
831.000000 22709.000000
832.000000 22711.000000
833.000000 22713.000000
834.000000 22715.000000
835.000000 22717.000000
836.000000 22719.000000
837.000000 22721.000000
839.000000 22723.000000
840.000000 22725.000000
841.000000 22727.000000
842.000000 22729.000000
843.000000 22731.000000
844.000000 22733.000000
845.000000 22735.000000
847.000000 22737.000000
848.000000 22739.000000
849.000000 22741.000000
850.000000 22743.000000
851.000000 22745.000000
852.000000 22747.000000
853.000000 22749.000000
855.000000 22751.000000
856.000000 22753.000000
857.000000 22755.000000
858.000000 22757.000000
859.000000 22759.000000
860.000000 22761.000000
861.000000 22763.000000
863.000000 22765.000000
864.000000 22767.000000
865.000000 22769.000000
866.000000 22771.000000
867.000000 22773.000000
868.000000 22775.000000
869.000000 22777.000000
871.000000 22779.000000
872.000000 22781.000000
873.000000 22783.000000
874.000000 22785.000000
875.000000 22787.000000
876.000000 22789.000000
877.000000 22791.000000
879.000000 22793.000000
880.000000 22795.000000
881.000000 22797.000000
882.000000 22799.000000
883.000000 22801.000000
884.000000 22803.000000
885.000000 22805.000000
887.000000 22807.000000
888.000000 22809.000000
889.000000 22811.000000
890.000000 22813.000000
891.000000 22815.000000
892.000000 22817.000000
893.000000 22819.000000
895.000000 22821.000000
896.000000 22823.000000
897.000000 22825.000000
898.000000 22827.000000
899.000000 22829.000000
900.000000 22831.000000
901.000000 22833.000000
903.000000 22835.000000
904.000000 22837.000000
905.000000 22839.000000
906.000000 22841.000000
907.000000 22843.000000
908.000000 22845.000000
909.000000 22847.000000
911.000000 22849.000000
912.000000 22851.000000
913.000000 22853.000000
914.000000 22855.000000
915.000000 22857.000000
916.000000 22859.000000
918.000000 22861.000000
919.000000 22863.000000
920.000000 22865.000000
921.000000 22867.000000
922.000000 22869.000000
923.000000 22871.000000
924.000000 22873.000000
925.000000 22875.000000
927.000000 22877.000000
928.000000 22879.000000
929.000000 22881.000000
930.000000 22883.000000
931.000000 22885.000000
932.000000 22887.000000
934.000000 22889.000000
935.000000 22891.000000
936.000000 22893.000000
937.000000 22895.000000
938.000000 22897.000000
939.000000 22899.000000
941.000000 22901.000000
942.000000 22903.000000
943.000000 22905.000000
944.000000 22907.000000
945.000000 22909.000000
946.000000 22911.000000
947.000000 22913.000000
948.000000 22915.000000
949.000000 22917.000000
951.000000 22919.000000
952.000000 22921.000000
953.000000 22923.000000
954.000000 22925.000000
955.000000 22927.000000
957.000000 22929.000000
958.000000 22931.000000
959.000000 22933.000000
960.000000 22935.000000
961.000000 22937.000000
962.000000 22939.000000
963.000000 22941.000000
965.000000 22943.000000
966.000000 22945.000000
967.000000 22947.000000
968.000000 22949.000000
969.000000 22951.000000
970.000000 22953.000000
971.000000 22955.000000
973.000000 22957.000000
974.000000 22959.000000
975.000000 22961.000000
976.000000 22963.000000
977.000000 22965.000000
978.000000 22967.000000
979.000000 22969.000000
981.000000 22971.000000
982.000000 22973.000000
983.000000 22975.000000
984.000000 22977.000000
985.000000 22979.000000
986.000000 22981.000000
987.000000 22983.000000
989.000000 22985.000000
990.000000 22987.000000
991.000000 22989.000000
992.000000 22991.000000
993.000000 22993.000000
994.000000 22995.000000
995.000000 22997.000000
997.000000 22999.000000
998.000000 23001.000000
999.000000 23003.000000
1000.000000 23005.000000
1001.000000 23007.000000
1002.000000 23009.000000
1003.000000 23011.000000
1005.000000 23013.000000
1006.000000 23015.000000
1007.000000 23017.000000
1008.000000 23019.000000
1009.000000 23021.000000
1010.000000 23023.000000
1011.000000 23025.000000
1013.000000 23027.000000
1014.000000 23029.000000
1015.000000 23031.000000
1016.000000 23033.000000
1017.000000 23035.000000
1018.000000 23037.000000
1019.000000 23039.000000
1021.000000 23041.000000
1022.000000 23043.000000
1023.000000 23045.000000
1024.000000 23047.000000
1025.000000 23049.000000
1026.000000 23051.000000
1027.000000 23053.000000
1029.000000 23055.000000
1030.000000 23057.000000
1031.000000 23059.000000
1032.000000 23061.000000
1033.000000 23063.000000
1034.000000 23065.000000
1035.000000 23067.000000
1037.000000 23069.000000
1038.000000 23071.000000
1039.000000 23073.000000
1040.000000 23075.000000
1041.000000 23077.000000
1042.000000 23079.000000
1043.000000 23081.000000
1045.000000 23083.000000
1046.000000 23085.000000
1047.000000 23087.000000
1048.000000 23089.000000
1049.000000 23091.000000
1050.000000 23093.000000
1051.000000 23095.000000
1053.000000 23097.000000
1054.000000 23099.000000
1055.000000 23101.000000
1056.000000 23103.000000
1057.000000 23105.000000
1058.000000 23107.000000
1059.000000 23109.000000
1061.000000 23111.000000
1062.000000 23113.000000
1063.000000 23115.000000
1064.000000 23117.000000
1065.000000 23119.000000
1066.000000 23121.000000
1067.000000 23123.000000
1069.000000 23125.000000
1070.000000 23127.000000
1071.000000 23129.000000
1072.000000 23131.000000
1073.000000 23133.000000
1074.000000 23135.000000
1075.000000 23137.000000
1077.000000 23139.000000
1078.000000 23141.000000
1079.000000 23143.000000
1080.000000 23145.000000
1081.000000 23147.000000
1082.000000 23149.000000
1084.000000 23151.000000
1085.000000 23153.000000
1086.000000 23155.000000
1087.000000 23157.000000
1088.000000 23159.000000
1089.000000 23161.000000
1090.000000 23163.000000
1091.000000 23165.000000
1093.000000 23167.000000
1094.000000 23169.000000
1095.000000 23171.000000
1096.000000 23173.000000
1097.000000 23175.000000
1098.000000 23177.000000
1099.000000 23179.000000
1101.000000 23181.000000
1102.000000 23183.000000
1103.000000 23185.000000
1104.000000 23187.000000
1105.000000 23189.000000
1106.000000 23191.000000
1108.000000 23193.000000
1109.000000 23195.000000
1110.000000 23197.000000
1111.000000 23199.000000
1112.000000 23201.000000
1113.000000 23203.000000
1114.000000 23205.000000
1115.000000 23207.000000
1117.000000 23209.000000
1118.000000 23211.000000
1119.000000 23213.000000
1120.000000 23215.000000
1121.000000 23217.000000
1122.000000 23219.000000
1124.000000 23221.000000
1125.000000 23223.000000
1126.000000 23225.000000
1127.000000 23227.000000
1128.000000 23229.000000
1129.000000 23231.000000
1131.000000 23233.000000
1132.000000 23235.000000
1133.000000 23237.000000
1134.000000 23239.000000
1135.000000 23241.000000
1136.000000 23243.000000
1137.000000 23245.000000
1138.000000 23247.000000
1139.000000 23249.000000
1141.000000 23251.000000
1142.000000 23253.000000
1143.000000 23255.000000
1144.000000 23257.000000
1145.000000 23259.000000
1147.000000 23261.000000
1148.000000 23263.000000
1149.000000 23265.000000
1150.000000 23267.000000
1151.000000 23269.000000
1152.000000 23271.000000
1153.000000 23273.000000
1155.000000 23275.000000
1156.000000 23277.000000
1157.000000 23279.000000
1158.000000 23281.000000
1159.000000 23283.000000
1160.000000 23285.000000
1161.000000 23287.000000
1163.000000 23289.000000
1164.000000 23291.000000
1165.000000 23293.000000
1166.000000 23295.000000
1167.000000 23297.000000
1168.000000 23299.000000
1169.000000 23301.000000
1171.000000 23303.000000
1172.000000 23305.000000
1173.000000 23307.000000
1174.000000 23309.000000
1175.000000 23311.000000
1176.000000 23313.000000
1177.000000 23315.000000
1179.000000 23317.000000
1180.000000 23319.000000
1181.000000 23321.000000
1182.000000 23323.000000
1182.000000 23323.000000
1201.000000 23357.000000
1203.000000 23359.000000
1204.000000 23361.000000
1205.000000 23363.000000
1206.000000 23365.000000
1207.000000 23367.000000
1208.000000 23369.000000
1209.000000 23371.000000
1211.000000 23373.000000
1212.000000 23375.000000
1213.000000 23377.000000
1214.000000 23379.000000
1215.000000 23381.000000
1216.000000 23383.000000
1217.000000 23385.000000
1219.000000 23387.000000
1220.000000 23389.000000
1221.000000 23391.000000
1222.000000 23393.000000
1223.000000 23395.000000
1224.000000 23397.000000
1225.000000 23399.000000
1227.000000 23401.000000
1228.000000 23403.000000
1229.000000 23405.000000
1230.000000 23407.000000
1231.000000 23409.000000
1232.000000 23411.000000
1233.000000 23413.000000
1235.000000 23415.000000
1236.000000 23417.000000
1237.000000 23419.000000
1238.000000 23421.000000
1239.000000 23423.000000
1240.000000 23425.000000
1241.000000 23427.000000
1243.000000 23429.000000
1244.000000 23431.000000
1245.000000 23433.000000
1246.000000 23435.000000
1247.000000 23437.000000
1248.000000 23439.000000
1249.000000 23441.000000
1251.000000 23443.000000
1252.000000 23445.000000
1253.000000 23447.000000
1254.000000 23449.000000
1255.000000 23451.000000
1256.000000 23453.000000
1257.000000 23455.000000
1259.000000 23457.000000
1260.000000 23459.000000
1261.000000 23461.000000
1262.000000 23463.000000
1263.000000 23465.000000
1264.000000 23467.000000
1265.000000 23469.000000
1267.000000 23471.000000
1268.000000 23473.000000
1269.000000 23475.000000
1270.000000 23477.000000
1271.000000 23479.000000
1272.000000 23481.000000
1274.000000 23483.000000
1275.000000 23485.000000
1276.000000 23487.000000
1277.000000 23489.000000
1278.000000 23491.000000
1279.000000 23493.000000
1280.000000 23495.000000
1281.000000 23497.000000
1283.000000 23499.000000
1284.000000 23501.000000
1285.000000 23503.000000
1286.000000 23505.000000
1287.000000 23507.000000
1288.000000 23509.000000
1289.000000 23511.000000
1291.000000 23513.000000
1292.000000 23515.000000
1293.000000 23517.000000
1294.000000 23519.000000
1295.000000 23521.000000
1296.000000 23523.000000
1298.000000 23525.000000
1299.000000 23527.000000
1300.000000 23529.000000
1301.000000 23531.000000
1302.000000 23533.000000
1303.000000 23535.000000
1304.000000 23537.000000
1305.000000 23539.000000
1307.000000 23541.000000
1308.000000 23543.000000
1309.000000 23545.000000
1310.000000 23547.000000
1311.000000 23549.000000
1312.000000 23551.000000
1314.000000 23553.000000
1315.000000 23555.000000
1316.000000 23557.000000
1317.000000 23559.000000
1318.000000 23561.000000
1319.000000 23563.000000
1321.000000 23565.000000
1322.000000 23567.000000
1323.000000 23569.000000
1324.000000 23571.000000
1325.000000 23573.000000
1326.000000 23575.000000
1327.000000 23577.000000
1329.000000 23579.000000
1330.000000 23581.000000
1331.000000 23583.000000
1332.000000 23585.000000
1333.000000 23587.000000
1334.000000 23589.000000
1335.000000 23591.000000
1337.000000 23593.000000
1338.000000 23595.000000
1339.000000 23597.000000
1340.000000 23599.000000
1341.000000 23601.000000
1342.000000 23603.000000
1343.000000 23605.000000
1345.000000 23607.000000
1346.000000 23609.000000
1347.000000 23611.000000
1348.000000 23613.000000
1349.000000 23615.000000
1350.000000 23617.000000
1351.000000 23619.000000
1353.000000 23621.000000
1354.000000 23623.000000
1355.000000 23625.000000
1356.000000 23627.000000
1357.000000 23629.000000
1358.000000 23631.000000
1359.000000 23633.000000
1361.000000 23635.000000
1362.000000 23637.000000
1363.000000 23639.000000
1364.000000 23641.000000
1365.000000 23643.000000
1366.000000 23645.000000
1367.000000 23647.000000
1369.000000 23649.000000
1370.000000 23651.000000
1371.000000 23653.000000
1372.000000 23655.000000
1373.000000 23657.000000
1374.000000 23659.000000
1375.000000 23661.000000
1377.000000 23663.000000
1378.000000 23665.000000
1379.000000 23667.000000
1380.000000 23669.000000
1381.000000 23671.000000
1382.000000 23673.000000
1383.000000 23675.000000
1385.000000 23677.000000
1386.000000 23679.000000
1387.000000 23681.000000
1388.000000 23683.000000
1389.000000 23685.000000
1390.000000 23687.000000
1391.000000 23689.000000
1393.000000 23691.000000
1394.000000 23693.000000
1395.000000 23695.000000
1396.000000 23697.000000
1397.000000 23699.000000
1398.000000 23701.000000
1399.000000 23703.000000
1401.000000 23705.000000
1402.000000 23707.000000
1403.000000 23709.000000
1404.000000 23711.000000
1405.000000 23713.000000
1406.000000 23715.000000
1407.000000 23717.000000
1409.000000 23719.000000
1410.000000 23721.000000
1411.000000 23723.000000
1412.000000 23725.000000
1413.000000 23727.000000
1414.000000 23729.000000
1415.000000 23731.000000
1417.000000 23733.000000
1418.000000 23735.000000
1419.000000 23737.000000
1420.000000 23739.000000
1421.000000 23741.000000
1422.000000 23743.000000
1423.000000 23745.000000
1425.000000 23747.000000
1426.000000 23749.000000
1427.000000 23751.000000
1428.000000 23753.000000
1429.000000 23755.000000
1430.000000 23757.000000
1430.000000 23757.000000
1461.000000 23811.000000
1462.000000 23813.000000
1463.000000 23815.000000
1465.000000 23817.000000
1466.000000 23819.000000
1467.000000 23821.000000
1468.000000 23823.000000
1469.000000 23825.000000
1470.000000 23827.000000
1471.000000 23829.000000
1473.000000 23831.000000
1474.000000 23833.000000
1475.000000 23835.000000
1476.000000 23837.000000
1477.000000 23839.000000
1478.000000 23841.000000
1479.000000 23843.000000
1481.000000 23845.000000
1482.000000 23847.000000
1483.000000 23849.000000
1484.000000 23851.000000
1485.000000 23853.000000
1486.000000 23855.000000
1487.000000 23857.000000
1489.000000 23859.000000
1490.000000 23861.000000
1491.000000 23863.000000
1492.000000 23865.000000
1493.000000 23867.000000
1494.000000 23869.000000
1495.000000 23871.000000
1497.000000 23873.000000
1498.000000 23875.000000
1499.000000 23877.000000
1500.000000 23879.000000
1501.000000 23881.000000
1502.000000 23883.000000
1503.000000 23885.000000
1505.000000 23887.000000
1506.000000 23889.000000
1507.000000 23891.000000
1508.000000 23893.000000
1509.000000 23895.000000
1510.000000 23897.000000
1511.000000 23899.000000
1513.000000 23901.000000
1514.000000 23903.000000
1515.000000 23905.000000
1516.000000 23907.000000
1517.000000 23909.000000
1518.000000 23911.000000
1519.000000 23913.000000
1521.000000 23915.000000
1522.000000 23917.000000
1523.000000 23919.000000
1524.000000 23921.000000
1525.000000 23923.000000
1526.000000 23925.000000
1527.000000 23927.000000
1529.000000 23929.000000
1530.000000 23931.000000
1531.000000 23933.000000
1532.000000 23935.000000
1533.000000 23937.000000
1534.000000 23939.000000
1536.000000 23941.000000
1537.000000 23943.000000
1538.000000 23945.000000
1539.000000 23947.000000
1540.000000 23949.000000
1541.000000 23951.000000
1542.000000 23953.000000
1543.000000 23955.000000
1545.000000 23957.000000
1546.000000 23959.000000
1547.000000 23961.000000
1548.000000 23963.000000
1549.000000 23965.000000
1550.000000 23967.000000
1551.000000 23969.000000
1553.000000 23971.000000
1554.000000 23973.000000
1555.000000 23975.000000
1556.000000 23977.000000
1557.000000 23979.000000
1559.000000 23981.000000
1560.000000 23983.000000
1561.000000 23985.000000
1562.000000 23987.000000
1563.000000 23989.000000
1564.000000 23991.000000
1565.000000 23993.000000
1567.000000 23995.000000
1568.000000 23997.000000
1569.000000 23999.000000
1570.000000 24001.000000
1571.000000 24003.000000
1572.000000 24005.000000
1573.000000 24007.000000
1574.000000 24009.000000
1575.000000 24011.000000
1577.000000 24013.000000
1578.000000 24015.000000
1579.000000 24017.000000
1580.000000 24019.000000
1581.000000 24021.000000
1583.000000 24023.000000
1584.000000 24025.000000
1585.000000 24027.000000
1586.000000 24029.000000
1587.000000 24031.000000
1588.000000 24033.000000
1589.000000 24035.000000
1591.000000 24037.000000
1592.000000 24039.000000
1593.000000 24041.000000
1594.000000 24043.000000
1595.000000 24045.000000
1596.000000 24047.000000
1597.000000 24049.000000
1598.000000 24051.000000
1600.000000 24053.000000
1601.000000 24055.000000
1602.000000 24057.000000
1603.000000 24059.000000
1604.000000 24061.000000
1605.000000 24063.000000
1607.000000 24065.000000
1608.000000 24067.000000
1609.000000 24069.000000
1610.000000 24071.000000
1611.000000 24073.000000
1612.000000 24075.000000
1613.000000 24077.000000
1615.000000 24079.000000
1616.000000 24081.000000
1617.000000 24083.000000
1618.000000 24085.000000
1619.000000 24087.000000
1620.000000 24089.000000
1621.000000 24091.000000
1623.000000 24093.000000
1624.000000 24095.000000
1625.000000 24097.000000
1626.000000 24099.000000
1627.000000 24101.000000
1628.000000 24103.000000
1629.000000 24105.000000
1631.000000 24107.000000
1632.000000 24109.000000
1633.000000 24111.000000
1634.000000 24113.000000
1635.000000 24115.000000
1636.000000 24117.000000
1637.000000 24119.000000
1639.000000 24121.000000
1640.000000 24123.000000
1641.000000 24125.000000
1642.000000 24127.000000
1643.000000 24129.000000
1644.000000 24131.000000
1645.000000 24133.000000
1647.000000 24135.000000
1648.000000 24137.000000
1649.000000 24139.000000
1650.000000 24141.000000
1651.000000 24143.000000
1652.000000 24145.000000
1653.000000 24147.000000
1655.000000 24149.000000
1656.000000 24151.000000
1657.000000 24153.000000
1658.000000 24155.000000
1659.000000 24157.000000
1660.000000 24159.000000
1661.000000 24161.000000
1663.000000 24163.000000
1664.000000 24165.000000
1665.000000 24167.000000
1666.000000 24169.000000
1667.000000 24171.000000
1668.000000 24173.000000
1669.000000 24175.000000
1671.000000 24177.000000
1672.000000 24179.000000
1673.000000 24181.000000
1674.000000 24183.000000
1675.000000 24185.000000
1676.000000 24187.000000
1677.000000 24189.000000
1679.000000 24191.000000
1680.000000 24193.000000
1681.000000 24195.000000
1682.000000 24197.000000
1683.000000 24199.000000
1684.000000 24201.000000
1685.000000 24203.000000
1687.000000 24205.000000
1688.000000 24207.000000
1689.000000 24209.000000
1690.000000 24211.000000
1691.000000 24213.000000
1692.000000 24215.000000
1693.000000 24217.000000
1695.000000 24219.000000
1696.000000 24221.000000
1697.000000 24223.000000
1698.000000 24225.000000
1699.000000 24227.000000
1700.000000 24229.000000
1701.000000 24231.000000
1703.000000 24233.000000
1704.000000 24235.000000
1705.000000 24237.000000
1706.000000 24239.000000
1707.000000 24241.000000
1708.000000 24243.000000
1709.000000 24245.000000
1711.000000 24247.000000
1711.000000 24247.000000
1713.000000 24251.000000
1714.000000 24253.000000
1715.000000 24255.000000
1716.000000 24257.000000
1717.000000 24259.000000
1719.000000 24261.000000
1720.000000 24263.000000
1721.000000 24265.000000
1722.000000 24267.000000
1723.000000 24269.000000
1724.000000 24271.000000
1725.000000 24273.000000
1727.000000 24275.000000
1728.000000 24277.000000
1729.000000 24279.000000
1730.000000 24281.000000
1731.000000 24283.000000
1732.000000 24285.000000
1733.000000 24287.000000
1735.000000 24289.000000
1736.000000 24291.000000
1737.000000 24293.000000
1738.000000 24295.000000
1739.000000 24297.000000
1740.000000 24299.000000
1741.000000 24301.000000
1743.000000 24303.000000
1744.000000 24305.000000
1745.000000 24307.000000
1746.000000 24309.000000
1747.000000 24311.000000
1748.000000 24313.000000
1749.000000 24315.000000
1751.000000 24317.000000
1752.000000 24319.000000
1753.000000 24321.000000
1754.000000 24323.000000
1755.000000 24325.000000
1756.000000 24327.000000
1757.000000 24329.000000
1759.000000 24331.000000
1760.000000 24333.000000
1761.000000 24335.000000
1762.000000 24337.000000
1763.000000 24339.000000
1764.000000 24341.000000
1765.000000 24343.000000
1767.000000 24345.000000
1768.000000 24347.000000
1769.000000 24349.000000
1770.000000 24351.000000
1771.000000 24353.000000
1772.000000 24355.000000
1774.000000 24357.000000
1775.000000 24359.000000
1776.000000 24361.000000
1777.000000 24363.000000
1778.000000 24365.000000
1779.000000 24367.000000
1780.000000 24369.000000
1782.000000 24371.000000
1783.000000 24373.000000
1784.000000 24375.000000
1785.000000 24377.000000
1786.000000 24379.000000
1787.000000 24381.000000
1788.000000 24383.000000
1789.000000 24385.000000
1791.000000 24387.000000
1792.000000 24389.000000
1793.000000 24391.000000
1794.000000 24393.000000
1795.000000 24395.000000
1796.000000 24397.000000
1797.000000 24399.000000
1799.000000 24401.000000
1800.000000 24403.000000
1801.000000 24405.000000
1802.000000 24407.000000
1803.000000 24409.000000
1804.000000 24411.000000
1806.000000 24413.000000
1807.000000 24415.000000
1808.000000 24417.000000
1809.000000 24419.000000
1810.000000 24421.000000
1811.000000 24423.000000
1812.000000 24425.000000
1813.000000 24427.000000
1815.000000 24429.000000
1816.000000 24431.000000
1817.000000 24433.000000
1818.000000 24435.000000
1819.000000 24437.000000
1820.000000 24439.000000
1821.000000 24441.000000
1823.000000 24443.000000
1824.000000 24445.000000
1825.000000 24447.000000
1826.000000 24449.000000
1827.000000 24451.000000
1828.000000 24453.000000
1829.000000 24455.000000
1831.000000 24457.000000
1832.000000 24459.000000
1833.000000 24461.000000
1834.000000 24463.000000
1835.000000 24465.000000
1836.000000 24467.000000
1837.000000 24469.000000
1839.000000 24471.000000
1840.000000 24473.000000
1841.000000 24475.000000
1842.000000 24477.000000
1843.000000 24479.000000
1844.000000 24481.000000
1845.000000 24483.000000
1847.000000 24485.000000
1848.000000 24487.000000
1849.000000 24489.000000
1850.000000 24491.000000
1851.000000 24493.000000
1852.000000 24495.000000
1854.000000 24497.000000
1855.000000 24499.000000
1856.000000 24501.000000
1857.000000 24503.000000
1858.000000 24505.000000
1859.000000 24507.000000
1860.000000 24509.000000
1861.000000 24511.000000
1863.000000 24513.000000
1864.000000 24515.000000
1865.000000 24517.000000
1866.000000 24519.000000
1867.000000 24521.000000
1868.000000 24523.000000
1870.000000 24525.000000
1871.000000 24527.000000
1872.000000 24529.000000
1873.000000 24531.000000
1874.000000 24533.000000
1875.000000 24535.000000
1877.000000 24537.000000
1878.000000 24539.000000
1879.000000 24541.000000
1880.000000 24543.000000
1881.000000 24545.000000
1882.000000 24547.000000
1883.000000 24549.000000
1884.000000 24551.000000
1885.000000 24553.000000
1887.000000 24555.000000
1888.000000 24557.000000
1889.000000 24559.000000
1890.000000 24561.000000
1891.000000 24563.000000
1892.000000 24565.000000
1894.000000 24567.000000
1895.000000 24569.000000
1896.000000 24571.000000
1897.000000 24573.000000
1898.000000 24575.000000
1899.000000 24577.000000
1901.000000 24579.000000
1902.000000 24581.000000
1903.000000 24583.000000
1904.000000 24585.000000
1905.000000 24587.000000
1906.000000 24589.000000
1907.000000 24591.000000
1908.000000 24593.000000
1909.000000 24595.000000
1911.000000 24597.000000
1912.000000 24599.000000
1913.000000 24601.000000
1914.000000 24603.000000
1915.000000 24605.000000
1917.000000 24607.000000
1918.000000 24609.000000
1919.000000 24611.000000
1920.000000 24613.000000
1921.000000 24615.000000
1922.000000 24617.000000
1923.000000 24619.000000
1925.000000 24621.000000
1926.000000 24623.000000
1927.000000 24625.000000
1928.000000 24627.000000
1929.000000 24629.000000
1930.000000 24631.000000
1931.000000 24633.000000
1933.000000 24635.000000
1934.000000 24637.000000
1935.000000 24639.000000
1936.000000 24641.000000
1937.000000 24643.000000
1938.000000 24645.000000
1939.000000 24647.000000
1941.000000 24649.000000
1942.000000 24651.000000
1943.000000 24653.000000
1944.000000 24655.000000
1945.000000 24657.000000
1946.000000 24659.000000
1947.000000 24661.000000
1949.000000 24663.000000
1950.000000 24665.000000
1951.000000 24667.000000
1952.000000 24669.000000
1953.000000 24671.000000
1954.000000 24673.000000
1955.000000 24675.000000
1957.000000 24677.000000
1958.000000 24679.000000
1959.000000 24681.000000
1960.000000 24683.000000
1961.000000 24685.000000
1962.000000 24687.000000
1963.000000 24689.000000
1965.000000 24691.000000
1966.000000 24693.000000
1967.000000 24695.000000
1968.000000 24697.000000
1969.000000 24699.000000
1970.000000 24701.000000
1971.000000 24703.000000
1973.000000 24705.000000
1974.000000 24707.000000
1975.000000 24709.000000
1976.000000 24711.000000
1977.000000 24713.000000
1978.000000 24715.000000
1979.000000 24717.000000
1981.000000 24719.000000
1982.000000 24721.000000
1983.000000 24723.000000
1984.000000 24725.000000
1985.000000 24727.000000
1986.000000 24729.000000
1987.000000 24731.000000
1989.000000 24733.000000
1990.000000 24735.000000
1991.000000 24737.000000
1992.000000 24739.000000
1993.000000 24741.000000
1994.000000 24743.000000
1995.000000 24745.000000
1997.000000 24747.000000
1998.000000 24749.000000
1999.000000 24751.000000
2000.000000 24753.000000
2001.000000 24755.000000
2002.000000 24757.000000
2003.000000 24759.000000
2005.000000 24761.000000
2006.000000 24763.000000
2007.000000 24765.000000
2008.000000 24767.000000
2009.000000 24769.000000
2010.000000 24771.000000
2011.000000 24773.000000
2013.000000 24775.000000
2014.000000 24777.000000
2015.000000 24779.000000
2016.000000 24781.000000
2017.000000 24783.000000
2018.000000 24785.000000
2019.000000 24787.000000
2021.000000 24789.000000
2022.000000 24791.000000
2023.000000 24793.000000
2024.000000 24795.000000
2025.000000 24797.000000
2026.000000 24799.000000
2027.000000 24801.000000
2029.000000 24803.000000
2030.000000 24805.000000
2031.000000 24807.000000
2032.000000 24809.000000
2033.000000 24811.000000
2034.000000 24813.000000
2035.000000 24815.000000
2037.000000 24817.000000
2038.000000 24819.000000
2039.000000 24821.000000
2040.000000 24823.000000
2041.000000 24825.000000
2042.000000 24827.000000
2044.000000 24829.000000
2045.000000 24831.000000
2046.000000 24833.000000
2047.000000 24835.000000
2048.000000 24837.000000
2049.000000 24839.000000
2050.000000 24841.000000
2051.000000 24843.000000
2053.000000 24845.000000
2054.000000 24847.000000
2055.000000 24849.000000
2056.000000 24851.000000
2057.000000 24853.000000
2058.000000 24855.000000
2060.000000 24857.000000
2061.000000 24859.000000
2062.000000 24861.000000
2063.000000 24863.000000
2064.000000 24865.000000
2065.000000 24867.000000
2067.000000 24869.000000
2068.000000 24871.000000
2069.000000 24873.000000
2070.000000 24875.000000
2071.000000 24877.000000
2072.000000 24879.000000
2073.000000 24881.000000
2074.000000 24883.000000
2075.000000 24885.000000
2077.000000 24887.000000
2078.000000 24889.000000
2079.000000 24891.000000
2080.000000 24893.000000
2081.000000 24895.000000
2082.000000 24897.000000
2083.000000 24899.000000
2085.000000 24901.000000
2086.000000 24903.000000
2087.000000 24905.000000
2088.000000 24907.000000
2089.000000 24909.000000
2091.000000 24911.000000
2092.000000 24913.000000
2093.000000 24915.000000
2094.000000 24917.000000
2095.000000 24919.000000
2096.000000 24921.000000
2097.000000 24923.000000
2098.000000 24925.000000
2099.000000 24927.000000
2101.000000 24929.000000
2102.000000 24931.000000
2103.000000 24933.000000
2104.000000 24935.000000
2105.000000 24937.000000
2106.000000 24939.000000
2108.000000 24941.000000
2109.000000 24943.000000
2110.000000 24945.000000
2111.000000 24947.000000
2112.000000 24949.000000
2113.000000 24951.000000
2115.000000 24953.000000
2116.000000 24955.000000
2117.000000 24957.000000
2118.000000 24959.000000
2119.000000 24961.000000
2120.000000 24963.000000
2121.000000 24965.000000
2122.000000 24967.000000
2123.000000 24969.000000
2125.000000 24971.000000
2126.000000 24973.000000
2127.000000 24975.000000
2128.000000 24977.000000
2129.000000 24979.000000
2131.000000 24981.000000
2132.000000 24983.000000
2133.000000 24985.000000
2134.000000 24987.000000
2135.000000 24989.000000
2136.000000 24991.000000
2137.000000 24993.000000
2139.000000 24995.000000
2140.000000 24997.000000
2141.000000 24999.000000
2142.000000 25001.000000
2143.000000 25003.000000
2144.000000 25005.000000
2145.000000 25007.000000
2146.000000 25009.000000
2148.000000 25011.000000
2149.000000 25013.000000
2150.000000 25015.000000
2151.000000 25017.000000
2152.000000 25019.000000
2153.000000 25021.000000
2155.000000 25023.000000
2156.000000 25025.000000
2157.000000 25027.000000
2158.000000 25029.000000
2159.000000 25031.000000
2160.000000 25033.000000
2161.000000 25035.000000
2163.000000 25037.000000
2164.000000 25039.000000
2165.000000 25041.000000
2166.000000 25043.000000
2167.000000 25045.000000
2168.000000 25047.000000
2169.000000 25049.000000
2171.000000 25051.000000
2172.000000 25053.000000
2173.000000 25055.000000
2174.000000 25057.000000
2175.000000 25059.000000
2176.000000 25061.000000
2177.000000 25063.000000
2179.000000 25065.000000
2180.000000 25067.000000
2181.000000 25069.000000
2182.000000 25071.000000
2183.000000 25073.000000
2184.000000 25075.000000
2185.000000 25077.000000
2187.000000 25079.000000
2188.000000 25081.000000
2189.000000 25083.000000
2190.000000 25085.000000
2191.000000 25087.000000
2192.000000 25089.000000
2193.000000 25091.000000
2195.000000 25093.000000
2196.000000 25095.000000
2197.000000 25097.000000
2198.000000 25099.000000
2199.000000 25101.000000
2200.000000 25103.000000
2201.000000 25105.000000
2203.000000 25107.000000
2204.000000 25109.000000
2205.000000 25111.000000
2206.000000 25113.000000
2207.000000 25115.000000
2208.000000 25117.000000
2209.000000 25119.000000
2211.000000 25121.000000
2212.000000 25123.000000
2213.000000 25125.000000
2214.000000 25127.000000
2215.000000 25129.000000
2216.000000 25131.000000
2217.000000 25133.000000
2219.000000 25135.000000
2220.000000 25137.000000
2221.000000 25139.000000
2222.000000 25141.000000
2223.000000 25143.000000
2224.000000 25145.000000
2225.000000 25147.000000
2227.000000 25149.000000
2228.000000 25151.000000
2229.000000 25153.000000
2230.000000 25155.000000
2231.000000 25157.000000
2232.000000 25159.000000
2233.000000 25161.000000
2235.000000 25163.000000
2236.000000 25165.000000
2237.000000 25167.000000
2238.000000 25169.000000
2239.000000 25171.000000
2240.000000 25173.000000
2241.000000 25175.000000
2243.000000 25177.000000
2244.000000 25179.000000
2245.000000 25181.000000
2246.000000 25183.000000
2247.000000 25185.000000
2248.000000 25187.000000
2249.000000 25189.000000
2251.000000 25191.000000
2252.000000 25193.000000
2253.000000 25195.000000
2254.000000 25197.000000
2255.000000 25199.000000
2256.000000 25201.000000
2257.000000 25203.000000
2259.000000 25205.000000
2260.000000 25207.000000
2261.000000 25209.000000
2262.000000 25211.000000
2263.000000 25213.000000
2264.000000 25215.000000
2265.000000 25217.000000
2267.000000 25219.000000
2268.000000 25221.000000
2269.000000 25223.000000
2270.000000 25225.000000
2271.000000 25227.000000
2272.000000 25229.000000
2273.000000 25231.000000
2275.000000 25233.000000
2276.000000 25235.000000
2277.000000 25237.000000
2278.000000 25239.000000
2279.000000 25241.000000
2280.000000 25243.000000
2281.000000 25245.000000
2283.000000 25247.000000
2284.000000 25249.000000
2285.000000 25251.000000
2286.000000 25253.000000
2287.000000 25255.000000
2288.000000 25257.000000
2289.000000 25259.000000
2291.000000 25261.000000
2292.000000 25263.000000
2293.000000 25265.000000
2294.000000 25267.000000
2295.000000 25269.000000
2296.000000 25271.000000
2297.000000 25273.000000
2299.000000 25275.000000
2300.000000 25277.000000
2301.000000 25279.000000
2302.000000 25281.000000
2303.000000 25283.000000
2304.000000 25285.000000
2305.000000 25287.000000
2307.000000 25289.000000
2308.000000 25291.000000
2309.000000 25293.000000
2310.000000 25295.000000
2311.000000 25297.000000
2312.000000 25299.000000
2313.000000 25301.000000
2315.000000 25303.000000
2316.000000 25305.000000
2317.000000 25307.000000
2318.000000 25309.000000
2319.000000 25311.000000
2320.000000 25313.000000
2321.000000 25315.000000
2323.000000 25317.000000
2324.000000 25319.000000
2325.000000 25321.000000
2326.000000 25323.000000
2327.000000 25325.000000
2328.000000 25327.000000
2330.000000 25329.000000
2331.000000 25331.000000
2332.000000 25333.000000
2333.000000 25335.000000
2334.000000 25337.000000
2335.000000 25339.000000
2336.000000 25341.000000
2337.000000 25343.000000
2339.000000 25345.000000
2340.000000 25347.000000
2341.000000 25349.000000
2342.000000 25351.000000
2343.000000 25353.000000
2344.000000 25355.000000
2345.000000 25357.000000
2347.000000 25359.000000
2348.000000 25361.000000
2349.000000 25363.000000
2350.000000 25365.000000
2351.000000 25367.000000
2352.000000 25369.000000
2354.000000 25371.000000
2355.000000 25373.000000
2356.000000 25375.000000
2357.000000 25377.000000
2358.000000 25379.000000
2359.000000 25381.000000
2360.000000 25383.000000
2361.000000 25385.000000
2363.000000 25387.000000
2364.000000 25389.000000
2365.000000 25391.000000
2366.000000 25393.000000
2367.000000 25395.000000
2368.000000 25397.000000
2369.000000 25399.000000
2371.000000 25401.000000
2372.000000 25403.000000
2373.000000 25405.000000
2374.000000 25407.000000
2375.000000 25409.000000
2377.000000 25411.000000
2378.000000 25413.000000
2379.000000 25415.000000
2380.000000 25417.000000
2381.000000 25419.000000
2382.000000 25421.000000
2383.000000 25423.000000
2385.000000 25425.000000
2386.000000 25427.000000
2387.000000 25429.000000
2388.000000 25431.000000
2389.000000 25433.000000
2390.000000 25435.000000
2391.000000 25437.000000
2392.000000 25439.000000
2394.000000 25441.000000
2395.000000 25443.000000
2396.000000 25445.000000
2397.000000 25447.000000
2398.000000 25449.000000
2399.000000 25451.000000
2401.000000 25453.000000
2402.000000 25455.000000
2403.000000 25457.000000
2404.000000 25459.000000
2405.000000 25461.000000
2406.000000 25463.000000
2407.000000 25465.000000
2409.000000 25467.000000
2410.000000 25469.000000
2411.000000 25471.000000
2412.000000 25473.000000
2413.000000 25475.000000
2414.000000 25477.000000
2415.000000 25479.000000
2417.000000 25481.000000
2418.000000 25483.000000
2419.000000 25485.000000
2420.000000 25487.000000
2421.000000 25489.000000
2422.000000 25491.000000
2423.000000 25493.000000
2425.000000 25495.000000
2426.000000 25497.000000
2427.000000 25499.000000
2428.000000 25501.000000
2429.000000 25503.000000
2430.000000 25505.000000
2431.000000 25507.000000
2433.000000 25509.000000
2434.000000 25511.000000
2435.000000 25513.000000
2436.000000 25515.000000
2437.000000 25517.000000
2438.000000 25519.000000
2439.000000 25521.000000
2441.000000 25523.000000
2442.000000 25525.000000
2443.000000 25527.000000
2444.000000 25529.000000
2445.000000 25531.000000
2446.000000 25533.000000
2447.000000 25535.000000
2449.000000 25537.000000
2450.000000 25539.000000
2451.000000 25541.000000
2452.000000 25543.000000
2453.000000 25545.000000
2454.000000 25547.000000
2455.000000 25549.000000
2457.000000 25551.000000
2458.000000 25553.000000
2459.000000 25555.000000
2460.000000 25557.000000
2461.000000 25559.000000
2462.000000 25561.000000
2463.000000 25563.000000
2465.000000 25565.000000
2466.000000 25567.000000
2467.000000 25569.000000
2468.000000 25571.000000
2469.000000 25573.000000
2470.000000 25575.000000
2471.000000 25577.000000
2473.000000 25579.000000
2474.000000 25581.000000
2475.000000 25583.000000
2476.000000 25585.000000
2477.000000 25587.000000
2478.000000 25589.000000
2479.000000 25591.000000
2481.000000 25593.000000
2482.000000 25595.000000
2483.000000 25597.000000
2484.000000 25599.000000
2485.000000 25601.000000
2486.000000 25603.000000
2487.000000 25605.000000
2489.000000 25607.000000
2490.000000 25609.000000
2491.000000 25611.000000
2492.000000 25613.000000
2493.000000 25615.000000
2494.000000 25617.000000
2495.000000 25619.000000
2497.000000 25621.000000
2498.000000 25623.000000
2499.000000 25625.000000
2500.000000 25627.000000
2501.000000 25629.000000
2502.000000 25631.000000
2503.000000 25633.000000
2505.000000 25635.000000
2506.000000 25637.000000
2507.000000 25639.000000
2508.000000 25641.000000
2509.000000 25643.000000
2510.000000 25645.000000
2511.000000 25647.000000
2513.000000 25649.000000
2514.000000 25651.000000
2515.000000 25653.000000
2516.000000 25655.000000
2517.000000 25657.000000
2518.000000 25659.000000
2519.000000 25661.000000
2521.000000 25663.000000
2522.000000 25665.000000
2523.000000 25667.000000
2524.000000 25669.000000
2525.000000 25671.000000
2526.000000 25673.000000
2527.000000 25675.000000
2529.000000 25677.000000
2530.000000 25679.000000
2531.000000 25681.000000
2532.000000 25683.000000
2533.000000 25685.000000
2534.000000 25687.000000
2535.000000 25689.000000
2537.000000 25691.000000
2538.000000 25693.000000
2539.000000 25695.000000
2540.000000 25697.000000
2541.000000 25699.000000
2542.000000 25701.000000
2543.000000 25703.000000
2545.000000 25705.000000
2546.000000 25707.000000
2547.000000 25709.000000
2548.000000 25711.000000
2549.000000 25713.000000
2550.000000 25715.000000
2551.000000 25717.000000
2553.000000 25719.000000
2554.000000 25721.000000
2555.000000 25723.000000
2556.000000 25725.000000
2557.000000 25727.000000
2558.000000 25729.000000
2559.000000 25731.000000
2561.000000 25733.000000
2562.000000 25735.000000
2563.000000 25737.000000
2564.000000 25739.000000
2565.000000 25741.000000
2566.000000 25743.000000
2567.000000 25745.000000
2569.000000 25747.000000
2570.000000 25749.000000
2571.000000 25751.000000
2572.000000 25753.000000
2573.000000 25755.000000
2574.000000 25757.000000
2575.000000 25759.000000
2577.000000 25761.000000
2578.000000 25763.000000
2579.000000 25765.000000
2580.000000 25767.000000
2581.000000 25769.000000
2582.000000 25771.000000
2583.000000 25773.000000
2585.000000 25775.000000
2586.000000 25777.000000
2587.000000 25779.000000
2588.000000 25781.000000
2589.000000 25783.000000
2590.000000 25785.000000
2591.000000 25787.000000
2593.000000 25789.000000
2594.000000 25791.000000
2595.000000 25793.000000
2596.000000 25795.000000
2597.000000 25797.000000
2598.000000 25799.000000
2599.000000 25801.000000
2601.000000 25803.000000
2602.000000 25805.000000
2603.000000 25807.000000
2604.000000 25809.000000
2605.000000 25811.000000
2606.000000 25813.000000
2607.000000 25815.000000
2609.000000 25817.000000
2610.000000 25819.000000
2611.000000 25821.000000
2612.000000 25823.000000
2613.000000 25825.000000
2614.000000 25827.000000
2615.000000 25829.000000
2617.000000 25831.000000
2618.000000 25833.000000
2619.000000 25835.000000
2620.000000 25837.000000
2621.000000 25839.000000
2622.000000 25841.000000
2623.000000 25843.000000
2625.000000 25845.000000
2626.000000 25847.000000
2627.000000 25849.000000
2628.000000 25851.000000
2629.000000 25853.000000
2630.000000 25855.000000
2631.000000 25857.000000
2633.000000 25859.000000
2634.000000 25861.000000
2635.000000 25863.000000
2636.000000 25865.000000
2637.000000 25867.000000
2638.000000 25869.000000
2640.000000 25871.000000
2641.000000 25873.000000
2642.000000 25875.000000
2643.000000 25877.000000
2644.000000 25879.000000
2645.000000 25881.000000
2647.000000 25883.000000
2648.000000 25885.000000
2649.000000 25887.000000
2650.000000 25889.000000
2651.000000 25891.000000
2652.000000 25893.000000
2653.000000 25895.000000
2654.000000 25897.000000
2655.000000 25899.000000
2657.000000 25901.000000
2658.000000 25903.000000
2659.000000 25905.000000
2660.000000 25907.000000
2661.000000 25909.000000
2663.000000 25911.000000
2664.000000 25913.000000
2665.000000 25915.000000
2666.000000 25917.000000
2667.000000 25919.000000
2668.000000 25921.000000
2669.000000 25923.000000
2671.000000 25925.000000
2672.000000 25927.000000
2673.000000 25929.000000
2674.000000 25931.000000
2675.000000 25933.000000
2676.000000 25935.000000
2677.000000 25937.000000
2678.000000 25939.000000
2680.000000 25941.000000
2681.000000 25943.000000
2682.000000 25945.000000
2683.000000 25947.000000
2684.000000 25949.000000
2685.000000 25951.000000
2687.000000 25953.000000
2688.000000 25955.000000
2689.000000 25957.000000
2690.000000 25959.000000
2691.000000 25961.000000
2692.000000 25963.000000
2693.000000 25965.000000
2695.000000 25967.000000
2696.000000 25969.000000
2697.000000 25971.000000
2698.000000 25973.000000
2699.000000 25975.000000
2700.000000 25977.000000
2701.000000 25979.000000
2702.000000 25981.000000
2704.000000 25983.000000
2705.000000 25985.000000
2706.000000 25987.000000
2707.000000 25989.000000
2708.000000 25991.000000
2709.000000 25993.000000
2711.000000 25995.000000
2712.000000 25997.000000
2713.000000 25999.000000
2714.000000 26001.000000
2715.000000 26003.000000
2716.000000 26005.000000
2717.000000 26007.000000
2719.000000 26009.000000
2720.000000 26011.000000
2721.000000 26013.000000
2722.000000 26015.000000
2723.000000 26017.000000
2724.000000 26019.000000
2725.000000 26021.000000
2727.000000 26023.000000
2728.000000 26025.000000
2729.000000 26027.000000
2730.000000 26029.000000
2731.000000 26031.000000
2732.000000 26033.000000
2733.000000 26035.000000
2735.000000 26037.000000
2736.000000 26039.000000
2737.000000 26041.000000
2738.000000 26043.000000
2739.000000 26045.000000
2740.000000 26047.000000
2741.000000 26049.000000
2743.000000 26051.000000
2744.000000 26053.000000
2745.000000 26055.000000
2746.000000 26057.000000
2747.000000 26059.000000
2748.000000 26061.000000
2749.000000 26063.000000
2751.000000 26065.000000
2752.000000 26067.000000
2753.000000 26069.000000
2754.000000 26071.000000
2755.000000 26073.000000
2756.000000 26075.000000
2757.000000 26077.000000
2759.000000 26079.000000
2760.000000 26081.000000
2761.000000 26083.000000
2762.000000 26085.000000
2763.000000 26087.000000
2764.000000 26089.000000
2765.000000 26091.000000
2767.000000 26093.000000
2768.000000 26095.000000
2769.000000 26097.000000
2770.000000 26099.000000
2771.000000 26101.000000
2772.000000 26103.000000
2773.000000 26105.000000
2775.000000 26107.000000
2776.000000 26109.000000
2777.000000 26111.000000
2778.000000 26113.000000
2779.000000 26115.000000
2780.000000 26117.000000
2781.000000 26119.000000
2783.000000 26121.000000
2784.000000 26123.000000
2785.000000 26125.000000
2786.000000 26127.000000
2787.000000 26129.000000
2788.000000 26131.000000
2789.000000 26133.000000
2791.000000 26135.000000
2792.000000 26137.000000
2793.000000 26139.000000
2794.000000 26141.000000
2795.000000 26143.000000
2796.000000 26145.000000
2797.000000 26147.000000
2799.000000 26149.000000
2800.000000 26151.000000
2801.000000 26153.000000
2802.000000 26155.000000
2803.000000 26157.000000
2804.000000 26159.000000
2805.000000 26161.000000
2807.000000 26163.000000
2808.000000 26165.000000
2809.000000 26167.000000
2810.000000 26169.000000
2811.000000 26171.000000
2812.000000 26173.000000
2813.000000 26175.000000
2815.000000 26177.000000
2816.000000 26179.000000
2817.000000 26181.000000
2818.000000 26183.000000
2819.000000 26185.000000
2820.000000 26187.000000
2821.000000 26189.000000
2823.000000 26191.000000
2824.000000 26193.000000
2825.000000 26195.000000
2826.000000 26197.000000
2827.000000 26199.000000
2828.000000 26201.000000
2829.000000 26203.000000
2831.000000 26205.000000
2832.000000 26207.000000
2833.000000 26209.000000
2834.000000 26211.000000
2835.000000 26213.000000
2836.000000 26215.000000
2837.000000 26217.000000
2839.000000 26219.000000
2840.000000 26221.000000
2841.000000 26223.000000
2842.000000 26225.000000
2843.000000 26227.000000
2844.000000 26229.000000
2845.000000 26231.000000
2847.000000 26233.000000
2848.000000 26235.000000
2849.000000 26237.000000
2850.000000 26239.000000
2851.000000 26241.000000
2852.000000 26243.000000
2854.000000 26245.000000
2855.000000 26247.000000
2856.000000 26249.000000
2857.000000 26251.000000
2858.000000 26253.000000
2859.000000 26255.000000
2861.000000 26257.000000
2862.000000 26259.000000
2863.000000 26261.000000
2864.000000 26263.000000
2865.000000 26265.000000
2866.000000 26267.000000
2867.000000 26269.000000
2868.000000 26271.000000
2869.000000 26273.000000
2871.000000 26275.000000
2872.000000 26277.000000
2873.000000 26279.000000
2874.000000 26281.000000
2875.000000 26283.000000
2877.000000 26285.000000
2878.000000 26287.000000
2879.000000 26289.000000
2880.000000 26291.000000
2881.000000 26293.000000
2882.000000 26295.000000
2883.000000 26297.000000
2885.000000 26299.000000
2886.000000 26301.000000
2887.000000 26303.000000
2888.000000 26305.000000
2889.000000 26307.000000
2890.000000 26309.000000
2891.000000 26311.000000
2892.000000 26313.000000
2893.000000 26315.000000
2895.000000 26317.000000
2896.000000 26319.000000
2897.000000 26321.000000
2898.000000 26323.000000
2899.000000 26325.000000
2900.000000 26327.000000
2902.000000 26329.000000
2903.000000 26331.000000
2904.000000 26333.000000
2905.000000 26335.000000
2906.000000 26337.000000
2907.000000 26339.000000
2909.000000 26341.000000
2910.000000 26343.000000
2911.000000 26345.000000
2912.000000 26347.000000
2913.000000 26349.000000
2914.000000 26351.000000
2915.000000 26353.000000
2916.000000 26355.000000
2917.000000 26357.000000
2919.000000 26359.000000
2920.000000 26361.000000
2921.000000 26363.000000
2922.000000 26365.000000
2923.000000 26367.000000
2925.000000 26369.000000
2926.000000 26371.000000
2927.000000 26373.000000
2928.000000 26375.000000
2929.000000 26377.000000
2930.000000 26379.000000
2931.000000 26381.000000
2933.000000 26383.000000
2934.000000 26385.000000
2935.000000 26387.000000
2936.000000 26389.000000
2937.000000 26391.000000
2938.000000 26393.000000
2939.000000 26395.000000
2941.000000 26397.000000
2942.000000 26399.000000
2943.000000 26401.000000
2944.000000 26403.000000
2945.000000 26405.000000
2946.000000 26407.000000
2947.000000 26409.000000
2949.000000 26411.000000
2950.000000 26413.000000
2951.000000 26415.000000
2952.000000 26417.000000
2953.000000 26419.000000
2954.000000 26421.000000
2955.000000 26423.000000
2957.000000 26425.000000
2958.000000 26427.000000
2959.000000 26429.000000
2960.000000 26431.000000
2961.000000 26433.000000
2962.000000 26435.000000
2963.000000 26437.000000
2965.000000 26439.000000
2966.000000 26441.000000
2967.000000 26443.000000
2968.000000 26445.000000
2969.000000 26447.000000
2970.000000 26449.000000
2971.000000 26451.000000
2973.000000 26453.000000
2974.000000 26455.000000
2975.000000 26457.000000
2976.000000 26459.000000
2977.000000 26461.000000
2978.000000 26463.000000
2979.000000 26465.000000
2981.000000 26467.000000
2982.000000 26469.000000
2983.000000 26471.000000
2984.000000 26473.000000
2985.000000 26475.000000
2986.000000 26477.000000
2987.000000 26479.000000
2989.000000 26481.000000
2990.000000 26483.000000
2991.000000 26485.000000
2992.000000 26487.000000
2993.000000 26489.000000
2994.000000 26491.000000
2995.000000 26493.000000
2997.000000 26495.000000
2998.000000 26497.000000
2999.000000 26499.000000
3000.000000 26501.000000
3001.000000 26503.000000
3002.000000 26505.000000
3003.000000 26507.000000
3005.000000 26509.000000
3006.000000 26511.000000
3007.000000 26513.000000
3008.000000 26515.000000
3009.000000 26517.000000
3010.000000 26519.000000
3011.000000 26521.000000
3013.000000 26523.000000
3014.000000 26525.000000
3015.000000 26527.000000
3016.000000 26529.000000
3017.000000 26531.000000
3018.000000 26533.000000
3019.000000 26535.000000
3021.000000 26537.000000
3022.000000 26539.000000
3023.000000 26541.000000
3024.000000 26543.000000
3025.000000 26545.000000
3026.000000 26547.000000
3027.000000 26549.000000
3029.000000 26551.000000
3030.000000 26553.000000
3031.000000 26555.000000
3032.000000 26557.000000
3033.000000 26559.000000
3034.000000 26561.000000
3035.000000 26563.000000
3037.000000 26565.000000
3038.000000 26567.000000
3039.000000 26569.000000
3040.000000 26571.000000
3041.000000 26573.000000
3042.000000 26575.000000
3043.000000 26577.000000
3045.000000 26579.000000
3046.000000 26581.000000
3047.000000 26583.000000
3048.000000 26585.000000
3049.000000 26587.000000
3050.000000 26589.000000
3051.000000 26591.000000
3053.000000 26593.000000
3054.000000 26595.000000
3055.000000 26597.000000
3056.000000 26599.000000
3057.000000 26601.000000
3058.000000 26603.000000
3059.000000 26605.000000
3061.000000 26607.000000
3062.000000 26609.000000
3063.000000 26611.000000
3064.000000 26613.000000
3065.000000 26615.000000
3066.000000 26617.000000
3067.000000 26619.000000
3069.000000 26621.000000
3070.000000 26623.000000
3071.000000 26625.000000
3072.000000 26627.000000
3073.000000 26629.000000
3074.000000 26631.000000
3075.000000 26633.000000
3077.000000 26635.000000
3078.000000 26637.000000
3079.000000 26639.000000
3080.000000 26641.000000
3081.000000 26643.000000
3082.000000 26645.000000
3083.000000 26647.000000
3085.000000 26649.000000
3086.000000 26651.000000
3087.000000 26653.000000
3088.000000 26655.000000
3089.000000 26657.000000
3090.000000 26659.000000
3091.000000 26661.000000
3093.000000 26663.000000
3094.000000 26665.000000
3095.000000 26667.000000
3096.000000 26669.000000
3097.000000 26671.000000
3098.000000 26673.000000
3099.000000 26675.000000
3101.000000 26677.000000
3102.000000 26679.000000
3103.000000 26681.000000
3104.000000 26683.000000
3105.000000 26685.000000
3106.000000 26687.000000
3107.000000 26689.000000
3109.000000 26691.000000
3110.000000 26693.000000
3111.000000 26695.000000
3112.000000 26697.000000
3113.000000 26699.000000
3114.000000 26701.000000
3115.000000 26703.000000
3117.000000 26705.000000
3118.000000 26707.000000
3119.000000 26709.000000
3120.000000 26711.000000
3121.000000 26713.000000
3122.000000 26715.000000
3124.000000 26717.000000
3125.000000 26719.000000
3126.000000 26721.000000
3127.000000 26723.000000
3128.000000 26725.000000
3129.000000 26727.000000
3130.000000 26729.000000
3131.000000 26731.000000
3133.000000 26733.000000
3134.000000 26735.000000
3135.000000 26737.000000
3136.000000 26739.000000
3137.000000 26741.000000
3138.000000 26743.000000
3140.000000 26745.000000
3141.000000 26747.000000
3142.000000 26749.000000
3143.000000 26751.000000
3144.000000 26753.000000
3145.000000 26755.000000
3147.000000 26757.000000
3148.000000 26759.000000
3149.000000 26761.000000
3150.000000 26763.000000
3151.000000 26765.000000
3152.000000 26767.000000
3153.000000 26769.000000
3154.000000 26771.000000
3155.000000 26773.000000
3157.000000 26775.000000
3158.000000 26777.000000
3159.000000 26779.000000
3160.000000 26781.000000
3161.000000 26783.000000
3162.000000 26785.000000
3164.000000 26787.000000
3165.000000 26789.000000
3166.000000 26791.000000
3167.000000 26793.000000
3168.000000 26795.000000
3169.000000 26797.000000
3171.000000 26799.000000
3172.000000 26801.000000
3173.000000 26803.000000
3174.000000 26805.000000
3175.000000 26807.000000
3176.000000 26809.000000
3177.000000 26811.000000
3178.000000 26813.000000
3179.000000 26815.000000
3181.000000 26817.000000
3182.000000 26819.000000
3183.000000 26821.000000
3184.000000 26823.000000
3185.000000 26825.000000
3187.000000 26827.000000
3188.000000 26829.000000
3189.000000 26831.000000
3190.000000 26833.000000
3191.000000 26835.000000
3192.000000 26837.000000
3193.000000 26839.000000
3195.000000 26841.000000
3196.000000 26843.000000
3197.000000 26845.000000
3198.000000 26847.000000
3199.000000 26849.000000
3200.000000 26851.000000
3201.000000 26853.000000
3203.000000 26855.000000
3204.000000 26857.000000
3205.000000 26859.000000
3206.000000 26861.000000
3207.000000 26863.000000
3208.000000 26865.000000
3209.000000 26867.000000
3211.000000 26869.000000
3212.000000 26871.000000
3213.000000 26873.000000
3214.000000 26875.000000
3215.000000 26877.000000
3216.000000 26879.000000
3217.000000 26881.000000
3219.000000 26883.000000
3220.000000 26885.000000
3221.000000 26887.000000
3222.000000 26889.000000
3223.000000 26891.000000
3224.000000 26893.000000
3225.000000 26895.000000
3227.000000 26897.000000
3228.000000 26899.000000
3229.000000 26901.000000
3230.000000 26903.000000
3231.000000 26905.000000
3232.000000 26907.000000
3233.000000 26909.000000
3235.000000 26911.000000
3236.000000 26913.000000
3237.000000 26915.000000
3238.000000 26917.000000
3239.000000 26919.000000
3240.000000 26921.000000
3241.000000 26923.000000
3243.000000 26925.000000
3244.000000 26927.000000
3245.000000 26929.000000
3246.000000 26931.000000
3247.000000 26933.000000
3248.000000 26935.000000
3249.000000 26937.000000
3251.000000 26939.000000
3252.000000 26941.000000
3253.000000 26943.000000
3254.000000 26945.000000
3255.000000 26947.000000
3256.000000 26949.000000
3256.000000 26949.000000
3259.000000 26953.000000
3260.000000 26955.000000
3261.000000 26957.000000
3262.000000 26959.000000
3263.000000 26961.000000
3264.000000 26963.000000
3265.000000 26965.000000
3267.000000 26967.000000
3268.000000 26969.000000
3269.000000 26971.000000
3270.000000 26973.000000
3271.000000 26975.000000
3272.000000 26977.000000
3273.000000 26979.000000
3275.000000 26981.000000
3276.000000 26983.000000
3277.000000 26985.000000
3278.000000 26987.000000
3279.000000 26989.000000
3280.000000 26991.000000
3281.000000 26993.000000
3283.000000 26995.000000
3284.000000 26997.000000
3285.000000 26999.000000
3286.000000 27001.000000
3287.000000 27003.000000
3288.000000 27005.000000
3289.000000 27007.000000
3291.000000 27009.000000
3292.000000 27011.000000
3293.000000 27013.000000
3294.000000 27015.000000
3295.000000 27017.000000
3296.000000 27019.000000
3297.000000 27021.000000
3299.000000 27023.000000
3300.000000 27025.000000
3301.000000 27027.000000
3302.000000 27029.000000
3303.000000 27031.000000
3304.000000 27033.000000
3305.000000 27035.000000
3307.000000 27037.000000
3308.000000 27039.000000
3309.000000 27041.000000
3310.000000 27043.000000
3311.000000 27045.000000
3312.000000 27047.000000
3313.000000 27049.000000
3315.000000 27051.000000
3316.000000 27053.000000
3317.000000 27055.000000
3318.000000 27057.000000
3319.000000 27059.000000
3320.000000 27061.000000
3321.000000 27063.000000
3323.000000 27065.000000
3324.000000 27067.000000
3325.000000 27069.000000
3326.000000 27071.000000
3327.000000 27073.000000
3328.000000 27075.000000
3329.000000 27077.000000
3331.000000 27079.000000
3332.000000 27081.000000
3333.000000 27083.000000
3334.000000 27085.000000
3335.000000 27087.000000
3336.000000 27089.000000
3337.000000 27091.000000
3339.000000 27093.000000
3340.000000 27095.000000
3341.000000 27097.000000
3342.000000 27099.000000
3343.000000 27101.000000
3344.000000 27103.000000
3345.000000 27105.000000
3347.000000 27107.000000
3348.000000 27109.000000
3349.000000 27111.000000
3350.000000 27113.000000
3351.000000 27115.000000
3352.000000 27117.000000
3353.000000 27119.000000
3355.000000 27121.000000
3356.000000 27123.000000
3357.000000 27125.000000
3358.000000 27127.000000
3359.000000 27129.000000
3360.000000 27131.000000
3361.000000 27133.000000
3363.000000 27135.000000
3364.000000 27137.000000
3365.000000 27139.000000
3366.000000 27141.000000
3367.000000 27143.000000
3368.000000 27145.000000
3369.000000 27147.000000
3371.000000 27149.000000
3372.000000 27151.000000
3373.000000 27153.000000
3374.000000 27155.000000
3375.000000 27157.000000
3376.000000 27159.000000
3377.000000 27161.000000
3379.000000 27163.000000
3380.000000 27165.000000
3381.000000 27167.000000
3382.000000 27169.000000
3383.000000 27171.000000
3384.000000 27173.000000
3385.000000 27175.000000
3387.000000 27177.000000
3388.000000 27179.000000
3389.000000 27181.000000
3390.000000 27183.000000
3391.000000 27185.000000
3392.000000 27187.000000
