0.000000 63997.000000
0.000000 63999.000000
0.000000 64001.000000
0.000000 64003.000000
0.000000 64005.000000
0.000000 64007.000000
0.000000 64009.000000
0.000000 64011.000000
0.000000 64013.000000
0.000000 64015.000000
1.000000 64017.000000
1.000000 64019.000000
1.000000 64021.000000
1.000000 64023.000000
1.000000 64025.000000
2.000000 64027.000000
2.000000 64029.000000
2.000000 64031.000000
2.000000 64033.000000
3.000000 64035.000000
3.000000 64037.000000
3.000000 64039.000000
4.000000 64041.000000
4.000000 64043.000000
4.000000 64045.000000
5.000000 64047.000000
5.000000 64049.000000
6.000000 64051.000000
6.000000 64053.000000
6.000000 64055.000000
7.000000 64057.000000
7.000000 64059.000000
8.000000 64061.000000
8.000000 64063.000000
9.000000 64065.000000
9.000000 64067.000000
10.000000 64069.000000
10.000000 64071.000000
11.000000 64073.000000
11.000000 64075.000000
12.000000 64077.000000
12.000000 64079.000000
13.000000 64081.000000
13.000000 64083.000000
14.000000 64085.000000
14.000000 64087.000000
15.000000 64089.000000
15.000000 64091.000000
16.000000 64093.000000
17.000000 64095.000000
17.000000 64097.000000
18.000000 64099.000000
18.000000 64101.000000
19.000000 64103.000000
19.000000 64105.000000
20.000000 64107.000000
21.000000 64109.000000
21.000000 64111.000000
22.000000 64113.000000
22.000000 64115.000000
22.000000 64115.000000
59.000000 64231.000000
59.000000 64233.000000
60.000000 64235.000000
61.000000 64237.000000
61.000000 64239.000000
62.000000 64241.000000
63.000000 64243.000000
63.000000 64245.000000
64.000000 64247.000000
65.000000 64249.000000
65.000000 64251.000000
66.000000 64253.000000
67.000000 64255.000000
67.000000 64257.000000
68.000000 64259.000000
69.000000 64261.000000
69.000000 64263.000000
70.000000 64265.000000
71.000000 64267.000000
71.000000 64269.000000
72.000000 64271.000000
72.000000 64273.000000
73.000000 64275.000000
74.000000 64277.000000
74.000000 64279.000000
75.000000 64281.000000
76.000000 64283.000000
76.000000 64285.000000
77.000000 64287.000000
77.000000 64289.000000
78.000000 64291.000000
79.000000 64293.000000
79.000000 64295.000000
80.000000 64297.000000
81.000000 64299.000000
81.000000 64301.000000
82.000000 64303.000000
83.000000 64305.000000
83.000000 64307.000000
84.000000 64309.000000
85.000000 64311.000000
85.000000 64313.000000
86.000000 64315.000000
87.000000 64317.000000
87.000000 64319.000000
88.000000 64321.000000
89.000000 64323.000000
89.000000 64325.000000
90.000000 64327.000000
91.000000 64329.000000
91.000000 64331.000000
92.000000 64333.000000
93.000000 64335.000000
93.000000 64337.000000
94.000000 64339.000000
95.000000 64341.000000
95.000000 64343.000000
96.000000 64345.000000
96.000000 64347.000000
97.000000 64349.000000
98.000000 64351.000000
98.000000 64353.000000
99.000000 64355.000000
100.000000 64357.000000
100.000000 64359.000000
101.000000 64361.000000
101.000000 64363.000000
102.000000 64365.000000
103.000000 64367.000000
103.000000 64369.000000
104.000000 64371.000000
105.000000 64373.000000
105.000000 64375.000000
106.000000 64377.000000
107.000000 64379.000000
107.000000 64381.000000
108.000000 64383.000000
109.000000 64385.000000
109.000000 64387.000000
110.000000 64389.000000
111.000000 64391.000000
111.000000 64393.000000
112.000000 64395.000000
113.000000 64397.000000
113.000000 64399.000000
114.000000 64401.000000
115.000000 64403.000000
115.000000 64405.000000
116.000000 64407.000000
117.000000 64409.000000
117.000000 64411.000000
118.000000 64413.000000
119.000000 64415.000000
119.000000 64417.000000
120.000000 64419.000000
120.000000 64421.000000
121.000000 64423.000000
122.000000 64425.000000
122.000000 64427.000000
123.000000 64429.000000
124.000000 64431.000000
124.000000 64433.000000
125.000000 64435.000000
126.000000 64437.000000
126.000000 64439.000000
127.000000 64441.000000
128.000000 64443.000000
128.000000 64445.000000
129.000000 64447.000000
130.000000 64449.000000
130.000000 64451.000000
131.000000 64453.000000
131.000000 64455.000000
132.000000 64457.000000
133.000000 64459.000000
133.000000 64461.000000
134.000000 64463.000000
135.000000 64465.000000
135.000000 64467.000000
136.000000 64469.000000
137.000000 64471.000000
137.000000 64473.000000
138.000000 64475.000000
139.000000 64477.000000
139.000000 64479.000000
140.000000 64481.000000
141.000000 64483.000000
141.000000 64485.000000
142.000000 64487.000000
143.000000 64489.000000
143.000000 64491.000000
144.000000 64493.000000
145.000000 64495.000000
145.000000 64497.000000
146.000000 64499.000000
147.000000 64501.000000
147.000000 64503.000000
148.000000 64505.000000
149.000000 64507.000000
149.000000 64509.000000
150.000000 64511.000000
151.000000 64513.000000
151.000000 64515.000000
152.000000 64517.000000
152.000000 64519.000000
153.000000 64521.000000
154.000000 64523.000000
154.000000 64525.000000
155.000000 64527.000000
156.000000 64529.000000
156.000000 64531.000000
157.000000 64533.000000
158.000000 64535.000000
158.000000 64537.000000
159.000000 64539.000000
160.000000 64541.000000
160.000000 64543.000000
161.000000 64545.000000
162.000000 64547.000000
162.000000 64549.000000
163.000000 64551.000000
163.000000 64553.000000
164.000000 64555.000000
165.000000 64557.000000
165.000000 64559.000000
166.000000 64561.000000
167.000000 64563.000000
167.000000 64565.000000
168.000000 64567.000000
169.000000 64569.000000
169.000000 64571.000000
170.000000 64573.000000
171.000000 64575.000000
171.000000 64577.000000
172.000000 64579.000000
173.000000 64581.000000
173.000000 64583.000000
174.000000 64585.000000
175.000000 64587.000000
175.000000 64589.000000
176.000000 64591.000000
177.000000 64593.000000
177.000000 64595.000000
178.000000 64597.000000
179.000000 64599.000000
179.000000 64601.000000
180.000000 64603.000000
181.000000 64605.000000
181.000000 64607.000000
182.000000 64609.000000
182.000000 64611.000000
183.000000 64613.000000
184.000000 64615.000000
184.000000 64617.000000
185.000000 64619.000000
186.000000 64621.000000
186.000000 64623.000000
187.000000 64625.000000
188.000000 64627.000000
188.000000 64629.000000
189.000000 64631.000000
189.000000 64633.000000
190.000000 64635.000000
191.000000 64637.000000
191.000000 64639.000000
192.000000 64641.000000
193.000000 64643.000000
193.000000 64645.000000
194.000000 64647.000000
195.000000 64649.000000
195.000000 64651.000000
196.000000 64653.000000
197.000000 64655.000000
197.000000 64657.000000
198.000000 64659.000000
199.000000 64661.000000
199.000000 64663.000000
200.000000 64665.000000
201.000000 64667.000000
201.000000 64669.000000
202.000000 64671.000000
203.000000 64673.000000
203.000000 64675.000000
204.000000 64677.000000
205.000000 64679.000000
205.000000 64681.000000
206.000000 64683.000000
207.000000 64685.000000
207.000000 64687.000000
208.000000 64689.000000
209.000000 64691.000000
209.000000 64693.000000
210.000000 64695.000000
210.000000 64697.000000
211.000000 64699.000000
212.000000 64701.000000
212.000000 64703.000000
213.000000 64705.000000
214.000000 64707.000000
214.000000 64709.000000
215.000000 64711.000000
216.000000 64713.000000
216.000000 64715.000000
217.000000 64717.000000
217.000000 64719.000000
218.000000 64721.000000
219.000000 64723.000000
219.000000 64725.000000
220.000000 64727.000000
221.000000 64729.000000
221.000000 64731.000000
222.000000 64733.000000
223.000000 64735.000000
223.000000 64737.000000
224.000000 64739.000000
225.000000 64741.000000
225.000000 64743.000000
226.000000 64745.000000
227.000000 64747.000000
227.000000 64749.000000
228.000000 64751.000000
229.000000 64753.000000
229.000000 64755.000000
230.000000 64757.000000
231.000000 64759.000000
231.000000 64761.000000
232.000000 64763.000000
232.000000 64763.000000
239.000000 64785.000000
240.000000 64787.000000
240.000000 64789.000000
241.000000 64791.000000
242.000000 64793.000000
242.000000 64795.000000
243.000000 64797.000000
244.000000 64799.000000
244.000000 64801.000000
245.000000 64803.000000
246.000000 64805.000000
246.000000 64807.000000
247.000000 64809.000000
248.000000 64811.000000
248.000000 64813.000000
249.000000 64815.000000
250.000000 64817.000000
250.000000 64819.000000
251.000000 64821.000000
251.000000 64823.000000
252.000000 64825.000000
253.000000 64827.000000
253.000000 64829.000000
254.000000 64831.000000
255.000000 64833.000000
255.000000 64835.000000
256.000000 64837.000000
257.000000 64839.000000
257.000000 64841.000000
258.000000 64843.000000
259.000000 64845.000000
259.000000 64847.000000
260.000000 64849.000000
261.000000 64851.000000
261.000000 64853.000000
262.000000 64855.000000
263.000000 64857.000000
263.000000 64859.000000
264.000000 64861.000000
265.000000 64863.000000
265.000000 64865.000000
266.000000 64867.000000
266.000000 64869.000000
267.000000 64871.000000
268.000000 64873.000000
268.000000 64875.000000
269.000000 64877.000000
270.000000 64879.000000
270.000000 64881.000000
271.000000 64883.000000
272.000000 64885.000000
272.000000 64887.000000
273.000000 64889.000000
274.000000 64891.000000
274.000000 64893.000000
275.000000 64895.000000
276.000000 64897.000000
276.000000 64899.000000
277.000000 64901.000000
278.000000 64903.000000
278.000000 64905.000000
279.000000 64907.000000
279.000000 64909.000000
280.000000 64911.000000
281.000000 64913.000000
281.000000 64915.000000
282.000000 64917.000000
283.000000 64919.000000
283.000000 64921.000000
284.000000 64923.000000
285.000000 64925.000000
285.000000 64927.000000
286.000000 64929.000000
287.000000 64931.000000
287.000000 64933.000000
288.000000 64935.000000
289.000000 64937.000000
289.000000 64939.000000
290.000000 64941.000000
291.000000 64943.000000
291.000000 64945.000000
292.000000 64947.000000
293.000000 64949.000000
293.000000 64951.000000
294.000000 64953.000000
294.000000 64955.000000
295.000000 64957.000000
296.000000 64959.000000
296.000000 64961.000000
297.000000 64963.000000
298.000000 64965.000000
298.000000 64967.000000
299.000000 64969.000000
300.000000 64971.000000
300.000000 64973.000000
301.000000 64975.000000
302.000000 64977.000000
302.000000 64979.000000
303.000000 64981.000000
304.000000 64983.000000
304.000000 64985.000000
305.000000 64987.000000
306.000000 64989.000000
306.000000 64991.000000
307.000000 64993.000000
307.000000 64995.000000
308.000000 64997.000000
309.000000 64999.000000
309.000000 65001.000000
310.000000 65003.000000
311.000000 65005.000000
311.000000 65007.000000
312.000000 65009.000000
313.000000 65011.000000
313.000000 65013.000000
314.000000 65015.000000
315.000000 65017.000000
315.000000 65019.000000
316.000000 65021.000000
317.000000 65023.000000
317.000000 65025.000000
318.000000 65027.000000
319.000000 65029.000000
319.000000 65031.000000
320.000000 65033.000000
321.000000 65035.000000
321.000000 65037.000000
322.000000 65039.000000
323.000000 65041.000000
323.000000 65043.000000
324.000000 65045.000000
325.000000 65047.000000
325.000000 65049.000000
326.000000 65051.000000
326.000000 65053.000000
327.000000 65055.000000
328.000000 65057.000000
328.000000 65059.000000
329.000000 65061.000000
330.000000 65063.000000
330.000000 65065.000000
331.000000 65067.000000
332.000000 65069.000000
332.000000 65071.000000
333.000000 65073.000000
334.000000 65075.000000
334.000000 65077.000000
335.000000 65079.000000
335.000000 65081.000000
336.000000 65083.000000
337.000000 65085.000000
337.000000 65087.000000
338.000000 65089.000000
339.000000 65091.000000
339.000000 65093.000000
340.000000 65095.000000
341.000000 65097.000000
341.000000 65099.000000
342.000000 65101.000000
343.000000 65103.000000
343.000000 65105.000000
344.000000 65107.000000
345.000000 65109.000000
345.000000 65111.000000
346.000000 65113.000000
347.000000 65115.000000
347.000000 65117.000000
348.000000 65119.000000
349.000000 65121.000000
349.000000 65123.000000
350.000000 65125.000000
351.000000 65127.000000
351.000000 65129.000000
352.000000 65131.000000
353.000000 65133.000000
353.000000 65135.000000
354.000000 65137.000000
354.000000 65139.000000
355.000000 65141.000000
356.000000 65143.000000
356.000000 65145.000000
357.000000 65147.000000
358.000000 65149.000000
358.000000 65151.000000
359.000000 65153.000000
360.000000 65155.000000
360.000000 65157.000000
361.000000 65159.000000
361.000000 65161.000000
362.000000 65163.000000
363.000000 65165.000000
363.000000 65167.000000
364.000000 65169.000000
365.000000 65171.000000
365.000000 65173.000000
366.000000 65175.000000
367.000000 65177.000000
367.000000 65179.000000
368.000000 65181.000000
369.000000 65183.000000
369.000000 65185.000000
370.000000 65187.000000
371.000000 65189.000000
371.000000 65191.000000
372.000000 65193.000000
373.000000 65195.000000
373.000000 65197.000000
374.000000 65199.000000
375.000000 65201.000000
375.000000 65203.000000
376.000000 65205.000000
377.000000 65207.000000
377.000000 65209.000000
378.000000 65211.000000
378.000000 65213.000000
379.000000 65215.000000
380.000000 65217.000000
380.000000 65219.000000
381.000000 65221.000000
382.000000 65223.000000
382.000000 65225.000000
383.000000 65227.000000
384.000000 65229.000000
384.000000 65231.000000
385.000000 65233.000000
385.000000 65235.000000
386.000000 65237.000000
387.000000 65239.000000
387.000000 65241.000000
388.000000 65243.000000
389.000000 65245.000000
389.000000 65247.000000
390.000000 65249.000000
391.000000 65251.000000
391.000000 65253.000000
392.000000 65255.000000
393.000000 65257.000000
393.000000 65259.000000
394.000000 65261.000000
395.000000 65263.000000
395.000000 65265.000000
396.000000 65267.000000
397.000000 65269.000000
397.000000 65271.000000
398.000000 65273.000000
399.000000 65275.000000
399.000000 65277.000000
400.000000 65279.000000
401.000000 65281.000000
401.000000 65283.000000
402.000000 65285.000000
403.000000 65287.000000
403.000000 65289.000000
404.000000 65291.000000
405.000000 65293.000000
405.000000 65295.000000
406.000000 65297.000000
407.000000 65299.000000
407.000000 65301.000000
408.000000 65303.000000
408.000000 65305.000000
409.000000 65307.000000
410.000000 65309.000000
410.000000 65311.000000
411.000000 65313.000000
412.000000 65315.000000
412.000000 65317.000000
413.000000 65319.000000
414.000000 65321.000000
414.000000 65323.000000
415.000000 65325.000000
416.000000 65327.000000
416.000000 65329.000000
417.000000 65331.000000
418.000000 65333.000000
418.000000 65335.000000
419.000000 65337.000000
419.000000 65339.000000
420.000000 65341.000000
421.000000 65343.000000
421.000000 65345.000000
422.000000 65347.000000
423.000000 65349.000000
423.000000 65351.000000
424.000000 65353.000000
425.000000 65355.000000
425.000000 65357.000000
426.000000 65359.000000
427.000000 65361.000000
427.000000 65363.000000
428.000000 65365.000000
429.000000 65367.000000
429.000000 65369.000000
430.000000 65371.000000
431.000000 65373.000000
431.000000 65375.000000
432.000000 65377.000000
433.000000 65379.000000
433.000000 65381.000000
434.000000 65383.000000
435.000000 65385.000000
435.000000 65387.000000
436.000000 65389.000000
436.000000 65391.000000
437.000000 65393.000000
438.000000 65395.000000
438.000000 65397.000000
439.000000 65399.000000
440.000000 65401.000000
440.000000 65403.000000
441.000000 65405.000000
442.000000 65407.000000
442.000000 65409.000000
443.000000 65411.000000
444.000000 65413.000000
444.000000 65415.000000
445.000000 65417.000000
446.000000 65419.000000
446.000000 65421.000000
447.000000 65423.000000
448.000000 65425.000000
448.000000 65427.000000
449.000000 65429.000000
450.000000 65431.000000
450.000000 65433.000000
451.000000 65435.000000
451.000000 65437.000000
452.000000 65439.000000
453.000000 65441.000000
453.000000 65443.000000
454.000000 65445.000000
455.000000 65447.000000
455.000000 65449.000000
456.000000 65451.000000
457.000000 65453.000000
457.000000 65455.000000
458.000000 65457.000000
459.000000 65459.000000
459.000000 65461.000000
460.000000 65463.000000
461.000000 65465.000000
461.000000 65467.000000
462.000000 65469.000000
462.000000 65471.000000
463.000000 65473.000000
464.000000 65475.000000
464.000000 65477.000000
465.000000 65479.000000
466.000000 65481.000000
466.000000 65483.000000
467.000000 65485.000000
468.000000 65487.000000
468.000000 65489.000000
469.000000 65491.000000
470.000000 65493.000000
470.000000 65495.000000
471.000000 65497.000000
472.000000 65499.000000
472.000000 65501.000000
472.000000 65501.000000
475.000000 65509.000000
475.000000 65511.000000
476.000000 65513.000000
477.000000 65515.000000
477.000000 65517.000000
478.000000 65519.000000
479.000000 65521.000000
479.000000 65523.000000
480.000000 65525.000000
481.000000 65527.000000
481.000000 65529.000000
482.000000 65531.000000
483.000000 65533.000000
483.000000 65535.000000
484.000000 65537.000000
485.000000 65539.000000
485.000000 65541.000000
486.000000 65543.000000
487.000000 65545.000000
487.000000 65547.000000
488.000000 65549.000000
489.000000 65551.000000
489.000000 65553.000000
490.000000 65555.000000
491.000000 65557.000000
491.000000 65559.000000
492.000000 65561.000000
493.000000 65563.000000
493.000000 65565.000000
494.000000 65567.000000
494.000000 65569.000000
495.000000 65571.000000
496.000000 65573.000000
496.000000 65575.000000
497.000000 65577.000000
498.000000 65579.000000
498.000000 65581.000000
499.000000 65583.000000
500.000000 65585.000000
500.000000 65587.000000
501.000000 65589.000000
502.000000 65591.000000
502.000000 65593.000000
503.000000 65595.000000
503.000000 65597.000000
504.000000 65599.000000
505.000000 65601.000000
505.000000 65603.000000
506.000000 65605.000000
507.000000 65607.000000
507.000000 65609.000000
508.000000 65611.000000
509.000000 65613.000000
509.000000 65615.000000
510.000000 65617.000000
511.000000 65619.000000
511.000000 65621.000000
512.000000 65623.000000
513.000000 65625.000000
513.000000 65627.000000
514.000000 65629.000000
515.000000 65631.000000
515.000000 65633.000000
516.000000 65635.000000
517.000000 65637.000000
517.000000 65639.000000
518.000000 65641.000000
519.000000 65643.000000
519.000000 65645.000000
520.000000 65647.000000
521.000000 65649.000000
521.000000 65651.000000
522.000000 65653.000000
523.000000 65655.000000
523.000000 65657.000000
524.000000 65659.000000
524.000000 65661.000000
525.000000 65663.000000
526.000000 65665.000000
526.000000 65667.000000
527.000000 65669.000000
528.000000 65671.000000
528.000000 65673.000000
529.000000 65675.000000
529.000000 65677.000000
530.000000 65679.000000
531.000000 65681.000000
531.000000 65683.000000
532.000000 65685.000000
533.000000 65687.000000
533.000000 65689.000000
534.000000 65691.000000
535.000000 65693.000000
535.000000 65695.000000
536.000000 65697.000000
537.000000 65699.000000
537.000000 65701.000000
538.000000 65703.000000
539.000000 65705.000000
539.000000 65707.000000
540.000000 65709.000000
541.000000 65711.000000
541.000000 65713.000000
542.000000 65715.000000
543.000000 65717.000000
543.000000 65719.000000
544.000000 65721.000000
545.000000 65723.000000
545.000000 65725.000000
546.000000 65727.000000
547.000000 65729.000000
547.000000 65731.000000
548.000000 65733.000000
548.000000 65735.000000
549.000000 65737.000000
550.000000 65739.000000
550.000000 65741.000000
551.000000 65743.000000
552.000000 65745.000000
552.000000 65747.000000
553.000000 65749.000000
553.000000 65751.000000
554.000000 65753.000000
555.000000 65755.000000
555.000000 65757.000000
556.000000 65759.000000
557.000000 65761.000000
557.000000 65763.000000
558.000000 65765.000000
559.000000 65767.000000
559.000000 65769.000000
560.000000 65771.000000
561.000000 65773.000000
561.000000 65775.000000
562.000000 65777.000000
563.000000 65779.000000
563.000000 65781.000000
564.000000 65783.000000
565.000000 65785.000000
565.000000 65787.000000
566.000000 65789.000000
567.000000 65791.000000
567.000000 65793.000000
568.000000 65795.000000
569.000000 65797.000000
569.000000 65799.000000
570.000000 65801.000000
571.000000 65803.000000
571.000000 65805.000000
572.000000 65807.000000
573.000000 65809.000000
573.000000 65811.000000
574.000000 65813.000000
574.000000 65815.000000
575.000000 65817.000000
576.000000 65819.000000
576.000000 65821.000000
577.000000 65823.000000
578.000000 65825.000000
578.000000 65827.000000
579.000000 65829.000000
579.000000 65831.000000
580.000000 65833.000000
581.000000 65835.000000
581.000000 65837.000000
582.000000 65839.000000
583.000000 65841.000000
583.000000 65843.000000
584.000000 65845.000000
585.000000 65847.000000
585.000000 65849.000000
586.000000 65851.000000
587.000000 65853.000000
587.000000 65855.000000
588.000000 65857.000000
589.000000 65859.000000
589.000000 65861.000000
590.000000 65863.000000
591.000000 65865.000000
591.000000 65867.000000
592.000000 65869.000000
593.000000 65871.000000
593.000000 65873.000000
594.000000 65875.000000
595.000000 65877.000000
595.000000 65879.000000
596.000000 65881.000000
597.000000 65883.000000
597.000000 65885.000000
598.000000 65887.000000
599.000000 65889.000000
599.000000 65891.000000
600.000000 65893.000000
601.000000 65895.000000
601.000000 65897.000000
602.000000 65899.000000
602.000000 65901.000000
603.000000 65903.000000
604.000000 65905.000000
604.000000 65907.000000
605.000000 65909.000000
606.000000 65911.000000
606.000000 65913.000000
607.000000 65915.000000
608.000000 65917.000000
608.000000 65919.000000
609.000000 65921.000000
610.000000 65923.000000
610.000000 65925.000000
611.000000 65927.000000
611.000000 65929.000000
612.000000 65931.000000
613.000000 65933.000000
613.000000 65935.000000
614.000000 65937.000000
615.000000 65939.000000
615.000000 65941.000000
616.000000 65943.000000
617.000000 65945.000000
617.000000 65947.000000
618.000000 65949.000000
619.000000 65951.000000
619.000000 65953.000000
620.000000 65955.000000
621.000000 65957.000000
621.000000 65959.000000
622.000000 65961.000000
623.000000 65963.000000
623.000000 65965.000000
624.000000 65967.000000
625.000000 65969.000000
625.000000 65971.000000
626.000000 65973.000000
626.000000 65975.000000
627.000000 65977.000000
628.000000 65979.000000
628.000000 65981.000000
629.000000 65983.000000
630.000000 65985.000000
630.000000 65987.000000
631.000000 65989.000000
632.000000 65991.000000
632.000000 65993.000000
633.000000 65995.000000
634.000000 65997.000000
634.000000 65999.000000
635.000000 66001.000000
636.000000 66003.000000
636.000000 66005.000000
637.000000 66007.000000
637.000000 66009.000000
638.000000 66011.000000
639.000000 66013.000000
639.000000 66015.000000
640.000000 66017.000000
641.000000 66019.000000
641.000000 66021.000000
642.000000 66023.000000
643.000000 66025.000000
643.000000 66027.000000
644.000000 66029.000000
645.000000 66031.000000
645.000000 66033.000000
646.000000 66035.000000
647.000000 66037.000000
647.000000 66039.000000
648.000000 66041.000000
649.000000 66043.000000
649.000000 66045.000000
650.000000 66047.000000
651.000000 66049.000000
651.000000 66051.000000
652.000000 66053.000000
652.000000 66055.000000
653.000000 66057.000000
654.000000 66059.000000
654.000000 66061.000000
655.000000 66063.000000
656.000000 66065.000000
656.000000 66067.000000
657.000000 66069.000000
658.000000 66071.000000
658.000000 66073.000000
659.000000 66075.000000
660.000000 66077.000000
660.000000 66079.000000
661.000000 66081.000000
662.000000 66083.000000
662.000000 66085.000000
663.000000 66087.000000
664.000000 66089.000000
664.000000 66091.000000
665.000000 66093.000000
665.000000 66095.000000
666.000000 66097.000000
667.000000 66099.000000
667.000000 66101.000000
668.000000 66103.000000
669.000000 66105.000000
669.000000 66107.000000
670.000000 66109.000000
671.000000 66111.000000
671.000000 66113.000000
672.000000 66115.000000
673.000000 66117.000000
673.000000 66119.000000
674.000000 66121.000000
675.000000 66123.000000
675.000000 66125.000000
676.000000 66127.000000
677.000000 66129.000000
677.000000 66131.000000
678.000000 66133.000000
679.000000 66135.000000
679.000000 66137.000000
680.000000 66139.000000
681.000000 66141.000000
681.000000 66143.000000
682.000000 66145.000000
683.000000 66147.000000
683.000000 66149.000000
684.000000 66151.000000
684.000000 66153.000000
685.000000 66155.000000
686.000000 66157.000000
686.000000 66159.000000
687.000000 66161.000000
688.000000 66163.000000
688.000000 66165.000000
689.000000 66167.000000
690.000000 66169.000000
690.000000 66171.000000
691.000000 66173.000000
692.000000 66175.000000
692.000000 66177.000000
693.000000 66179.000000
693.000000 66181.000000
694.000000 66183.000000
695.000000 66185.000000
695.000000 66187.000000
696.000000 66189.000000
697.000000 66191.000000
697.000000 66193.000000
698.000000 66195.000000
699.000000 66197.000000
699.000000 66199.000000
700.000000 66201.000000
701.000000 66203.000000
701.000000 66205.000000
702.000000 66207.000000
703.000000 66209.000000
703.000000 66211.000000
704.000000 66213.000000
705.000000 66215.000000
705.000000 66217.000000
706.000000 66219.000000
707.000000 66221.000000
707.000000 66223.000000
708.000000 66225.000000
708.000000 66227.000000
709.000000 66229.000000
710.000000 66231.000000
710.000000 66233.000000
711.000000 66235.000000
712.000000 66237.000000
712.000000 66239.000000
713.000000 66241.000000
714.000000 66243.000000
714.000000 66245.000000
715.000000 66247.000000
716.000000 66249.000000
716.000000 66251.000000
717.000000 66253.000000
717.000000 66255.000000
718.000000 66257.000000
719.000000 66259.000000
719.000000 66261.000000
720.000000 66263.000000
721.000000 66265.000000
721.000000 66267.000000
722.000000 66269.000000
723.000000 66271.000000
723.000000 66273.000000
724.000000 66275.000000
725.000000 66277.000000
725.000000 66279.000000
726.000000 66281.000000
727.000000 66283.000000
727.000000 66285.000000
728.000000 66287.000000
729.000000 66289.000000
729.000000 66291.000000
730.000000 66293.000000
731.000000 66295.000000
731.000000 66297.000000
732.000000 66299.000000
732.000000 66301.000000
733.000000 66303.000000
734.000000 66305.000000
734.000000 66307.000000
735.000000 66309.000000
736.000000 66311.000000
736.000000 66313.000000
737.000000 66315.000000
738.000000 66317.000000
738.000000 66319.000000
739.000000 66321.000000
740.000000 66323.000000
740.000000 66325.000000
741.000000 66327.000000
741.000000 66329.000000
742.000000 66331.000000
743.000000 66333.000000
743.000000 66335.000000
744.000000 66337.000000
745.000000 66339.000000
745.000000 66341.000000
746.000000 66343.000000
747.000000 66345.000000
747.000000 66347.000000
748.000000 66349.000000
749.000000 66351.000000
749.000000 66353.000000
750.000000 66355.000000
751.000000 66357.000000
751.000000 66359.000000
752.000000 66361.000000
753.000000 66363.000000
753.000000 66365.000000
754.000000 66367.000000
755.000000 66369.000000
755.000000 66371.000000
756.000000 66373.000000
757.000000 66375.000000
757.000000 66377.000000
758.000000 66379.000000
758.000000 66381.000000
759.000000 66383.000000
760.000000 66385.000000
760.000000 66387.000000
761.000000 66389.000000
762.000000 66391.000000
762.000000 66393.000000
763.000000 66395.000000
764.000000 66397.000000
764.000000 66399.000000
765.000000 66401.000000
766.000000 66403.000000
766.000000 66405.000000
767.000000 66407.000000
767.000000 66409.000000
768.000000 66411.000000
769.000000 66413.000000
769.000000 66415.000000
770.000000 66417.000000
771.000000 66419.000000
771.000000 66421.000000
772.000000 66423.000000
773.000000 66425.000000
773.000000 66427.000000
774.000000 66429.000000
775.000000 66431.000000
775.000000 66433.000000
776.000000 66435.000000
777.000000 66437.000000
777.000000 66439.000000
778.000000 66441.000000
779.000000 66443.000000
779.000000 66445.000000
780.000000 66447.000000
781.000000 66449.000000
781.000000 66451.000000
782.000000 66453.000000
783.000000 66455.000000
783.000000 66457.000000
784.000000 66459.000000
785.000000 66461.000000
785.000000 66463.000000
786.000000 66465.000000
787.000000 66467.000000
787.000000 66469.000000
788.000000 66471.000000
788.000000 66473.000000
789.000000 66475.000000
790.000000 66477.000000
790.000000 66479.000000
791.000000 66481.000000
792.000000 66483.000000
792.000000 66485.000000
793.000000 66487.000000
793.000000 66489.000000
794.000000 66491.000000
795.000000 66493.000000
795.000000 66495.000000
796.000000 66497.000000
797.000000 66499.000000
797.000000 66501.000000
798.000000 66503.000000
799.000000 66505.000000
799.000000 66507.000000
800.000000 66509.000000
801.000000 66511.000000
801.000000 66513.000000
802.000000 66515.000000
803.000000 66517.000000
803.000000 66519.000000
804.000000 66521.000000
805.000000 66523.000000
805.000000 66525.000000
806.000000 66527.000000
807.000000 66529.000000
807.000000 66531.000000
808.000000 66533.000000
809.000000 66535.000000
809.000000 66537.000000
810.000000 66539.000000
811.000000 66541.000000
811.000000 66543.000000
812.000000 66545.000000
812.000000 66547.000000
813.000000 66549.000000
814.000000 66551.000000
814.000000 66553.000000
815.000000 66555.000000
816.000000 66557.000000
816.000000 66559.000000
817.000000 66561.000000
817.000000 66563.000000
818.000000 66565.000000
819.000000 66567.000000
819.000000 66569.000000
820.000000 66571.000000
821.000000 66573.000000
821.000000 66575.000000
822.000000 66577.000000
823.000000 66579.000000
823.000000 66581.000000
824.000000 66583.000000
825.000000 66585.000000
825.000000 66587.000000
826.000000 66589.000000
827.000000 66591.000000
827.000000 66593.000000
828.000000 66595.000000
829.000000 66597.000000
829.000000 66599.000000
830.000000 66601.000000
831.000000 66603.000000
831.000000 66605.000000
832.000000 66607.000000
833.000000 66609.000000
833.000000 66611.000000
834.000000 66613.000000
835.000000 66615.000000
835.000000 66617.000000
836.000000 66619.000000
836.000000 66621.000000
837.000000 66623.000000
838.000000 66625.000000
838.000000 66627.000000
839.000000 66629.000000
840.000000 66631.000000
840.000000 66633.000000
841.000000 66635.000000
841.000000 66637.000000
842.000000 66639.000000
843.000000 66641.000000
843.000000 66643.000000
844.000000 66645.000000
845.000000 66647.000000
845.000000 66649.000000
846.000000 66651.000000
847.000000 66653.000000
847.000000 66655.000000
848.000000 66657.000000
849.000000 66659.000000
849.000000 66661.000000
850.000000 66663.000000
851.000000 66665.000000
851.000000 66667.000000
852.000000 66669.000000
853.000000 66671.000000
853.000000 66673.000000
854.000000 66675.000000
855.000000 66677.000000
855.000000 66679.000000
856.000000 66681.000000
857.000000 66683.000000
857.000000 66685.000000
858.000000 66687.000000
859.000000 66689.000000
859.000000 66691.000000
860.000000 66693.000000
861.000000 66695.000000
861.000000 66697.000000
862.000000 66699.000000
863.000000 66701.000000
863.000000 66703.000000
864.000000 66705.000000
864.000000 66707.000000
865.000000 66709.000000
866.000000 66711.000000
866.000000 66713.000000
867.000000 66715.000000
868.000000 66717.000000
868.000000 66719.000000
869.000000 66721.000000
870.000000 66723.000000
870.000000 66725.000000
871.000000 66727.000000
872.000000 66729.000000
872.000000 66731.000000
873.000000 66733.000000
873.000000 66735.000000
874.000000 66737.000000
875.000000 66739.000000
875.000000 66741.000000
876.000000 66743.000000
877.000000 66745.000000
877.000000 66747.000000
878.000000 66749.000000
879.000000 66751.000000
879.000000 66753.000000
880.000000 66755.000000
881.000000 66757.000000
881.000000 66759.000000
882.000000 66761.000000
883.000000 66763.000000
883.000000 66765.000000
884.000000 66767.000000
885.000000 66769.000000
885.000000 66771.000000
886.000000 66773.000000
887.000000 66775.000000
887.000000 66777.000000
888.000000 66779.000000
889.000000 66781.000000
889.000000 66783.000000
890.000000 66785.000000
890.000000 66787.000000
891.000000 66789.000000
892.000000 66791.000000
892.000000 66793.000000
893.000000 66795.000000
894.000000 66797.000000
894.000000 66799.000000
895.000000 66801.000000
896.000000 66803.000000
896.000000 66805.000000
897.000000 66807.000000
898.000000 66809.000000
898.000000 66811.000000
899.000000 66813.000000
900.000000 66815.000000
900.000000 66817.000000
901.000000 66819.000000
902.000000 66821.000000
902.000000 66823.000000
903.000000 66825.000000
903.000000 66827.000000
904.000000 66829.000000
905.000000 66831.000000
905.000000 66833.000000
906.000000 66835.000000
907.000000 66837.000000
907.000000 66839.000000
908.000000 66841.000000
909.000000 66843.000000
909.000000 66845.000000
910.000000 66847.000000
911.000000 66849.000000
911.000000 66851.000000
912.000000 66853.000000
913.000000 66855.000000
913.000000 66857.000000
914.000000 66859.000000
914.000000 66861.000000
915.000000 66863.000000
916.000000 66865.000000
916.000000 66867.000000
917.000000 66869.000000
918.000000 66871.000000
918.000000 66873.000000
919.000000 66875.000000
920.000000 66877.000000
920.000000 66879.000000
921.000000 66881.000000
922.000000 66883.000000
922.000000 66885.000000
923.000000 66887.000000
924.000000 66889.000000
924.000000 66891.000000
925.000000 66893.000000
925.000000 66895.000000
926.000000 66897.000000
927.000000 66899.000000
927.000000 66901.000000
928.000000 66903.000000
929.000000 66905.000000
929.000000 66907.000000
930.000000 66909.000000
931.000000 66911.000000
931.000000 66913.000000
932.000000 66915.000000
933.000000 66917.000000
933.000000 66919.000000
934.000000 66921.000000
935.000000 66923.000000
935.000000 66925.000000
935.000000 66925.000000
940.000000 66939.000000
940.000000 66941.000000
941.000000 66943.000000
942.000000 66945.000000
942.000000 66947.000000
943.000000 66949.000000
944.000000 66951.000000
944.000000 66953.000000
945.000000 66955.000000
946.000000 66957.000000
946.000000 66959.000000
947.000000 66961.000000
948.000000 66963.000000
948.000000 66965.000000
949.000000 66967.000000
950.000000 66969.000000
950.000000 66971.000000
951.000000 66973.000000
952.000000 66975.000000
952.000000 66977.000000
953.000000 66979.000000
954.000000 66981.000000
954.000000 66983.000000
955.000000 66985.000000
955.000000 66987.000000
956.000000 66989.000000
957.000000 66991.000000
957.000000 66993.000000
958.000000 66995.000000
959.000000 66997.000000
959.000000 66999.000000
960.000000 67001.000000
961.000000 67003.000000
961.000000 67005.000000
962.000000 67007.000000
963.000000 67009.000000
963.000000 67011.000000
964.000000 67013.000000
965.000000 67015.000000
965.000000 67017.000000
966.000000 67019.000000
967.000000 67021.000000
967.000000 67023.000000
968.000000 67025.000000
969.000000 67027.000000
969.000000 67029.000000
970.000000 67031.000000
971.000000 67033.000000
971.000000 67035.000000
972.000000 67037.000000
972.000000 67039.000000
973.000000 67041.000000
974.000000 67043.000000
974.000000 67045.000000
975.000000 67047.000000
976.000000 67049.000000
976.000000 67051.000000
977.000000 67053.000000
978.000000 67055.000000
978.000000 67057.000000
979.000000 67059.000000
980.000000 67061.000000
980.000000 67063.000000
981.000000 67065.000000
981.000000 67067.000000
982.000000 67069.000000
983.000000 67071.000000
983.000000 67073.000000
984.000000 67075.000000
985.000000 67077.000000
985.000000 67079.000000
986.000000 67081.000000
987.000000 67083.000000
987.000000 67085.000000
988.000000 67087.000000
989.000000 67089.000000
989.000000 67091.000000
990.000000 67093.000000
991.000000 67095.000000
991.000000 67097.000000
992.000000 67099.000000
993.000000 67101.000000
993.000000 67103.000000
994.000000 67105.000000
995.000000 67107.000000
995.000000 67109.000000
996.000000 67111.000000
996.000000 67113.000000
997.000000 67115.000000
998.000000 67117.000000
998.000000 67119.000000
999.000000 67121.000000
1000.000000 67123.000000
1000.000000 67125.000000
1001.000000 67127.000000
1002.000000 67129.000000
1002.000000 67131.000000
1003.000000 67133.000000
1003.000000 67135.000000
1004.000000 67137.000000
1005.000000 67139.000000
1005.000000 67141.000000
1006.000000 67143.000000
1007.000000 67145.000000
1007.000000 67147.000000
1008.000000 67149.000000
1009.000000 67151.000000
1009.000000 67153.000000
1010.000000 67155.000000
1011.000000 67157.000000
1011.000000 67159.000000
1012.000000 67161.000000
1013.000000 67163.000000
1013.000000 67165.000000
1014.000000 67167.000000
1015.000000 67169.000000
1015.000000 67171.000000
1016.000000 67173.000000
1017.000000 67175.000000
1017.000000 67177.000000
1018.000000 67179.000000
1019.000000 67181.000000
1019.000000 67183.000000
1020.000000 67185.000000
1021.000000 67187.000000
1021.000000 67189.000000
1022.000000 67191.000000
1022.000000 67193.000000
1023.000000 67195.000000
1024.000000 67197.000000
1024.000000 67199.000000
1025.000000 67201.000000
1026.000000 67203.000000
1026.000000 67205.000000
1027.000000 67207.000000
1028.000000 67209.000000
1028.000000 67211.000000
1029.000000 67213.000000
1029.000000 67215.000000
1030.000000 67217.000000
1031.000000 67219.000000
1031.000000 67221.000000
1032.000000 67223.000000
1033.000000 67225.000000
1033.000000 67227.000000
1034.000000 67229.000000
1035.000000 67231.000000
1035.000000 67233.000000
1036.000000 67235.000000
1037.000000 67237.000000
1037.000000 67239.000000
1038.000000 67241.000000
1039.000000 67243.000000
1039.000000 67245.000000
1040.000000 67247.000000
1041.000000 67249.000000
1041.000000 67251.000000
1042.000000 67253.000000
1043.000000 67255.000000
1043.000000 67257.000000
1044.000000 67259.000000
1045.000000 67261.000000
1045.000000 67263.000000
1046.000000 67265.000000
1047.000000 67267.000000
1047.000000 67269.000000
1048.000000 67271.000000
1049.000000 67273.000000
1049.000000 67275.000000
1050.000000 67277.000000
1050.000000 67279.000000
1051.000000 67281.000000
1052.000000 67283.000000
1052.000000 67285.000000
1053.000000 67287.000000
1054.000000 67289.000000
1054.000000 67291.000000
1055.000000 67293.000000
1056.000000 67295.000000
1056.000000 67297.000000
1057.000000 67299.000000
1057.000000 67301.000000
1058.000000 67303.000000
1059.000000 67305.000000
1059.000000 67307.000000
1060.000000 67309.000000
1061.000000 67311.000000
1061.000000 67313.000000
1062.000000 67315.000000
1063.000000 67317.000000
1063.000000 67319.000000
1064.000000 67321.000000
1065.000000 67323.000000
1065.000000 67325.000000
1066.000000 67327.000000
1067.000000 67329.000000
1067.000000 67331.000000
1068.000000 67333.000000
1069.000000 67335.000000
1069.000000 67337.000000
1070.000000 67339.000000
1071.000000 67341.000000
1071.000000 67343.000000
1072.000000 67345.000000
1073.000000 67347.000000
1073.000000 67349.000000
1074.000000 67351.000000
1074.000000 67353.000000
1075.000000 67355.000000
1076.000000 67357.000000
1076.000000 67359.000000
1077.000000 67361.000000
1078.000000 67363.000000
1078.000000 67365.000000
1079.000000 67367.000000
1080.000000 67369.000000
1080.000000 67371.000000
1081.000000 67373.000000
1081.000000 67375.000000
1082.000000 67377.000000
1083.000000 67379.000000
1083.000000 67381.000000
1084.000000 67383.000000
1085.000000 67385.000000
1085.000000 67387.000000
1086.000000 67389.000000
1087.000000 67391.000000
1087.000000 67393.000000
1088.000000 67395.000000
1089.000000 67397.000000
1089.000000 67399.000000
1090.000000 67401.000000
1091.000000 67403.000000
1091.000000 67405.000000
1092.000000 67407.000000
1093.000000 67409.000000
1093.000000 67411.000000
1094.000000 67413.000000
1095.000000 67415.000000
1095.000000 67417.000000
1096.000000 67419.000000
1097.000000 67421.000000
1097.000000 67423.000000
1098.000000 67425.000000
1099.000000 67427.000000
1099.000000 67429.000000
1100.000000 67431.000000
1100.000000 67433.000000
1101.000000 67435.000000
1102.000000 67437.000000
1102.000000 67439.000000
1103.000000 67441.000000
1104.000000 67443.000000
1104.000000 67445.000000
1105.000000 67447.000000
1105.000000 67449.000000
1106.000000 67451.000000
1107.000000 67453.000000
1107.000000 67455.000000
1108.000000 67457.000000
1109.000000 67459.000000
1109.000000 67461.000000
1110.000000 67463.000000
1111.000000 67465.000000
1111.000000 67467.000000
1112.000000 67469.000000
1113.000000 67471.000000
1113.000000 67473.000000
1114.000000 67475.000000
1115.000000 67477.000000
1115.000000 67479.000000
1116.000000 67481.000000
1117.000000 67483.000000
1117.000000 67485.000000
1118.000000 67487.000000
1119.000000 67489.000000
1119.000000 67491.000000
1120.000000 67493.000000
1121.000000 67495.000000
1121.000000 67497.000000
1122.000000 67499.000000
1123.000000 67501.000000
1123.000000 67503.000000
1124.000000 67505.000000
1125.000000 67507.000000
1125.000000 67509.000000
1126.000000 67511.000000
1126.000000 67513.000000
1127.000000 67515.000000
1128.000000 67517.000000
1128.000000 67519.000000
1129.000000 67521.000000
1129.000000 67521.000000
1140.000000 67555.000000
1141.000000 67557.000000
1141.000000 67559.000000
1142.000000 67561.000000
1143.000000 67563.000000
1143.000000 67565.000000
1144.000000 67567.000000
1145.000000 67569.000000
1145.000000 67571.000000
1146.000000 67573.000000
1147.000000 67575.000000
1147.000000 67577.000000
1148.000000 67579.000000
1149.000000 67581.000000
1149.000000 67583.000000
1150.000000 67585.000000
1151.000000 67587.000000
1151.000000 67589.000000
1152.000000 67591.000000
1153.000000 67593.000000
1153.000000 67595.000000
1154.000000 67597.000000
1154.000000 67599.000000
1155.000000 67601.000000
1156.000000 67603.000000
1156.000000 67605.000000
1157.000000 67607.000000
1158.000000 67609.000000
1158.000000 67611.000000
1159.000000 67613.000000
1160.000000 67615.000000
1160.000000 67617.000000
1161.000000 67619.000000
1162.000000 67621.000000
1162.000000 67623.000000
1163.000000 67625.000000
1163.000000 67627.000000
1164.000000 67629.000000
1165.000000 67631.000000
1165.000000 67633.000000
1166.000000 67635.000000
1167.000000 67637.000000
1167.000000 67639.000000
1168.000000 67641.000000
1169.000000 67643.000000
1169.000000 67645.000000
1170.000000 67647.000000
1171.000000 67649.000000
1171.000000 67651.000000
1172.000000 67653.000000
1173.000000 67655.000000
1173.000000 67657.000000
1174.000000 67659.000000
1175.000000 67661.000000
1175.000000 67663.000000
1176.000000 67665.000000
1177.000000 67667.000000
1177.000000 67669.000000
1178.000000 67671.000000
1178.000000 67673.000000
1179.000000 67675.000000
1180.000000 67677.000000
1180.000000 67679.000000
1181.000000 67681.000000
1182.000000 67683.000000
1182.000000 67685.000000
1183.000000 67687.000000
1184.000000 67689.000000
1184.000000 67691.000000
1185.000000 67693.000000
1186.000000 67695.000000
1186.000000 67697.000000
1187.000000 67699.000000
1187.000000 67701.000000
1188.000000 67703.000000
1189.000000 67705.000000
1189.000000 67707.000000
1190.000000 67709.000000
1191.000000 67711.000000
1191.000000 67713.000000
1192.000000 67715.000000
1193.000000 67717.000000
1193.000000 67719.000000
1194.000000 67721.000000
1195.000000 67723.000000
1195.000000 67725.000000
1196.000000 67727.000000
1197.000000 67729.000000
1197.000000 67731.000000
1198.000000 67733.000000
1199.000000 67735.000000
1199.000000 67737.000000
1200.000000 67739.000000
1201.000000 67741.000000
1201.000000 67743.000000
1202.000000 67745.000000
1202.000000 67747.000000
1203.000000 67749.000000
1204.000000 67751.000000
1204.000000 67753.000000
1205.000000 67755.000000
1206.000000 67757.000000
1206.000000 67759.000000
1207.000000 67761.000000
1208.000000 67763.000000
1208.000000 67765.000000
1209.000000 67767.000000
1210.000000 67769.000000
1210.000000 67771.000000
1211.000000 67773.000000
1212.000000 67775.000000
1212.000000 67777.000000
1213.000000 67779.000000
1214.000000 67781.000000
1214.000000 67783.000000
1214.000000 67783.000000
1221.000000 67803.000000
1221.000000 67805.000000
1222.000000 67807.000000
1223.000000 67809.000000
1223.000000 67811.000000
1224.000000 67813.000000
1225.000000 67815.000000
1225.000000 67817.000000
1226.000000 67819.000000
1227.000000 67821.000000
1227.000000 67823.000000
1228.000000 67825.000000
1229.000000 67827.000000
1229.000000 67829.000000
1230.000000 67831.000000
1231.000000 67833.000000
1231.000000 67835.000000
1232.000000 67837.000000
1233.000000 67839.000000
1233.000000 67841.000000
1234.000000 67843.000000
1235.000000 67845.000000
1235.000000 67847.000000
1236.000000 67849.000000
1236.000000 67851.000000
1237.000000 67853.000000
1238.000000 67855.000000
1238.000000 67857.000000
1239.000000 67859.000000
1240.000000 67861.000000
1240.000000 67863.000000
1241.000000 67865.000000
1242.000000 67867.000000
1242.000000 67869.000000
1243.000000 67871.000000
1244.000000 67873.000000
1244.000000 67875.000000
1245.000000 67877.000000
1245.000000 67879.000000
1246.000000 67881.000000
1247.000000 67883.000000
1247.000000 67885.000000
1248.000000 67887.000000
1249.000000 67889.000000
1249.000000 67891.000000
1250.000000 67893.000000
1251.000000 67895.000000
1251.000000 67897.000000
1252.000000 67899.000000
1253.000000 67901.000000
1253.000000 67903.000000
1254.000000 67905.000000
1255.000000 67907.000000
1255.000000 67909.000000
1256.000000 67911.000000
1257.000000 67913.000000
1257.000000 67915.000000
1258.000000 67917.000000
1259.000000 67919.000000
1259.000000 67921.000000
1260.000000 67923.000000
1261.000000 67925.000000
1261.000000 67927.000000
1262.000000 67929.000000
1263.000000 67931.000000
1263.000000 67933.000000
1264.000000 67935.000000
1264.000000 67937.000000
1265.000000 67939.000000
1266.000000 67941.000000
1266.000000 67943.000000
1267.000000 67945.000000
1268.000000 67947.000000
1268.000000 67949.000000
1269.000000 67951.000000
1270.000000 67953.000000
1270.000000 67955.000000
1271.000000 67957.000000
1271.000000 67959.000000
1272.000000 67961.000000
1273.000000 67963.000000
1273.000000 67965.000000
1274.000000 67967.000000
1275.000000 67969.000000
1275.000000 67971.000000
1276.000000 67973.000000
1277.000000 67975.000000
1277.000000 67977.000000
1278.000000 67979.000000
1279.000000 67981.000000
1279.000000 67983.000000
1280.000000 67985.000000
1281.000000 67987.000000
1281.000000 67989.000000
1282.000000 67991.000000
1283.000000 67993.000000
1283.000000 67995.000000
1284.000000 67997.000000
1285.000000 67999.000000
1285.000000 68001.000000
1286.000000 68003.000000
1287.000000 68005.000000
1287.000000 68007.000000
1288.000000 68009.000000
1289.000000 68011.000000
1289.000000 68013.000000
1290.000000 68015.000000
1290.000000 68017.000000
1291.000000 68019.000000
1292.000000 68021.000000
1292.000000 68023.000000
1293.000000 68025.000000
1294.000000 68027.000000
1294.000000 68029.000000
1295.000000 68031.000000
1296.000000 68033.000000
1296.000000 68035.000000
1297.000000 68037.000000
1297.000000 68039.000000
1298.000000 68041.000000
1299.000000 68043.000000
1299.000000 68045.000000
1300.000000 68047.000000
1301.000000 68049.000000
1301.000000 68051.000000
1302.000000 68053.000000
1303.000000 68055.000000
1303.000000 68057.000000
1304.000000 68059.000000
1305.000000 68061.000000
1305.000000 68063.000000
1306.000000 68065.000000
1307.000000 68067.000000
1307.000000 68069.000000
1308.000000 68071.000000
1309.000000 68073.000000
1309.000000 68075.000000
1310.000000 68077.000000
1311.000000 68079.000000
1311.000000 68081.000000
1312.000000 68083.000000
1313.000000 68085.000000
1313.000000 68087.000000
1314.000000 68089.000000
1315.000000 68091.000000
1315.000000 68093.000000
1316.000000 68095.000000
1317.000000 68097.000000
1317.000000 68099.000000
1318.000000 68101.000000
1319.000000 68103.000000
1319.000000 68105.000000
1320.000000 68107.000000
1320.000000 68109.000000
1321.000000 68111.000000
1322.000000 68113.000000
1322.000000 68115.000000
1323.000000 68117.000000
1324.000000 68119.000000
1324.000000 68121.000000
1325.000000 68123.000000
1326.000000 68125.000000
1326.000000 68127.000000
1327.000000 68129.000000
1328.000000 68131.000000
1328.000000 68133.000000
1329.000000 68135.000000
1329.000000 68137.000000
1330.000000 68139.000000
1331.000000 68141.000000
1331.000000 68143.000000
1332.000000 68145.000000
1333.000000 68147.000000
1333.000000 68149.000000
1334.000000 68151.000000
1335.000000 68153.000000
1335.000000 68155.000000
1336.000000 68157.000000
1337.000000 68159.000000
1337.000000 68161.000000
1338.000000 68163.000000
1339.000000 68165.000000
1339.000000 68167.000000
1340.000000 68169.000000
1341.000000 68171.000000
1341.000000 68173.000000
1342.000000 68175.000000
1343.000000 68177.000000
1343.000000 68179.000000
1344.000000 68181.000000
1345.000000 68183.000000
1345.000000 68185.000000
1346.000000 68187.000000
1346.000000 68189.000000
1347.000000 68191.000000
1348.000000 68193.000000
1348.000000 68195.000000
1349.000000 68197.000000
1350.000000 68199.000000
1350.000000 68201.000000
1351.000000 68203.000000
1352.000000 68205.000000
1352.000000 68207.000000
1353.000000 68209.000000
1354.000000 68211.000000
1354.000000 68213.000000
1355.000000 68215.000000
1355.000000 68217.000000
1356.000000 68219.000000
1357.000000 68221.000000
1357.000000 68223.000000
1358.000000 68225.000000
1359.000000 68227.000000
1359.000000 68229.000000
1360.000000 68231.000000
1361.000000 68233.000000
1361.000000 68235.000000
1362.000000 68237.000000
1363.000000 68239.000000
1363.000000 68241.000000
1364.000000 68243.000000
1365.000000 68245.000000
1365.000000 68247.000000
1366.000000 68249.000000
1367.000000 68251.000000
1367.000000 68253.000000
1368.000000 68255.000000
1369.000000 68257.000000
1369.000000 68259.000000
1370.000000 68261.000000
1370.000000 68263.000000
1371.000000 68265.000000
1372.000000 68267.000000
1372.000000 68269.000000
1373.000000 68271.000000
1374.000000 68273.000000
1374.000000 68275.000000
1375.000000 68277.000000
1376.000000 68279.000000
1376.000000 68281.000000
1377.000000 68283.000000
1378.000000 68285.000000
1378.000000 68287.000000
1379.000000 68289.000000
1379.000000 68291.000000
1380.000000 68293.000000
1381.000000 68295.000000
1381.000000 68297.000000
1382.000000 68299.000000
1383.000000 68301.000000
1383.000000 68303.000000
1384.000000 68305.000000
1385.000000 68307.000000
1385.000000 68309.000000
1386.000000 68311.000000
1387.000000 68313.000000
1387.000000 68315.000000
1388.000000 68317.000000
1389.000000 68319.000000
1389.000000 68321.000000
1390.000000 68323.000000
1391.000000 68325.000000
1391.000000 68327.000000
1392.000000 68329.000000
1393.000000 68331.000000
1393.000000 68333.000000
1394.000000 68335.000000
1395.000000 68337.000000
1395.000000 68339.000000
1396.000000 68341.000000
1396.000000 68343.000000
1397.000000 68345.000000
1398.000000 68347.000000
1398.000000 68349.000000
1399.000000 68351.000000
1400.000000 68353.000000
1400.000000 68355.000000
1401.000000 68357.000000
1402.000000 68359.000000
1402.000000 68361.000000
1403.000000 68363.000000
1404.000000 68365.000000
1404.000000 68367.000000
1405.000000 68369.000000
1406.000000 68371.000000
1406.000000 68373.000000
1407.000000 68375.000000
1408.000000 68377.000000
1408.000000 68379.000000
1409.000000 68381.000000
1409.000000 68383.000000
1410.000000 68385.000000
1411.000000 68387.000000
1411.000000 68389.000000
1412.000000 68391.000000
1413.000000 68393.000000
1413.000000 68395.000000
1414.000000 68397.000000
1415.000000 68399.000000
1415.000000 68401.000000
1416.000000 68403.000000
1417.000000 68405.000000
1417.000000 68407.000000
1418.000000 68409.000000
1418.000000 68409.000000
1437.000000 68467.000000
1437.000000 68469.000000
1438.000000 68471.000000
1439.000000 68473.000000
1439.000000 68475.000000
1440.000000 68477.000000
1441.000000 68479.000000
1441.000000 68481.000000
1442.000000 68483.000000
1443.000000 68485.000000
1443.000000 68487.000000
1444.000000 68489.000000
1445.000000 68491.000000
1445.000000 68493.000000
1446.000000 68495.000000
1447.000000 68497.000000
1447.000000 68499.000000
1448.000000 68501.000000
1448.000000 68503.000000
1449.000000 68505.000000
1450.000000 68507.000000
1450.000000 68509.000000
1451.000000 68511.000000
1452.000000 68513.000000
1452.000000 68515.000000
1453.000000 68517.000000
1454.000000 68519.000000
1454.000000 68521.000000
1455.000000 68523.000000
1456.000000 68525.000000
1456.000000 68527.000000
1457.000000 68529.000000
1458.000000 68531.000000
1458.000000 68533.000000
1459.000000 68535.000000
1459.000000 68537.000000
1460.000000 68539.000000
1461.000000 68541.000000
1461.000000 68543.000000
1462.000000 68545.000000
1463.000000 68547.000000
1463.000000 68549.000000
1464.000000 68551.000000
1465.000000 68553.000000
1465.000000 68555.000000
1466.000000 68557.000000
1467.000000 68559.000000
1467.000000 68561.000000
1468.000000 68563.000000
1469.000000 68565.000000
1469.000000 68567.000000
1470.000000 68569.000000
1471.000000 68571.000000
1471.000000 68573.000000
1472.000000 68575.000000
1473.000000 68577.000000
1473.000000 68579.000000
1474.000000 68581.000000
1475.000000 68583.000000
1475.000000 68585.000000
1476.000000 68587.000000
1477.000000 68589.000000
1477.000000 68591.000000
1478.000000 68593.000000
1478.000000 68595.000000
1479.000000 68597.000000
1480.000000 68599.000000
1480.000000 68601.000000
1481.000000 68603.000000
1482.000000 68605.000000
1482.000000 68607.000000
1483.000000 68609.000000
1484.000000 68611.000000
1484.000000 68613.000000
1485.000000 68615.000000
1486.000000 68617.000000
1486.000000 68619.000000
1487.000000 68621.000000
1487.000000 68623.000000
1488.000000 68625.000000
1489.000000 68627.000000
1489.000000 68629.000000
1490.000000 68631.000000
1491.000000 68633.000000
1491.000000 68635.000000
1492.000000 68637.000000
1493.000000 68639.000000
1493.000000 68641.000000
1494.000000 68643.000000
1495.000000 68645.000000
1495.000000 68647.000000
1496.000000 68649.000000
1497.000000 68651.000000
1497.000000 68653.000000
1498.000000 68655.000000
1499.000000 68657.000000
1499.000000 68659.000000
1500.000000 68661.000000
1501.000000 68663.000000
1501.000000 68665.000000
1502.000000 68667.000000
1503.000000 68669.000000
1503.000000 68671.000000
1504.000000 68673.000000
1505.000000 68675.000000
1505.000000 68677.000000
1506.000000 68679.000000
1507.000000 68681.000000
1507.000000 68683.000000
1508.000000 68685.000000
1509.000000 68687.000000
1509.000000 68689.000000
1510.000000 68691.000000
1510.000000 68693.000000
1511.000000 68695.000000
1512.000000 68697.000000
1512.000000 68699.000000
1513.000000 68701.000000
1514.000000 68703.000000
1514.000000 68705.000000
1515.000000 68707.000000
1515.000000 68709.000000
1516.000000 68711.000000
1517.000000 68713.000000
1517.000000 68715.000000
1518.000000 68717.000000
1519.000000 68719.000000
1519.000000 68721.000000
1520.000000 68723.000000
1521.000000 68725.000000
1521.000000 68727.000000
1522.000000 68729.000000
1523.000000 68731.000000
1523.000000 68733.000000
1524.000000 68735.000000
1525.000000 68737.000000
1525.000000 68739.000000
1526.000000 68741.000000
1527.000000 68743.000000
1527.000000 68745.000000
1528.000000 68747.000000
1529.000000 68749.000000
1529.000000 68751.000000
1530.000000 68753.000000
1531.000000 68755.000000
1531.000000 68757.000000
1532.000000 68759.000000
1533.000000 68761.000000
1533.000000 68763.000000
1534.000000 68765.000000
1534.000000 68767.000000
1535.000000 68769.000000
1536.000000 68771.000000
1536.000000 68773.000000
1537.000000 68775.000000
1538.000000 68777.000000
1538.000000 68779.000000
1539.000000 68781.000000
1540.000000 68783.000000
1540.000000 68785.000000
1541.000000 68787.000000
1541.000000 68789.000000
1542.000000 68791.000000
1543.000000 68793.000000
1543.000000 68795.000000
1544.000000 68797.000000
1545.000000 68799.000000
1545.000000 68801.000000
1546.000000 68803.000000
1547.000000 68805.000000
1547.000000 68807.000000
1548.000000 68809.000000
1549.000000 68811.000000
1549.000000 68813.000000
1550.000000 68815.000000
1551.000000 68817.000000
1551.000000 68819.000000
1552.000000 68821.000000
1553.000000 68823.000000
1553.000000 68825.000000
1554.000000 68827.000000
1555.000000 68829.000000
1555.000000 68831.000000
1556.000000 68833.000000
1557.000000 68835.000000
1557.000000 68837.000000
1558.000000 68839.000000
1559.000000 68841.000000
1559.000000 68843.000000
1560.000000 68845.000000
1560.000000 68847.000000
1561.000000 68849.000000
1562.000000 68851.000000
1562.000000 68853.000000
1563.000000 68855.000000
1564.000000 68857.000000
1564.000000 68859.000000
1565.000000 68861.000000
1566.000000 68863.000000
1566.000000 68865.000000
1567.000000 68867.000000
1568.000000 68869.000000
1568.000000 68871.000000
1569.000000 68873.000000
1569.000000 68875.000000
1570.000000 68877.000000
1571.000000 68879.000000
1571.000000 68881.000000
1572.000000 68883.000000
1573.000000 68885.000000
1573.000000 68887.000000
1574.000000 68889.000000
1575.000000 68891.000000
1575.000000 68893.000000
1576.000000 68895.000000
1577.000000 68897.000000
1577.000000 68899.000000
1578.000000 68901.000000
1579.000000 68903.000000
1579.000000 68905.000000
1580.000000 68907.000000
1581.000000 68909.000000
1581.000000 68911.000000
1582.000000 68913.000000
1583.000000 68915.000000
1583.000000 68917.000000
1584.000000 68919.000000
1585.000000 68921.000000
1585.000000 68923.000000
1586.000000 68925.000000
1586.000000 68927.000000
1587.000000 68929.000000
1588.000000 68931.000000
1588.000000 68933.000000
1589.000000 68935.000000
1590.000000 68937.000000
1590.000000 68939.000000
1591.000000 68941.000000
1592.000000 68943.000000
1592.000000 68945.000000
1593.000000 68947.000000
1594.000000 68949.000000
1594.000000 68951.000000
1595.000000 68953.000000
1596.000000 68955.000000
1596.000000 68957.000000
1597.000000 68959.000000
1598.000000 68961.000000
1598.000000 68963.000000
1599.000000 68965.000000
1600.000000 68967.000000
1600.000000 68969.000000
1600.000000 68969.000000
1618.000000 69025.000000
1619.000000 69027.000000
1620.000000 69029.000000
1620.000000 69031.000000
1621.000000 69033.000000
1622.000000 69035.000000
1622.000000 69037.000000
1623.000000 69039.000000
1624.000000 69041.000000
1624.000000 69043.000000
1625.000000 69045.000000
1626.000000 69047.000000
1626.000000 69049.000000
1627.000000 69051.000000
1627.000000 69053.000000
1628.000000 69055.000000
1629.000000 69057.000000
1629.000000 69059.000000
1630.000000 69061.000000
1631.000000 69063.000000
1631.000000 69065.000000
1632.000000 69067.000000
1633.000000 69069.000000
1633.000000 69071.000000
1634.000000 69073.000000
1635.000000 69075.000000
1635.000000 69077.000000
1636.000000 69079.000000
1637.000000 69081.000000
1637.000000 69083.000000
1638.000000 69085.000000
1638.000000 69087.000000
1639.000000 69089.000000
1640.000000 69091.000000
1640.000000 69093.000000
1641.000000 69095.000000
1642.000000 69097.000000
1642.000000 69099.000000
1643.000000 69101.000000
1644.000000 69103.000000
1644.000000 69105.000000
1645.000000 69107.000000
1646.000000 69109.000000
1646.000000 69111.000000
1647.000000 69113.000000
1648.000000 69115.000000
1648.000000 69117.000000
1649.000000 69119.000000
1650.000000 69121.000000
1650.000000 69123.000000
1651.000000 69125.000000
1651.000000 69127.000000
1652.000000 69129.000000
1653.000000 69131.000000
1653.000000 69133.000000
1654.000000 69135.000000
1655.000000 69137.000000
1655.000000 69139.000000
1656.000000 69141.000000
1657.000000 69143.000000
1657.000000 69145.000000
1658.000000 69147.000000
1659.000000 69149.000000
1659.000000 69151.000000
1660.000000 69153.000000
1661.000000 69155.000000
1661.000000 69157.000000
1662.000000 69159.000000
1663.000000 69161.000000
1663.000000 69163.000000
1664.000000 69165.000000
1665.000000 69167.000000
1665.000000 69169.000000
1666.000000 69171.000000
1667.000000 69173.000000
1667.000000 69175.000000
1668.000000 69177.000000
1669.000000 69179.000000
1669.000000 69181.000000
1670.000000 69183.000000
1671.000000 69185.000000
1671.000000 69187.000000
1672.000000 69189.000000
1672.000000 69191.000000
1673.000000 69193.000000
1674.000000 69195.000000
1674.000000 69197.000000
1675.000000 69199.000000
1676.000000 69201.000000
1676.000000 69203.000000
1677.000000 69205.000000
1678.000000 69207.000000
1678.000000 69209.000000
1679.000000 69211.000000
1679.000000 69213.000000
1680.000000 69215.000000
1681.000000 69217.000000
1681.000000 69219.000000
1682.000000 69221.000000
1683.000000 69223.000000
1683.000000 69225.000000
1684.000000 69227.000000
1685.000000 69229.000000
1685.000000 69231.000000
1686.000000 69233.000000
1687.000000 69235.000000
1687.000000 69237.000000
1688.000000 69239.000000
1689.000000 69241.000000
1689.000000 69243.000000
1690.000000 69245.000000
1691.000000 69247.000000
1691.000000 69249.000000
1692.000000 69251.000000
1693.000000 69253.000000
1693.000000 69255.000000
1694.000000 69257.000000
1695.000000 69259.000000
1695.000000 69261.000000
1696.000000 69263.000000
1697.000000 69265.000000
1697.000000 69267.000000
1698.000000 69269.000000
1699.000000 69271.000000
1699.000000 69273.000000
1700.000000 69275.000000
1700.000000 69277.000000
1701.000000 69279.000000
1702.000000 69281.000000
1702.000000 69283.000000
1703.000000 69285.000000
1704.000000 69287.000000
1704.000000 69289.000000
1705.000000 69291.000000
1706.000000 69293.000000
1706.000000 69295.000000
1707.000000 69297.000000
1707.000000 69299.000000
1708.000000 69301.000000
1709.000000 69303.000000
1709.000000 69305.000000
1710.000000 69307.000000
1711.000000 69309.000000
1711.000000 69311.000000
1712.000000 69313.000000
1713.000000 69315.000000
1713.000000 69317.000000
1714.000000 69319.000000
1715.000000 69321.000000
1715.000000 69323.000000
1716.000000 69325.000000
1717.000000 69327.000000
1717.000000 69329.000000
1718.000000 69331.000000
1719.000000 69333.000000
1719.000000 69335.000000
1720.000000 69337.000000
1721.000000 69339.000000
1721.000000 69341.000000
1722.000000 69343.000000
1723.000000 69345.000000
1723.000000 69347.000000
1724.000000 69349.000000
1725.000000 69351.000000
1725.000000 69353.000000
1726.000000 69355.000000
1726.000000 69357.000000
1727.000000 69359.000000
1728.000000 69361.000000
1728.000000 69363.000000
1729.000000 69365.000000
1730.000000 69367.000000
1730.000000 69369.000000
1731.000000 69371.000000
1731.000000 69373.000000
1732.000000 69375.000000
1733.000000 69377.000000
1733.000000 69379.000000
1734.000000 69381.000000
1735.000000 69383.000000
1735.000000 69385.000000
1736.000000 69387.000000
1737.000000 69389.000000
1737.000000 69391.000000
1738.000000 69393.000000
1739.000000 69395.000000
1739.000000 69397.000000
1740.000000 69399.000000
1741.000000 69401.000000
1741.000000 69403.000000
1742.000000 69405.000000
1743.000000 69407.000000
1743.000000 69409.000000
1744.000000 69411.000000
1745.000000 69413.000000
1745.000000 69415.000000
1746.000000 69417.000000
1747.000000 69419.000000
1747.000000 69421.000000
1748.000000 69423.000000
1749.000000 69425.000000
1749.000000 69427.000000
1750.000000 69429.000000
1751.000000 69431.000000
1751.000000 69433.000000
1752.000000 69435.000000
1752.000000 69437.000000
1753.000000 69439.000000
1754.000000 69441.000000
1754.000000 69443.000000
1755.000000 69445.000000
1756.000000 69447.000000
1756.000000 69449.000000
1757.000000 69451.000000
1758.000000 69453.000000
1758.000000 69455.000000
1759.000000 69457.000000
1760.000000 69459.000000
1760.000000 69461.000000
1761.000000 69463.000000
1761.000000 69465.000000
1762.000000 69467.000000
1763.000000 69469.000000
1763.000000 69471.000000
1764.000000 69473.000000
1765.000000 69475.000000
1765.000000 69477.000000
1766.000000 69479.000000
1767.000000 69481.000000
1767.000000 69481.000000
1784.000000 69533.000000
1784.000000 69535.000000
1785.000000 69537.000000
1786.000000 69539.000000
1786.000000 69541.000000
1787.000000 69543.000000
1787.000000 69545.000000
1788.000000 69547.000000
1789.000000 69549.000000
1789.000000 69551.000000
1790.000000 69553.000000
1791.000000 69555.000000
1791.000000 69557.000000
1792.000000 69559.000000
1793.000000 69561.000000
1793.000000 69563.000000
1794.000000 69565.000000
1795.000000 69567.000000
1795.000000 69569.000000
1796.000000 69571.000000
1797.000000 69573.000000
1797.000000 69575.000000
1798.000000 69577.000000
1799.000000 69579.000000
1799.000000 69581.000000
1800.000000 69583.000000
1801.000000 69585.000000
1801.000000 69587.000000
1802.000000 69589.000000
1802.000000 69591.000000
1803.000000 69593.000000
1804.000000 69595.000000
1804.000000 69597.000000
1805.000000 69599.000000
1806.000000 69601.000000
1806.000000 69603.000000
1807.000000 69605.000000
1808.000000 69607.000000
1808.000000 69609.000000
1809.000000 69611.000000
1809.000000 69613.000000
1810.000000 69615.000000
1811.000000 69617.000000
1811.000000 69619.000000
1812.000000 69621.000000
1813.000000 69623.000000
1813.000000 69625.000000
1814.000000 69627.000000
1815.000000 69629.000000
1815.000000 69631.000000
1816.000000 69633.000000
1817.000000 69635.000000
1817.000000 69637.000000
1818.000000 69639.000000
1819.000000 69641.000000
1819.000000 69643.000000
1820.000000 69645.000000
1821.000000 69647.000000
1821.000000 69649.000000
1822.000000 69651.000000
1823.000000 69653.000000
1823.000000 69655.000000
1824.000000 69657.000000
1825.000000 69659.000000
1825.000000 69661.000000
1826.000000 69663.000000
1826.000000 69665.000000
1827.000000 69667.000000
1828.000000 69669.000000
1828.000000 69671.000000
1829.000000 69673.000000
1830.000000 69675.000000
1830.000000 69677.000000
1831.000000 69679.000000
1832.000000 69681.000000
1832.000000 69683.000000
1833.000000 69685.000000
1834.000000 69687.000000
1834.000000 69689.000000
1835.000000 69691.000000
1835.000000 69693.000000
1836.000000 69695.000000
1837.000000 69697.000000
1837.000000 69699.000000
1838.000000 69701.000000
1839.000000 69703.000000
1839.000000 69705.000000
1840.000000 69707.000000
1841.000000 69709.000000
1841.000000 69711.000000
1842.000000 69713.000000
1843.000000 69715.000000
1843.000000 69717.000000
1844.000000 69719.000000
1845.000000 69721.000000
1845.000000 69723.000000
1846.000000 69725.000000
1847.000000 69727.000000
1847.000000 69729.000000
1848.000000 69731.000000
1849.000000 69733.000000
1849.000000 69735.000000
1850.000000 69737.000000
1851.000000 69739.000000
1851.000000 69741.000000
1852.000000 69743.000000
1852.000000 69745.000000
1853.000000 69747.000000
1854.000000 69749.000000
1854.000000 69751.000000
1855.000000 69753.000000
1856.000000 69755.000000
1856.000000 69757.000000
1857.000000 69759.000000
1858.000000 69761.000000
1858.000000 69763.000000
1859.000000 69765.000000
1860.000000 69767.000000
1860.000000 69769.000000
1861.000000 69771.000000
1862.000000 69773.000000
1862.000000 69775.000000
1863.000000 69777.000000
1864.000000 69779.000000
1864.000000 69781.000000
1865.000000 69783.000000
1866.000000 69785.000000
1866.000000 69787.000000
1867.000000 69789.000000
1867.000000 69791.000000
1868.000000 69793.000000
1869.000000 69795.000000
1869.000000 69797.000000
1870.000000 69799.000000
1871.000000 69801.000000
1871.000000 69803.000000
1872.000000 69805.000000
1873.000000 69807.000000
1873.000000 69809.000000
1874.000000 69811.000000
1875.000000 69813.000000
1875.000000 69815.000000
1876.000000 69817.000000
1877.000000 69819.000000
1877.000000 69821.000000
1878.000000 69823.000000
1879.000000 69825.000000
1879.000000 69827.000000
1880.000000 69829.000000
1880.000000 69831.000000
1881.000000 69833.000000
1882.000000 69835.000000
1882.000000 69837.000000
1883.000000 69839.000000
1884.000000 69841.000000
1884.000000 69843.000000
1885.000000 69845.000000
1886.000000 69847.000000
1886.000000 69849.000000
1887.000000 69851.000000
1888.000000 69853.000000
1888.000000 69855.000000
1889.000000 69857.000000
1890.000000 69859.000000
1890.000000 69861.000000
1891.000000 69863.000000
1892.000000 69865.000000
1892.000000 69867.000000
1893.000000 69869.000000
1893.000000 69871.000000
1894.000000 69873.000000
1895.000000 69875.000000
1895.000000 69877.000000
1896.000000 69879.000000
1897.000000 69881.000000
1897.000000 69883.000000
1898.000000 69885.000000
1899.000000 69887.000000
1899.000000 69889.000000
1900.000000 69891.000000
1901.000000 69893.000000
1901.000000 69895.000000
1902.000000 69897.000000
1903.000000 69899.000000
1903.000000 69901.000000
1904.000000 69903.000000
1905.000000 69905.000000
1905.000000 69907.000000
1906.000000 69909.000000
1906.000000 69911.000000
1907.000000 69913.000000
1908.000000 69915.000000
1908.000000 69917.000000
1909.000000 69919.000000
1910.000000 69921.000000
1910.000000 69923.000000
1911.000000 69925.000000
1912.000000 69927.000000
1912.000000 69929.000000
1913.000000 69931.000000
1914.000000 69933.000000
1914.000000 69935.000000
1915.000000 69937.000000
1916.000000 69939.000000
1916.000000 69941.000000
1917.000000 69943.000000
1917.000000 69945.000000
1918.000000 69947.000000
1919.000000 69949.000000
1919.000000 69951.000000
1920.000000 69953.000000
1921.000000 69955.000000
1921.000000 69957.000000
1922.000000 69959.000000
1923.000000 69961.000000
1923.000000 69963.000000
1924.000000 69965.000000
1925.000000 69967.000000
1925.000000 69969.000000
1926.000000 69971.000000
1927.000000 69973.000000
1927.000000 69975.000000
1928.000000 69977.000000
