0.000000 331267.000000
0.000000 331269.000000
0.000000 331271.000000
0.000000 331273.000000
0.000000 331275.000000
0.000000 331277.000000
1.000000 331279.000000
1.000000 331281.000000
1.000000 331283.000000
1.000000 331285.000000
1.000000 331287.000000
1.000000 331289.000000
1.000000 331291.000000
1.000000 331293.000000
1.000000 331295.000000
1.000000 331297.000000
1.000000 331299.000000
1.000000 331301.000000
1.000000 331303.000000
1.000000 331305.000000
1.000000 331307.000000
1.000000 331309.000000
1.000000 331311.000000
1.000000 331313.000000
2.000000 331315.000000
2.000000 331317.000000
2.000000 331319.000000
2.000000 331321.000000
2.000000 331323.000000
2.000000 331325.000000
2.000000 331327.000000
2.000000 331329.000000
2.000000 331331.000000
2.000000 331333.000000
3.000000 331335.000000
3.000000 331337.000000
3.000000 331339.000000
3.000000 331341.000000
3.000000 331343.000000
3.000000 331345.000000
3.000000 331347.000000
3.000000 331349.000000
3.000000 331351.000000
4.000000 331353.000000
4.000000 331355.000000
4.000000 331357.000000
4.000000 331359.000000
4.000000 331361.000000
4.000000 331363.000000
4.000000 331365.000000
5.000000 331367.000000
5.000000 331369.000000
5.000000 331371.000000
5.000000 331373.000000
5.000000 331375.000000
5.000000 331377.000000
5.000000 331379.000000
5.000000 331381.000000
5.000000 331383.000000
6.000000 331385.000000
6.000000 331387.000000
6.000000 331389.000000
6.000000 331391.000000
6.000000 331393.000000
6.000000 331395.000000
7.000000 331397.000000
7.000000 331399.000000
7.000000 331401.000000
7.000000 331403.000000
7.000000 331405.000000
7.000000 331407.000000
7.000000 331409.000000
7.000000 331411.000000
7.000000 331413.000000
8.000000 331415.000000
8.000000 331417.000000
8.000000 331419.000000
8.000000 331421.000000
8.000000 331423.000000
8.000000 331425.000000
9.000000 331427.000000
9.000000 331429.000000
9.000000 331431.000000
9.000000 331433.000000
9.000000 331435.000000
9.000000 331437.000000
9.000000 331439.000000
9.000000 331441.000000
9.000000 331443.000000
10.000000 331445.000000
10.000000 331447.000000
10.000000 331449.000000
10.000000 331451.000000
10.000000 331453.000000
10.000000 331455.000000
10.000000 331457.000000
10.000000 331459.000000
11.000000 331461.000000
11.000000 331463.000000
11.000000 331465.000000
11.000000 331467.000000
11.000000 331469.000000
11.000000 331471.000000
11.000000 331473.000000
11.000000 331475.000000
11.000000 331477.000000
12.000000 331479.000000
12.000000 331481.000000
12.000000 331483.000000
12.000000 331485.000000
12.000000 331487.000000
12.000000 331489.000000
12.000000 331491.000000
12.000000 331493.000000
13.000000 331495.000000
13.000000 331497.000000
13.000000 331499.000000
13.000000 331501.000000
13.000000 331503.000000
13.000000 331505.000000
13.000000 331507.000000
13.000000 331509.000000
13.000000 331511.000000
14.000000 331513.000000
14.000000 331515.000000
14.000000 331517.000000
14.000000 331519.000000
14.000000 331521.000000
14.000000 331523.000000
14.000000 331525.000000
15.000000 331527.000000
15.000000 331529.000000
15.000000 331531.000000
15.000000 331533.000000
15.000000 331535.000000
15.000000 331537.000000
15.000000 331539.000000
15.000000 331541.000000
16.000000 331543.000000
16.000000 331545.000000
16.000000 331547.000000
16.000000 331549.000000
16.000000 331551.000000
16.000000 331553.000000
17.000000 331555.000000
17.000000 331557.000000
17.000000 331559.000000
17.000000 331561.000000
17.000000 331563.000000
17.000000 331565.000000
17.000000 331567.000000
17.000000 331569.000000
18.000000 331571.000000
18.000000 331573.000000
18.000000 331575.000000
18.000000 331577.000000
18.000000 331579.000000
18.000000 331581.000000
19.000000 331583.000000
19.000000 331585.000000
19.000000 331587.000000
19.000000 331589.000000
19.000000 331591.000000
19.000000 331593.000000
19.000000 331595.000000
19.000000 331597.000000
20.000000 331599.000000
20.000000 331601.000000
20.000000 331603.000000
20.000000 331605.000000
20.000000 331607.000000
20.000000 331609.000000
20.000000 331611.000000
21.000000 331613.000000
21.000000 331615.000000
21.000000 331617.000000
21.000000 331619.000000
21.000000 331621.000000
21.000000 331623.000000
21.000000 331625.000000
22.000000 331627.000000
22.000000 331629.000000
22.000000 331631.000000
22.000000 331633.000000
22.000000 331635.000000
22.000000 331637.000000
23.000000 331639.000000
23.000000 331641.000000
23.000000 331643.000000
23.000000 331645.000000
23.000000 331647.000000
23.000000 331649.000000
23.000000 331651.000000
23.000000 331653.000000
24.000000 331655.000000
24.000000 331657.000000
24.000000 331659.000000
24.000000 331661.000000
24.000000 331663.000000
24.000000 331665.000000
24.000000 331667.000000
25.000000 331669.000000
25.000000 331671.000000
25.000000 331673.000000
25.000000 331675.000000
25.000000 331677.000000
25.000000 331679.000000
25.000000 331681.000000
25.000000 331683.000000
26.000000 331685.000000
26.000000 331687.000000
26.000000 331689.000000
26.000000 331691.000000
26.000000 331693.000000
26.000000 331695.000000
27.000000 331697.000000
27.000000 331699.000000
27.000000 331701.000000
27.000000 331703.000000
27.000000 331705.000000
27.000000 331707.000000
27.000000 331709.000000
27.000000 331711.000000
28.000000 331713.000000
28.000000 331715.000000
28.000000 331717.000000
28.000000 331719.000000
28.000000 331721.000000
28.000000 331723.000000
29.000000 331725.000000
29.000000 331727.000000
29.000000 331729.000000
29.000000 331731.000000
29.000000 331733.000000
29.000000 331735.000000
29.000000 331737.000000
30.000000 331739.000000
30.000000 331741.000000
30.000000 331743.000000
30.000000 331745.000000
30.000000 331747.000000
30.000000 331749.000000
30.000000 331751.000000
31.000000 331753.000000
31.000000 331755.000000
31.000000 331757.000000
31.000000 331759.000000
31.000000 331761.000000
31.000000 331763.000000
31.000000 331765.000000
32.000000 331767.000000
32.000000 331769.000000
32.000000 331771.000000
32.000000 331773.000000
32.000000 331775.000000
32.000000 331777.000000
32.000000 331779.000000
33.000000 331781.000000
33.000000 331783.000000
33.000000 331785.000000
33.000000 331787.000000
33.000000 331789.000000
33.000000 331791.000000
33.000000 331793.000000
34.000000 331795.000000
34.000000 331797.000000
34.000000 331799.000000
34.000000 331801.000000
34.000000 331803.000000
34.000000 331805.000000
35.000000 331807.000000
35.000000 331809.000000
35.000000 331811.000000
35.000000 331813.000000
35.000000 331815.000000
35.000000 331817.000000
35.000000 331819.000000
35.000000 331821.000000
36.000000 331823.000000
36.000000 331825.000000
36.000000 331827.000000
36.000000 331829.000000
36.000000 331831.000000
36.000000 331833.000000
37.000000 331835.000000
37.000000 331837.000000
37.000000 331839.000000
37.000000 331841.000000
37.000000 331843.000000
37.000000 331845.000000
37.000000 331847.000000
37.000000 331849.000000
38.000000 331851.000000
38.000000 331853.000000
38.000000 331855.000000
38.000000 331857.000000
38.000000 331859.000000
38.000000 331861.000000
39.000000 331863.000000
39.000000 331865.000000
39.000000 331867.000000
39.000000 331869.000000
39.000000 331871.000000
39.000000 331873.000000
39.000000 331875.000000
40.000000 331877.000000
40.000000 331879.000000
40.000000 331881.000000
40.000000 331883.000000
40.000000 331885.000000
40.000000 331887.000000
41.000000 331889.000000
41.000000 331891.000000
41.000000 331893.000000
41.000000 331895.000000
41.000000 331897.000000
41.000000 331899.000000
41.000000 331901.000000
41.000000 331903.000000
42.000000 331905.000000
42.000000 331907.000000
42.000000 331909.000000
42.000000 331911.000000
42.000000 331913.000000
42.000000 331915.000000
43.000000 331917.000000
43.000000 331919.000000
43.000000 331921.000000
43.000000 331923.000000
43.000000 331925.000000
43.000000 331927.000000
43.000000 331929.000000
43.000000 331931.000000
44.000000 331933.000000
44.000000 331935.000000
44.000000 331937.000000
44.000000 331939.000000
44.000000 331941.000000
44.000000 331943.000000
45.000000 331945.000000
45.000000 331947.000000
45.000000 331949.000000
45.000000 331951.000000
45.000000 331953.000000
45.000000 331955.000000
45.000000 331957.000000
45.000000 331959.000000
46.000000 331961.000000
46.000000 331963.000000
46.000000 331965.000000
46.000000 331967.000000
46.000000 331969.000000
46.000000 331971.000000
47.000000 331973.000000
47.000000 331975.000000
47.000000 331977.000000
47.000000 331979.000000
47.000000 331981.000000
47.000000 331983.000000
47.000000 331985.000000
47.000000 331987.000000
48.000000 331989.000000
48.000000 331991.000000
48.000000 331993.000000
48.000000 331995.000000
48.000000 331997.000000
48.000000 331999.000000
49.000000 332001.000000
49.000000 332003.000000
49.000000 332005.000000
49.000000 332007.000000
49.000000 332009.000000
49.000000 332011.000000
49.000000 332013.000000
49.000000 332015.000000
50.000000 332017.000000
50.000000 332019.000000
50.000000 332021.000000
50.000000 332023.000000
50.000000 332025.000000
50.000000 332027.000000
51.000000 332029.000000
51.000000 332031.000000
51.000000 332033.000000
51.000000 332035.000000
51.000000 332037.000000
51.000000 332039.000000
51.000000 332041.000000
51.000000 332043.000000
52.000000 332045.000000
52.000000 332047.000000
52.000000 332049.000000
52.000000 332051.000000
52.000000 332053.000000
52.000000 332055.000000
53.000000 332057.000000
53.000000 332059.000000
53.000000 332061.000000
53.000000 332063.000000
53.000000 332065.000000
53.000000 332067.000000
53.000000 332069.000000
53.000000 332071.000000
54.000000 332073.000000
54.000000 332075.000000
54.000000 332077.000000
54.000000 332079.000000
54.000000 332081.000000
54.000000 332083.000000
55.000000 332085.000000
55.000000 332087.000000
55.000000 332089.000000
55.000000 332091.000000
55.000000 332093.000000
55.000000 332095.000000
55.000000 332097.000000
55.000000 332099.000000
56.000000 332101.000000
56.000000 332103.000000
56.000000 332105.000000
56.000000 332107.000000
56.000000 332109.000000
56.000000 332111.000000
57.000000 332113.000000
57.000000 332115.000000
57.000000 332117.000000
57.000000 332119.000000
57.000000 332121.000000
57.000000 332123.000000
57.000000 332125.000000
57.000000 332127.000000
58.000000 332129.000000
58.000000 332131.000000
58.000000 332133.000000
58.000000 332135.000000
58.000000 332137.000000
58.000000 332139.000000
59.000000 332141.000000
59.000000 332143.000000
59.000000 332145.000000
59.000000 332147.000000
59.000000 332149.000000
59.000000 332151.000000
59.000000 332153.000000
59.000000 332155.000000
60.000000 332157.000000
60.000000 332159.000000
60.000000 332161.000000
60.000000 332163.000000
60.000000 332165.000000
60.000000 332167.000000
61.000000 332169.000000
61.000000 332171.000000
61.000000 332173.000000
61.000000 332175.000000
61.000000 332177.000000
61.000000 332179.000000
61.000000 332181.000000
61.000000 332183.000000
62.000000 332185.000000
62.000000 332187.000000
62.000000 332189.000000
62.000000 332191.000000
62.000000 332193.000000
62.000000 332195.000000
63.000000 332197.000000
63.000000 332199.000000
63.000000 332201.000000
63.000000 332203.000000
63.000000 332205.000000
63.000000 332207.000000
63.000000 332209.000000
63.000000 332211.000000
64.000000 332213.000000
64.000000 332215.000000
64.000000 332217.000000
64.000000 332219.000000
64.000000 332221.000000
64.000000 332223.000000
65.000000 332225.000000
65.000000 332227.000000
65.000000 332229.000000
65.000000 332231.000000
65.000000 332233.000000
65.000000 332235.000000
65.000000 332235.000000
69.000000 332281.000000
69.000000 332283.000000
69.000000 332285.000000
69.000000 332287.000000
69.000000 332289.000000
69.000000 332291.000000
69.000000 332293.000000
69.000000 332295.000000
70.000000 332297.000000
70.000000 332299.000000
70.000000 332301.000000
70.000000 332303.000000
70.000000 332305.000000
70.000000 332307.000000
71.000000 332309.000000
71.000000 332311.000000
71.000000 332313.000000
71.000000 332315.000000
71.000000 332317.000000
71.000000 332319.000000
71.000000 332321.000000
71.000000 332323.000000
72.000000 332325.000000
72.000000 332327.000000
72.000000 332329.000000
72.000000 332331.000000
72.000000 332333.000000
72.000000 332335.000000
72.000000 332337.000000
73.000000 332339.000000
73.000000 332341.000000
73.000000 332343.000000
73.000000 332345.000000
73.000000 332347.000000
73.000000 332349.000000
73.000000 332351.000000
73.000000 332353.000000
74.000000 332355.000000
74.000000 332357.000000
74.000000 332359.000000
74.000000 332361.000000
74.000000 332363.000000
74.000000 332365.000000
74.000000 332367.000000
75.000000 332369.000000
75.000000 332371.000000
75.000000 332373.000000
75.000000 332375.000000
75.000000 332377.000000
75.000000 332379.000000
75.000000 332381.000000
75.000000 332383.000000
76.000000 332385.000000
76.000000 332387.000000
76.000000 332389.000000
76.000000 332391.000000
76.000000 332393.000000
76.000000 332395.000000
76.000000 332397.000000
76.000000 332399.000000
77.000000 332401.000000
77.000000 332403.000000
77.000000 332405.000000
77.000000 332407.000000
77.000000 332409.000000
77.000000 332411.000000
77.000000 332413.000000
77.000000 332415.000000
78.000000 332417.000000
78.000000 332419.000000
78.000000 332421.000000
78.000000 332423.000000
78.000000 332425.000000
78.000000 332427.000000
78.000000 332429.000000
79.000000 332431.000000
79.000000 332433.000000
79.000000 332435.000000
79.000000 332437.000000
79.000000 332439.000000
79.000000 332441.000000
79.000000 332443.000000
79.000000 332445.000000
80.000000 332447.000000
80.000000 332449.000000
80.000000 332451.000000
80.000000 332453.000000
80.000000 332455.000000
80.000000 332457.000000
81.000000 332459.000000
81.000000 332461.000000
81.000000 332463.000000
81.000000 332465.000000
81.000000 332467.000000
81.000000 332469.000000
81.000000 332471.000000
81.000000 332473.000000
82.000000 332475.000000
82.000000 332477.000000
82.000000 332479.000000
82.000000 332481.000000
82.000000 332483.000000
82.000000 332485.000000
83.000000 332487.000000
83.000000 332489.000000
83.000000 332491.000000
83.000000 332493.000000
83.000000 332495.000000
83.000000 332497.000000
83.000000 332499.000000
83.000000 332501.000000
84.000000 332503.000000
84.000000 332505.000000
84.000000 332507.000000
84.000000 332509.000000
84.000000 332511.000000
84.000000 332513.000000
85.000000 332515.000000
85.000000 332517.000000
85.000000 332519.000000
85.000000 332521.000000
85.000000 332523.000000
85.000000 332525.000000
85.000000 332527.000000
85.000000 332529.000000
86.000000 332531.000000
86.000000 332533.000000
86.000000 332535.000000
86.000000 332537.000000
86.000000 332539.000000
86.000000 332541.000000
87.000000 332543.000000
87.000000 332545.000000
87.000000 332547.000000
87.000000 332549.000000
87.000000 332551.000000
87.000000 332553.000000
87.000000 332553.000000
88.000000 332559.000000
88.000000 332561.000000
88.000000 332563.000000
88.000000 332565.000000
88.000000 332567.000000
88.000000 332569.000000
89.000000 332571.000000
89.000000 332573.000000
89.000000 332575.000000
89.000000 332577.000000
89.000000 332579.000000
89.000000 332581.000000
89.000000 332583.000000
90.000000 332585.000000
90.000000 332587.000000
90.000000 332589.000000
90.000000 332591.000000
90.000000 332593.000000
90.000000 332595.000000
91.000000 332597.000000
91.000000 332599.000000
91.000000 332601.000000
91.000000 332603.000000
91.000000 332605.000000
91.000000 332607.000000
91.000000 332609.000000
91.000000 332611.000000
92.000000 332613.000000
92.000000 332615.000000
92.000000 332617.000000
92.000000 332619.000000
92.000000 332621.000000
92.000000 332623.000000
93.000000 332625.000000
93.000000 332627.000000
93.000000 332629.000000
93.000000 332631.000000
93.000000 332633.000000
93.000000 332635.000000
93.000000 332637.000000
93.000000 332639.000000
94.000000 332641.000000
94.000000 332643.000000
94.000000 332645.000000
94.000000 332647.000000
94.000000 332649.000000
94.000000 332651.000000
95.000000 332653.000000
95.000000 332655.000000
95.000000 332657.000000
95.000000 332659.000000
95.000000 332661.000000
95.000000 332663.000000
95.000000 332665.000000
95.000000 332667.000000
96.000000 332669.000000
96.000000 332671.000000
96.000000 332673.000000
96.000000 332675.000000
96.000000 332677.000000
96.000000 332679.000000
97.000000 332681.000000
97.000000 332683.000000
97.000000 332685.000000
97.000000 332687.000000
97.000000 332689.000000
97.000000 332691.000000
97.000000 332693.000000
97.000000 332695.000000
98.000000 332697.000000
98.000000 332699.000000
98.000000 332701.000000
98.000000 332703.000000
98.000000 332705.000000
98.000000 332707.000000
98.000000 332709.000000
99.000000 332711.000000
99.000000 332713.000000
99.000000 332715.000000
99.000000 332717.000000
99.000000 332719.000000
99.000000 332721.000000
99.000000 332723.000000
99.000000 332725.000000
99.000000 332727.000000
100.000000 332729.000000
100.000000 332731.000000
100.000000 332733.000000
100.000000 332735.000000
100.000000 332737.000000
100.000000 332739.000000
100.000000 332741.000000
100.000000 332743.000000
101.000000 332745.000000
101.000000 332747.000000
101.000000 332749.000000
101.000000 332751.000000
101.000000 332753.000000
101.000000 332755.000000
101.000000 332757.000000
101.000000 332759.000000
101.000000 332761.000000
102.000000 332763.000000
102.000000 332765.000000
102.000000 332767.000000
102.000000 332769.000000
102.000000 332771.000000
102.000000 332773.000000
102.000000 332775.000000
103.000000 332777.000000
103.000000 332779.000000
103.000000 332781.000000
103.000000 332783.000000
103.000000 332785.000000
103.000000 332787.000000
103.000000 332789.000000
103.000000 332791.000000
103.000000 332793.000000
104.000000 332795.000000
104.000000 332797.000000
104.000000 332799.000000
104.000000 332801.000000
104.000000 332803.000000
104.000000 332805.000000
104.000000 332807.000000
105.000000 332809.000000
105.000000 332811.000000
105.000000 332813.000000
105.000000 332815.000000
105.000000 332817.000000
105.000000 332819.000000
105.000000 332821.000000
105.000000 332823.000000
106.000000 332825.000000
106.000000 332827.000000
106.000000 332829.000000
106.000000 332831.000000
106.000000 332833.000000
106.000000 332835.000000
107.000000 332837.000000
107.000000 332839.000000
107.000000 332841.000000
107.000000 332843.000000
107.000000 332845.000000
107.000000 332847.000000
107.000000 332849.000000
107.000000 332851.000000
108.000000 332853.000000
108.000000 332855.000000
108.000000 332857.000000
108.000000 332859.000000
108.000000 332861.000000
108.000000 332863.000000
108.000000 332865.000000
109.000000 332867.000000
109.000000 332869.000000
109.000000 332871.000000
109.000000 332873.000000
109.000000 332875.000000
109.000000 332877.000000
109.000000 332879.000000
110.000000 332881.000000
110.000000 332883.000000
110.000000 332885.000000
110.000000 332887.000000
110.000000 332889.000000
110.000000 332891.000000
110.000000 332893.000000
111.000000 332895.000000
111.000000 332897.000000
111.000000 332899.000000
111.000000 332901.000000
111.000000 332903.000000
111.000000 332905.000000
111.000000 332907.000000
112.000000 332909.000000
112.000000 332911.000000
112.000000 332913.000000
112.000000 332915.000000
112.000000 332917.000000
112.000000 332919.000000
113.000000 332921.000000
113.000000 332923.000000
113.000000 332925.000000
113.000000 332927.000000
113.000000 332929.000000
113.000000 332931.000000
113.000000 332933.000000
113.000000 332935.000000
114.000000 332937.000000
114.000000 332939.000000
114.000000 332941.000000
114.000000 332943.000000
114.000000 332945.000000
114.000000 332947.000000
115.000000 332949.000000
115.000000 332951.000000
115.000000 332953.000000
115.000000 332955.000000
115.000000 332957.000000
115.000000 332959.000000
115.000000 332961.000000
115.000000 332963.000000
116.000000 332965.000000
116.000000 332967.000000
116.000000 332969.000000
116.000000 332971.000000
116.000000 332973.000000
116.000000 332975.000000
117.000000 332977.000000
117.000000 332979.000000
117.000000 332981.000000
117.000000 332983.000000
117.000000 332985.000000
117.000000 332987.000000
117.000000 332989.000000
118.000000 332991.000000
118.000000 332993.000000
118.000000 332995.000000
118.000000 332997.000000
118.000000 332999.000000
118.000000 333001.000000
118.000000 333003.000000
119.000000 333005.000000
119.000000 333007.000000
119.000000 333009.000000
119.000000 333011.000000
119.000000 333013.000000
119.000000 333015.000000
119.000000 333017.000000
120.000000 333019.000000
120.000000 333021.000000
120.000000 333023.000000
120.000000 333025.000000
120.000000 333027.000000
120.000000 333029.000000
120.000000 333031.000000
121.000000 333033.000000
121.000000 333035.000000
121.000000 333037.000000
121.000000 333039.000000
121.000000 333041.000000
121.000000 333043.000000
121.000000 333045.000000
121.000000 333045.000000
124.000000 333087.000000
125.000000 333089.000000
125.000000 333091.000000
125.000000 333093.000000
125.000000 333095.000000
125.000000 333097.000000
125.000000 333099.000000
125.000000 333101.000000
126.000000 333103.000000
126.000000 333105.000000
126.000000 333107.000000
126.000000 333109.000000
126.000000 333111.000000
126.000000 333113.000000
126.000000 333115.000000
127.000000 333117.000000
127.000000 333119.000000
127.000000 333121.000000
127.000000 333123.000000
127.000000 333125.000000
127.000000 333127.000000
127.000000 333129.000000
128.000000 333131.000000
128.000000 333133.000000
128.000000 333135.000000
128.000000 333137.000000
128.000000 333139.000000
128.000000 333141.000000
129.000000 333143.000000
129.000000 333145.000000
129.000000 333147.000000
129.000000 333149.000000
129.000000 333151.000000
129.000000 333153.000000
129.000000 333155.000000
129.000000 333157.000000
130.000000 333159.000000
130.000000 333161.000000
130.000000 333163.000000
130.000000 333165.000000
130.000000 333167.000000
130.000000 333169.000000
131.000000 333171.000000
131.000000 333173.000000
131.000000 333175.000000
131.000000 333177.000000
131.000000 333179.000000
131.000000 333181.000000
131.000000 333183.000000
131.000000 333185.000000
132.000000 333187.000000
132.000000 333189.000000
132.000000 333191.000000
132.000000 333193.000000
132.000000 333195.000000
132.000000 333197.000000
133.000000 333199.000000
133.000000 333201.000000
133.000000 333203.000000
133.000000 333205.000000
133.000000 333207.000000
133.000000 333209.000000
133.000000 333211.000000
133.000000 333213.000000
134.000000 333215.000000
134.000000 333217.000000
134.000000 333219.000000
134.000000 333221.000000
134.000000 333223.000000
134.000000 333225.000000
135.000000 333227.000000
135.000000 333229.000000
135.000000 333231.000000
135.000000 333233.000000
135.000000 333235.000000
135.000000 333237.000000
135.000000 333239.000000
136.000000 333241.000000
136.000000 333243.000000
136.000000 333245.000000
136.000000 333247.000000
136.000000 333249.000000
136.000000 333251.000000
136.000000 333253.000000
137.000000 333255.000000
137.000000 333257.000000
137.000000 333259.000000
137.000000 333261.000000
137.000000 333263.000000
137.000000 333265.000000
137.000000 333267.000000
138.000000 333269.000000
138.000000 333271.000000
138.000000 333273.000000
138.000000 333275.000000
138.000000 333277.000000
138.000000 333279.000000
139.000000 333281.000000
139.000000 333283.000000
139.000000 333285.000000
139.000000 333287.000000
139.000000 333289.000000
139.000000 333291.000000
139.000000 333293.000000
139.000000 333295.000000
140.000000 333297.000000
140.000000 333299.000000
140.000000 333301.000000
140.000000 333303.000000
140.000000 333305.000000
140.000000 333307.000000
141.000000 333309.000000
141.000000 333311.000000
141.000000 333313.000000
141.000000 333315.000000
141.000000 333317.000000
141.000000 333319.000000
141.000000 333321.000000
141.000000 333323.000000
142.000000 333325.000000
142.000000 333327.000000
142.000000 333329.000000
142.000000 333331.000000
142.000000 333333.000000
142.000000 333335.000000
143.000000 333337.000000
143.000000 333339.000000
143.000000 333341.000000
143.000000 333343.000000
143.000000 333345.000000
143.000000 333347.000000
143.000000 333349.000000
143.000000 333351.000000
144.000000 333353.000000
144.000000 333355.000000
144.000000 333357.000000
144.000000 333359.000000
144.000000 333361.000000
144.000000 333363.000000
145.000000 333365.000000
145.000000 333367.000000
145.000000 333369.000000
145.000000 333371.000000
145.000000 333373.000000
145.000000 333375.000000
145.000000 333377.000000
145.000000 333379.000000
146.000000 333381.000000
146.000000 333383.000000
146.000000 333385.000000
146.000000 333387.000000
146.000000 333389.000000
146.000000 333391.000000
147.000000 333393.000000
147.000000 333395.000000
147.000000 333397.000000
147.000000 333399.000000
147.000000 333401.000000
147.000000 333403.000000
147.000000 333405.000000
147.000000 333407.000000
148.000000 333409.000000
148.000000 333411.000000
148.000000 333413.000000
148.000000 333415.000000
148.000000 333417.000000
148.000000 333419.000000
149.000000 333421.000000
149.000000 333423.000000
149.000000 333425.000000
149.000000 333427.000000
149.000000 333429.000000
149.000000 333431.000000
149.000000 333433.000000
149.000000 333435.000000
150.000000 333437.000000
150.000000 333439.000000
150.000000 333441.000000
150.000000 333443.000000
150.000000 333445.000000
150.000000 333447.000000
151.000000 333449.000000
151.000000 333451.000000
151.000000 333453.000000
151.000000 333455.000000
151.000000 333457.000000
151.000000 333459.000000
151.000000 333461.000000
152.000000 333463.000000
152.000000 333465.000000
152.000000 333467.000000
152.000000 333469.000000
152.000000 333471.000000
152.000000 333473.000000
152.000000 333475.000000
153.000000 333477.000000
153.000000 333479.000000
153.000000 333481.000000
153.000000 333483.000000
153.000000 333485.000000
153.000000 333487.000000
153.000000 333489.000000
154.000000 333491.000000
154.000000 333493.000000
154.000000 333495.000000
154.000000 333497.000000
154.000000 333499.000000
154.000000 333501.000000
155.000000 333503.000000
155.000000 333505.000000
155.000000 333507.000000
155.000000 333509.000000
155.000000 333511.000000
155.000000 333513.000000
155.000000 333515.000000
155.000000 333517.000000
156.000000 333519.000000
156.000000 333521.000000
156.000000 333523.000000
156.000000 333525.000000
156.000000 333527.000000
156.000000 333529.000000
157.000000 333531.000000
157.000000 333533.000000
157.000000 333535.000000
157.000000 333537.000000
157.000000 333539.000000
157.000000 333541.000000
157.000000 333543.000000
157.000000 333545.000000
158.000000 333547.000000
158.000000 333549.000000
158.000000 333551.000000
158.000000 333553.000000
158.000000 333555.000000
158.000000 333557.000000
159.000000 333559.000000
159.000000 333561.000000
159.000000 333563.000000
159.000000 333565.000000
159.000000 333567.000000
159.000000 333569.000000
159.000000 333571.000000
160.000000 333573.000000
160.000000 333575.000000
160.000000 333577.000000
160.000000 333579.000000
160.000000 333581.000000
160.000000 333583.000000
161.000000 333585.000000
161.000000 333587.000000
161.000000 333589.000000
161.000000 333591.000000
161.000000 333593.000000
161.000000 333595.000000
161.000000 333597.000000
161.000000 333599.000000
162.000000 333601.000000
162.000000 333603.000000
162.000000 333605.000000
162.000000 333607.000000
162.000000 333609.000000
162.000000 333611.000000
163.000000 333613.000000
163.000000 333615.000000
163.000000 333617.000000
163.000000 333619.000000
163.000000 333621.000000
163.000000 333623.000000
163.000000 333625.000000
163.000000 333627.000000
164.000000 333629.000000
164.000000 333631.000000
164.000000 333633.000000
164.000000 333635.000000
164.000000 333637.000000
164.000000 333639.000000
164.000000 333641.000000
165.000000 333643.000000
165.000000 333645.000000
165.000000 333647.000000
165.000000 333649.000000
165.000000 333651.000000
165.000000 333653.000000
165.000000 333655.000000
165.000000 333657.000000
165.000000 333659.000000
166.000000 333661.000000
166.000000 333663.000000
166.000000 333665.000000
166.000000 333667.000000
166.000000 333669.000000
166.000000 333671.000000
166.000000 333673.000000
167.000000 333675.000000
167.000000 333677.000000
167.000000 333679.000000
167.000000 333681.000000
167.000000 333683.000000
167.000000 333685.000000
167.000000 333687.000000
167.000000 333689.000000
167.000000 333691.000000
168.000000 333693.000000
168.000000 333695.000000
168.000000 333697.000000
168.000000 333699.000000
168.000000 333701.000000
168.000000 333703.000000
169.000000 333705.000000
169.000000 333707.000000
169.000000 333709.000000
169.000000 333711.000000
169.000000 333713.000000
169.000000 333715.000000
169.000000 333717.000000
169.000000 333719.000000
169.000000 333721.000000
170.000000 333723.000000
170.000000 333725.000000
170.000000 333727.000000
170.000000 333729.000000
170.000000 333731.000000
170.000000 333733.000000
171.000000 333735.000000
171.000000 333737.000000
171.000000 333739.000000
171.000000 333741.000000
171.000000 333743.000000
171.000000 333745.000000
171.000000 333747.000000
171.000000 333749.000000
172.000000 333751.000000
172.000000 333753.000000
172.000000 333755.000000
172.000000 333757.000000
172.000000 333759.000000
172.000000 333761.000000
172.000000 333763.000000
173.000000 333765.000000
173.000000 333767.000000
173.000000 333769.000000
173.000000 333771.000000
173.000000 333773.000000
173.000000 333775.000000
173.000000 333777.000000
174.000000 333779.000000
174.000000 333781.000000
174.000000 333783.000000
174.000000 333785.000000
174.000000 333787.000000
174.000000 333789.000000
174.000000 333791.000000
175.000000 333793.000000
175.000000 333795.000000
175.000000 333797.000000
175.000000 333799.000000
175.000000 333801.000000
175.000000 333803.000000
175.000000 333805.000000
176.000000 333807.000000
176.000000 333809.000000
176.000000 333811.000000
176.000000 333813.000000
176.000000 333815.000000
176.000000 333817.000000
177.000000 333819.000000
177.000000 333821.000000
177.000000 333823.000000
177.000000 333825.000000
177.000000 333827.000000
177.000000 333829.000000
177.000000 333831.000000
177.000000 333833.000000
178.000000 333835.000000
178.000000 333837.000000
178.000000 333839.000000
178.000000 333841.000000
178.000000 333843.000000
178.000000 333845.000000
179.000000 333847.000000
179.000000 333849.000000
179.000000 333851.000000
179.000000 333853.000000
179.000000 333855.000000
179.000000 333857.000000
179.000000 333859.000000
179.000000 333861.000000
180.000000 333863.000000
180.000000 333865.000000
180.000000 333867.000000
180.000000 333869.000000
180.000000 333871.000000
180.000000 333873.000000
181.000000 333875.000000
181.000000 333877.000000
181.000000 333879.000000
181.000000 333881.000000
181.000000 333883.000000
181.000000 333885.000000
181.000000 333887.000000
182.000000 333889.000000
182.000000 333891.000000
182.000000 333893.000000
182.000000 333895.000000
182.000000 333897.000000
182.000000 333899.000000
182.000000 333899.000000
183.000000 333903.000000
183.000000 333905.000000
183.000000 333907.000000
183.000000 333909.000000
183.000000 333911.000000
183.000000 333913.000000
183.000000 333915.000000
184.000000 333917.000000
184.000000 333919.000000
184.000000 333921.000000
184.000000 333923.000000
184.000000 333925.000000
184.000000 333927.000000
185.000000 333929.000000
185.000000 333931.000000
185.000000 333933.000000
185.000000 333935.000000
185.000000 333937.000000
185.000000 333939.000000
185.000000 333941.000000
185.000000 333943.000000
186.000000 333945.000000
186.000000 333947.000000
186.000000 333949.000000
186.000000 333951.000000
186.000000 333953.000000
186.000000 333955.000000
187.000000 333957.000000
187.000000 333959.000000
187.000000 333961.000000
187.000000 333963.000000
187.000000 333965.000000
187.000000 333967.000000
187.000000 333969.000000
187.000000 333971.000000
188.000000 333973.000000
188.000000 333975.000000
188.000000 333977.000000
188.000000 333979.000000
188.000000 333981.000000
188.000000 333983.000000
188.000000 333985.000000
189.000000 333987.000000
189.000000 333989.000000
189.000000 333991.000000
189.000000 333993.000000
189.000000 333995.000000
189.000000 333997.000000
189.000000 333999.000000
189.000000 334001.000000
190.000000 334003.000000
190.000000 334005.000000
190.000000 334007.000000
190.000000 334009.000000
190.000000 334011.000000
190.000000 334013.000000
190.000000 334015.000000
190.000000 334017.000000
191.000000 334019.000000
191.000000 334021.000000
191.000000 334023.000000
191.000000 334025.000000
191.000000 334027.000000
191.000000 334029.000000
191.000000 334031.000000
191.000000 334033.000000
191.000000 334035.000000
191.000000 334037.000000
192.000000 334039.000000
192.000000 334041.000000
192.000000 334043.000000
192.000000 334045.000000
192.000000 334047.000000
192.000000 334049.000000
192.000000 334051.000000
193.000000 334053.000000
193.000000 334055.000000
193.000000 334057.000000
193.000000 334059.000000
193.000000 334061.000000
193.000000 334063.000000
193.000000 334065.000000
193.000000 334067.000000
193.000000 334069.000000
194.000000 334071.000000
194.000000 334073.000000
194.000000 334075.000000
194.000000 334077.000000
194.000000 334079.000000
194.000000 334081.000000
194.000000 334083.000000
195.000000 334085.000000
195.000000 334087.000000
195.000000 334089.000000
195.000000 334091.000000
195.000000 334093.000000
195.000000 334095.000000
195.000000 334097.000000
195.000000 334099.000000
195.000000 334101.000000
196.000000 334103.000000
196.000000 334105.000000
196.000000 334107.000000
196.000000 334109.000000
196.000000 334111.000000
196.000000 334113.000000
197.000000 334115.000000
197.000000 334117.000000
197.000000 334119.000000
197.000000 334121.000000
197.000000 334123.000000
197.000000 334125.000000
197.000000 334127.000000
197.000000 334129.000000
198.000000 334131.000000
198.000000 334133.000000
198.000000 334135.000000
198.000000 334137.000000
198.000000 334139.000000
198.000000 334141.000000
199.000000 334143.000000
199.000000 334145.000000
199.000000 334147.000000
199.000000 334149.000000
199.000000 334151.000000
199.000000 334153.000000
199.000000 334155.000000
199.000000 334157.000000
200.000000 334159.000000
200.000000 334161.000000
200.000000 334163.000000
200.000000 334165.000000
200.000000 334167.000000
200.000000 334169.000000
201.000000 334171.000000
201.000000 334173.000000
201.000000 334175.000000
201.000000 334177.000000
201.000000 334179.000000
201.000000 334181.000000
201.000000 334183.000000
201.000000 334185.000000
202.000000 334187.000000
202.000000 334189.000000
202.000000 334191.000000
202.000000 334193.000000
202.000000 334195.000000
202.000000 334197.000000
203.000000 334199.000000
203.000000 334201.000000
203.000000 334203.000000
203.000000 334205.000000
203.000000 334207.000000
203.000000 334209.000000
203.000000 334211.000000
203.000000 334213.000000
204.000000 334215.000000
204.000000 334217.000000
204.000000 334219.000000
204.000000 334221.000000
204.000000 334223.000000
204.000000 334225.000000
205.000000 334227.000000
205.000000 334229.000000
205.000000 334231.000000
205.000000 334233.000000
205.000000 334235.000000
205.000000 334237.000000
205.000000 334239.000000
205.000000 334241.000000
206.000000 334243.000000
206.000000 334245.000000
206.000000 334247.000000
206.000000 334249.000000
206.000000 334251.000000
206.000000 334253.000000
207.000000 334255.000000
207.000000 334257.000000
207.000000 334259.000000
207.000000 334261.000000
207.000000 334263.000000
207.000000 334265.000000
207.000000 334267.000000
208.000000 334269.000000
208.000000 334271.000000
208.000000 334273.000000
208.000000 334275.000000
208.000000 334277.000000
208.000000 334279.000000
209.000000 334281.000000
209.000000 334283.000000
209.000000 334285.000000
209.000000 334287.000000
209.000000 334289.000000
209.000000 334291.000000
209.000000 334293.000000
209.000000 334295.000000
210.000000 334297.000000
210.000000 334299.000000
210.000000 334301.000000
210.000000 334303.000000
210.000000 334305.000000
210.000000 334307.000000
211.000000 334309.000000
211.000000 334311.000000
211.000000 334313.000000
211.000000 334315.000000
211.000000 334317.000000
211.000000 334319.000000
211.000000 334321.000000
211.000000 334323.000000
212.000000 334325.000000
212.000000 334327.000000
212.000000 334329.000000
212.000000 334331.000000
212.000000 334333.000000
212.000000 334335.000000
213.000000 334337.000000
213.000000 334339.000000
213.000000 334341.000000
213.000000 334343.000000
213.000000 334345.000000
213.000000 334347.000000
213.000000 334349.000000
213.000000 334351.000000
214.000000 334353.000000
214.000000 334355.000000
214.000000 334357.000000
214.000000 334359.000000
214.000000 334361.000000
214.000000 334363.000000
215.000000 334365.000000
215.000000 334367.000000
215.000000 334369.000000
215.000000 334371.000000
215.000000 334373.000000
215.000000 334375.000000
215.000000 334377.000000
215.000000 334379.000000
216.000000 334381.000000
216.000000 334383.000000
216.000000 334385.000000
216.000000 334387.000000
216.000000 334389.000000
216.000000 334391.000000
217.000000 334393.000000
217.000000 334395.000000
217.000000 334397.000000
217.000000 334399.000000
217.000000 334401.000000
217.000000 334403.000000
217.000000 334405.000000
217.000000 334407.000000
218.000000 334409.000000
218.000000 334411.000000
218.000000 334413.000000
218.000000 334415.000000
218.000000 334417.000000
218.000000 334419.000000
219.000000 334421.000000
219.000000 334423.000000
219.000000 334425.000000
219.000000 334427.000000
219.000000 334429.000000
219.000000 334431.000000
219.000000 334433.000000
219.000000 334435.000000
220.000000 334437.000000
220.000000 334439.000000
220.000000 334441.000000
220.000000 334443.000000
220.000000 334445.000000
220.000000 334447.000000
221.000000 334449.000000
221.000000 334451.000000
221.000000 334453.000000
221.000000 334455.000000
221.000000 334457.000000
221.000000 334459.000000
221.000000 334461.000000
221.000000 334463.000000
222.000000 334465.000000
222.000000 334467.000000
222.000000 334469.000000
222.000000 334471.000000
222.000000 334473.000000
222.000000 334475.000000
223.000000 334477.000000
223.000000 334479.000000
223.000000 334481.000000
223.000000 334483.000000
223.000000 334485.000000
223.000000 334487.000000
223.000000 334489.000000
223.000000 334491.000000
224.000000 334493.000000
224.000000 334495.000000
224.000000 334497.000000
224.000000 334499.000000
224.000000 334501.000000
224.000000 334503.000000
225.000000 334505.000000
225.000000 334507.000000
225.000000 334509.000000
225.000000 334511.000000
225.000000 334513.000000
225.000000 334515.000000
225.000000 334517.000000
226.000000 334519.000000
226.000000 334521.000000
226.000000 334523.000000
226.000000 334525.000000
226.000000 334527.000000
226.000000 334529.000000
226.000000 334531.000000
227.000000 334533.000000
227.000000 334535.000000
227.000000 334537.000000
227.000000 334539.000000
227.000000 334541.000000
227.000000 334543.000000
227.000000 334545.000000
228.000000 334547.000000
228.000000 334549.000000
228.000000 334551.000000
228.000000 334553.000000
228.000000 334555.000000
228.000000 334557.000000
229.000000 334559.000000
229.000000 334561.000000
229.000000 334563.000000
229.000000 334565.000000
229.000000 334567.000000
229.000000 334569.000000
229.000000 334571.000000
229.000000 334573.000000
230.000000 334575.000000
230.000000 334577.000000
230.000000 334579.000000
230.000000 334581.000000
230.000000 334583.000000
230.000000 334585.000000
231.000000 334587.000000
231.000000 334589.000000
231.000000 334591.000000
231.000000 334593.000000
231.000000 334595.000000
231.000000 334597.000000
231.000000 334599.000000
231.000000 334601.000000
232.000000 334603.000000
232.000000 334605.000000
232.000000 334607.000000
232.000000 334609.000000
232.000000 334611.000000
232.000000 334613.000000
233.000000 334615.000000
233.000000 334617.000000
233.000000 334619.000000
233.000000 334621.000000
233.000000 334623.000000
233.000000 334625.000000
233.000000 334627.000000
234.000000 334629.000000
234.000000 334631.000000
234.000000 334633.000000
234.000000 334635.000000
234.000000 334637.000000
234.000000 334639.000000
235.000000 334641.000000
235.000000 334643.000000
235.000000 334645.000000
235.000000 334647.000000
235.000000 334649.000000
235.000000 334651.000000
235.000000 334653.000000
235.000000 334655.000000
236.000000 334657.000000
236.000000 334659.000000
236.000000 334661.000000
236.000000 334663.000000
236.000000 334665.000000
236.000000 334667.000000
237.000000 334669.000000
237.000000 334671.000000
237.000000 334673.000000
237.000000 334675.000000
237.000000 334677.000000
237.000000 334679.000000
237.000000 334681.000000
237.000000 334683.000000
238.000000 334685.000000
238.000000 334687.000000
238.000000 334689.000000
238.000000 334691.000000
238.000000 334693.000000
238.000000 334695.000000
239.000000 334697.000000
239.000000 334699.000000
239.000000 334701.000000
239.000000 334703.000000
239.000000 334705.000000
239.000000 334707.000000
239.000000 334709.000000
239.000000 334711.000000
240.000000 334713.000000
240.000000 334715.000000
240.000000 334717.000000
240.000000 334719.000000
240.000000 334721.000000
240.000000 334723.000000
241.000000 334725.000000
241.000000 334727.000000
241.000000 334729.000000
241.000000 334731.000000
241.000000 334733.000000
241.000000 334735.000000
241.000000 334737.000000
241.000000 334739.000000
242.000000 334741.000000
242.000000 334743.000000
242.000000 334745.000000
242.000000 334747.000000
242.000000 334749.000000
242.000000 334751.000000
243.000000 334753.000000
243.000000 334755.000000
243.000000 334757.000000
243.000000 334759.000000
243.000000 334761.000000
243.000000 334763.000000
243.000000 334765.000000
243.000000 334767.000000
244.000000 334769.000000
244.000000 334771.000000
244.000000 334773.000000
244.000000 334775.000000
244.000000 334777.000000
244.000000 334779.000000
245.000000 334781.000000
245.000000 334783.000000
245.000000 334785.000000
245.000000 334787.000000
245.000000 334789.000000
245.000000 334791.000000
245.000000 334793.000000
245.000000 334795.000000
246.000000 334797.000000
246.000000 334799.000000
246.000000 334801.000000
246.000000 334803.000000
246.000000 334805.000000
246.000000 334807.000000
247.000000 334809.000000
247.000000 334811.000000
247.000000 334813.000000
247.000000 334815.000000
247.000000 334817.000000
247.000000 334819.000000
247.000000 334821.000000
248.000000 334823.000000
248.000000 334825.000000
248.000000 334827.000000
248.000000 334829.000000
248.000000 334831.000000
248.000000 334833.000000
248.000000 334835.000000
249.000000 334837.000000
249.000000 334839.000000
249.000000 334841.000000
249.000000 334843.000000
249.000000 334845.000000
249.000000 334847.000000
249.000000 334849.000000
250.000000 334851.000000
250.000000 334853.000000
250.000000 334855.000000
250.000000 334857.000000
250.000000 334859.000000
250.000000 334861.000000
251.000000 334863.000000
251.000000 334863.000000
253.000000 334901.000000
253.000000 334903.000000
253.000000 334905.000000
254.000000 334907.000000
254.000000 334909.000000
254.000000 334911.000000
254.000000 334913.000000
254.000000 334915.000000
254.000000 334917.000000
254.000000 334919.000000
255.000000 334921.000000
255.000000 334923.000000
255.000000 334925.000000
255.000000 334927.000000
255.000000 334929.000000
255.000000 334931.000000
255.000000 334933.000000
255.000000 334935.000000
255.000000 334937.000000
256.000000 334939.000000
256.000000 334941.000000
256.000000 334943.000000
256.000000 334945.000000
256.000000 334947.000000
256.000000 334949.000000
256.000000 334951.000000
257.000000 334953.000000
257.000000 334955.000000
257.000000 334957.000000
257.000000 334959.000000
257.000000 334961.000000
257.000000 334963.000000
257.000000 334965.000000
257.000000 334967.000000
258.000000 334969.000000
258.000000 334971.000000
258.000000 334973.000000
258.000000 334975.000000
258.000000 334977.000000
258.000000 334979.000000
258.000000 334981.000000
259.000000 334983.000000
259.000000 334985.000000
259.000000 334987.000000
259.000000 334989.000000
259.000000 334991.000000
259.000000 334993.000000
259.000000 334995.000000
259.000000 334997.000000
260.000000 334999.000000
260.000000 335001.000000
260.000000 335003.000000
260.000000 335005.000000
260.000000 335007.000000
260.000000 335009.000000
261.000000 335011.000000
261.000000 335013.000000
261.000000 335015.000000
261.000000 335017.000000
261.000000 335019.000000
261.000000 335021.000000
261.000000 335023.000000
261.000000 335025.000000
262.000000 335027.000000
262.000000 335029.000000
262.000000 335031.000000
262.000000 335033.000000
262.000000 335035.000000
262.000000 335037.000000
262.000000 335039.000000
263.000000 335041.000000
263.000000 335043.000000
263.000000 335045.000000
263.000000 335047.000000
263.000000 335049.000000
263.000000 335051.000000
263.000000 335053.000000
264.000000 335055.000000
264.000000 335057.000000
264.000000 335059.000000
264.000000 335061.000000
264.000000 335063.000000
264.000000 335065.000000
264.000000 335067.000000
265.000000 335069.000000
265.000000 335071.000000
265.000000 335073.000000
265.000000 335075.000000
265.000000 335077.000000
265.000000 335079.000000
265.000000 335081.000000
265.000000 335083.000000
266.000000 335085.000000
266.000000 335087.000000
266.000000 335087.000000
267.000000 335097.000000
267.000000 335099.000000
267.000000 335101.000000
267.000000 335103.000000
267.000000 335105.000000
267.000000 335107.000000
267.000000 335109.000000
267.000000 335111.000000
268.000000 335113.000000
268.000000 335115.000000
268.000000 335117.000000
268.000000 335119.000000
268.000000 335121.000000
268.000000 335123.000000
269.000000 335125.000000
269.000000 335127.000000
269.000000 335129.000000
269.000000 335131.000000
269.000000 335133.000000
269.000000 335135.000000
269.000000 335137.000000
269.000000 335139.000000
270.000000 335141.000000
270.000000 335143.000000
270.000000 335145.000000
270.000000 335147.000000
270.000000 335149.000000
270.000000 335151.000000
271.000000 335153.000000
271.000000 335155.000000
271.000000 335157.000000
271.000000 335159.000000
271.000000 335161.000000
271.000000 335163.000000
271.000000 335165.000000
271.000000 335167.000000
272.000000 335169.000000
272.000000 335171.000000
272.000000 335173.000000
272.000000 335175.000000
272.000000 335177.000000
272.000000 335179.000000
273.000000 335181.000000
273.000000 335183.000000
273.000000 335185.000000
273.000000 335187.000000
273.000000 335189.000000
273.000000 335191.000000
273.000000 335193.000000
274.000000 335195.000000
274.000000 335197.000000
274.000000 335199.000000
274.000000 335201.000000
274.000000 335203.000000
274.000000 335205.000000
274.000000 335207.000000
275.000000 335209.000000
275.000000 335211.000000
275.000000 335213.000000
275.000000 335215.000000
275.000000 335217.000000
275.000000 335219.000000
275.000000 335221.000000
276.000000 335223.000000
276.000000 335225.000000
276.000000 335227.000000
276.000000 335229.000000
276.000000 335231.000000
276.000000 335233.000000
277.000000 335235.000000
277.000000 335237.000000
277.000000 335239.000000
277.000000 335241.000000
277.000000 335243.000000
277.000000 335245.000000
277.000000 335247.000000
277.000000 335249.000000
278.000000 335251.000000
278.000000 335253.000000
278.000000 335255.000000
278.000000 335257.000000
278.000000 335259.000000
278.000000 335261.000000
278.000000 335263.000000
279.000000 335265.000000
279.000000 335267.000000
279.000000 335269.000000
279.000000 335271.000000
279.000000 335273.000000
279.000000 335275.000000
279.000000 335277.000000
279.000000 335279.000000
279.000000 335281.000000
280.000000 335283.000000
280.000000 335285.000000
280.000000 335287.000000
280.000000 335289.000000
280.000000 335291.000000
280.000000 335293.000000
280.000000 335295.000000
281.000000 335297.000000
281.000000 335299.000000
281.000000 335301.000000
281.000000 335303.000000
281.000000 335305.000000
281.000000 335307.000000
281.000000 335309.000000
281.000000 335311.000000
281.000000 335313.000000
282.000000 335315.000000
282.000000 335317.000000
282.000000 335319.000000
282.000000 335321.000000
282.000000 335323.000000
282.000000 335325.000000
282.000000 335327.000000
282.000000 335329.000000
283.000000 335331.000000
283.000000 335333.000000
283.000000 335335.000000
283.000000 335337.000000
283.000000 335339.000000
283.000000 335341.000000
283.000000 335343.000000
283.000000 335345.000000
284.000000 335347.000000
284.000000 335349.000000
284.000000 335351.000000
284.000000 335353.000000
284.000000 335355.000000
284.000000 335357.000000
284.000000 335359.000000
285.000000 335361.000000
285.000000 335363.000000
285.000000 335365.000000
285.000000 335367.000000
285.000000 335369.000000
285.000000 335371.000000
285.000000 335373.000000
285.000000 335375.000000
286.000000 335377.000000
286.000000 335379.000000
286.000000 335381.000000
286.000000 335383.000000
286.000000 335385.000000
286.000000 335387.000000
286.000000 335389.000000
287.000000 335391.000000
287.000000 335393.000000
287.000000 335395.000000
287.000000 335397.000000
287.000000 335399.000000
287.000000 335401.000000
287.000000 335403.000000
287.000000 335405.000000
288.000000 335407.000000
288.000000 335409.000000
288.000000 335411.000000
288.000000 335413.000000
288.000000 335415.000000
288.000000 335417.000000
288.000000 335419.000000
289.000000 335421.000000
289.000000 335423.000000
289.000000 335425.000000
289.000000 335427.000000
289.000000 335429.000000
289.000000 335431.000000
289.000000 335433.000000
289.000000 335435.000000
290.000000 335437.000000
290.000000 335439.000000
290.000000 335441.000000
290.000000 335443.000000
290.000000 335445.000000
290.000000 335447.000000
291.000000 335449.000000
291.000000 335451.000000
291.000000 335453.000000
291.000000 335455.000000
291.000000 335457.000000
291.000000 335459.000000
291.000000 335461.000000
291.000000 335463.000000
292.000000 335465.000000
292.000000 335467.000000
292.000000 335469.000000
292.000000 335471.000000
292.000000 335473.000000
292.000000 335475.000000
293.000000 335477.000000
293.000000 335479.000000
293.000000 335481.000000
293.000000 335483.000000
293.000000 335485.000000
293.000000 335487.000000
293.000000 335489.000000
293.000000 335491.000000
294.000000 335493.000000
294.000000 335495.000000
294.000000 335497.000000
294.000000 335499.000000
294.000000 335501.000000
294.000000 335503.000000
295.000000 335505.000000
295.000000 335507.000000
295.000000 335509.000000
295.000000 335511.000000
295.000000 335513.000000
295.000000 335515.000000
295.000000 335517.000000
295.000000 335519.000000
296.000000 335521.000000
296.000000 335523.000000
296.000000 335525.000000
296.000000 335527.000000
296.000000 335529.000000
296.000000 335531.000000
297.000000 335533.000000
297.000000 335535.000000
297.000000 335537.000000
297.000000 335539.000000
297.000000 335541.000000
297.000000 335543.000000
297.000000 335545.000000
298.000000 335547.000000
298.000000 335549.000000
298.000000 335551.000000
298.000000 335553.000000
298.000000 335555.000000
298.000000 335557.000000
299.000000 335559.000000
299.000000 335561.000000
299.000000 335563.000000
299.000000 335565.000000
299.000000 335567.000000
299.000000 335569.000000
299.000000 335571.000000
299.000000 335573.000000
300.000000 335575.000000
300.000000 335577.000000
300.000000 335579.000000
300.000000 335581.000000
300.000000 335583.000000
300.000000 335585.000000
301.000000 335587.000000
301.000000 335589.000000
301.000000 335591.000000
301.000000 335593.000000
301.000000 335595.000000
301.000000 335597.000000
301.000000 335599.000000
301.000000 335601.000000
302.000000 335603.000000
302.000000 335605.000000
302.000000 335607.000000
302.000000 335609.000000
302.000000 335611.000000
302.000000 335613.000000
303.000000 335615.000000
303.000000 335617.000000
303.000000 335619.000000
303.000000 335621.000000
303.000000 335623.000000
303.000000 335625.000000
303.000000 335627.000000
303.000000 335629.000000
304.000000 335631.000000
304.000000 335633.000000
304.000000 335635.000000
304.000000 335637.000000
304.000000 335639.000000
304.000000 335641.000000
305.000000 335643.000000
305.000000 335645.000000
305.000000 335647.000000
305.000000 335649.000000
305.000000 335651.000000
305.000000 335653.000000
305.000000 335655.000000
306.000000 335657.000000
306.000000 335659.000000
306.000000 335661.000000
306.000000 335663.000000
306.000000 335665.000000
306.000000 335667.000000
307.000000 335669.000000
307.000000 335671.000000
307.000000 335673.000000
307.000000 335675.000000
307.000000 335677.000000
307.000000 335679.000000
307.000000 335681.000000
307.000000 335683.000000
308.000000 335685.000000
308.000000 335687.000000
308.000000 335689.000000
308.000000 335691.000000
308.000000 335693.000000
308.000000 335695.000000
309.000000 335697.000000
309.000000 335699.000000
309.000000 335701.000000
309.000000 335703.000000
309.000000 335705.000000
309.000000 335707.000000
309.000000 335709.000000
309.000000 335711.000000
310.000000 335713.000000
310.000000 335715.000000
310.000000 335717.000000
310.000000 335719.000000
310.000000 335721.000000
310.000000 335723.000000
311.000000 335725.000000
311.000000 335727.000000
311.000000 335729.000000
311.000000 335731.000000
311.000000 335733.000000
311.000000 335735.000000
311.000000 335737.000000
311.000000 335739.000000
312.000000 335741.000000
312.000000 335743.000000
312.000000 335745.000000
312.000000 335747.000000
312.000000 335749.000000
312.000000 335751.000000
312.000000 335753.000000
313.000000 335755.000000
313.000000 335757.000000
313.000000 335759.000000
313.000000 335761.000000
313.000000 335763.000000
313.000000 335765.000000
313.000000 335767.000000
314.000000 335769.000000
314.000000 335771.000000
314.000000 335773.000000
314.000000 335775.000000
314.000000 335777.000000
314.000000 335779.000000
314.000000 335781.000000
315.000000 335783.000000
315.000000 335785.000000
315.000000 335787.000000
315.000000 335789.000000
315.000000 335791.000000
315.000000 335793.000000
315.000000 335795.000000
316.000000 335797.000000
316.000000 335799.000000
316.000000 335801.000000
316.000000 335803.000000
316.000000 335805.000000
316.000000 335807.000000
316.000000 335809.000000
317.000000 335811.000000
317.000000 335813.000000
317.000000 335815.000000
317.000000 335817.000000
317.000000 335819.000000
317.000000 335821.000000
317.000000 335823.000000
317.000000 335825.000000
318.000000 335827.000000
318.000000 335829.000000
318.000000 335831.000000
318.000000 335833.000000
318.000000 335835.000000
318.000000 335837.000000
319.000000 335839.000000
319.000000 335841.000000
319.000000 335843.000000
319.000000 335845.000000
319.000000 335847.000000
319.000000 335849.000000
319.000000 335851.000000
320.000000 335853.000000
320.000000 335855.000000
320.000000 335857.000000
320.000000 335859.000000
320.000000 335861.000000
320.000000 335863.000000
321.000000 335865.000000
321.000000 335867.000000
321.000000 335869.000000
321.000000 335871.000000
321.000000 335873.000000
321.000000 335875.000000
321.000000 335877.000000
321.000000 335879.000000
322.000000 335881.000000
322.000000 335883.000000
322.000000 335885.000000
322.000000 335887.000000
322.000000 335889.000000
322.000000 335891.000000
323.000000 335893.000000
323.000000 335895.000000
323.000000 335897.000000
323.000000 335899.000000
323.000000 335901.000000
323.000000 335903.000000
323.000000 335905.000000
323.000000 335907.000000
324.000000 335909.000000
324.000000 335911.000000
324.000000 335913.000000
324.000000 335915.000000
324.000000 335917.000000
324.000000 335919.000000
325.000000 335921.000000
325.000000 335923.000000
325.000000 335925.000000
325.000000 335927.000000
325.000000 335929.000000
325.000000 335931.000000
325.000000 335933.000000
326.000000 335935.000000
326.000000 335937.000000
326.000000 335939.000000
326.000000 335941.000000
326.000000 335943.000000
326.000000 335945.000000
326.000000 335947.000000
327.000000 335949.000000
327.000000 335951.000000
327.000000 335953.000000
327.000000 335955.000000
327.000000 335957.000000
327.000000 335959.000000
327.000000 335961.000000
328.000000 335963.000000
328.000000 335965.000000
328.000000 335967.000000
328.000000 335969.000000
328.000000 335971.000000
328.000000 335973.000000
329.000000 335975.000000
329.000000 335977.000000
329.000000 335979.000000
329.000000 335981.000000
329.000000 335983.000000
329.000000 335985.000000
329.000000 335987.000000
329.000000 335989.000000
330.000000 335991.000000
330.000000 335993.000000
330.000000 335995.000000
330.000000 335997.000000
330.000000 335999.000000
330.000000 336001.000000
331.000000 336003.000000
331.000000 336005.000000
331.000000 336007.000000
331.000000 336009.000000
331.000000 336011.000000
331.000000 336013.000000
331.000000 336015.000000
332.000000 336017.000000
332.000000 336019.000000
332.000000 336021.000000
332.000000 336023.000000
332.000000 336025.000000
332.000000 336027.000000
332.000000 336029.000000
333.000000 336031.000000
333.000000 336033.000000
333.000000 336035.000000
333.000000 336037.000000
333.000000 336039.000000
333.000000 336041.000000
333.000000 336043.000000
334.000000 336045.000000
334.000000 336047.000000
334.000000 336049.000000
334.000000 336051.000000
334.000000 336053.000000
334.000000 336055.000000
335.000000 336057.000000
335.000000 336059.000000
335.000000 336061.000000
335.000000 336063.000000
335.000000 336065.000000
335.000000 336067.000000
335.000000 336069.000000
335.000000 336071.000000
336.000000 336073.000000
336.000000 336075.000000
336.000000 336077.000000
336.000000 336079.000000
336.000000 336081.000000
336.000000 336083.000000
337.000000 336085.000000
337.000000 336087.000000
337.000000 336089.000000
337.000000 336091.000000
337.000000 336093.000000
337.000000 336095.000000
337.000000 336097.000000
337.000000 336099.000000
338.000000 336101.000000
338.000000 336103.000000
338.000000 336105.000000
338.000000 336107.000000
338.000000 336109.000000
338.000000 336111.000000
338.000000 336113.000000
339.000000 336115.000000
339.000000 336117.000000
339.000000 336119.000000
339.000000 336121.000000
339.000000 336123.000000
339.000000 336125.000000
339.000000 336127.000000
339.000000 336129.000000
340.000000 336131.000000
340.000000 336133.000000
340.000000 336135.000000
340.000000 336137.000000
340.000000 336139.000000
340.000000 336141.000000
341.000000 336143.000000
341.000000 336145.000000
341.000000 336147.000000
341.000000 336149.000000
341.000000 336151.000000
341.000000 336153.000000
341.000000 336155.000000
342.000000 336157.000000
342.000000 336159.000000
342.000000 336161.000000
342.000000 336163.000000
342.000000 336165.000000
342.000000 336167.000000
342.000000 336169.000000
343.000000 336171.000000
343.000000 336173.000000
343.000000 336175.000000
343.000000 336177.000000
343.000000 336179.000000
343.000000 336181.000000
343.000000 336183.000000
343.000000 336185.000000
344.000000 336187.000000
344.000000 336189.000000
344.000000 336191.000000
344.000000 336193.000000
344.000000 336195.000000
344.000000 336197.000000
345.000000 336199.000000
345.000000 336201.000000
345.000000 336203.000000
345.000000 336205.000000
345.000000 336207.000000
345.000000 336209.000000
345.000000 336211.000000
345.000000 336213.000000
345.000000 336215.000000
346.000000 336217.000000
346.000000 336219.000000
346.000000 336221.000000
346.000000 336223.000000
346.000000 336225.000000
346.000000 336227.000000
346.000000 336229.000000
347.000000 336231.000000
347.000000 336233.000000
347.000000 336235.000000
347.000000 336237.000000
347.000000 336239.000000
347.000000 336241.000000
347.000000 336243.000000
347.000000 336245.000000
347.000000 336247.000000
348.000000 336249.000000
348.000000 336251.000000
348.000000 336253.000000
348.000000 336255.000000
348.000000 336257.000000
348.000000 336259.000000
348.000000 336261.000000
349.000000 336263.000000
349.000000 336265.000000
349.000000 336267.000000
349.000000 336269.000000
349.000000 336271.000000
349.000000 336273.000000
349.000000 336275.000000
349.000000 336277.000000
350.000000 336279.000000
350.000000 336281.000000
350.000000 336283.000000
350.000000 336285.000000
350.000000 336287.000000
350.000000 336289.000000
351.000000 336291.000000
351.000000 336293.000000
351.000000 336295.000000
351.000000 336297.000000
351.000000 336299.000000
351.000000 336301.000000
351.000000 336303.000000
351.000000 336305.000000
352.000000 336307.000000
352.000000 336309.000000
352.000000 336311.000000
352.000000 336313.000000
352.000000 336315.000000
352.000000 336317.000000
353.000000 336319.000000
353.000000 336321.000000
353.000000 336323.000000
353.000000 336325.000000
353.000000 336327.000000
353.000000 336329.000000
353.000000 336331.000000
353.000000 336333.000000
354.000000 336335.000000
354.000000 336337.000000
354.000000 336339.000000
354.000000 336341.000000
354.000000 336343.000000
354.000000 336345.000000
355.000000 336347.000000
355.000000 336349.000000
355.000000 336351.000000
355.000000 336353.000000
355.000000 336355.000000
355.000000 336357.000000
355.000000 336359.000000
355.000000 336361.000000
356.000000 336363.000000
356.000000 336365.000000
356.000000 336367.000000
356.000000 336369.000000
356.000000 336371.000000
356.000000 336373.000000
357.000000 336375.000000
357.000000 336377.000000
357.000000 336379.000000
357.000000 336381.000000
357.000000 336383.000000
357.000000 336385.000000
357.000000 336387.000000
358.000000 336389.000000
358.000000 336391.000000
358.000000 336393.000000
358.000000 336395.000000
358.000000 336397.000000
358.000000 336399.000000
358.000000 336401.000000
359.000000 336403.000000
359.000000 336405.000000
359.000000 336407.000000
359.000000 336409.000000
359.000000 336411.000000
359.000000 336413.000000
359.000000 336415.000000
360.000000 336417.000000
360.000000 336419.000000
360.000000 336421.000000
360.000000 336423.000000
360.000000 336425.000000
360.000000 336427.000000
360.000000 336429.000000
361.000000 336431.000000
361.000000 336433.000000
361.000000 336435.000000
361.000000 336437.000000
361.000000 336439.000000
361.000000 336441.000000
361.000000 336443.000000
361.000000 336445.000000
362.000000 336447.000000
362.000000 336449.000000
362.000000 336451.000000
362.000000 336453.000000
362.000000 336455.000000
362.000000 336457.000000
363.000000 336459.000000
363.000000 336461.000000
363.000000 336463.000000
363.000000 336465.000000
363.000000 336467.000000
363.000000 336469.000000
363.000000 336471.000000
363.000000 336473.000000
364.000000 336475.000000
364.000000 336477.000000
364.000000 336479.000000
364.000000 336481.000000
364.000000 336483.000000
364.000000 336485.000000
365.000000 336487.000000
365.000000 336489.000000
365.000000 336491.000000
365.000000 336493.000000
365.000000 336495.000000
365.000000 336497.000000
365.000000 336499.000000
365.000000 336501.000000
366.000000 336503.000000
366.000000 336505.000000
366.000000 336507.000000
366.000000 336509.000000
366.000000 336511.000000
366.000000 336513.000000
367.000000 336515.000000
367.000000 336517.000000
367.000000 336519.000000
367.000000 336521.000000
367.000000 336523.000000
367.000000 336525.000000
367.000000 336527.000000
367.000000 336529.000000
368.000000 336531.000000
368.000000 336533.000000
368.000000 336535.000000
368.000000 336537.000000
368.000000 336539.000000
368.000000 336541.000000
369.000000 336543.000000
369.000000 336545.000000
369.000000 336547.000000
369.000000 336549.000000
369.000000 336551.000000
369.000000 336553.000000
369.000000 336555.000000
369.000000 336557.000000
369.000000 336559.000000
370.000000 336561.000000
370.000000 336563.000000
370.000000 336565.000000
370.000000 336567.000000
370.000000 336569.000000
370.000000 336571.000000
370.000000 336573.000000
370.000000 336575.000000
371.000000 336577.000000
371.000000 336579.000000
371.000000 336581.000000
371.000000 336583.000000
371.000000 336585.000000
371.000000 336587.000000
371.000000 336589.000000
371.000000 336591.000000
371.000000 336593.000000
372.000000 336595.000000
372.000000 336597.000000
372.000000 336599.000000
372.000000 336601.000000
372.000000 336603.000000
372.000000 336605.000000
372.000000 336607.000000
372.000000 336609.000000
373.000000 336611.000000
373.000000 336613.000000
373.000000 336615.000000
373.000000 336617.000000
373.000000 336619.000000
373.000000 336621.000000
373.000000 336623.000000
373.000000 336625.000000
374.000000 336627.000000
374.000000 336629.000000
374.000000 336631.000000
374.000000 336633.000000
374.000000 336635.000000
374.000000 336637.000000
374.000000 336639.000000
375.000000 336641.000000
375.000000 336643.000000
375.000000 336645.000000
375.000000 336647.000000
375.000000 336649.000000
375.000000 336651.000000
375.000000 336653.000000
375.000000 336655.000000
376.000000 336657.000000
376.000000 336659.000000
376.000000 336661.000000
376.000000 336663.000000
376.000000 336665.000000
376.000000 336667.000000
376.000000 336669.000000
377.000000 336671.000000
377.000000 336673.000000
377.000000 336675.000000
377.000000 336677.000000
377.000000 336679.000000
377.000000 336681.000000
377.000000 336683.000000
378.000000 336685.000000
378.000000 336687.000000
378.000000 336689.000000
378.000000 336691.000000
378.000000 336693.000000
378.000000 336695.000000
378.000000 336697.000000
379.000000 336699.000000
379.000000 336701.000000
379.000000 336703.000000
379.000000 336705.000000
379.000000 336707.000000
379.000000 336709.000000
379.000000 336711.000000
379.000000 336713.000000
380.000000 336715.000000
380.000000 336717.000000
380.000000 336719.000000
380.000000 336721.000000
380.000000 336723.000000
380.000000 336725.000000
381.000000 336727.000000
381.000000 336729.000000
381.000000 336731.000000
381.000000 336733.000000
381.000000 336735.000000
381.000000 336737.000000
381.000000 336739.000000
382.000000 336741.000000
382.000000 336743.000000
382.000000 336745.000000
382.000000 336747.000000
382.000000 336749.000000
382.000000 336751.000000
382.000000 336753.000000
383.000000 336755.000000
383.000000 336757.000000
383.000000 336759.000000
383.000000 336761.000000
383.000000 336763.000000
383.000000 336765.000000
383.000000 336767.000000
383.000000 336769.000000
384.000000 336771.000000
384.000000 336773.000000
384.000000 336775.000000
384.000000 336777.000000
384.000000 336779.000000
384.000000 336781.000000
385.000000 336783.000000
385.000000 336785.000000
385.000000 336787.000000
385.000000 336789.000000
385.000000 336791.000000
385.000000 336793.000000
385.000000 336795.000000
385.000000 336797.000000
386.000000 336799.000000
386.000000 336801.000000
386.000000 336803.000000
386.000000 336805.000000
386.000000 336807.000000
386.000000 336809.000000
387.000000 336811.000000
387.000000 336813.000000
387.000000 336815.000000
387.000000 336817.000000
387.000000 336819.000000
387.000000 336821.000000
387.000000 336823.000000
387.000000 336825.000000
388.000000 336827.000000
388.000000 336829.000000
388.000000 336831.000000
388.000000 336833.000000
388.000000 336835.000000
388.000000 336837.000000
389.000000 336839.000000
389.000000 336841.000000
389.000000 336843.000000
389.000000 336845.000000
389.000000 336847.000000
389.000000 336849.000000
389.000000 336851.000000
389.000000 336853.000000
390.000000 336855.000000
390.000000 336857.000000
390.000000 336859.000000
390.000000 336861.000000
390.000000 336863.000000
390.000000 336865.000000
391.000000 336867.000000
391.000000 336869.000000
391.000000 336871.000000
391.000000 336873.000000
391.000000 336875.000000
391.000000 336877.000000
391.000000 336879.000000
391.000000 336881.000000
392.000000 336883.000000
392.000000 336885.000000
392.000000 336887.000000
392.000000 336889.000000
392.000000 336891.000000
392.000000 336893.000000
393.000000 336895.000000
393.000000 336897.000000
393.000000 336899.000000
393.000000 336901.000000
393.000000 336903.000000
393.000000 336905.000000
393.000000 336907.000000
394.000000 336909.000000
394.000000 336911.000000
394.000000 336913.000000
394.000000 336915.000000
394.000000 336917.000000
394.000000 336919.000000
394.000000 336921.000000
395.000000 336923.000000
395.000000 336925.000000
395.000000 336927.000000
395.000000 336929.000000
395.000000 336931.000000
395.000000 336933.000000
395.000000 336935.000000
396.000000 336937.000000
396.000000 336939.000000
396.000000 336941.000000
396.000000 336943.000000
396.000000 336945.000000
396.000000 336947.000000
397.000000 336949.000000
397.000000 336951.000000
397.000000 336953.000000
397.000000 336955.000000
397.000000 336957.000000
397.000000 336959.000000
397.000000 336961.000000
397.000000 336963.000000
398.000000 336965.000000
398.000000 336967.000000
398.000000 336969.000000
398.000000 336971.000000
398.000000 336973.000000
398.000000 336975.000000
399.000000 336977.000000
399.000000 336979.000000
399.000000 336981.000000
399.000000 336983.000000
399.000000 336985.000000
399.000000 336987.000000
399.000000 336989.000000
399.000000 336991.000000
400.000000 336993.000000
400.000000 336995.000000
400.000000 336997.000000
400.000000 336999.000000
400.000000 337001.000000
400.000000 337003.000000
401.000000 337005.000000
401.000000 337007.000000
401.000000 337009.000000
401.000000 337011.000000
401.000000 337013.000000
401.000000 337015.000000
401.000000 337017.000000
401.000000 337019.000000
402.000000 337021.000000
402.000000 337023.000000
402.000000 337025.000000
402.000000 337027.000000
402.000000 337029.000000
402.000000 337031.000000
403.000000 337033.000000
403.000000 337035.000000
403.000000 337037.000000
403.000000 337039.000000
403.000000 337041.000000
403.000000 337043.000000
403.000000 337045.000000
404.000000 337047.000000
404.000000 337049.000000
404.000000 337051.000000
404.000000 337053.000000
404.000000 337055.000000
404.000000 337057.000000
404.000000 337059.000000
405.000000 337061.000000
405.000000 337063.000000
405.000000 337065.000000
405.000000 337067.000000
405.000000 337069.000000
405.000000 337071.000000
405.000000 337073.000000
406.000000 337075.000000
406.000000 337077.000000
406.000000 337079.000000
406.000000 337081.000000
406.000000 337083.000000
406.000000 337085.000000
406.000000 337087.000000
407.000000 337089.000000
407.000000 337091.000000
407.000000 337093.000000
407.000000 337095.000000
407.000000 337097.000000
407.000000 337099.000000
407.000000 337101.000000
407.000000 337103.000000
408.000000 337105.000000
408.000000 337107.000000
408.000000 337109.000000
408.000000 337111.000000
408.000000 337113.000000
408.000000 337115.000000
409.000000 337117.000000
409.000000 337119.000000
409.000000 337121.000000
409.000000 337123.000000
409.000000 337125.000000
409.000000 337127.000000
409.000000 337129.000000
409.000000 337131.000000
410.000000 337133.000000
410.000000 337135.000000
410.000000 337137.000000
410.000000 337139.000000
410.000000 337141.000000
410.000000 337143.000000
411.000000 337145.000000
411.000000 337147.000000
411.000000 337149.000000
411.000000 337151.000000
411.000000 337153.000000
411.000000 337155.000000
411.000000 337157.000000
411.000000 337159.000000
412.000000 337161.000000
412.000000 337163.000000
412.000000 337165.000000
412.000000 337167.000000
412.000000 337169.000000
412.000000 337171.000000
413.000000 337173.000000
413.000000 337175.000000
413.000000 337177.000000
413.000000 337179.000000
413.000000 337181.000000
413.000000 337183.000000
413.000000 337185.000000
413.000000 337187.000000
414.000000 337189.000000
414.000000 337191.000000
414.000000 337193.000000
414.000000 337195.000000
414.000000 337197.000000
414.000000 337199.000000
415.000000 337201.000000
415.000000 337203.000000
415.000000 337205.000000
415.000000 337207.000000
415.000000 337209.000000
415.000000 337211.000000
415.000000 337213.000000
415.000000 337215.000000
416.000000 337217.000000
416.000000 337219.000000
416.000000 337221.000000
416.000000 337223.000000
416.000000 337225.000000
416.000000 337227.000000
417.000000 337229.000000
417.000000 337231.000000
417.000000 337233.000000
417.000000 337235.000000
417.000000 337237.000000
417.000000 337239.000000
417.000000 337241.000000
417.000000 337243.000000
418.000000 337245.000000
418.000000 337247.000000
418.000000 337249.000000
418.000000 337251.000000
418.000000 337253.000000
418.000000 337255.000000
419.000000 337257.000000
419.000000 337259.000000
419.000000 337261.000000
419.000000 337263.000000
419.000000 337265.000000
419.000000 337267.000000
419.000000 337269.000000
419.000000 337271.000000
420.000000 337273.000000
420.000000 337275.000000
420.000000 337277.000000
420.000000 337279.000000
420.000000 337281.000000
420.000000 337283.000000
421.000000 337285.000000
421.000000 337287.000000
421.000000 337289.000000
421.000000 337291.000000
421.000000 337293.000000
421.000000 337295.000000
421.000000 337297.000000
421.000000 337299.000000
422.000000 337301.000000
422.000000 337303.000000
422.000000 337305.000000
422.000000 337307.000000
422.000000 337309.000000
422.000000 337311.000000
423.000000 337313.000000
423.000000 337315.000000
423.000000 337317.000000
423.000000 337319.000000
423.000000 337321.000000
423.000000 337323.000000
423.000000 337325.000000
423.000000 337327.000000
424.000000 337329.000000
424.000000 337331.000000
424.000000 337333.000000
424.000000 337335.000000
424.000000 337337.000000
424.000000 337339.000000
425.000000 337341.000000
425.000000 337343.000000
425.000000 337345.000000
425.000000 337347.000000
425.000000 337349.000000
425.000000 337351.000000
425.000000 337353.000000
426.000000 337355.000000
426.000000 337357.000000
426.000000 337359.000000
426.000000 337361.000000
426.000000 337363.000000
426.000000 337365.000000
426.000000 337367.000000
427.000000 337369.000000
427.000000 337371.000000
427.000000 337373.000000
427.000000 337375.000000
427.000000 337377.000000
427.000000 337379.000000
427.000000 337381.000000
428.000000 337383.000000
428.000000 337385.000000
428.000000 337387.000000
