34602.000000  63
34604.000000  65
34606.000000  66
34608.000000  67
34610.000000  69
34612.000000  70
34614.000000  72
34616.000000  73
34618.000000  75
34620.000000  76
34622.000000  77
34624.000000  79
34626.000000  80
34628.000000  82
34630.000000  83
34632.000000  85
34634.000000  86
34636.000000  88
34638.000000  89
34640.000000  91
34642.000000  92
34644.000000  94
34646.000000  95
34648.000000  97
34650.000000  98
34652.000000  100
34654.000000  101
34656.000000  103
34658.000000  104
34660.000000  106
34662.000000  107
34664.000000  109
34666.000000  110
34668.000000  112
34670.000000  113
34672.000000  115
34674.000000  116
34676.000000  118
34678.000000  119
34680.000000  121
34682.000000  123
34684.000000  124
34686.000000  125
34688.000000  127
34690.000000  129
34692.000000  130
34694.000000  132
34696.000000  133
34698.000000  135
34700.000000  136
34702.000000  138
34704.000000  139
34706.000000  141
34708.000000  143
34710.000000  144
34712.000000  146
34714.000000  147
34716.000000  149
34718.000000  150
34720.000000  152
34722.000000  153
34724.000000  155
34726.000000  157
34728.000000  158
34730.000000  160
34732.000000  161
34734.000000  163
34736.000000  164
34738.000000  166
34740.000000  167
34742.000000  169
34744.000000  171
34746.000000  172
34748.000000  174
34750.000000  175
34752.000000  177
34754.000000  178
34756.000000  180
34758.000000  182
34760.000000  183
34762.000000  185
34764.000000  186
34766.000000  188
34768.000000  189
34770.000000  191
34772.000000  193
34774.000000  194
34776.000000  196
34778.000000  197
34780.000000  199
34782.000000  201
34784.000000  202
34786.000000  204
34788.000000  205
34790.000000  207
34792.000000  208
34794.000000  210
34796.000000  212
34798.000000  213
34800.000000  215
34802.000000  216
34804.000000  218
34806.000000  219
34808.000000  221
34810.000000  223
34812.000000  224
34814.000000  226
34816.000000  227
34818.000000  229
34820.000000  231
34822.000000  232
34824.000000  234
34826.000000  235
34828.000000  237
34830.000000  239
34832.000000  240
34834.000000  242
34836.000000  243
34838.000000  245
34840.000000  246
34842.000000  248
34844.000000  249
34846.000000  251
34848.000000  253
34850.000000  254
34852.000000  256
34854.000000  257
34856.000000  259
34858.000000  261
34860.000000  262
34862.000000  264
34864.000000  265
34866.000000  267
34868.000000  269
34870.000000  270
34872.000000  272
34874.000000  273
34876.000000  275
34878.000000  277
34880.000000  278
34882.000000  280
34884.000000  281
34886.000000  283
34888.000000  285
34890.000000  286
34892.000000  288
34894.000000  289
34896.000000  291
34898.000000  293
34900.000000  294
34902.000000  296
34904.000000  297
34906.000000  299
34908.000000  301
34910.000000  302
34912.000000  304
34914.000000  305
34916.000000  307
34918.000000  309
34920.000000  310
34922.000000  312
34924.000000  313
34926.000000  315
34928.000000  317
34930.000000  318
34932.000000  320
34934.000000  321
34936.000000  323
34938.000000  324
34940.000000  326
34942.000000  328
34944.000000  329
34946.000000  331
34948.000000  332
34950.000000  334
34952.000000  336
34954.000000  337
34956.000000  339
34958.000000  340
34960.000000  342
34962.000000  343
34964.000000  345
34966.000000  347
34968.000000  348
34970.000000  350
34972.000000  351
34974.000000  353
34976.000000  355
34978.000000  356
34980.000000  358
34982.000000  360
34984.000000  361
34986.000000  363
34988.000000  364
34990.000000  366
34992.000000  367
34994.000000  369
34996.000000  371
34998.000000  372
35000.000000  374
35002.000000  375
35004.000000  377
35006.000000  379
35008.000000  380
35010.000000  382
35012.000000  383
35014.000000  385
35016.000000  387
35018.000000  388
35020.000000  390
35022.000000  391
35024.000000  393
35026.000000  395
35028.000000  396
35030.000000  398
35032.000000  399
35034.000000  401
35036.000000  403
35038.000000  404
35040.000000  406
35042.000000  407
35044.000000  409
35046.000000  411
35048.000000  412
35050.000000  414
35052.000000  415
35054.000000  417
35056.000000  419
35058.000000  420
35060.000000  422
35062.000000  423
35064.000000  425
35066.000000  427
35068.000000  428
35070.000000  430
35072.000000  432
35074.000000  433
35076.000000  435
35078.000000  436
35080.000000  438
35082.000000  439
35084.000000  441
35086.000000  443
35088.000000  444
35090.000000  446
35092.000000  447
35094.000000  449
35096.000000  451
35098.000000  452
35100.000000  454
35102.000000  456
35104.000000  457
35106.000000  459
35108.000000  460
35110.000000  462
35112.000000  463
35114.000000  465
35116.000000  467
35118.000000  468
35120.000000  470
35122.000000  472
35124.000000  473
35126.000000  475
35128.000000  476
35130.000000  478
35132.000000  480
35134.000000  481
35136.000000  483
35138.000000  484
35140.000000  486
35142.000000  488
35144.000000  489
35146.000000  491
35148.000000  492
35150.000000  494
35152.000000  496
35154.000000  497
35156.000000  499
35158.000000  501
35160.000000  502
35162.000000  504
35164.000000  505
35166.000000  507
35168.000000  509
35170.000000  510
35172.000000  512
35174.000000  513
35176.000000  515
35178.000000  517
35180.000000  518
35182.000000  520
35184.000000  521
35186.000000  523
35188.000000  525
35190.000000  526
35192.000000  528
35194.000000  529
35196.000000  531
35198.000000  533
35200.000000  534
35202.000000  536
35204.000000  537
35206.000000  539
35208.000000  541
35210.000000  542
35212.000000  544
35214.000000  545
35216.000000  547
35218.000000  549
35220.000000  550
35222.000000  552
35224.000000  553
35226.000000  555
35228.000000  557
35230.000000  558
35232.000000  560
35234.000000  561
35236.000000  563
35238.000000  565
35240.000000  566
35242.000000  568
35244.000000  570
35246.000000  571
35248.000000  573
35250.000000  575
35252.000000  576
35254.000000  578
35256.000000  579
35258.000000  581
35260.000000  583
35262.000000  584
35264.000000  586
35266.000000  587
35268.000000  589
35270.000000  591
35272.000000  592
35274.000000  594
35276.000000  595
35278.000000  597
35280.000000  599
35282.000000  600
35284.000000  602
35286.000000  603
35288.000000  605
35290.000000  607
35292.000000  608
35294.000000  610
35296.000000  611
35298.000000  613
35300.000000  615
35302.000000  616
35304.000000  618
35306.000000  619
35308.000000  621
35310.000000  623
35312.000000  624
35314.000000  626
35316.000000  628
35318.000000  629
35320.000000  631
35322.000000  632
35324.000000  634
35326.000000  636
35328.000000  637
35330.000000  639
35332.000000  641
35334.000000  642
35336.000000  644
35338.000000  645
35340.000000  647
35342.000000  649
35344.000000  650
35346.000000  652
35348.000000  653
35350.000000  655
35352.000000  657
35354.000000  658
35356.000000  660
35358.000000  661
35360.000000  663
35362.000000  665
35364.000000  666
35366.000000  668
35368.000000  669
35370.000000  671
35372.000000  673
35374.000000  674
35376.000000  676
35378.000000  677
35380.000000  679
35382.000000  681
35384.000000  682
35386.000000  684
35388.000000  686
35390.000000  687
35392.000000  689
35394.000000  691
35396.000000  692
35398.000000  694
35400.000000  695
35402.000000  697
35404.000000  699
35406.000000  700
35408.000000  702
35410.000000  703
35412.000000  705
35414.000000  707
35416.000000  708
35418.000000  710
35420.000000  711
35422.000000  713
35424.000000  715
35426.000000  716
35428.000000  718
35430.000000  720
35432.000000  721
35434.000000  723
35436.000000  724
35438.000000  726
35440.000000  727
35442.000000  729
35444.000000  731
35446.000000  732
35448.000000  734
35450.000000  736
35452.000000  737
35454.000000  739
35456.000000  741
35458.000000  742
35460.000000  744
35462.000000  745
35464.000000  747
35466.000000  749
35468.000000  750
35470.000000  752
35472.000000  753
35474.000000  755
35476.000000  757
35478.000000  758
35480.000000  760
35482.000000  761
35484.000000  763
35486.000000  765
35488.000000  766
35490.000000  768
35492.000000  770
35494.000000  771
35496.000000  773
35498.000000  774
35500.000000  776
35502.000000  778
35504.000000  779
35506.000000  781
35508.000000  783
35510.000000  784
35512.000000  786
35514.000000  787
35516.000000  789
35518.000000  791
35520.000000  792
35522.000000  794
35524.000000  795
35526.000000  797
35528.000000  799
35530.000000  800
35532.000000  802
35534.000000  803
35536.000000  805
35538.000000  807
35540.000000  808
35542.000000  810
35544.000000  811
35546.000000  813
35548.000000  815
35550.000000  816
35552.000000  818
35554.000000  820
35556.000000  821
35558.000000  823
35560.000000  824
35562.000000  826
35564.000000  828
35566.000000  829
35568.000000  831
35570.000000  833
35572.000000  834
35574.000000  836
35576.000000  837
35578.000000  839
35580.000000  841
35582.000000  842
35584.000000  844
35586.000000  845
35588.000000  847
35590.000000  849
35592.000000  850
35594.000000  852
35596.000000  853
35598.000000  855
35600.000000  857
35602.000000  858
35604.000000  860
35606.000000  862
35608.000000  863
35610.000000  865
35612.000000  866
35614.000000  868
35616.000000  870
35618.000000  871
35620.000000  873
35622.000000  874
35624.000000  876
35626.000000  878
35628.000000  879
35630.000000  881
35632.000000  883
35634.000000  884
35636.000000  886
35638.000000  887
35640.000000  889
35642.000000  891
35644.000000  892
35646.000000  894
35648.000000  895
35650.000000  897
35652.000000  899
35654.000000  900
35656.000000  902
35658.000000  903
35660.000000  905
35662.000000  907
35664.000000  908
35666.000000  910
35668.000000  912
35670.000000  913
35672.000000  915
35674.000000  917
35676.000000  918
35678.000000  920
35680.000000  921
35682.000000  923
35684.000000  925
35686.000000  926
35688.000000  928
35690.000000  929
35692.000000  931
35694.000000  933
35696.000000  934
35698.000000  936
35700.000000  937
35702.000000  939
35704.000000  941
35706.000000  942
35708.000000  944
35710.000000  945
35712.000000  947
35714.000000  949
35716.000000  950
35718.000000  952
35720.000000  954
35722.000000  955
35724.000000  957
35726.000000  959
35728.000000  960
35730.000000  962
35732.000000  963
35734.000000  965
35736.000000  967
35738.000000  968
35740.000000  970
35742.000000  971
35744.000000  973
35746.000000  975
35748.000000  976
35750.000000  978
35752.000000  979
35754.000000  981
35756.000000  983
35758.000000  984
35760.000000  986
35762.000000  987
35764.000000  989
35766.000000  991
35768.000000  992
35770.000000  994
35772.000000  995
35774.000000  997
35776.000000  999
35778.000000  1000
35780.000000  1002
35782.000000  1004
35784.000000  1005
35786.000000  1007
35788.000000  1009
35790.000000  1010
35792.000000  1012
35794.000000  1013
35796.000000  1015
35798.000000  1017
35800.000000  1018
35802.000000  1020
35804.000000  1021
35806.000000  1023
35808.000000  1025
35810.000000  1026
35812.000000  1028
35814.000000  1030
35816.000000  1031
35818.000000  1033
35820.000000  1034
35822.000000  1036
35824.000000  1038
35826.000000  1039
35828.000000  1041
35830.000000  1042
35832.000000  1044
35834.000000  1046
35836.000000  1047
35838.000000  1049
35840.000000  1051
35842.000000  1052
35844.000000  1054
35846.000000  1055
35848.000000  1057
35850.000000  1059
35852.000000  1060
35854.000000  1062
35856.000000  1063
35858.000000  1065
35860.000000  1067
35862.000000  1068
35864.000000  1070
35866.000000  1072
35868.000000  1073
35870.000000  1075
35872.000000  1077
35874.000000  1078
35876.000000  1080
35878.000000  1081
35880.000000  1083
35882.000000  1085
35884.000000  1086
35886.000000  1088
35888.000000  1089
35890.000000  1091
35892.000000  1093
35894.000000  1094
35896.000000  1096
35898.000000  1097
35900.000000  1099
35902.000000  1101
35904.000000  1103
35906.000000  1104
35908.000000  1106
35910.000000  1107
35912.000000  1109
35914.000000  1111
35916.000000  1112
35918.000000  1114
35920.000000  1115
35922.000000  1117
35924.000000  1119
35926.000000  1120
35928.000000  1122
35930.000000  1123
35932.000000  1125
35934.000000  1127
35936.000000  1128
35938.000000  1130
35940.000000  1132
35942.000000  1133
35944.000000  1135
35946.000000  1136
35948.000000  1138
35950.000000  1140
35952.000000  1141
35954.000000  1143
35956.000000  1145
35958.000000  1146
35960.000000  1148
35962.000000  1149
35964.000000  1151
35966.000000  1153
35968.000000  1154
35970.000000  1156
35972.000000  1157
35974.000000  1159
35976.000000  1161
35978.000000  1162
35980.000000  1164
35982.000000  1166
35984.000000  1167
35986.000000  1169
35988.000000  1171
35990.000000  1172
35992.000000  1174
35994.000000  1175
35996.000000  1177
35998.000000  1179
36000.000000  1180
36002.000000  1182
36004.000000  1183
36006.000000  1185
36008.000000  1187
36010.000000  1188
36012.000000  1190
36014.000000  1192
36016.000000  1193
36018.000000  1195
36020.000000  1197
36022.000000  1198
36024.000000  1200
36026.000000  1201
36028.000000  1203
36030.000000  1205
36032.000000  1206
36034.000000  1208
36036.000000  1209
36038.000000  1211
36040.000000  1213
36042.000000  1214
36044.000000  1216
36046.000000  1218
36048.000000  1219
36050.000000  1221
36052.000000  1223
36054.000000  1224
36056.000000  1226
36058.000000  1227
36060.000000  1229
36062.000000  1231
36064.000000  1232
36066.000000  1234
36068.000000  1235
36070.000000  1237
36072.000000  1239
36074.000000  1240
36076.000000  1242
36078.000000  1244
36080.000000  1245
36082.000000  1247
36084.000000  1248
36086.000000  1250
36088.000000  1252
36090.000000  1253
36092.000000  1255
36094.000000  1257
36096.000000  1258
36098.000000  1260
36100.000000  1261
36102.000000  1263
36104.000000  1265
36106.000000  1266
36108.000000  1268
36110.000000  1269
36112.000000  1271
36114.000000  1273
36116.000000  1274
36118.000000  1276
36120.000000  1277
36122.000000  1279
36124.000000  1281
36126.000000  1282
36128.000000  1284
36130.000000  1286
36132.000000  1287
36134.000000  1289
36136.000000  1291
36138.000000  1292
36140.000000  1294
36142.000000  1295
36144.000000  1297
36146.000000  1299
36148.000000  1300
36150.000000  1302
36152.000000  1303
36154.000000  1305
36156.000000  1307
36158.000000  1308
36160.000000  1310
36162.000000  1312
36164.000000  1313
36166.000000  1315
36168.000000  1317
36170.000000  1318
36172.000000  1320
36174.000000  1321
36176.000000  1323
36178.000000  1325
36180.000000  1326
36182.000000  1328
36184.000000  1329
36186.000000  1331
36188.000000  1333
36190.000000  1334
36192.000000  1336
36194.000000  1337
36196.000000  1339
36198.000000  1341
36200.000000  1342
36202.000000  1344
36204.000000  1346
36206.000000  1347
36208.000000  1349
36210.000000  1351
36212.000000  1352
36214.000000  1354
36216.000000  1355
36218.000000  1357
36220.000000  1359
36222.000000  1360
36224.000000  1362
36226.000000  1363
36228.000000  1365
36230.000000  1367
36232.000000  1368
36234.000000  1370
36236.000000  1372
36238.000000  1373
36240.000000  1375
36242.000000  1376
36244.000000  1378
36246.000000  1380
36248.000000  1381
36250.000000  1383
36252.000000  1385
36254.000000  1386
36256.000000  1388
36258.000000  1389
36260.000000  1391
36262.000000  1393
36264.000000  1394
36266.000000  1396
36268.000000  1397
36270.000000  1399
36272.000000  1401
36274.000000  1402
36276.000000  1404
36278.000000  1405
36280.000000  1407
36282.000000  1409
36284.000000  1411
36286.000000  1412
36288.000000  1414
36290.000000  1415
36292.000000  1417
36294.000000  1419
36296.000000  1420
36298.000000  1422
36300.000000  1423
36302.000000  1425
36304.000000  1427
36306.000000  1428
36308.000000  1430
36310.000000  1431
36312.000000  1433
36314.000000  1435
36316.000000  1436
36318.000000  1438
36320.000000  1440
36322.000000  1441
36324.000000  1443
36326.000000  1445
36328.000000  1446
36330.000000  1448
36332.000000  1449
36334.000000  1451
36336.000000  1453
36338.000000  1454
36340.000000  1456
36342.000000  1457
36344.000000  1459
36346.000000  1461
36348.000000  1462
36350.000000  1464
36352.000000  1465
36354.000000  1467
36356.000000  1469
36358.000000  1470
36360.000000  1472
36362.000000  1474
36364.000000  1475
36366.000000  1477
36368.000000  1479
36370.000000  1480
36372.000000  1482
36374.000000  1483
36376.000000  1485
36378.000000  1487
36380.000000  1488
36382.000000  1490
36384.000000  1491
36386.000000  1493
36388.000000  1495
36390.000000  1496
36392.000000  1498
36394.000000  1499
36396.000000  1501
36398.000000  1503
36400.000000  1505
36402.000000  1506
36404.000000  1508
36406.000000  1509
36408.000000  1511
36410.000000  1513
36412.000000  1514
36414.000000  1516
36416.000000  1517
36418.000000  1519
36420.000000  1521
36422.000000  1522
36424.000000  1524
36426.000000  1525
36428.000000  1527
36430.000000  1529
36432.000000  1530
36434.000000  1532
36436.000000  1534
36438.000000  1535
36440.000000  1537
36442.000000  1539
36444.000000  1540
36446.000000  1542
36448.000000  1543
36450.000000  1545
36452.000000  1547
36454.000000  1548
36456.000000  1550
36458.000000  1551
36460.000000  1553
36462.000000  1555
36464.000000  1556
36466.000000  1558
36468.000000  1560
36470.000000  1561
36472.000000  1563
36474.000000  1565
36476.000000  1566
36478.000000  1568
36480.000000  1569
36482.000000  1571
36484.000000  1573
36486.000000  1574
36488.000000  1576
36490.000000  1577
36492.000000  1579
36494.000000  1581
36496.000000  1582
36498.000000  1584
36500.000000  1586
36502.000000  1587
36504.000000  1589
36506.000000  1591
36508.000000  1592
36510.000000  1594
36512.000000  1595
36514.000000  1597
36516.000000  1599
36518.000000  1600
36520.000000  1602
36522.000000  1603
36524.000000  1605
36526.000000  1607
36528.000000  1608
36530.000000  1610
36532.000000  1612
36534.000000  1613
36536.000000  1615
36538.000000  1616
36540.000000  1618
36542.000000  1620
36544.000000  1621
36546.000000  1623
36548.000000  1625
36550.000000  1626
36552.000000  1628
36554.000000  1629
36556.000000  1631
36558.000000  1633
36560.000000  1634
36562.000000  1636
36564.000000  1638
36566.000000  1639
36568.000000  1641
36570.000000  1642
36572.000000  1644
36574.000000  1646
36576.000000  1647
36578.000000  1649
36580.000000  1651
36582.000000  1652
36584.000000  1654
36586.000000  1655
36588.000000  1657
36590.000000  1659
36592.000000  1660
36594.000000  1662
36596.000000  1664
36598.000000  1665
36600.000000  1667
