13321.000000  1013
13321.000000  1013
13321.000000  1013
16503.000000  1058
16505.000000  1058
16507.000000  1058
16509.000000  1058
16511.000000  1058
16513.000000  1059
16515.000000  1059
16517.000000  1059
16519.000000  1059
16521.000000  1060
16523.000000  1060
16525.000000  1060
16527.000000  1061
16529.000000  1061
16531.000000  1061
16533.000000  1061
16535.000000  1062
16537.000000  1062
16539.000000  1063
16541.000000  1063
16543.000000  1063
16545.000000  1064
16547.000000  1064
16549.000000  1065
16551.000000  1065
16553.000000  1065
16555.000000  1066
16557.000000  1066
16559.000000  1067
16561.000000  1067
16563.000000  1067
16565.000000  1068
16567.000000  1069
16569.000000  1069
16571.000000  1069
16573.000000  1070
16575.000000  1070
16577.000000  1071
16579.000000  1071
16581.000000  1072
16583.000000  1073
16585.000000  1073
16587.000000  1074
16589.000000  1074
16591.000000  1075
16593.000000  1075
16595.000000  1076
16597.000000  1076
16599.000000  1077
16601.000000  1077
16603.000000  1078
16605.000000  1079
16607.000000  1079
16609.000000  1080
16611.000000  1080
16613.000000  1081
16615.000000  1081
16617.000000  1082
16619.000000  1083
16621.000000  1083
16623.000000  1084
16625.000000  1085
16627.000000  1085
16629.000000  1086
16631.000000  1087
16633.000000  1087
16635.000000  1088
16637.000000  1088
16639.000000  1089
16641.000000  1090
16643.000000  1090
16645.000000  1091
16647.000000  1091
16649.000000  1092
16651.000000  1093
16653.000000  1093
16655.000000  1094
16657.000000  1095
16659.000000  1095
16661.000000  1096
16663.000000  1097
16665.000000  1097
16667.000000  1098
16669.000000  1099
16671.000000  1099
16673.000000  1100
16675.000000  1101
16677.000000  1101
16679.000000  1102
16681.000000  1103
16683.000000  1103
16685.000000  1104
16687.000000  1105
16689.000000  1105
16691.000000  1106
16693.000000  1107
16695.000000  1107
16697.000000  1108
16699.000000  1109
16701.000000  1109
16703.000000  1110
16705.000000  1111
16707.000000  1111
16709.000000  1112
16711.000000  1113
16713.000000  1113
16715.000000  1114
16717.000000  1115
16719.000000  1115
16721.000000  1116
16723.000000  1117
16725.000000  1117
16727.000000  1118
16729.000000  1119
16731.000000  1119
16733.000000  1120
16733.000000  1120
0.000000  0
0.000000  0
0.000000  0
16741.000000  1123
16743.000000  1123
16745.000000  1124
16747.000000  1125
16749.000000  1126
16751.000000  1126
16753.000000  1127
16755.000000  1128
16757.000000  1128
16759.000000  1129
16761.000000  1130
16763.000000  1130
16765.000000  1131
16767.000000  1132
16769.000000  1133
16771.000000  1133
16773.000000  1134
16775.000000  1135
16777.000000  1135
16779.000000  1136
16781.000000  1137
16783.000000  1137
16785.000000  1138
16787.000000  1139
16789.000000  1139
16791.000000  1140
16793.000000  1141
16795.000000  1141
16797.000000  1142
16799.000000  1143
16801.000000  1144
16803.000000  1144
16805.000000  1145
16807.000000  1146
16809.000000  1146
16811.000000  1147
16813.000000  1148
16815.000000  1148
16817.000000  1149
16819.000000  1150
16821.000000  1151
16823.000000  1151
16825.000000  1152
16827.000000  1153
16829.000000  1153
16831.000000  1154
16833.000000  1155
16835.000000  1155
16837.000000  1156
16839.000000  1157
16841.000000  1157
16843.000000  1158
16845.000000  1159
16847.000000  1160
16849.000000  1160
16851.000000  1161
16853.000000  1162
16855.000000  1162
16857.000000  1163
16859.000000  1164
16861.000000  1165
16863.000000  1165
16865.000000  1166
16867.000000  1167
16869.000000  1167
16871.000000  1168
16873.000000  1169
16875.000000  1169
16877.000000  1170
16879.000000  1171
16881.000000  1171
16883.000000  1172
16885.000000  1173
16887.000000  1173
16889.000000  1174
16891.000000  1175
16893.000000  1176
16895.000000  1176
16897.000000  1177
16899.000000  1178
16901.000000  1178
16903.000000  1179
16905.000000  1180
16907.000000  1181
16909.000000  1181
16911.000000  1182
16913.000000  1183
16915.000000  1183
16917.000000  1184
16919.000000  1185
16921.000000  1185
16923.000000  1186
16925.000000  1187
16927.000000  1187
16929.000000  1188
16931.000000  1189
16933.000000  1190
16935.000000  1190
16937.000000  1191
16939.000000  1192
16941.000000  1192
16943.000000  1193
16945.000000  1194
16947.000000  1195
16949.000000  1195
16951.000000  1196
16953.000000  1197
16955.000000  1197
16957.000000  1198
16959.000000  1199
16961.000000  1199
16963.000000  1200
16965.000000  1201
16967.000000  1201
16969.000000  1202
16971.000000  1203
16973.000000  1203
16975.000000  1204
16977.000000  1205
16979.000000  1206
16981.000000  1206
16983.000000  1207
16985.000000  1208
16987.000000  1208
16989.000000  1209
16991.000000  1210
16993.000000  1211
16995.000000  1211
16997.000000  1212
16999.000000  1213
17001.000000  1213
17003.000000  1214
17005.000000  1215
17007.000000  1215
17009.000000  1216
17011.000000  1217
17013.000000  1217
17015.000000  1218
17017.000000  1219
17019.000000  1219
17021.000000  1220
17023.000000  1221
17025.000000  1222
17027.000000  1222
17029.000000  1223
17031.000000  1224
17033.000000  1224
17035.000000  1225
17037.000000  1226
17039.000000  1227
17041.000000  1227
17043.000000  1228
17045.000000  1229
17047.000000  1229
17049.000000  1230
17051.000000  1231
17053.000000  1231
17055.000000  1232
17057.000000  1233
17059.000000  1233
17061.000000  1234
17063.000000  1235
17065.000000  1236
17067.000000  1236
17069.000000  1237
17071.000000  1238
17073.000000  1238
17075.000000  1239
17077.000000  1240
17079.000000  1241
17081.000000  1241
17083.000000  1242
17085.000000  1243
17087.000000  1243
17089.000000  1244
17091.000000  1245
17093.000000  1245
17095.000000  1246
17097.000000  1247
17099.000000  1247
17101.000000  1248
17103.000000  1249
17105.000000  1249
17107.000000  1250
17109.000000  1251
17111.000000  1252
17113.000000  1252
17115.000000  1253
17117.000000  1254
17119.000000  1254
17121.000000  1255
17123.000000  1256
17125.000000  1257
17127.000000  1257
17129.000000  1258
17131.000000  1259
17133.000000  1259
17135.000000  1260
17137.000000  1261
17139.000000  1261
17141.000000  1262
17143.000000  1263
17145.000000  1263
17147.000000  1264
17149.000000  1265
17151.000000  1266
17153.000000  1266
17155.000000  1267
17157.000000  1268
17159.000000  1268
17161.000000  1269
17163.000000  1270
17165.000000  1270
17167.000000  1271
17169.000000  1272
17171.000000  1273
17173.000000  1273
17175.000000  1274
17177.000000  1275
17179.000000  1275
17181.000000  1276
17183.000000  1277
17185.000000  1277
17187.000000  1278
17189.000000  1279
17191.000000  1279
17193.000000  1280
17195.000000  1281
17197.000000  1281
17199.000000  1282
17201.000000  1283
17203.000000  1284
17205.000000  1284
17207.000000  1285
17209.000000  1286
17211.000000  1287
17213.000000  1287
17215.000000  1288
17217.000000  1289
17219.000000  1289
17221.000000  1290
17223.000000  1291
17225.000000  1291
17227.000000  1292
17229.000000  1293
17231.000000  1293
17233.000000  1294
17235.000000  1295
17237.000000  1295
17239.000000  1296
17241.000000  1297
17243.000000  1297
17245.000000  1298
17247.000000  1299
17249.000000  1300
17251.000000  1300
17253.000000  1301
17255.000000  1302
17257.000000  1302
17259.000000  1303
17261.000000  1304
17263.000000  1305
17265.000000  1305
17267.000000  1306
17269.000000  1307
17271.000000  1307
17273.000000  1308
17275.000000  1309
17277.000000  1309
17279.000000  1310
17281.000000  1311
17283.000000  1311
17285.000000  1312
17287.000000  1313
17289.000000  1314
17291.000000  1314
17293.000000  1315
17295.000000  1316
17297.000000  1316
17299.000000  1317
17301.000000  1318
17303.000000  1318
17305.000000  1319
17307.000000  1320
17309.000000  1321
17311.000000  1321
17313.000000  1322
17315.000000  1323
17317.000000  1323
17319.000000  1324
17321.000000  1325
17323.000000  1325
17325.000000  1326
17327.000000  1327
17329.000000  1327
17331.000000  1328
17333.000000  1329
17335.000000  1330
17337.000000  1330
17339.000000  1331
17341.000000  1332
17343.000000  1333
17345.000000  1333
17347.000000  1334
17349.000000  1335
17351.000000  1335
17353.000000  1336
17355.000000  1337
17357.000000  1337
17359.000000  1338
17361.000000  1339
17363.000000  1339
17365.000000  1340
17367.000000  1341
17369.000000  1341
17371.000000  1342
17373.000000  1343
17375.000000  1344
17377.000000  1344
17379.000000  1345
17381.000000  1346
17383.000000  1346
17385.000000  1347
17387.000000  1348
17389.000000  1349
17391.000000  1349
17393.000000  1350
17395.000000  1351
17397.000000  1351
17399.000000  1352
17401.000000  1353
17403.000000  1353
17405.000000  1354
17407.000000  1355
17409.000000  1356
17411.000000  1356
17413.000000  1357
17415.000000  1358
17417.000000  1358
17419.000000  1359
17421.000000  1360
17423.000000  1361
17425.000000  1361
17427.000000  1362
17429.000000  1363
17431.000000  1363
17433.000000  1364
17435.000000  1365
17437.000000  1365
17439.000000  1366
17441.000000  1367
17443.000000  1367
17445.000000  1368
17447.000000  1369
17449.000000  1369
17451.000000  1370
17453.000000  1371
17455.000000  1371
17457.000000  1372
17459.000000  1373
17461.000000  1374
17463.000000  1374
17465.000000  1375
17465.000000  1375
0.000000  0
0.000000  0
0.000000  0
0.000000  0
0.000000  0
0.000000  0
0.000000  0
0.000000  0
0.000000  0
0.000000  0
0.000000  0
0.000000  0
0.000000  0
0.000000  0
17495.000000  1385
17497.000000  1386
17499.000000  1387
17501.000000  1388
17503.000000  1388
17505.000000  1389
17507.000000  1390
17509.000000  1390
17511.000000  1391
17513.000000  1392
17515.000000  1392
17517.000000  1393
17519.000000  1394
17521.000000  1395
17523.000000  1395
17525.000000  1396
17527.000000  1397
17529.000000  1397
17531.000000  1398
17533.000000  1399
17535.000000  1399
17537.000000  1400
17539.000000  1401
17541.000000  1401
17543.000000  1402
17545.000000  1403
17547.000000  1404
17549.000000  1404
17551.000000  1405
17553.000000  1406
17555.000000  1407
17557.000000  1407
17559.000000  1408
17561.000000  1409
17563.000000  1409
17565.000000  1410
17567.000000  1411
17569.000000  1411
17571.000000  1412
17573.000000  1413
17575.000000  1413
17577.000000  1414
17579.000000  1415
17581.000000  1415
17583.000000  1416
17585.000000  1417
17587.000000  1418
17589.000000  1418
17591.000000  1419
17593.000000  1420
17595.000000  1420
17597.000000  1421
17599.000000  1422
17601.000000  1423
17603.000000  1423
17605.000000  1424
17607.000000  1425
17609.000000  1425
17611.000000  1426
17613.000000  1427
17615.000000  1427
17617.000000  1428
17619.000000  1429
17621.000000  1429
17623.000000  1430
17625.000000  1431
17627.000000  1432
17629.000000  1432
17631.000000  1433
17633.000000  1434
17635.000000  1434
17637.000000  1435
17639.000000  1436
17641.000000  1437
17643.000000  1437
17645.000000  1438
17647.000000  1439
17649.000000  1439
17651.000000  1440
17653.000000  1441
17655.000000  1441
17657.000000  1442
17659.000000  1443
17661.000000  1443
17663.000000  1444
17665.000000  1445
17667.000000  1446
17669.000000  1446
17671.000000  1447
17673.000000  1448
17675.000000  1448
17677.000000  1449
17679.000000  1450
17681.000000  1451
17683.000000  1451
17685.000000  1452
17687.000000  1453
17689.000000  1453
17691.000000  1454
17693.000000  1455
17695.000000  1455
17697.000000  1456
17699.000000  1457
17701.000000  1457
17703.000000  1458
17705.000000  1459
17707.000000  1459
17709.000000  1460
17711.000000  1461
17713.000000  1462
17715.000000  1462
17717.000000  1463
17719.000000  1464
17721.000000  1464
17723.000000  1465
17725.000000  1466
17727.000000  1467
17729.000000  1467
17731.000000  1468
17733.000000  1469
17735.000000  1469
17737.000000  1470
17739.000000  1471
17741.000000  1471
17743.000000  1472
17745.000000  1473
17747.000000  1473
17749.000000  1474
17751.000000  1475
17753.000000  1476
17755.000000  1476
17757.000000  1477
17759.000000  1478
17761.000000  1478
17763.000000  1479
17765.000000  1480
17767.000000  1481
17769.000000  1481
17771.000000  1482
17773.000000  1483
17775.000000  1483
17777.000000  1484
17779.000000  1485
17781.000000  1485
17783.000000  1486
17785.000000  1487
17787.000000  1487
17789.000000  1488
17791.000000  1489
17793.000000  1489
17795.000000  1490
17797.000000  1491
17799.000000  1491
17801.000000  1492
17803.000000  1493
17805.000000  1494
17807.000000  1494
17809.000000  1495
17811.000000  1496
17813.000000  1497
17815.000000  1497
17817.000000  1498
17819.000000  1499
17821.000000  1499
17823.000000  1500
17825.000000  1501
17827.000000  1501
17829.000000  1502
17831.000000  1503
17833.000000  1503
17835.000000  1504
17837.000000  1505
17839.000000  1506
17841.000000  1506
17843.000000  1507
17845.000000  1508
17847.000000  1508
17849.000000  1509
17851.000000  1510
17853.000000  1510
17855.000000  1511
17857.000000  1512
17859.000000  1513
17861.000000  1513
17863.000000  1514
17865.000000  1515
17867.000000  1515
17869.000000  1516
17871.000000  1517
17873.000000  1517
17875.000000  1518
17877.000000  1519
17879.000000  1519
17881.000000  1520
17883.000000  1521
17885.000000  1522
17887.000000  1522
17889.000000  1523
17891.000000  1524
17893.000000  1525
17895.000000  1525
17897.000000  1526
17899.000000  1527
17901.000000  1527
17903.000000  1528
17905.000000  1529
17907.000000  1529
17909.000000  1530
17911.000000  1531
17913.000000  1531
17915.000000  1532
17917.000000  1533
17919.000000  1533
17921.000000  1534
17923.000000  1535
17925.000000  1536
17927.000000  1536
17929.000000  1537
17931.000000  1538
17933.000000  1538
17935.000000  1539
17937.000000  1540
17939.000000  1541
17941.000000  1541
17943.000000  1542
17945.000000  1543
17947.000000  1543
17949.000000  1544
17951.000000  1545
17953.000000  1545
17955.000000  1546
17957.000000  1547
17959.000000  1547
17961.000000  1548
17963.000000  1549
17965.000000  1550
17967.000000  1550
17969.000000  1551
17971.000000  1552
17973.000000  1552
17975.000000  1553
17977.000000  1554
17979.000000  1555
17981.000000  1555
17983.000000  1556
17985.000000  1557
17987.000000  1557
17989.000000  1558
17991.000000  1559
17993.000000  1559
17995.000000  1560
17997.000000  1561
17999.000000  1561
18001.000000  1562
18003.000000  1563
18005.000000  1563
18007.000000  1564
18009.000000  1565
18011.000000  1566
18013.000000  1566
18015.000000  1567
18017.000000  1568
18019.000000  1568
18021.000000  1569
18023.000000  1570
18025.000000  1571
18027.000000  1571
18029.000000  1572
18031.000000  1573
18033.000000  1573
18035.000000  1574
18037.000000  1575
18039.000000  1575
18041.000000  1576
18043.000000  1577
18045.000000  1577
18047.000000  1578
18049.000000  1579
18051.000000  1579
18053.000000  1580
18055.000000  1581
18057.000000  1582
18059.000000  1582
18061.000000  1583
18063.000000  1584
18065.000000  1584
18067.000000  1585
18069.000000  1586
18071.000000  1587
18073.000000  1587
18075.000000  1588
18077.000000  1589
18079.000000  1589
18081.000000  1590
18083.000000  1591
18085.000000  1591
18087.000000  1592
18089.000000  1593
18091.000000  1593
18093.000000  1594
18095.000000  1595
18097.000000  1596
18099.000000  1596
18101.000000  1597
18103.000000  1598
18105.000000  1598
18107.000000  1599
18109.000000  1600
18111.000000  1601
18113.000000  1601
18115.000000  1602
18117.000000  1603
18119.000000  1603
18121.000000  1604
18123.000000  1605
18125.000000  1605
18127.000000  1606
18129.000000  1607
18131.000000  1607
18133.000000  1608
18135.000000  1609
18137.000000  1609
18139.000000  1610
18141.000000  1611
18143.000000  1612
18145.000000  1612
18147.000000  1613
18149.000000  1614
18151.000000  1614
18153.000000  1615
18155.000000  1616
18157.000000  1617
18159.000000  1617
18161.000000  1618
18163.000000  1619
18165.000000  1619
18167.000000  1620
18169.000000  1621
18171.000000  1621
18173.000000  1622
18175.000000  1623
18177.000000  1623
18179.000000  1624
18181.000000  1625
18183.000000  1626
18185.000000  1626
18187.000000  1627
18189.000000  1628
18191.000000  1628
18193.000000  1629
18195.000000  1630
18197.000000  1631
18199.000000  1631
18201.000000  1632
18203.000000  1633
18205.000000  1633
18207.000000  1634
18209.000000  1635
18211.000000  1635
18213.000000  1636
18215.000000  1637
18217.000000  1637
18219.000000  1638
18221.000000  1639
18223.000000  1639
18225.000000  1640
18227.000000  1641
18229.000000  1642
18231.000000  1642
18233.000000  1643
18235.000000  1644
18237.000000  1645
18239.000000  1645
18241.000000  1646
18243.000000  1647
18245.000000  1647
18247.000000  1648
18249.000000  1649
18251.000000  1649
18253.000000  1650
18255.000000  1651
18257.000000  1651
18259.000000  1652
18261.000000  1653
18263.000000  1653
18265.000000  1654
18267.000000  1655
18269.000000  1655
18271.000000  1656
18273.000000  1657
18275.000000  1658
18277.000000  1658
18279.000000  1659
18281.000000  1660
18283.000000  1660
18285.000000  1661
18287.000000  1662
18289.000000  1663
18291.000000  1663
18293.000000  1664
18295.000000  1665
18297.000000  1665
18299.000000  1666
18301.000000  1667
18303.000000  1667
18305.000000  1668
18307.000000  1669
18309.000000  1669
18311.000000  1670
18313.000000  1671
18315.000000  1672
18317.000000  1672
18319.000000  1673
18321.000000  1674
18323.000000  1674
18325.000000  1675
18327.000000  1676
18329.000000  1676
18331.000000  1677
18333.000000  1678
18335.000000  1679
18337.000000  1679
18339.000000  1680
18341.000000  1681
18343.000000  1681
18345.000000  1682
18347.000000  1683
18349.000000  1683
18351.000000  1684
18353.000000  1685
18355.000000  1685
18357.000000  1686
18359.000000  1687
18361.000000  1688
18363.000000  1688
18365.000000  1689
18367.000000  1690
18369.000000  1690
18371.000000  1691
18373.000000  1692
18375.000000  1693
18377.000000  1693
18379.000000  1694
18381.000000  1695
18383.000000  1695
18385.000000  1696
18387.000000  1697
18389.000000  1697
18391.000000  1698
18393.000000  1699
18395.000000  1699
18397.000000  1700
18399.000000  1701
18401.000000  1701
18403.000000  1702
18405.000000  1703
18407.000000  1704
18409.000000  1704
18411.000000  1705
18413.000000  1706
18415.000000  1707
18417.000000  1707
18419.000000  1708
18421.000000  1709
18423.000000  1709
18425.000000  1710
18427.000000  1711
18429.000000  1711
18431.000000  1712
18433.000000  1713
18435.000000  1713
18437.000000  1714
18439.000000  1715
18441.000000  1716
18443.000000  1716
18445.000000  1717
18447.000000  1718
18449.000000  1718
18451.000000  1719
18453.000000  1720
18455.000000  1721
18457.000000  1721
18459.000000  1722
18461.000000  1723
18463.000000  1723
18465.000000  1724
18467.000000  1725
18469.000000  1725
18471.000000  1726
18473.000000  1727
18475.000000  1727
18477.000000  1728
18479.000000  1729
18481.000000  1729
18483.000000  1730
18485.000000  1731
18487.000000  1732
18489.000000  1732
18491.000000  1733
