8027.000000  479
11323.000000  517
11325.000000  517
11327.000000  517
11329.000000  518
11331.000000  518
11333.000000  518
11335.000000  518
11337.000000  518
11339.000000  519
11341.000000  519
11343.000000  519
11345.000000  519
11347.000000  520
11349.000000  520
11351.000000  520
11353.000000  521
11355.000000  521
11357.000000  521
11359.000000  521
11361.000000  522
11363.000000  522
11365.000000  522
11367.000000  523
11369.000000  523
11371.000000  523
11373.000000  524
11375.000000  524
11377.000000  524
11379.000000  525
11381.000000  525
11383.000000  525
11385.000000  526
11387.000000  526
11389.000000  527
11391.000000  527
11393.000000  527
11395.000000  528
11397.000000  528
11399.000000  529
11401.000000  529
11403.000000  529
11405.000000  530
11407.000000  530
11409.000000  531
11411.000000  531
11413.000000  532
11415.000000  532
11417.000000  533
11419.000000  533
11421.000000  533
11423.000000  534
11425.000000  534
11427.000000  535
11429.000000  535
11431.000000  536
11433.000000  536
11433.000000  536
0.000000  0
0.000000  0
0.000000  0
0.000000  0
0.000000  0
0.000000  0
0.000000  0
0.000000  0
11451.000000  540
11453.000000  541
11455.000000  541
11457.000000  542
11459.000000  542
11461.000000  543
11463.000000  543
11465.000000  543
11467.000000  544
11469.000000  545
11471.000000  545
11473.000000  545
11475.000000  546
11477.000000  546
11479.000000  547
11481.000000  547
11483.000000  548
11485.000000  548
11487.000000  549
11489.000000  549
11491.000000  550
11493.000000  550
11495.000000  551
11497.000000  551
11499.000000  552
11501.000000  552
11503.000000  553
11505.000000  553
11507.000000  553
11509.000000  554
11511.000000  555
11513.000000  555
11515.000000  555
11517.000000  556
11519.000000  557
11521.000000  557
11523.000000  557
11525.000000  558
11527.000000  559
11529.000000  559
11531.000000  559
11533.000000  560
11535.000000  561
11537.000000  561
11539.000000  561
11541.000000  562
11543.000000  563
11545.000000  563
11547.000000  563
11549.000000  564
11551.000000  565
11553.000000  565
11555.000000  565
11557.000000  566
11559.000000  567
11561.000000  567
11563.000000  567
11565.000000  568
11567.000000  569
11569.000000  569
11571.000000  569
11573.000000  570
11575.000000  571
11577.000000  571
11579.000000  571
11581.000000  572
11583.000000  573
11585.000000  573
11587.000000  573
11589.000000  574
11591.000000  575
11593.000000  575
11595.000000  575
11597.000000  576
11599.000000  577
11601.000000  577
11603.000000  577
11605.000000  578
11607.000000  579
11609.000000  579
11611.000000  579
11613.000000  580
11615.000000  581
11617.000000  581
11619.000000  581
11621.000000  582
11623.000000  583
11625.000000  583
11627.000000  583
11629.000000  584
11631.000000  585
11633.000000  585
11635.000000  585
11637.000000  586
11639.000000  587
11641.000000  587
11643.000000  588
11645.000000  588
11647.000000  589
11649.000000  589
11651.000000  590
11653.000000  590
11655.000000  591
11657.000000  591
11659.000000  592
11661.000000  592
11663.000000  593
11665.000000  593
11667.000000  594
11669.000000  594
11671.000000  595
11673.000000  595
11675.000000  596
11677.000000  596
11679.000000  597
11681.000000  597
11683.000000  598
11685.000000  598
11687.000000  599
11689.000000  599
11691.000000  600
11693.000000  600
11695.000000  601
11697.000000  601
11699.000000  602
11701.000000  602
11703.000000  603
11705.000000  603
11707.000000  604
11709.000000  604
11711.000000  605
11713.000000  605
11715.000000  606
11717.000000  606
11719.000000  607
11721.000000  607
11723.000000  608
11725.000000  608
11727.000000  609
11729.000000  609
11731.000000  610
11733.000000  610
11735.000000  611
11737.000000  611
11739.000000  612
11741.000000  613
11743.000000  613
11745.000000  613
11747.000000  614
11749.000000  615
11751.000000  615
11753.000000  615
11755.000000  616
11757.000000  617
11759.000000  617
11761.000000  618
11763.000000  618
11765.000000  619
11767.000000  619
11769.000000  619
11771.000000  620
11773.000000  621
11775.000000  621
11777.000000  622
11779.000000  622
11781.000000  623
11783.000000  623
11785.000000  624
11787.000000  624
11789.000000  625
11791.000000  625
11793.000000  626
11795.000000  626
11797.000000  627
11799.000000  627
11801.000000  628
11803.000000  628
11805.000000  629
11807.000000  629
11809.000000  630
11811.000000  630
11813.000000  631
11815.000000  631
11817.000000  632
11819.000000  632
11821.000000  633
11823.000000  633
11825.000000  634
11827.000000  634
11829.000000  635
11831.000000  635
11833.000000  636
11835.000000  636
11837.000000  637
11839.000000  637
11841.000000  638
11843.000000  639
11845.000000  639
11847.000000  639
11849.000000  640
11851.000000  641
11853.000000  641
11855.000000  641
11857.000000  642
11859.000000  643
11861.000000  643
11863.000000  643
11865.000000  644
11867.000000  645
11869.000000  645
11871.000000  645
11873.000000  646
11875.000000  647
11877.000000  647
11879.000000  647
11881.000000  648
11883.000000  649
11885.000000  649
11887.000000  649
11889.000000  650
11891.000000  651
11893.000000  651
11895.000000  652
11897.000000  652
11899.000000  653
11901.000000  653
11903.000000  654
11905.000000  654
11907.000000  655
11909.000000  655
11911.000000  656
11913.000000  656
11915.000000  657
11917.000000  657
11919.000000  658
11921.000000  658
11923.000000  659
11925.000000  659
11927.000000  660
11929.000000  660
11931.000000  661
11933.000000  661
11935.000000  662
11937.000000  662
11939.000000  663
11941.000000  663
11943.000000  664
11945.000000  664
11947.000000  665
11949.000000  665
11951.000000  666
11953.000000  666
11955.000000  667
11957.000000  667
11959.000000  668
11961.000000  668
11963.000000  669
11965.000000  669
11967.000000  670
11969.000000  670
11971.000000  671
11973.000000  671
11975.000000  672
11977.000000  672
11979.000000  673
11981.000000  673
11983.000000  674
11985.000000  674
11987.000000  675
11989.000000  675
11991.000000  676
11993.000000  676
11995.000000  677
11997.000000  677
11999.000000  678
12001.000000  678
12003.000000  679
12005.000000  679
12007.000000  680
12009.000000  680
12011.000000  681
12013.000000  681
12015.000000  682
12017.000000  683
12019.000000  683
12021.000000  683
12023.000000  684
12025.000000  685
12027.000000  685
12029.000000  685
12031.000000  686
12033.000000  687
12035.000000  687
12037.000000  688
12039.000000  688
12041.000000  689
12043.000000  689
12045.000000  690
12047.000000  690
12049.000000  691
12051.000000  691
12053.000000  692
12055.000000  692
12057.000000  693
12059.000000  693
12061.000000  694
12063.000000  694
12065.000000  695
12067.000000  695
12069.000000  696
12071.000000  696
12073.000000  697
12075.000000  697
12077.000000  698
12079.000000  698
12081.000000  699
12083.000000  699
12085.000000  700
12087.000000  700
12089.000000  701
12091.000000  701
12093.000000  702
12095.000000  702
12097.000000  703
12099.000000  703
12101.000000  704
12103.000000  704
12105.000000  705
12107.000000  705
12109.000000  706
12111.000000  706
12113.000000  707
12115.000000  707
12117.000000  708
12119.000000  708
12121.000000  709
12123.000000  709
12125.000000  710
12127.000000  711
12129.000000  711
12131.000000  711
12133.000000  712
12135.000000  713
12137.000000  713
12139.000000  713
12141.000000  714
12143.000000  715
12145.000000  715
12147.000000  715
12149.000000  716
12151.000000  717
12153.000000  717
12155.000000  717
12157.000000  718
12159.000000  719
12161.000000  719
12163.000000  720
12165.000000  720
12167.000000  721
12169.000000  721
12171.000000  722
12173.000000  722
12175.000000  723
12177.000000  723
12179.000000  724
12181.000000  724
12183.000000  725
12185.000000  725
12187.000000  726
12189.000000  726
12191.000000  727
12193.000000  727
12195.000000  728
12197.000000  728
12199.000000  729
12201.000000  729
12203.000000  730
12205.000000  730
12207.000000  731
12209.000000  731
12211.000000  732
12213.000000  732
12215.000000  733
12217.000000  733
12219.000000  734
12221.000000  734
12223.000000  735
12225.000000  735
12227.000000  736
12229.000000  736
12231.000000  737
12233.000000  737
12235.000000  738
12237.000000  738
12239.000000  739
12241.000000  739
12243.000000  740
12245.000000  740
12247.000000  741
12249.000000  741
12251.000000  742
12253.000000  742
12255.000000  743
12257.000000  743
12259.000000  744
12261.000000  745
12263.000000  745
12265.000000  745
12267.000000  746
12269.000000  747
12271.000000  747
12273.000000  747
12275.000000  748
12277.000000  749
12279.000000  749
12281.000000  750
12283.000000  750
12285.000000  751
12287.000000  751
12289.000000  752
12291.000000  752
12293.000000  753
12295.000000  753
12297.000000  754
12299.000000  754
12301.000000  755
12303.000000  755
12305.000000  756
12307.000000  756
12309.000000  757
12311.000000  757
12313.000000  758
12315.000000  758
12317.000000  759
12319.000000  759
12321.000000  760
12323.000000  760
12325.000000  761
12327.000000  761
12329.000000  762
12331.000000  762
12333.000000  763
12335.000000  763
12337.000000  764
12339.000000  764
12341.000000  765
12343.000000  765
12345.000000  766
12347.000000  766
12349.000000  767
12351.000000  767
12353.000000  768
12355.000000  768
12357.000000  769
12359.000000  769
12361.000000  770
12363.000000  770
12365.000000  771
12367.000000  771
12369.000000  772
12371.000000  772
12373.000000  773
12375.000000  773
12377.000000  774
12379.000000  774
12381.000000  775
12383.000000  775
12385.000000  776
12387.000000  776
12389.000000  777
12391.000000  777
12393.000000  778
12395.000000  778
12397.000000  779
12399.000000  779
12401.000000  780
12403.000000  781
12405.000000  781
12407.000000  781
12409.000000  782
12411.000000  783
12413.000000  783
12415.000000  783
12417.000000  784
12419.000000  785
12421.000000  785
12423.000000  785
12425.000000  786
12427.000000  787
12429.000000  787
12431.000000  787
12433.000000  788
12435.000000  789
12437.000000  789
12439.000000  790
12441.000000  790
12443.000000  791
12445.000000  791
12447.000000  792
12449.000000  792
12451.000000  793
12453.000000  793
12455.000000  794
12457.000000  794
12459.000000  795
12461.000000  795
12463.000000  796
12465.000000  796
12467.000000  797
12469.000000  797
12471.000000  798
12473.000000  798
12475.000000  799
12477.000000  799
12479.000000  800
12481.000000  800
12483.000000  801
12485.000000  801
12487.000000  802
12489.000000  802
12491.000000  803
12493.000000  803
12495.000000  804
12497.000000  804
12499.000000  805
12501.000000  805
12503.000000  806
12505.000000  806
12507.000000  807
12509.000000  807
12511.000000  808
12513.000000  809
12515.000000  809
12517.000000  809
12519.000000  810
12521.000000  811
12523.000000  811
12525.000000  811
12527.000000  812
12529.000000  813
12531.000000  813
12533.000000  813
12535.000000  814
12537.000000  815
12539.000000  815
12541.000000  815
12543.000000  816
12545.000000  817
12547.000000  817
12549.000000  818
12551.000000  818
12553.000000  819
12555.000000  819
12557.000000  820
12559.000000  820
12561.000000  821
12563.000000  821
12565.000000  822
12567.000000  822
12569.000000  823
12571.000000  823
12573.000000  824
12575.000000  824
12577.000000  825
12579.000000  825
12581.000000  826
12583.000000  826
12585.000000  827
12587.000000  827
12589.000000  828
12591.000000  828
12593.000000  829
12595.000000  829
12597.000000  830
12599.000000  830
12601.000000  831
12603.000000  831
12605.000000  832
12607.000000  832
12609.000000  833
12611.000000  833
12613.000000  834
12615.000000  834
12617.000000  835
12619.000000  835
12621.000000  836
12623.000000  836
12625.000000  837
12627.000000  837
12629.000000  838
12631.000000  838
12633.000000  839
12635.000000  839
12637.000000  840
12639.000000  840
12641.000000  841
12643.000000  841
12645.000000  842
12647.000000  842
12649.000000  843
12651.000000  843
12653.000000  844
12655.000000  844
12657.000000  845
12659.000000  845
12661.000000  846
12663.000000  846
12665.000000  847
12667.000000  847
12669.000000  848
12671.000000  849
12673.000000  849
12675.000000  849
12677.000000  850
12679.000000  851
12681.000000  851
12683.000000  851
12685.000000  852
12687.000000  853
12689.000000  853
12691.000000  853
12693.000000  854
12695.000000  855
12697.000000  855
12699.000000  855
12701.000000  856
12703.000000  857
12705.000000  857
12707.000000  857
12709.000000  858
12711.000000  859
12713.000000  859
12715.000000  859
12717.000000  860
12719.000000  861
12721.000000  861
12723.000000  861
12725.000000  862
12727.000000  863
12729.000000  863
12731.000000  863
12733.000000  864
12735.000000  865
12737.000000  865
12739.000000  866
12741.000000  866
12743.000000  867
12745.000000  867
12747.000000  868
12749.000000  868
12751.000000  869
12753.000000  869
12755.000000  870
12757.000000  870
12759.000000  871
12761.000000  871
12763.000000  872
12765.000000  872
12767.000000  873
12769.000000  873
12771.000000  874
12773.000000  874
12775.000000  875
12777.000000  875
12779.000000  876
12781.000000  876
12783.000000  877
12785.000000  877
12787.000000  878
12789.000000  878
12791.000000  879
12793.000000  879
12795.000000  880
12797.000000  880
12799.000000  881
12801.000000  881
12803.000000  882
12805.000000  882
12807.000000  883
12809.000000  883
12811.000000  884
12813.000000  884
12815.000000  885
12817.000000  885
12819.000000  886
12821.000000  886
12823.000000  887
12825.000000  887
12827.000000  888
12829.000000  888
12831.000000  889
12833.000000  889
12835.000000  890
12837.000000  891
12839.000000  891
12841.000000  891
12843.000000  892
12845.000000  893
12847.000000  893
12849.000000  893
12851.000000  894
12853.000000  895
12855.000000  895
12857.000000  896
12859.000000  896
12861.000000  897
12863.000000  897
12865.000000  898
12867.000000  898
12869.000000  899
12871.000000  899
12873.000000  900
12875.000000  900
12877.000000  901
12879.000000  901
12881.000000  902
12883.000000  902
12885.000000  903
12887.000000  903
12889.000000  904
12891.000000  904
12893.000000  905
12895.000000  905
12897.000000  906
12899.000000  906
12901.000000  907
12903.000000  907
12905.000000  908
12907.000000  908
12909.000000  909
12911.000000  909
12913.000000  910
12915.000000  910
12917.000000  911
12919.000000  911
12921.000000  912
12923.000000  912
12925.000000  913
12927.000000  913
12929.000000  914
12931.000000  914
12933.000000  915
12935.000000  915
12937.000000  916
12939.000000  916
12941.000000  917
12943.000000  917
12945.000000  918
12947.000000  918
12949.000000  919
12951.000000  919
12953.000000  920
12955.000000  920
12957.000000  921
12959.000000  921
12961.000000  922
12963.000000  922
12965.000000  923
12967.000000  923
12969.000000  924
12971.000000  925
12973.000000  925
12975.000000  925
12977.000000  926
12979.000000  927
12981.000000  927
12983.000000  927
12985.000000  928
12987.000000  929
12989.000000  929
12991.000000  929
12993.000000  930
12995.000000  931
12997.000000  931
12999.000000  931
13001.000000  932
13003.000000  933
13005.000000  933
13007.000000  933
13009.000000  934
13011.000000  935
13013.000000  935
13015.000000  935
13017.000000  936
13019.000000  937
13021.000000  937
13023.000000  937
13025.000000  938
13027.000000  939
13029.000000  939
13031.000000  939
13033.000000  940
13035.000000  941
13037.000000  941
13039.000000  941
13041.000000  942
13043.000000  943
13045.000000  943
13047.000000  943
13049.000000  944
13051.000000  945
13053.000000  945
13055.000000  946
13057.000000  946
13059.000000  947
13061.000000  947
13063.000000  948
13065.000000  948
13067.000000  949
13069.000000  949
13071.000000  950
13073.000000  950
13075.000000  951
13077.000000  951
13079.000000  952
13081.000000  952
13083.000000  953
13085.000000  953
13087.000000  954
13089.000000  954
13091.000000  955
13093.000000  955
13095.000000  956
13097.000000  956
13099.000000  957
13101.000000  957
13103.000000  958
13105.000000  958
13107.000000  959
13109.000000  959
13111.000000  960
13113.000000  960
13115.000000  961
13117.000000  961
13119.000000  962
13121.000000  962
13123.000000  963
13125.000000  963
13127.000000  964
13129.000000  964
13131.000000  965
13133.000000  965
13135.000000  966
13137.000000  966
13139.000000  967
13141.000000  967
13143.000000  968
13145.000000  968
13147.000000  969
13149.000000  969
13151.000000  970
13153.000000  971
13155.000000  971
13157.000000  971
13159.000000  972
13161.000000  973
13163.000000  973
13165.000000  973
13167.000000  974
13169.000000  975
13171.000000  975
13173.000000  976
13175.000000  976
13177.000000  977
13179.000000  977
13181.000000  978
13183.000000  978
13185.000000  979
13187.000000  979
13189.000000  980
13191.000000  980
13193.000000  981
13195.000000  981
13197.000000  982
13199.000000  982
13201.000000  983
13203.000000  983
13205.000000  984
13207.000000  984
13209.000000  985
13211.000000  985
13213.000000  986
13215.000000  986
13217.000000  987
13219.000000  987
13221.000000  988
13223.000000  988
13225.000000  989
13227.000000  989
13229.000000  990
13231.000000  990
13233.000000  991
13235.000000  991
13237.000000  992
13239.000000  992
13241.000000  993
13243.000000  993
13245.000000  994
13247.000000  994
13249.000000  995
13251.000000  995
13253.000000  996
13255.000000  997
13257.000000  997
13259.000000  997
13261.000000  998
13263.000000  999
13265.000000  999
13267.000000  999
13269.000000  1000
13271.000000  1001
13273.000000  1001
13275.000000  1001
13277.000000  1002
13279.000000  1003
13281.000000  1003
13283.000000  1003
13285.000000  1004
13287.000000  1005
13289.000000  1005
13291.000000  1005
13293.000000  1006
13295.000000  1007
13297.000000  1007
13299.000000  1007
13301.000000  1008
13303.000000  1009
13305.000000  1009
13307.000000  1009
13309.000000  1010
13311.000000  1011
13313.000000  1011
13315.000000  1012
13317.000000  1012
