16019.000000  10
16021.000000  10
16023.000000  10
16025.000000  10
16027.000000  10
16029.000000  10
16031.000000  11
16033.000000  11
16035.000000  11
16037.000000  11
16039.000000  11
16041.000000  11
16043.000000  11
16045.000000  12
16047.000000  12
16049.000000  12
16051.000000  12
16053.000000  12
16055.000000  12
16057.000000  13
16059.000000  13
16061.000000  13
16063.000000  13
16065.000000  13
16067.000000  13
16069.000000  13
16071.000000  14
16073.000000  14
16075.000000  14
16077.000000  14
16079.000000  14
16081.000000  14
16083.000000  15
16085.000000  15
16087.000000  15
16089.000000  15
16091.000000  15
16093.000000  15
16095.000000  15
16097.000000  16
16099.000000  16
16101.000000  16
16103.000000  16
16105.000000  16
16107.000000  16
16109.000000  17
16111.000000  17
16113.000000  17
16115.000000  17
16117.000000  17
16119.000000  17
16121.000000  17
16123.000000  18
16125.000000  18
16127.000000  18
16129.000000  18
16131.000000  18
16133.000000  18
16135.000000  19
16137.000000  19
16139.000000  19
16141.000000  19
16143.000000  19
16145.000000  19
16147.000000  19
16149.000000  20
16151.000000  20
16153.000000  20
16155.000000  20
16157.000000  20
16159.000000  20
16161.000000  21
16163.000000  21
16165.000000  21
16167.000000  21
16169.000000  21
16171.000000  21
16173.000000  21
16175.000000  22
16177.000000  22
16179.000000  22
16181.000000  22
16183.000000  22
16185.000000  22
16187.000000  23
16189.000000  23
16191.000000  23
16193.000000  23
16195.000000  23
16197.000000  23
16199.000000  23
16201.000000  24
16203.000000  24
16205.000000  24
16207.000000  24
16209.000000  24
16211.000000  25
16213.000000  25
16215.000000  25
16217.000000  25
16219.000000  25
16221.000000  25
16223.000000  25
16225.000000  26
16227.000000  26
16229.000000  26
16231.000000  26
16233.000000  26
16235.000000  26
16237.000000  27
16239.000000  27
16241.000000  27
16243.000000  27
16245.000000  27
16247.000000  27
16249.000000  27
16251.000000  28
16253.000000  28
16255.000000  28
16257.000000  28
16259.000000  28
16261.000000  29
16263.000000  29
16265.000000  29
16267.000000  29
16269.000000  29
16271.000000  29
16273.000000  29
16275.000000  30
16277.000000  30
16279.000000  30
16281.000000  30
16283.000000  30
16285.000000  30
16287.000000  31
16289.000000  31
16291.000000  31
16293.000000  31
16295.000000  31
16297.000000  31
16299.000000  31
16301.000000  31
16303.000000  32
16305.000000  32
16307.000000  32
16309.000000  32
16311.000000  32
16313.000000  32
16315.000000  33
16317.000000  33
16319.000000  33
16321.000000  33
16323.000000  33
16325.000000  33
16327.000000  33
16329.000000  33
16331.000000  34
16333.000000  34
16335.000000  34
16337.000000  34
16339.000000  34
16341.000000  34
16343.000000  34
16345.000000  35
16347.000000  35
16349.000000  35
16351.000000  35
16353.000000  35
16355.000000  35
16357.000000  35
16359.000000  35
16361.000000  36
16363.000000  36
16365.000000  36
16367.000000  36
16369.000000  36
16371.000000  36
16373.000000  37
16375.000000  37
16377.000000  37
16379.000000  37
16381.000000  37
16383.000000  37
16385.000000  37
16387.000000  38
16389.000000  38
16391.000000  38
16393.000000  38
16395.000000  38
16397.000000  38
16399.000000  39
16401.000000  39
16403.000000  39
16405.000000  39
16407.000000  39
16409.000000  39
16411.000000  39
16413.000000  39
16415.000000  40
16417.000000  40
16419.000000  40
16421.000000  40
16423.000000  40
16425.000000  41
16427.000000  41
16429.000000  41
16431.000000  41
16433.000000  41
16435.000000  41
16437.000000  41
16439.000000  41
16441.000000  42
16443.000000  42
16445.000000  42
16447.000000  42
16449.000000  42
16451.000000  43
16453.000000  43
16455.000000  43
16457.000000  43
16459.000000  43
16461.000000  43
16463.000000  43
16465.000000  43
16467.000000  44
16469.000000  44
16471.000000  44
16473.000000  44
16475.000000  44
16477.000000  45
16479.000000  45
16481.000000  45
16483.000000  45
16485.000000  45
16487.000000  45
16489.000000  45
16491.000000  45
16493.000000  46
16495.000000  46
16497.000000  46
16499.000000  46
16501.000000  46
16503.000000  47
16505.000000  47
16507.000000  47
16509.000000  47
16511.000000  47
16513.000000  47
16515.000000  47
16517.000000  48
16519.000000  48
16521.000000  48
16523.000000  48
16525.000000  48
16527.000000  48
16529.000000  49
16531.000000  49
16533.000000  49
16535.000000  49
16537.000000  49
16539.000000  49
16541.000000  49
16543.000000  50
16545.000000  50
16547.000000  50
16549.000000  50
16551.000000  50
16553.000000  51
16555.000000  51
16557.000000  51
16559.000000  51
16561.000000  51
16563.000000  51
16565.000000  51
16567.000000  52
16569.000000  52
16571.000000  52
16573.000000  52
16575.000000  52
16577.000000  52
16579.000000  53
16581.000000  53
16583.000000  53
16585.000000  53
16587.000000  53
16589.000000  53
16591.000000  53
16593.000000  54
16595.000000  54
16597.000000  54
16599.000000  54
16601.000000  54
16603.000000  55
16605.000000  55
16607.000000  55
16609.000000  55
16611.000000  55
16613.000000  55
16615.000000  55
16617.000000  56
16619.000000  56
16621.000000  56
16623.000000  56
16625.000000  56
16627.000000  56
16629.000000  57
16631.000000  57
16633.000000  57
16635.000000  57
16637.000000  57
16639.000000  57
16641.000000  57
16643.000000  58
16645.000000  58
16647.000000  58
16649.000000  58
16651.000000  58
16653.000000  59
16655.000000  59
16657.000000  59
16659.000000  59
16661.000000  59
16663.000000  59
16665.000000  59
16667.000000  60
16669.000000  60
16671.000000  60
16673.000000  60
16675.000000  60
16677.000000  60
16679.000000  61
16681.000000  61
16683.000000  61
16685.000000  61
16687.000000  61
16689.000000  61
16691.000000  61
16693.000000  62
16695.000000  62
16697.000000  62
16699.000000  62
16701.000000  62
16703.000000  62
16705.000000  63
16707.000000  63
16709.000000  63
16711.000000  63
16713.000000  63
16715.000000  63
16717.000000  63
16719.000000  64
16721.000000  64
16723.000000  64
16725.000000  64
16727.000000  64
16729.000000  64
16731.000000  65
16733.000000  65
16735.000000  65
16737.000000  65
16739.000000  65
16741.000000  65
16743.000000  65
16745.000000  66
16747.000000  66
16749.000000  66
16751.000000  66
16753.000000  66
16755.000000  66
16757.000000  67
16759.000000  67
16761.000000  67
16763.000000  67
16765.000000  67
16767.000000  67
16769.000000  67
16771.000000  68
16773.000000  68
16775.000000  68
16777.000000  68
16779.000000  68
16781.000000  69
16783.000000  69
16785.000000  69
16787.000000  69
16789.000000  69
16791.000000  69
16793.000000  69
16795.000000  69
16797.000000  70
16799.000000  70
16801.000000  70
16803.000000  70
16805.000000  70
16807.000000  71
16809.000000  71
16811.000000  71
16813.000000  71
16815.000000  71
16817.000000  71
16819.000000  71
16821.000000  72
16823.000000  72
16825.000000  72
16827.000000  72
16829.000000  72
16831.000000  72
16833.000000  73
16835.000000  73
16837.000000  73
16839.000000  73
16841.000000  73
16843.000000  73
16845.000000  73
16847.000000  74
16849.000000  74
16851.000000  74
16853.000000  74
16855.000000  74
16857.000000  75
16859.000000  75
16861.000000  75
16863.000000  75
16865.000000  75
16867.000000  75
16869.000000  75
16871.000000  76
16873.000000  76
16875.000000  76
16877.000000  76
16879.000000  76
16881.000000  76
16883.000000  77
16885.000000  77
16887.000000  77
16889.000000  77
16891.000000  77
16893.000000  77
16895.000000  78
16897.000000  78
16899.000000  78
16901.000000  78
16903.000000  78
16905.000000  78
16907.000000  79
16909.000000  79
16911.000000  79
16913.000000  79
16915.000000  79
16917.000000  79
16919.000000  79
16921.000000  80
16923.000000  80
16925.000000  80
16927.000000  80
16929.000000  80
16931.000000  80
16933.000000  81
16935.000000  81
16937.000000  81
16939.000000  81
16941.000000  81
16943.000000  81
16945.000000  82
16947.000000  82
16949.000000  82
16951.000000  82
16953.000000  82
16955.000000  82
16957.000000  83
16959.000000  83
16961.000000  83
16963.000000  83
16965.000000  83
16967.000000  83
16969.000000  83
16971.000000  84
16973.000000  84
16975.000000  84
16977.000000  84
16979.000000  84
16981.000000  84
16983.000000  85
16985.000000  85
16987.000000  85
16989.000000  85
16991.000000  85
16993.000000  85
16995.000000  85
16997.000000  86
16999.000000  86
17001.000000  86
17003.000000  86
17005.000000  86
17007.000000  87
17009.000000  87
17011.000000  87
17013.000000  87
17015.000000  87
17017.000000  87
17019.000000  87
17021.000000  87
17023.000000  88
17025.000000  88
17027.000000  88
17029.000000  88
17031.000000  88
17033.000000  89
17035.000000  89
17037.000000  89
17039.000000  89
17041.000000  89
17043.000000  89
17045.000000  89
17047.000000  90
17049.000000  90
17051.000000  90
17053.000000  90
17055.000000  90
17057.000000  90
17059.000000  91
17061.000000  91
17063.000000  91
17065.000000  91
17067.000000  91
17069.000000  91
17071.000000  91
17073.000000  92
17075.000000  92
17077.000000  92
17079.000000  92
17081.000000  92
17083.000000  92
17085.000000  93
17087.000000  93
17089.000000  93
17091.000000  93
17093.000000  93
17095.000000  93
17097.000000  93
17099.000000  94
17101.000000  94
17103.000000  94
17105.000000  94
17107.000000  94
17109.000000  94
17111.000000  95
17113.000000  95
17115.000000  95
17117.000000  95
17119.000000  95
17121.000000  95
17123.000000  95
17125.000000  96
17127.000000  96
17129.000000  96
17131.000000  96
17133.000000  96
17135.000000  96
17137.000000  97
17139.000000  97
17141.000000  97
17143.000000  97
17145.000000  97
17147.000000  97
17149.000000  97
17151.000000  98
17153.000000  98
17155.000000  98
17157.000000  98
17159.000000  98
17161.000000  98
17163.000000  99
17165.000000  99
17167.000000  99
17169.000000  99
17171.000000  99
17173.000000  99
17175.000000  99
17177.000000  99
17179.000000  100
17181.000000  100
17183.000000  100
17185.000000  100
17187.000000  100
17189.000000  100
17191.000000  101
17193.000000  101
17195.000000  101
17197.000000  101
17199.000000  101
17201.000000  101
17203.000000  101
17205.000000  102
17207.000000  102
17209.000000  102
17211.000000  102
17213.000000  102
17215.000000  102
17217.000000  103
17219.000000  103
17221.000000  103
17223.000000  103
17225.000000  103
17227.000000  103
17229.000000  103
17231.000000  104
17233.000000  104
17235.000000  104
17237.000000  104
17239.000000  104
17241.000000  105
17243.000000  105
17245.000000  105
17247.000000  105
17249.000000  105
17251.000000  105
17253.000000  105
17255.000000  106
17257.000000  106
17259.000000  106
17261.000000  106
17263.000000  106
17265.000000  106
17267.000000  107
17269.000000  107
17271.000000  107
17273.000000  107
17275.000000  107
17277.000000  107
17279.000000  107
17281.000000  108
17283.000000  108
17285.000000  108
17287.000000  108
17289.000000  108
17291.000000  108
17293.000000  109
17295.000000  109
17297.000000  109
17299.000000  109
17301.000000  109
17303.000000  109
17305.000000  109
17307.000000  110
17309.000000  110
17311.000000  110
17313.000000  110
17315.000000  110
17317.000000  111
17319.000000  111
17321.000000  111
17323.000000  111
17325.000000  111
17327.000000  111
17329.000000  111
17331.000000  112
17333.000000  112
17335.000000  112
17337.000000  112
17339.000000  112
17341.000000  112
17343.000000  113
17345.000000  113
17347.000000  113
17349.000000  113
17351.000000  113
17353.000000  113
17355.000000  113
17357.000000  114
17359.000000  114
17361.000000  114
17363.000000  114
17365.000000  114
17367.000000  114
17369.000000  115
17371.000000  115
17373.000000  115
17375.000000  115
17377.000000  115
17379.000000  115
17381.000000  115
17383.000000  116
17385.000000  116
17387.000000  116
17389.000000  116
17391.000000  116
17393.000000  116
17395.000000  117
17397.000000  117
17399.000000  117
17401.000000  117
17403.000000  117
17405.000000  117
17407.000000  117
17409.000000  118
17411.000000  118
17413.000000  118
17415.000000  118
17417.000000  118
17419.000000  119
17421.000000  119
17423.000000  119
17425.000000  119
17427.000000  119
17429.000000  119
17431.000000  119
17433.000000  120
17435.000000  120
17437.000000  120
17439.000000  120
17441.000000  120
17443.000000  120
17445.000000  121
17447.000000  121
17449.000000  121
17451.000000  121
17453.000000  121
17455.000000  121
17457.000000  121
17459.000000  121
17461.000000  122
17463.000000  122
17465.000000  122
17467.000000  122
17469.000000  122
17471.000000  122
17473.000000  123
17475.000000  123
17477.000000  123
17479.000000  123
17481.000000  123
17483.000000  123
17485.000000  123
17487.000000  123
17489.000000  124
17491.000000  124
17493.000000  124
17495.000000  124
17497.000000  124
17499.000000  124
17501.000000  124
17503.000000  125
17505.000000  125
17507.000000  125
17509.000000  125
17511.000000  125
17513.000000  125
17515.000000  125
17517.000000  126
17519.000000  126
17521.000000  126
17523.000000  126
17525.000000  126
17527.000000  126
17529.000000  127
17531.000000  127
17533.000000  127
17535.000000  127
17537.000000  127
17539.000000  127
17541.000000  127
17543.000000  127
17545.000000  128
17547.000000  128
17549.000000  128
17551.000000  128
17553.000000  128
17555.000000  129
17557.000000  129
17559.000000  129
17561.000000  129
17563.000000  129
17565.000000  129
17567.000000  129
17569.000000  129
17571.000000  130
17573.000000  130
17575.000000  130
17577.000000  130
17579.000000  130
17581.000000  131
17583.000000  131
17585.000000  131
17587.000000  131
17589.000000  131
17591.000000  131
17593.000000  131
17595.000000  132
17597.000000  132
17599.000000  132
17601.000000  132
17603.000000  132
17605.000000  132
17607.000000  133
17609.000000  133
17611.000000  133
17613.000000  133
17615.000000  133
17617.000000  133
17619.000000  133
17621.000000  134
17623.000000  134
17625.000000  134
17627.000000  134
17629.000000  134
17631.000000  134
17633.000000  135
17635.000000  135
17637.000000  135
17639.000000  135
17641.000000  135
17643.000000  135
17645.000000  135
17647.000000  136
17649.000000  136
17651.000000  136
17653.000000  136
17655.000000  136
17657.000000  136
17659.000000  137
17661.000000  137
17663.000000  137
17665.000000  137
17667.000000  137
17669.000000  137
17671.000000  137
17673.000000  138
17675.000000  138
17677.000000  138
17679.000000  138
17681.000000  138
17683.000000  138
17685.000000  139
17687.000000  139
17689.000000  139
17691.000000  139
17693.000000  139
17695.000000  139
17697.000000  139
17699.000000  140
17701.000000  140
17703.000000  140
17705.000000  140
17707.000000  140
17709.000000  141
17711.000000  141
17713.000000  141
17715.000000  141
17717.000000  141
17719.000000  141
17721.000000  141
17723.000000  142
17725.000000  142
17727.000000  142
17729.000000  142
17731.000000  142
17733.000000  142
17735.000000  143
17737.000000  143
17739.000000  143
17741.000000  143
17743.000000  143
17745.000000  143
17747.000000  143
17749.000000  144
17751.000000  144
17753.000000  144
17755.000000  144
17757.000000  144
17759.000000  144
17761.000000  145
17763.000000  145
17765.000000  145
17767.000000  145
17769.000000  145
17771.000000  145
17773.000000  145
17775.000000  146
17777.000000  146
17779.000000  146
17781.000000  146
17783.000000  146
17785.000000  147
17787.000000  147
17789.000000  147
17791.000000  147
17793.000000  147
17795.000000  147
17797.000000  147
17799.000000  148
17801.000000  148
17803.000000  148
17805.000000  148
17807.000000  148
17809.000000  148
17811.000000  149
17813.000000  149
17815.000000  149
17817.000000  149
17819.000000  149
17821.000000  149
17823.000000  149
17825.000000  150
17827.000000  150
17829.000000  150
17831.000000  150
17833.000000  150
17835.000000  151
17837.000000  151
17839.000000  151
17841.000000  151
17843.000000  151
17845.000000  151
17847.000000  151
17849.000000  152
17851.000000  152
17853.000000  152
17855.000000  152
17857.000000  152
17859.000000  152
17861.000000  153
17863.000000  153
17865.000000  153
17867.000000  153
17869.000000  153
17871.000000  153
17873.000000  153
17875.000000  154
17877.000000  154
17879.000000  154
17881.000000  154
17883.000000  154
17885.000000  155
17887.000000  155
17889.000000  155
17891.000000  155
17893.000000  155
17895.000000  155
17897.000000  155
17899.000000  156
17901.000000  156
17903.000000  156
17905.000000  156
17907.000000  156
17909.000000  156
17911.000000  157
17913.000000  157
17915.000000  157
17917.000000  157
17919.000000  157
17921.000000  157
17923.000000  157
17925.000000  158
17927.000000  158
17929.000000  158
17931.000000  158
17933.000000  158
17935.000000  158
17937.000000  159
17939.000000  159
17941.000000  159
17943.000000  159
17945.000000  159
17947.000000  159
17949.000000  159
17951.000000  160
17953.000000  160
17955.000000  160
17957.000000  160
17959.000000  160
17961.000000  161
17963.000000  161
17965.000000  161
17967.000000  161
17969.000000  161
17971.000000  161
17973.000000  161
17975.000000  161
17977.000000  162
17979.000000  162
17981.000000  162
17983.000000  162
17985.000000  162
17987.000000  163
17989.000000  163
17991.000000  163
17993.000000  163
17995.000000  163
17997.000000  163
17999.000000  163
18001.000000  164
18003.000000  164
18005.000000  164
18007.000000  164
18009.000000  164
18011.000000  164
18013.000000  165
18015.000000  165
18017.000000  165
