25768.000000  55
25770.000000  56
25772.000000  57
25774.000000  58
25776.000000  59
25778.000000  61
25780.000000  62
25782.000000  63
25784.000000  64
25786.000000  65
25788.000000  67
25790.000000  68
25792.000000  69
25794.000000  70
25796.000000  71
25798.000000  73
25800.000000  74
25802.000000  75
25804.000000  76
25806.000000  77
25808.000000  79
25810.000000  80
25812.000000  81
25814.000000  83
25816.000000  84
25818.000000  85
25820.000000  86
25822.000000  87
25824.000000  89
25826.000000  90
25828.000000  91
25830.000000  92
25832.000000  93
25834.000000  95
25836.000000  96
25838.000000  97
25840.000000  99
25842.000000  100
25844.000000  101
25846.000000  102
25848.000000  103
25850.000000  105
25852.000000  106
25854.000000  107
25856.000000  109
25858.000000  110
25860.000000  111
25862.000000  112
25864.000000  113
25866.000000  115
25868.000000  116
25870.000000  117
25872.000000  119
25874.000000  120
25876.000000  121
25878.000000  122
25880.000000  123
25882.000000  125
25884.000000  126
25886.000000  127
25888.000000  129
25890.000000  130
25892.000000  131
25894.000000  132
25896.000000  134
25898.000000  135
25900.000000  136
25902.000000  137
25904.000000  139
25906.000000  140
25908.000000  141
25910.000000  143
25912.000000  144
25914.000000  145
25916.000000  146
25918.000000  147
25920.000000  149
25922.000000  150
25924.000000  151
25926.000000  153
25928.000000  154
25930.000000  155
25932.000000  157
25934.000000  158
25936.000000  159
25938.000000  160
25940.000000  162
25942.000000  163
25944.000000  164
25946.000000  165
25948.000000  167
25950.000000  168
25952.000000  169
25954.000000  171
25956.000000  172
25958.000000  173
25960.000000  174
25962.000000  176
25964.000000  177
25966.000000  178
25968.000000  179
25970.000000  181
25972.000000  182
25974.000000  183
25976.000000  185
25978.000000  186
25980.000000  187
25982.000000  188
25984.000000  190
25986.000000  191
25988.000000  192
25990.000000  193
25992.000000  195
25994.000000  196
25996.000000  197
25998.000000  199
26000.000000  200
26002.000000  201
26004.000000  203
26006.000000  204
26008.000000  205
26010.000000  206
26012.000000  207
26014.000000  209
26016.000000  210
26018.000000  211
26020.000000  213
26022.000000  214
26024.000000  215
26026.000000  216
26028.000000  218
26030.000000  219
26032.000000  220
26034.000000  222
26036.000000  223
26038.000000  224
26040.000000  225
26042.000000  227
26044.000000  228
26046.000000  229
26048.000000  231
26050.000000  232
26052.000000  233
26054.000000  234
26056.000000  236
26058.000000  237
26060.000000  238
26062.000000  239
26064.000000  241
26066.000000  242
26068.000000  243
26070.000000  245
26072.000000  246
26074.000000  247
26076.000000  249
26078.000000  250
26080.000000  251
26082.000000  252
26084.000000  254
26086.000000  255
26088.000000  256
26090.000000  257
26092.000000  259
26094.000000  260
26096.000000  261
26098.000000  263
26100.000000  264
26102.000000  265
26104.000000  266
26106.000000  268
26108.000000  269
26110.000000  270
26112.000000  272
26114.000000  273
26116.000000  274
26118.000000  275
26120.000000  277
26122.000000  278
26124.000000  279
26126.000000  281
26128.000000  282
26130.000000  283
26132.000000  285
26134.000000  286
26136.000000  287
26138.000000  288
26140.000000  290
26142.000000  291
26144.000000  292
26146.000000  293
26148.000000  295
26150.000000  296
26152.000000  297
26154.000000  299
26156.000000  300
26158.000000  301
26160.000000  303
26162.000000  304
26164.000000  305
26166.000000  306
26168.000000  308
26170.000000  309
26172.000000  310
26174.000000  311
26176.000000  313
26178.000000  314
26180.000000  315
26182.000000  317
26184.000000  318
26186.000000  319
26188.000000  321
26190.000000  322
26192.000000  323
26194.000000  324
26196.000000  326
26198.000000  327
26200.000000  328
26202.000000  329
26204.000000  331
26206.000000  332
26208.000000  333
26210.000000  335
26212.000000  336
26214.000000  337
26216.000000  339
26218.000000  340
26220.000000  341
26222.000000  342
26224.000000  344
26226.000000  345
26228.000000  346
26230.000000  348
26232.000000  349
26234.000000  350
26236.000000  351
26238.000000  353
26240.000000  354
26242.000000  355
26244.000000  357
26246.000000  358
26248.000000  359
26250.000000  360
26252.000000  362
26254.000000  363
26256.000000  364
26258.000000  366
26260.000000  367
26262.000000  368
26264.000000  369
26266.000000  371
26268.000000  372
26270.000000  373
26272.000000  375
26274.000000  376
26276.000000  377
26278.000000  379
26280.000000  380
26282.000000  381
26284.000000  382
26286.000000  384
26288.000000  385
26290.000000  386
26292.000000  387
26294.000000  389
26296.000000  390
26298.000000  391
26300.000000  393
26302.000000  394
26304.000000  395
26306.000000  397
26308.000000  398
26310.000000  399
26312.000000  400
26314.000000  402
26316.000000  403
26318.000000  404
26320.000000  405
26322.000000  407
26324.000000  408
26326.000000  409
26328.000000  411
26330.000000  412
26332.000000  413
26334.000000  415
26336.000000  416
26338.000000  417
26340.000000  419
26342.000000  420
26344.000000  421
26346.000000  422
26348.000000  424
26350.000000  425
26352.000000  426
26354.000000  427
26356.000000  429
26358.000000  430
26360.000000  431
26362.000000  433
26364.000000  434
26366.000000  435
26368.000000  437
26370.000000  438
26372.000000  439
26374.000000  441
26376.000000  442
26378.000000  443
26380.000000  444
26382.000000  446
26384.000000  447
26386.000000  448
26388.000000  449
26390.000000  451
26392.000000  452
26394.000000  453
26396.000000  455
26398.000000  456
26400.000000  457
26402.000000  458
26404.000000  460
26406.000000  461
26408.000000  462
26410.000000  464
26412.000000  465
26414.000000  466
26416.000000  467
26418.000000  469
26420.000000  470
26422.000000  471
26424.000000  473
26426.000000  474
26428.000000  475
26430.000000  477
26432.000000  478
26434.000000  479
26436.000000  480
26438.000000  482
26440.000000  483
26442.000000  484
26444.000000  485
26446.000000  487
26448.000000  488
26450.000000  489
26452.000000  491
26454.000000  492
26456.000000  493
26458.000000  495
26460.000000  496
26462.000000  497
26464.000000  499
26466.000000  500
26468.000000  501
26470.000000  502
26472.000000  503
26474.000000  505
26476.000000  506
26478.000000  507
26480.000000  509
26482.000000  510
26484.000000  511
26486.000000  513
26488.000000  514
26490.000000  515
26492.000000  517
26494.000000  518
26496.000000  519
26498.000000  520
26500.000000  522
26502.000000  523
26504.000000  524
26506.000000  525
26508.000000  527
26510.000000  528
26512.000000  529
26514.000000  531
26516.000000  532
26518.000000  533
26520.000000  535
26522.000000  536
26524.000000  537
26526.000000  539
26528.000000  540
26530.000000  541
26532.000000  542
26534.000000  544
26536.000000  545
26538.000000  546
26540.000000  547
26542.000000  549
26544.000000  550
26546.000000  551
26548.000000  553
26550.000000  554
26552.000000  555
26554.000000  557
26556.000000  558
26558.000000  559
26560.000000  560
26562.000000  562
26564.000000  563
26566.000000  564
26568.000000  566
26570.000000  567
26572.000000  568
26574.000000  569
26576.000000  571
26578.000000  572
26580.000000  573
26582.000000  575
26584.000000  576
26586.000000  577
26588.000000  578
26590.000000  580
26592.000000  581
26594.000000  582
26596.000000  584
26598.000000  585
26600.000000  586
26602.000000  587
26604.000000  589
26606.000000  590
26608.000000  591
26610.000000  593
26612.000000  594
26614.000000  595
26616.000000  597
26618.000000  598
26620.000000  599
26622.000000  600
26624.000000  602
26626.000000  603
26628.000000  604
26630.000000  605
26632.000000  607
26634.000000  608
26636.000000  609
26638.000000  611
26640.000000  612
26642.000000  613
26644.000000  615
26646.000000  616
26648.000000  617
26650.000000  619
26652.000000  620
26654.000000  621
26656.000000  622
26658.000000  624
26660.000000  625
26662.000000  626
26664.000000  627
26666.000000  629
26668.000000  630
26670.000000  631
26672.000000  633
26674.000000  634
26676.000000  635
26678.000000  637
26680.000000  638
26682.000000  639
26684.000000  640
26686.000000  642
26688.000000  643
26690.000000  644
26692.000000  645
26694.000000  647
26696.000000  648
26698.000000  649
26700.000000  651
26702.000000  652
26704.000000  653
26706.000000  655
26708.000000  656
26710.000000  657
26712.000000  659
26714.000000  660
26716.000000  661
26718.000000  662
26720.000000  664
26722.000000  665
26724.000000  666
26726.000000  667
26728.000000  669
26730.000000  670
26732.000000  671
26734.000000  673
26736.000000  674
26738.000000  675
26740.000000  677
26742.000000  678
26744.000000  679
26746.000000  681
26748.000000  682
26750.000000  683
26752.000000  684
26754.000000  686
26756.000000  687
26758.000000  688
26760.000000  689
26762.000000  691
26764.000000  692
26766.000000  693
26768.000000  695
26770.000000  696
26772.000000  697
26774.000000  699
26776.000000  700
26778.000000  701
26780.000000  703
26782.000000  704
26784.000000  705
26786.000000  706
26788.000000  708
26790.000000  709
26792.000000  710
26794.000000  711
26796.000000  713
26798.000000  714
26800.000000  715
26802.000000  717
26804.000000  718
26806.000000  719
26808.000000  721
26810.000000  722
26812.000000  723
26814.000000  724
26816.000000  726
26818.000000  727
26820.000000  728
26822.000000  730
26824.000000  731
26826.000000  732
26828.000000  733
26830.000000  735
26832.000000  736
26834.000000  737
26836.000000  739
26838.000000  740
26840.000000  741
26842.000000  743
26844.000000  744
26846.000000  745
26848.000000  746
26850.000000  748
26852.000000  749
26854.000000  750
26856.000000  752
26858.000000  753
26860.000000  754
26862.000000  755
26864.000000  757
26866.000000  758
26868.000000  759
26870.000000  761
26872.000000  762
26874.000000  763
26876.000000  765
26878.000000  766
26880.000000  767
26882.000000  768
26884.000000  770
26886.000000  771
26888.000000  772
26890.000000  774
26892.000000  775
26894.000000  776
26896.000000  778
26898.000000  779
26900.000000  780
26902.000000  781
26904.000000  783
26906.000000  784
26908.000000  785
26910.000000  787
26912.000000  788
26914.000000  789
26916.000000  791
26918.000000  792
26920.000000  793
26922.000000  794
26924.000000  796
26926.000000  797
26928.000000  798
26930.000000  800
26932.000000  801
26934.000000  802
26936.000000  803
26938.000000  805
26940.000000  806
26942.000000  807
26944.000000  809
26946.000000  810
26948.000000  811
26950.000000  813
26952.000000  814
26954.000000  815
26956.000000  816
26958.000000  818
26960.000000  819
26962.000000  820
26964.000000  822
26966.000000  823
26968.000000  824
26970.000000  825
26972.000000  827
26974.000000  828
26976.000000  829
26978.000000  831
26980.000000  832
26982.000000  833
26984.000000  835
26986.000000  836
26988.000000  837
26990.000000  839
26992.000000  840
26994.000000  841
26996.000000  842
26998.000000  844
27000.000000  845
27002.000000  846
27004.000000  848
27006.000000  849
27008.000000  850
27010.000000  851
27012.000000  853
27014.000000  854
27016.000000  855
27018.000000  857
27020.000000  858
27022.000000  859
27024.000000  861
27026.000000  862
27028.000000  863
27030.000000  864
27032.000000  866
27034.000000  867
27036.000000  868
27038.000000  870
27040.000000  871
27042.000000  872
27044.000000  873
27046.000000  875
27048.000000  876
27050.000000  877
27052.000000  879
27054.000000  880
27056.000000  881
27058.000000  883
27060.000000  884
27062.000000  885
27064.000000  887
27066.000000  888
27068.000000  889
27070.000000  890
27072.000000  892
27074.000000  893
27076.000000  894
27078.000000  895
27080.000000  897
27082.000000  898
27084.000000  899
27086.000000  901
27088.000000  902
27090.000000  903
27092.000000  905
27094.000000  906
27096.000000  907
27098.000000  909
27100.000000  910
27102.000000  911
27104.000000  912
27106.000000  914
27108.000000  915
27110.000000  916
27112.000000  918
27114.000000  919
27116.000000  920
27118.000000  921
27120.000000  923
27122.000000  924
27124.000000  925
27126.000000  927
27128.000000  928
27130.000000  929
27132.000000  931
27134.000000  932
27136.000000  933
27138.000000  934
27140.000000  936
27142.000000  937
27144.000000  938
27146.000000  940
27148.000000  941
27150.000000  942
27152.000000  943
27154.000000  945
27156.000000  946
27158.000000  947
27160.000000  949
27162.000000  950
27164.000000  951
27166.000000  953
27168.000000  954
27170.000000  955
27172.000000  956
27174.000000  958
27176.000000  959
27178.000000  960
27180.000000  962
27182.000000  963
27184.000000  964
27186.000000  965
27188.000000  967
27190.000000  968
27192.000000  969
27194.000000  971
27196.000000  972
27198.000000  973
27200.000000  975
27202.000000  976
27204.000000  977
27206.000000  979
27208.000000  980
27210.000000  981
27212.000000  982
27214.000000  984
27216.000000  985
27218.000000  986
27220.000000  987
27222.000000  989
27224.000000  990
27226.000000  991
27228.000000  993
27230.000000  994
27232.000000  995
27234.000000  997
27236.000000  998
27238.000000  999
27240.000000  1001
27242.000000  1002
27244.000000  1003
27246.000000  1004
27248.000000  1006
27250.000000  1007
27252.000000  1008
27254.000000  1009
27256.000000  1011
27258.000000  1012
27260.000000  1013
27262.000000  1015
27264.000000  1016
27266.000000  1017
27268.000000  1019
27270.000000  1020
27272.000000  1021
27274.000000  1023
27276.000000  1024
27278.000000  1025
27280.000000  1026
27282.000000  1028
27284.000000  1029
27286.000000  1030
27288.000000  1031
27290.000000  1033
27292.000000  1034
27294.000000  1035
27296.000000  1037
27298.000000  1038
27300.000000  1039
27302.000000  1041
27304.000000  1042
27306.000000  1043
27308.000000  1045
27310.000000  1046
27312.000000  1047
27314.000000  1048
27316.000000  1050
27318.000000  1051
27320.000000  1052
27322.000000  1053
27324.000000  1055
27326.000000  1056
27328.000000  1057
27330.000000  1059
27332.000000  1060
27334.000000  1061
27336.000000  1063
27338.000000  1064
27340.000000  1065
27342.000000  1067
27344.000000  1068
27346.000000  1069
27348.000000  1071
27350.000000  1072
27352.000000  1073
27354.000000  1074
27356.000000  1076
27358.000000  1077
27360.000000  1078
27362.000000  1079
27364.000000  1081
27366.000000  1082
27368.000000  1083
27370.000000  1085
27372.000000  1086
27374.000000  1087
27376.000000  1089
27378.000000  1090
27380.000000  1091
27382.000000  1093
27384.000000  1094
27386.000000  1095
27388.000000  1096
27390.000000  1098
27392.000000  1099
27394.000000  1100
27396.000000  1101
27398.000000  1103
27400.000000  1104
27402.000000  1105
27404.000000  1107
27406.000000  1108
27408.000000  1109
27410.000000  1111
27412.000000  1112
27414.000000  1113
27416.000000  1115
27418.000000  1116
27420.000000  1117
27422.000000  1118
27424.000000  1120
27426.000000  1121
27428.000000  1122
27430.000000  1123
27432.000000  1125
27434.000000  1126
27436.000000  1127
27438.000000  1129
27440.000000  1130
27442.000000  1131
27444.000000  1133
27446.000000  1134
27448.000000  1135
27450.000000  1137
27452.000000  1138
27454.000000  1139
27456.000000  1141
27458.000000  1142
27460.000000  1143
27462.000000  1144
27464.000000  1146
27466.000000  1147
27468.000000  1148
27470.000000  1149
27472.000000  1151
27474.000000  1152
27476.000000  1153
27478.000000  1155
27480.000000  1156
27482.000000  1157
27484.000000  1159
27486.000000  1160
27488.000000  1161
27490.000000  1163
27492.000000  1164
27494.000000  1165
27496.000000  1167
27498.000000  1168
27500.000000  1169
27502.000000  1170
27504.000000  1172
27506.000000  1173
27508.000000  1174
27510.000000  1175
27512.000000  1177
27514.000000  1178
27516.000000  1179
27518.000000  1181
27520.000000  1182
27522.000000  1183
27524.000000  1185
27526.000000  1186
27528.000000  1187
27530.000000  1189
27532.000000  1190
27534.000000  1191
27536.000000  1193
27538.000000  1194
27540.000000  1195
27542.000000  1196
27544.000000  1198
27546.000000  1199
27548.000000  1200
27550.000000  1201
27552.000000  1203
27554.000000  1204
27556.000000  1205
27558.000000  1207
27560.000000  1208
27562.000000  1209
27564.000000  1211
27566.000000  1212
27568.000000  1213
27570.000000  1215
27572.000000  1216
27574.000000  1217
27576.000000  1218
27578.000000  1220
27580.000000  1221
27582.000000  1222
27584.000000  1223
27586.000000  1225
27588.000000  1226
27590.000000  1227
27592.000000  1229
27594.000000  1230
27596.000000  1231
27598.000000  1233
27600.000000  1234
27602.000000  1235
27604.000000  1237
27606.000000  1238
27608.000000  1239
27610.000000  1241
27612.000000  1242
27614.000000  1243
27616.000000  1244
27618.000000  1246
27620.000000  1247
27622.000000  1248
27624.000000  1250
27626.000000  1251
27628.000000  1252
27630.000000  1253
27632.000000  1255
27634.000000  1256
27636.000000  1257
27638.000000  1259
27640.000000  1260
27642.000000  1261
27644.000000  1263
27646.000000  1264
27648.000000  1265
27650.000000  1267
27652.000000  1268
27654.000000  1269
27656.000000  1270
27658.000000  1272
27660.000000  1273
27662.000000  1274
27664.000000  1276
27666.000000  1277
27668.000000  1278
27670.000000  1279
27672.000000  1281
27674.000000  1282
27676.000000  1283
27678.000000  1285
27680.000000  1286
27682.000000  1287
27684.000000  1289
27686.000000  1290
27688.000000  1291
27690.000000  1293
27692.000000  1294
27694.000000  1295
27696.000000  1296
27698.000000  1298
27700.000000  1299
27702.000000  1300
27704.000000  1302
27706.000000  1303
27708.000000  1304
27710.000000  1305
27712.000000  1307
27714.000000  1308
27716.000000  1309
27718.000000  1311
27720.000000  1312
27722.000000  1313
27724.000000  1315
27726.000000  1316
27728.000000  1317
27730.000000  1318
27732.000000  1320
27734.000000  1321
27736.000000  1322
27738.000000  1324
27740.000000  1325
27742.000000  1326
27744.000000  1327
27746.000000  1329
27748.000000  1330
27750.000000  1331
27752.000000  1333
27754.000000  1334
27756.000000  1335
27758.000000  1337
27760.000000  1338
27762.000000  1339
27764.000000  1341
27766.000000  1342
