39973.000000  39
39975.000000  40
39977.000000  41
39979.000000  42
39981.000000  43
39983.000000  44
39985.000000  45
39987.000000  46
39989.000000  47
39991.000000  48
39993.000000  49
39995.000000  50
39997.000000  51
39999.000000  52
40001.000000  53
40003.000000  54
40005.000000  55
40007.000000  56
40009.000000  57
40011.000000  58
40013.000000  59
40015.000000  60
40017.000000  61
40019.000000  62
40021.000000  63
40023.000000  64
40025.000000  65
40027.000000  67
40029.000000  67
40031.000000  69
40033.000000  70
40035.000000  71
40037.000000  72
40039.000000  73
40041.000000  74
40043.000000  75
40045.000000  76
40047.000000  77
40049.000000  78
40051.000000  79
40053.000000  80
40055.000000  81
40057.000000  83
40059.000000  84
40061.000000  85
40063.000000  86
40065.000000  87
40067.000000  88
40069.000000  89
40071.000000  90
40073.000000  91
40075.000000  92
40077.000000  93
40079.000000  95
40081.000000  96
40083.000000  97
40085.000000  98
40087.000000  99
40089.000000  100
40091.000000  101
40093.000000  102
40095.000000  103
40097.000000  104
40099.000000  105
40101.000000  107
40103.000000  108
40105.000000  109
40107.000000  110
40109.000000  111
40111.000000  112
40113.000000  113
40115.000000  114
40117.000000  115
40119.000000  117
40121.000000  117
40123.000000  119
40125.000000  120
40127.000000  121
40129.000000  122
40131.000000  123
40133.000000  124
40135.000000  125
40137.000000  126
40139.000000  127
40141.000000  129
40143.000000  129
40145.000000  131
40147.000000  132
40149.000000  133
40151.000000  134
40153.000000  135
40155.000000  136
40157.000000  137
40159.000000  139
40161.000000  140
40163.000000  141
40165.000000  142
40167.000000  143
40169.000000  144
40171.000000  145
40173.000000  146
40175.000000  147
40177.000000  148
40179.000000  149
40181.000000  151
40183.000000  152
40185.000000  153
40187.000000  154
40189.000000  155
40191.000000  156
40193.000000  157
40195.000000  158
40197.000000  159
40199.000000  161
40201.000000  162
40203.000000  163
40205.000000  164
40207.000000  165
40209.000000  166
40211.000000  167
40213.000000  168
40215.000000  169
40217.000000  171
40219.000000  172
40221.000000  173
40223.000000  174
40225.000000  175
40227.000000  176
40229.000000  177
40231.000000  178
40233.000000  179
40235.000000  181
40237.000000  182
40239.000000  183
40241.000000  184
40243.000000  185
40245.000000  186
40247.000000  187
40249.000000  188
40251.000000  189
40253.000000  191
40255.000000  192
40257.000000  193
40259.000000  194
40261.000000  195
40263.000000  196
40265.000000  197
40267.000000  198
40269.000000  199
40271.000000  201
40273.000000  202
40275.000000  203
40277.000000  204
40279.000000  205
40281.000000  206
40283.000000  207
40285.000000  208
40287.000000  209
40289.000000  211
40291.000000  212
40293.000000  213
40295.000000  214
40297.000000  215
40299.000000  216
40301.000000  217
40303.000000  218
40305.000000  219
40307.000000  221
40309.000000  222
40311.000000  223
40313.000000  224
40315.000000  225
40317.000000  226
40319.000000  227
40321.000000  228
40323.000000  229
40325.000000  231
40327.000000  232
40329.000000  233
40331.000000  234
40333.000000  235
40335.000000  236
40337.000000  237
40339.000000  238
40341.000000  239
40343.000000  241
40345.000000  242
40347.000000  243
40349.000000  244
40351.000000  245
40353.000000  246
40355.000000  247
40357.000000  248
40359.000000  249
40361.000000  251
40363.000000  252
40365.000000  253
40367.000000  254
40369.000000  255
40371.000000  256
40373.000000  257
40375.000000  258
40377.000000  259
40379.000000  261
40381.000000  262
40383.000000  263
40385.000000  264
40387.000000  265
40389.000000  266
40391.000000  267
40393.000000  268
40395.000000  269
40397.000000  271
40399.000000  272
40401.000000  273
40403.000000  274
40405.000000  275
40407.000000  276
40409.000000  277
40411.000000  278
40413.000000  279
40415.000000  281
40417.000000  282
40419.000000  283
40421.000000  284
40423.000000  285
40425.000000  286
40427.000000  287
40429.000000  289
40431.000000  290
40433.000000  291
40435.000000  292
40437.000000  293
40439.000000  294
40441.000000  295
40443.000000  296
40445.000000  297
40447.000000  298
40449.000000  299
40451.000000  301
40453.000000  302
40455.000000  303
40457.000000  304
40459.000000  305
40461.000000  306
40463.000000  307
40465.000000  309
40467.000000  310
40469.000000  311
40471.000000  312
40473.000000  313
40475.000000  314
40477.000000  315
40479.000000  316
40481.000000  317
40483.000000  319
40485.000000  320
40487.000000  321
40489.000000  322
40491.000000  323
40493.000000  324
40495.000000  325
40497.000000  326
40499.000000  327
40501.000000  329
40503.000000  330
40505.000000  331
40507.000000  332
40509.000000  333
40511.000000  334
40513.000000  335
40515.000000  337
40517.000000  338
40519.000000  339
40521.000000  340
40523.000000  341
40525.000000  342
40527.000000  343
40529.000000  344
40531.000000  345
40533.000000  347
40535.000000  348
40537.000000  349
40539.000000  350
40541.000000  351
40543.000000  352
40545.000000  353
40547.000000  354
40549.000000  355
40551.000000  357
40553.000000  358
40555.000000  359
40557.000000  360
40559.000000  361
40561.000000  362
40563.000000  363
40565.000000  364
40567.000000  365
40569.000000  367
40571.000000  368
40573.000000  369
40575.000000  370
40577.000000  371
40579.000000  372
40581.000000  373
40583.000000  375
40585.000000  376
40587.000000  377
40589.000000  378
40591.000000  379
40593.000000  380
40595.000000  381
40597.000000  382
40599.000000  383
40601.000000  385
40603.000000  386
40605.000000  387
40607.000000  388
40609.000000  389
40611.000000  390
40613.000000  391
40615.000000  392
40617.000000  393
40619.000000  395
40621.000000  396
40623.000000  397
40625.000000  398
40627.000000  399
40629.000000  400
40631.000000  401
40633.000000  403
40635.000000  404
40637.000000  405
40639.000000  406
40641.000000  407
40643.000000  408
40645.000000  409
40647.000000  410
40649.000000  411
40651.000000  413
40653.000000  414
40655.000000  415
40657.000000  416
40659.000000  417
40661.000000  418
40663.000000  419
40665.000000  420
40667.000000  421
40669.000000  423
40671.000000  424
40673.000000  425
40675.000000  426
40677.000000  427
40679.000000  428
40681.000000  429
40683.000000  431
40685.000000  432
40687.000000  433
40689.000000  434
40691.000000  435
40693.000000  436
40695.000000  437
40697.000000  438
40699.000000  439
40701.000000  441
40703.000000  442
40705.000000  443
40707.000000  444
40709.000000  445
40711.000000  446
40713.000000  447
40715.000000  449
40717.000000  449
40719.000000  451
40721.000000  452
40723.000000  453
40725.000000  454
40727.000000  455
40729.000000  456
40731.000000  457
40733.000000  459
40735.000000  460
40737.000000  461
40739.000000  462
40741.000000  463
40743.000000  464
40745.000000  465
40747.000000  466
40749.000000  467
40751.000000  469
40753.000000  470
40755.000000  471
40757.000000  472
40759.000000  473
40761.000000  474
40763.000000  475
40765.000000  477
40767.000000  478
40769.000000  479
40771.000000  480
40773.000000  481
40775.000000  482
40777.000000  483
40779.000000  484
40781.000000  485
40783.000000  487
40785.000000  488
40787.000000  489
40789.000000  490
40791.000000  491
40793.000000  492
40795.000000  493
40797.000000  494
40799.000000  495
40801.000000  497
40803.000000  498
40805.000000  499
40807.000000  500
40809.000000  501
40811.000000  502
40813.000000  503
40815.000000  505
40817.000000  506
40819.000000  507
40821.000000  508
40823.000000  509
40825.000000  510
40827.000000  511
40829.000000  512
40831.000000  513
40833.000000  515
40835.000000  516
40837.000000  517
40839.000000  518
40841.000000  519
40843.000000  520
40845.000000  521
40847.000000  522
40849.000000  523
40851.000000  525
40853.000000  526
40855.000000  527
40857.000000  528
40859.000000  529
40861.000000  530
40863.000000  531
40865.000000  532
40867.000000  533
40869.000000  535
40871.000000  536
40873.000000  537
40875.000000  538
40877.000000  539
40879.000000  540
40881.000000  541
40883.000000  543
40885.000000  544
40887.000000  545
40889.000000  546
40891.000000  547
40893.000000  548
40895.000000  549
40897.000000  550
40899.000000  551
40901.000000  553
40903.000000  554
40905.000000  555
40907.000000  556
40909.000000  557
40911.000000  558
40913.000000  559
40915.000000  560
40917.000000  561
40919.000000  563
40921.000000  564
40923.000000  565
40925.000000  566
40927.000000  567
40929.000000  568
40931.000000  569
40933.000000  571
40935.000000  572
40937.000000  573
40939.000000  574
40941.000000  575
40943.000000  576
40945.000000  577
40947.000000  578
40949.000000  579
40951.000000  581
40953.000000  582
40955.000000  583
40957.000000  584
40959.000000  585
40961.000000  586
40963.000000  587
40965.000000  588
40967.000000  589
40969.000000  591
40971.000000  592
40973.000000  593
40975.000000  594
40977.000000  595
40979.000000  596
40981.000000  597
40983.000000  599
40985.000000  600
40987.000000  601
40989.000000  602
40991.000000  603
40993.000000  604
40995.000000  605
40997.000000  606
40999.000000  607
41001.000000  609
41003.000000  610
41005.000000  611
41007.000000  612
41009.000000  613
41011.000000  614
41013.000000  615
41015.000000  616
41017.000000  617
41019.000000  619
41021.000000  620
41023.000000  621
41025.000000  622
41027.000000  623
41029.000000  624
41031.000000  625
41033.000000  627
41035.000000  628
41037.000000  629
41039.000000  630
41041.000000  631
41043.000000  632
41045.000000  633
41047.000000  634
41049.000000  635
41051.000000  637
41053.000000  638
41055.000000  639
41057.000000  640
41059.000000  641
41061.000000  642
41063.000000  643
41065.000000  644
41067.000000  645
41069.000000  647
41071.000000  648
41073.000000  649
41075.000000  650
41077.000000  651
41079.000000  652
41081.000000  653
41083.000000  654
41085.000000  655
41087.000000  657
41089.000000  658
41091.000000  659
41093.000000  660
41095.000000  661
41097.000000  662
41099.000000  663
41101.000000  665
41103.000000  666
41105.000000  667
41107.000000  668
41109.000000  669
41111.000000  670
41113.000000  671
41115.000000  672
41117.000000  673
41119.000000  675
41121.000000  676
41123.000000  677
41125.000000  678
41127.000000  679
41129.000000  680
41131.000000  681
41133.000000  682
41135.000000  684
41137.000000  685
41139.000000  686
41141.000000  687
41143.000000  688
41145.000000  689
41147.000000  690
41149.000000  691
41151.000000  693
41153.000000  694
41155.000000  695
41157.000000  696
41159.000000  697
41161.000000  698
41163.000000  699
41165.000000  701
41167.000000  702
41169.000000  703
41171.000000  704
41173.000000  705
41175.000000  706
41177.000000  707
41179.000000  708
41181.000000  709
41183.000000  711
41185.000000  712
41187.000000  713
41189.000000  714
41191.000000  715
41193.000000  716
41195.000000  717
41197.000000  719
41199.000000  720
41201.000000  721
41203.000000  722
41205.000000  723
41207.000000  724
41209.000000  725
41211.000000  726
41213.000000  727
41215.000000  729
41217.000000  730
41219.000000  731
41221.000000  732
41223.000000  733
41225.000000  734
41227.000000  735
41229.000000  737
41231.000000  738
41233.000000  739
41235.000000  740
41237.000000  741
41239.000000  742
41241.000000  743
41243.000000  744
41245.000000  745
41247.000000  747
41249.000000  748
41251.000000  749
41253.000000  750
41255.000000  751
41257.000000  752
41259.000000  753
41261.000000  754
41263.000000  755
41265.000000  757
41267.000000  758
41269.000000  759
41271.000000  760
41273.000000  761
41275.000000  762
41277.000000  763
41279.000000  765
41281.000000  766
41283.000000  767
41285.000000  768
41287.000000  769
41289.000000  770
41291.000000  771
41293.000000  772
41295.000000  773
41297.000000  775
41299.000000  776
41301.000000  777
41303.000000  778
41305.000000  779
41307.000000  780
41309.000000  781
41311.000000  783
41313.000000  784
41315.000000  785
41317.000000  786
41319.000000  787
41321.000000  788
41323.000000  789
41325.000000  791
41327.000000  792
41329.000000  793
41331.000000  794
41333.000000  795
41335.000000  796
41337.000000  797
41339.000000  798
41341.000000  799
41343.000000  801
41345.000000  802
41347.000000  803
41349.000000  804
41351.000000  805
41353.000000  806
41355.000000  807
41357.000000  809
41359.000000  809
41361.000000  811
41363.000000  812
41365.000000  813
41367.000000  814
41369.000000  815
41371.000000  816
41373.000000  817
41375.000000  819
41377.000000  820
41379.000000  821
41381.000000  822
41383.000000  823
41385.000000  824
41387.000000  825
41389.000000  826
41391.000000  827
41393.000000  829
41395.000000  830
41397.000000  831
41399.000000  832
41401.000000  833
41403.000000  834
41405.000000  835
41407.000000  837
41409.000000  838
41411.000000  839
41413.000000  840
41415.000000  841
41417.000000  842
41419.000000  843
41421.000000  844
41423.000000  845
41425.000000  847
41427.000000  848
41429.000000  849
41431.000000  850
41433.000000  851
41435.000000  852
41437.000000  853
41439.000000  855
41441.000000  856
41443.000000  857
41445.000000  858
41447.000000  859
41449.000000  860
41451.000000  861
41453.000000  862
41455.000000  863
41457.000000  865
41459.000000  866
41461.000000  867
41463.000000  868
41465.000000  869
41467.000000  870
41469.000000  871
41471.000000  872
41473.000000  873
41475.000000  875
41477.000000  876
41479.000000  877
41481.000000  878
41483.000000  879
41485.000000  880
41487.000000  881
41489.000000  883
41491.000000  884
41493.000000  885
41495.000000  886
41497.000000  887
41499.000000  888
41501.000000  889
41503.000000  891
41505.000000  892
41507.000000  893
41509.000000  894
41511.000000  895
41513.000000  896
41515.000000  897
41517.000000  898
41519.000000  899
41521.000000  901
41523.000000  902
41525.000000  903
41527.000000  904
41529.000000  905
41531.000000  906
41533.000000  907
41535.000000  909
41537.000000  910
41539.000000  911
41541.000000  912
41543.000000  913
41545.000000  914
41547.000000  915
41549.000000  916
41551.000000  917
41553.000000  919
41555.000000  920
41557.000000  921
41559.000000  922
41561.000000  923
41563.000000  924
41565.000000  925
41567.000000  926
41569.000000  927
41571.000000  929
41573.000000  930
41575.000000  931
41577.000000  932
41579.000000  933
41581.000000  934
41583.000000  935
41585.000000  937
41587.000000  938
41589.000000  939
41591.000000  940
41593.000000  941
41595.000000  942
41597.000000  943
41599.000000  944
41601.000000  945
41603.000000  947
41605.000000  948
41607.000000  949
41609.000000  950
41611.000000  951
41613.000000  952
41615.000000  953
41617.000000  955
41619.000000  956
41621.000000  957
41623.000000  958
41625.000000  959
41627.000000  960
41629.000000  961
41631.000000  962
41633.000000  963
41635.000000  965
41637.000000  966
41639.000000  967
41641.000000  968
41643.000000  969
41645.000000  970
41647.000000  971
41649.000000  972
41651.000000  973
41653.000000  975
41655.000000  976
41657.000000  977
41659.000000  978
41661.000000  979
41663.000000  980
41665.000000  981
41667.000000  983
41669.000000  984
41671.000000  985
41673.000000  986
41675.000000  987
41677.000000  988
41679.000000  989
41681.000000  990
41683.000000  991
41685.000000  993
41687.000000  994
41689.000000  995
41691.000000  996
41693.000000  997
41695.000000  998
41697.000000  999
41699.000000  1001
41701.000000  1002
41703.000000  1003
41705.000000  1004
41707.000000  1005
41709.000000  1006
41711.000000  1007
41713.000000  1009
41715.000000  1010
41717.000000  1011
41719.000000  1012
41721.000000  1013
41723.000000  1014
41725.000000  1015
41727.000000  1016
41729.000000  1017
41731.000000  1019
41733.000000  1020
41735.000000  1021
41737.000000  1022
41739.000000  1023
41741.000000  1024
41743.000000  1025
41745.000000  1026
41747.000000  1027
41749.000000  1029
41751.000000  1030
41753.000000  1031
41755.000000  1032
41757.000000  1033
41759.000000  1034
41761.000000  1035
41763.000000  1037
41765.000000  1038
41767.000000  1039
41769.000000  1040
41771.000000  1041
41773.000000  1042
41775.000000  1043
41777.000000  1044
41779.000000  1045
41781.000000  1047
41783.000000  1048
41785.000000  1049
41787.000000  1050
41789.000000  1051
41791.000000  1052
41793.000000  1053
41795.000000  1055
41797.000000  1056
41799.000000  1057
41801.000000  1058
41803.000000  1059
41805.000000  1060
41807.000000  1061
41809.000000  1062
41811.000000  1063
41813.000000  1065
41815.000000  1066
41817.000000  1067
41819.000000  1068
41821.000000  1069
41823.000000  1070
41825.000000  1071
41827.000000  1073
41829.000000  1074
41831.000000  1075
41833.000000  1076
41835.000000  1077
41837.000000  1078
41839.000000  1079
41841.000000  1081
41843.000000  1082
41845.000000  1083
41847.000000  1084
41849.000000  1085
41851.000000  1086
41853.000000  1087
41855.000000  1088
41857.000000  1089
41859.000000  1091
41861.000000  1092
41863.000000  1093
41865.000000  1094
41867.000000  1095
41869.000000  1096
41871.000000  1097
41873.000000  1099
41875.000000  1100
41877.000000  1101
41879.000000  1102
41881.000000  1103
41883.000000  1104
41885.000000  1105
41887.000000  1106
41889.000000  1107
41891.000000  1109
41893.000000  1110
41895.000000  1111
41897.000000  1112
41899.000000  1113
41901.000000  1114
41903.000000  1115
41905.000000  1116
41907.000000  1118
41909.000000  1119
41911.000000  1120
41913.000000  1121
41915.000000  1122
41917.000000  1123
41919.000000  1124
41921.000000  1125
41923.000000  1127
41925.000000  1128
41927.000000  1129
41929.000000  1130
41931.000000  1131
41933.000000  1132
41935.000000  1133
41937.000000  1135
41939.000000  1136
41941.000000  1137
41943.000000  1138
41945.000000  1139
41947.000000  1140
41949.000000  1141
41951.000000  1142
41953.000000  1143
41955.000000  1145
41957.000000  1146
41959.000000  1147
41961.000000  1148
41963.000000  1149
41965.000000  1150
41967.000000  1151
41969.000000  1153
41971.000000  1154
