29551.000000  63
33471.000000  94
33473.000000  94
33475.000000  94
33477.000000  94
33479.000000  95
33481.000000  95
33483.000000  95
33485.000000  95
33487.000000  95
33489.000000  95
33491.000000  95
33493.000000  96
33495.000000  96
33497.000000  96
33499.000000  96
33501.000000  96
33503.000000  96
33505.000000  97
33507.000000  97
33509.000000  97
33511.000000  97
33513.000000  97
33515.000000  97
33517.000000  97
33519.000000  97
33521.000000  98
33523.000000  98
33525.000000  98
33527.000000  98
33529.000000  98
33531.000000  98
33533.000000  99
33535.000000  99
33537.000000  99
33539.000000  99
33541.000000  99
33543.000000  99
33545.000000  99
33547.000000  100
33549.000000  100
33551.000000  100
33553.000000  100
33555.000000  100
33557.000000  100
33559.000000  101
33561.000000  101
33563.000000  101
33565.000000  101
33567.000000  101
33569.000000  101
33571.000000  102
33573.000000  102
33575.000000  102
33577.000000  102
33579.000000  102
33581.000000  102
33583.000000  103
33585.000000  103
33587.000000  103
33589.000000  103
33591.000000  103
33593.000000  103
33595.000000  103
33597.000000  104
33599.000000  104
33601.000000  104
33603.000000  104
33605.000000  104
33607.000000  104
33609.000000  105
33611.000000  105
33613.000000  105
33615.000000  105
33617.000000  105
33619.000000  105
33621.000000  105
33623.000000  106
33625.000000  106
33627.000000  106
33629.000000  106
33631.000000  106
33633.000000  107
33635.000000  107
33637.000000  107
33639.000000  107
33641.000000  107
33643.000000  107
33645.000000  107
33647.000000  108
33649.000000  108
33651.000000  108
33653.000000  108
33655.000000  108
33657.000000  108
33659.000000  109
33661.000000  109
33663.000000  109
33665.000000  109
33667.000000  109
33669.000000  109
33671.000000  109
33673.000000  110
33675.000000  110
33677.000000  110
33679.000000  110
33681.000000  110
33683.000000  110
33685.000000  111
33687.000000  111
33689.000000  111
33691.000000  111
33693.000000  111
33695.000000  111
33697.000000  111
33699.000000  112
33701.000000  112
33703.000000  112
33705.000000  112
33707.000000  112
33709.000000  112
33711.000000  112
33713.000000  113
33715.000000  113
33717.000000  113
33719.000000  113
33721.000000  113
33723.000000  113
33725.000000  113
33727.000000  114
33729.000000  114
33731.000000  114
33733.000000  114
33735.000000  114
33737.000000  114
33739.000000  115
33741.000000  115
33743.000000  115
33745.000000  115
33747.000000  115
33749.000000  115
33751.000000  115
33753.000000  116
33755.000000  116
33757.000000  116
33759.000000  116
33761.000000  116
33763.000000  116
33765.000000  117
33767.000000  117
33769.000000  117
33771.000000  117
33773.000000  117
33775.000000  117
33777.000000  117
33779.000000  118
33781.000000  118
33783.000000  118
33785.000000  118
33787.000000  118
33789.000000  119
33791.000000  119
33793.000000  119
33795.000000  119
33797.000000  119
33799.000000  119
33801.000000  119
33803.000000  119
33805.000000  120
33807.000000  120
33809.000000  120
33811.000000  120
33813.000000  120
33815.000000  121
33817.000000  121
33819.000000  121
33821.000000  121
33823.000000  121
33825.000000  121
33827.000000  121
33829.000000  121
33831.000000  122
33833.000000  122
33835.000000  122
33837.000000  122
33839.000000  122
33841.000000  123
33843.000000  123
33845.000000  123
33847.000000  123
33849.000000  123
33851.000000  123
33853.000000  123
33855.000000  123
33857.000000  124
33859.000000  124
33861.000000  124
33863.000000  124
33865.000000  124
33867.000000  125
33869.000000  125
33871.000000  125
33873.000000  125
33875.000000  125
33877.000000  125
33879.000000  125
33881.000000  126
33883.000000  126
33885.000000  126
33887.000000  126
33889.000000  126
33891.000000  126
33893.000000  127
33895.000000  127
33897.000000  127
33899.000000  127
33901.000000  127
33903.000000  127
33905.000000  127
33907.000000  128
33909.000000  128
33911.000000  128
33913.000000  128
33915.000000  128
33917.000000  129
33919.000000  129
33921.000000  129
33923.000000  129
33925.000000  129
33927.000000  129
33929.000000  129
33931.000000  130
33933.000000  130
33935.000000  130
33937.000000  130
33939.000000  130
33941.000000  130
33943.000000  131
33945.000000  131
33947.000000  131
33949.000000  131
33951.000000  131
33953.000000  131
33955.000000  132
33957.000000  132
33959.000000  132
33961.000000  132
33963.000000  132
33965.000000  132
33967.000000  133
33969.000000  133
33971.000000  133
33973.000000  133
33975.000000  133
33977.000000  133
33979.000000  133
33981.000000  134
33983.000000  134
33985.000000  134
33987.000000  134
33989.000000  134
33991.000000  134
33993.000000  135
33995.000000  135
33997.000000  135
33999.000000  135
34001.000000  135
34003.000000  135
34005.000000  135
34007.000000  136
34009.000000  136
34011.000000  136
34013.000000  136
34015.000000  136
34017.000000  136
34019.000000  136
34021.000000  137
34023.000000  137
34025.000000  137
34027.000000  137
34029.000000  137
34031.000000  137
34033.000000  137
34035.000000  138
34037.000000  138
34039.000000  138
34041.000000  138
34043.000000  138
34045.000000  138
34047.000000  138
34049.000000  139
34051.000000  139
34053.000000  139
34055.000000  139
34057.000000  139
34059.000000  139
34061.000000  139
34063.000000  140
34065.000000  140
34067.000000  140
34069.000000  140
34071.000000  140
34073.000000  140
34075.000000  141
34077.000000  141
34079.000000  141
34081.000000  141
34083.000000  141
34085.000000  141
34087.000000  141
34089.000000  141
34091.000000  142
34093.000000  142
34095.000000  142
34097.000000  142
34099.000000  142
34101.000000  143
34103.000000  143
34105.000000  143
34107.000000  143
34109.000000  143
34111.000000  143
34113.000000  143
34115.000000  143
34117.000000  144
34119.000000  144
34121.000000  144
34123.000000  144
34125.000000  144
34127.000000  144
34129.000000  145
34131.000000  145
34133.000000  145
34135.000000  145
34137.000000  145
34139.000000  145
34141.000000  145
34143.000000  146
34145.000000  146
34147.000000  146
34149.000000  146
34151.000000  146
34153.000000  146
34155.000000  147
34157.000000  147
34159.000000  147
34161.000000  147
34163.000000  147
34165.000000  147
34167.000000  147
34169.000000  148
34171.000000  148
34173.000000  148
34175.000000  148
34177.000000  148
34179.000000  149
34181.000000  149
34183.000000  149
34185.000000  149
34187.000000  149
34189.000000  149
34191.000000  149
34193.000000  150
34195.000000  150
34197.000000  150
34199.000000  150
34201.000000  150
34203.000000  150
34205.000000  151
34207.000000  151
34209.000000  151
34211.000000  151
34213.000000  151
34215.000000  151
34217.000000  151
34219.000000  152
34221.000000  152
34223.000000  152
34225.000000  152
34227.000000  152
34229.000000  152
34231.000000  153
34233.000000  153
34235.000000  153
34237.000000  153
34239.000000  153
34241.000000  153
34243.000000  154
34245.000000  154
34247.000000  154
34249.000000  154
34251.000000  154
34253.000000  154
34255.000000  155
34257.000000  155
34259.000000  155
34261.000000  155
34263.000000  155
34265.000000  155
34267.000000  155
34269.000000  156
34271.000000  156
34273.000000  156
34275.000000  156
34277.000000  156
34279.000000  157
34281.000000  157
34283.000000  157
34285.000000  157
34287.000000  157
34289.000000  157
34291.000000  157
34293.000000  158
34295.000000  158
34297.000000  158
34299.000000  158
34301.000000  158
34303.000000  158
34305.000000  159
34307.000000  159
34309.000000  159
34311.000000  159
34313.000000  159
34315.000000  159
34317.000000  159
34319.000000  160
34321.000000  160
34323.000000  160
34325.000000  160
34327.000000  160
34329.000000  161
34331.000000  161
34333.000000  161
34335.000000  161
34337.000000  161
34339.000000  161
34341.000000  161
34343.000000  162
34345.000000  162
34347.000000  162
34349.000000  162
34351.000000  162
34353.000000  162
34355.000000  163
34357.000000  163
34359.000000  163
34361.000000  163
34363.000000  163
34365.000000  163
34367.000000  163
34369.000000  164
34371.000000  164
34373.000000  164
34375.000000  164
34377.000000  164
34379.000000  165
34381.000000  165
34383.000000  165
34385.000000  165
34387.000000  165
34389.000000  165
34391.000000  165
34393.000000  166
34395.000000  166
34397.000000  166
34399.000000  166
34401.000000  166
34403.000000  166
34405.000000  167
34407.000000  167
34409.000000  167
34411.000000  167
34413.000000  167
34415.000000  167
34417.000000  167
34419.000000  168
34421.000000  168
34423.000000  168
34425.000000  168
34427.000000  168
34429.000000  168
34431.000000  169
34433.000000  169
34435.000000  169
34437.000000  169
34439.000000  169
34441.000000  169
34443.000000  169
34445.000000  170
34447.000000  170
34449.000000  170
34451.000000  170
34453.000000  170
34455.000000  170
34457.000000  171
34459.000000  171
34461.000000  171
34463.000000  171
34465.000000  171
34467.000000  171
34469.000000  171
34471.000000  172
34473.000000  172
34475.000000  172
34477.000000  172
34479.000000  172
34481.000000  173
34483.000000  173
34485.000000  173
34487.000000  173
34489.000000  173
34491.000000  173
34493.000000  173
34495.000000  174
34497.000000  174
34499.000000  174
34501.000000  174
34503.000000  174
34505.000000  174
34507.000000  175
34509.000000  175
34511.000000  175
34513.000000  175
34515.000000  175
34517.000000  175
34519.000000  175
34521.000000  176
34523.000000  176
34525.000000  176
34527.000000  176
34529.000000  176
34531.000000  177
34533.000000  177
34535.000000  177
34537.000000  177
34539.000000  177
34541.000000  177
34543.000000  177
34545.000000  178
34547.000000  178
34549.000000  178
34551.000000  178
34553.000000  178
34555.000000  178
34557.000000  179
34559.000000  179
34561.000000  179
34563.000000  179
34565.000000  179
34567.000000  179
34569.000000  179
34571.000000  180
34573.000000  180
34575.000000  180
34577.000000  180
34579.000000  180
34581.000000  181
34583.000000  181
34585.000000  181
34587.000000  181
34589.000000  181
34591.000000  181
34593.000000  181
34595.000000  182
34597.000000  182
34599.000000  182
34601.000000  182
34603.000000  182
34605.000000  182
34607.000000  183
34609.000000  183
34611.000000  183
34613.000000  183
34615.000000  183
34617.000000  183
34619.000000  183
34621.000000  184
34623.000000  184
34625.000000  184
34627.000000  184
34629.000000  184
34631.000000  185
34633.000000  185
34635.000000  185
34637.000000  185
34639.000000  185
34641.000000  185
34643.000000  185
34645.000000  186
34647.000000  186
34649.000000  186
34651.000000  186
34653.000000  186
34655.000000  187
34657.000000  187
34659.000000  187
34661.000000  187
34663.000000  187
34665.000000  187
34667.000000  187
34669.000000  188
34671.000000  188
34673.000000  188
34675.000000  188
34677.000000  188
34679.000000  188
34681.000000  189
34683.000000  189
34685.000000  189
34687.000000  189
34689.000000  189
34691.000000  189
34693.000000  189
34695.000000  190
34697.000000  190
34699.000000  190
34701.000000  190
34703.000000  190
34705.000000  190
34707.000000  191
34709.000000  191
34711.000000  191
34713.000000  191
34715.000000  191
34717.000000  191
34719.000000  191
34721.000000  192
34723.000000  192
34725.000000  192
34727.000000  192
34729.000000  192
34731.000000  193
34733.000000  193
34735.000000  193
34737.000000  193
34739.000000  193
34741.000000  193
34743.000000  193
34745.000000  193
34747.000000  194
34749.000000  194
34751.000000  194
34753.000000  194
34755.000000  194
34757.000000  195
34759.000000  195
34761.000000  195
34763.000000  195
34765.000000  195
34767.000000  195
34769.000000  195
34771.000000  196
34773.000000  196
34775.000000  196
34777.000000  196
34779.000000  196
34781.000000  196
34783.000000  197
34785.000000  197
34787.000000  197
34789.000000  197
34791.000000  197
34793.000000  197
34795.000000  197
34797.000000  198
34799.000000  198
34801.000000  198
34803.000000  198
34805.000000  198
34807.000000  198
34809.000000  199
34811.000000  199
34813.000000  199
34815.000000  199
34817.000000  199
34819.000000  199
34821.000000  199
34823.000000  200
34825.000000  200
34827.000000  200
34829.000000  200
34831.000000  200
34833.000000  200
34835.000000  201
34837.000000  201
34839.000000  201
34841.000000  201
34843.000000  201
34845.000000  201
34847.000000  201
34849.000000  202
34851.000000  202
34853.000000  202
34855.000000  202
34857.000000  202
34859.000000  202
34861.000000  203
34863.000000  203
34865.000000  203
34867.000000  203
34869.000000  203
34871.000000  203
34873.000000  203
34875.000000  203
34877.000000  204
34879.000000  204
34881.000000  204
34883.000000  204
34885.000000  204
34887.000000  204
34889.000000  205
34891.000000  205
34893.000000  205
34895.000000  205
34897.000000  205
34899.000000  205
34901.000000  205
34903.000000  206
34905.000000  206
34907.000000  206
34909.000000  206
34911.000000  206
34913.000000  207
34915.000000  207
34917.000000  207
34919.000000  207
34921.000000  207
34923.000000  207
34925.000000  207
34927.000000  208
34929.000000  208
34931.000000  208
34933.000000  208
34935.000000  208
34937.000000  208
34939.000000  209
34941.000000  209
34943.000000  209
34945.000000  209
34947.000000  209
34949.000000  209
34951.000000  209
34953.000000  210
34955.000000  210
34957.000000  210
34959.000000  210
34961.000000  210
34963.000000  210
34965.000000  211
34967.000000  211
34969.000000  211
34971.000000  211
34973.000000  211
34975.000000  211
34977.000000  211
34979.000000  212
34981.000000  212
34983.000000  212
34985.000000  212
34987.000000  212
34989.000000  213
34991.000000  213
34993.000000  213
34995.000000  213
34997.000000  213
34999.000000  213
35001.000000  213
35003.000000  214
35005.000000  214
35007.000000  214
35009.000000  214
35011.000000  214
35013.000000  214
35015.000000  215
35017.000000  215
35019.000000  215
35021.000000  215
35023.000000  215
35025.000000  215
35027.000000  215
35029.000000  216
35031.000000  216
35033.000000  216
35035.000000  216
35037.000000  216
35039.000000  217
35041.000000  217
35043.000000  217
35045.000000  217
35047.000000  217
35049.000000  217
35051.000000  217
35053.000000  217
35055.000000  218
35057.000000  218
35059.000000  218
35061.000000  218
35063.000000  218
35065.000000  219
35067.000000  219
35069.000000  219
35071.000000  219
35073.000000  219
35075.000000  219
35077.000000  219
35079.000000  219
35081.000000  220
35083.000000  220
35085.000000  220
35087.000000  220
35089.000000  220
35091.000000  221
35093.000000  221
35095.000000  221
35097.000000  221
35099.000000  221
35101.000000  221
35103.000000  221
35105.000000  222
35107.000000  222
35109.000000  222
35111.000000  222
35113.000000  222
35115.000000  222
35117.000000  223
35119.000000  223
35121.000000  223
35123.000000  223
35125.000000  223
35127.000000  223
35129.000000  223
35131.000000  224
35133.000000  224
35135.000000  224
35137.000000  224
35139.000000  224
35141.000000  224
35143.000000  225
35145.000000  225
35147.000000  225
35149.000000  225
35151.000000  225
35153.000000  225
35155.000000  225
35157.000000  226
35159.000000  226
35161.000000  226
35163.000000  226
35165.000000  226
35167.000000  226
35169.000000  227
35171.000000  227
35173.000000  227
35175.000000  227
35177.000000  227
35179.000000  227
35181.000000  227
35183.000000  227
35185.000000  228
35187.000000  228
35189.000000  228
35191.000000  228
35193.000000  228
35195.000000  228
35197.000000  228
35199.000000  229
35201.000000  229
35203.000000  229
35205.000000  229
35207.000000  229
35209.000000  229
35211.000000  229
35213.000000  230
35215.000000  230
35217.000000  230
35219.000000  230
35221.000000  230
35223.000000  230
35225.000000  231
35227.000000  231
35229.000000  231
35231.000000  231
35233.000000  231
35235.000000  231
35237.000000  231
35239.000000  232
35241.000000  232
35243.000000  232
35245.000000  232
35247.000000  232
35249.000000  232
35251.000000  233
35253.000000  233
35255.000000  233
35257.000000  233
35259.000000  233
35261.000000  233
35263.000000  233
35265.000000  234
35267.000000  234
35269.000000  234
35271.000000  234
35273.000000  234
35275.000000  234
35277.000000  235
35279.000000  235
35281.000000  235
35283.000000  235
35285.000000  235
35287.000000  235
35289.000000  235
35291.000000  236
35293.000000  236
35295.000000  236
35297.000000  236
35299.000000  236
35301.000000  236
35303.000000  237
35305.000000  237
35307.000000  237
35309.000000  237
35311.000000  237
35313.000000  237
35315.000000  237
35317.000000  238
35319.000000  238
35321.000000  238
35323.000000  238
35325.000000  238
35327.000000  239
35329.000000  239
35331.000000  239
35333.000000  239
35335.000000  239
35337.000000  239
35339.000000  239
35341.000000  240
35343.000000  240
35345.000000  240
35347.000000  240
35349.000000  240
35351.000000  240
35353.000000  241
35355.000000  241
35357.000000  241
35359.000000  241
35361.000000  241
35363.000000  241
35365.000000  241
35367.000000  242
35369.000000  242
35371.000000  242
35373.000000  242
35375.000000  242
35377.000000  242
35379.000000  243
35381.000000  243
35383.000000  243
35385.000000  243
35387.000000  243
35389.000000  243
35391.000000  243
35393.000000  244
35395.000000  244
35397.000000  244
35399.000000  244
35401.000000  244
35403.000000  244
35405.000000  245
35407.000000  245
35409.000000  245
35411.000000  245
35413.000000  245
35415.000000  245
35417.000000  245
35419.000000  246
35421.000000  246
35423.000000  246
35425.000000  246
35427.000000  246
35429.000000  247
35431.000000  247
35433.000000  247
35435.000000  247
35437.000000  247
35439.000000  247
35441.000000  247
35443.000000  248
35445.000000  248
35447.000000  248
35449.000000  248
35451.000000  248
35453.000000  248
35455.000000  249
35457.000000  249
35459.000000  249
35461.000000  249
35463.000000  249
35465.000000  249
35467.000000  249
