58669.000000  1882
58669.000000  1882
58669.000000  1882
58669.000000  1882
62083.000000  2780
62085.000000  2780
62087.000000  2781
62089.000000  2781
62091.000000  2782
62093.000000  2783
62095.000000  2783
62097.000000  2784
62099.000000  2784
62101.000000  2785
62103.000000  2785
62105.000000  2786
62107.000000  2787
62109.000000  2787
62111.000000  2788
62113.000000  2788
62115.000000  2789
62117.000000  2789
62119.000000  2790
62121.000000  2791
62123.000000  2791
62125.000000  2792
62127.000000  2792
62129.000000  2793
62131.000000  2794
62133.000000  2794
62135.000000  2795
62137.000000  2795
62139.000000  2796
62141.000000  2797
62143.000000  2797
62145.000000  2798
62147.000000  2799
62149.000000  2799
62151.000000  2800
62153.000000  2800
62155.000000  2801
62157.000000  2801
62159.000000  2802
62161.000000  2803
62163.000000  2803
62165.000000  2804
62167.000000  2805
62169.000000  2805
62171.000000  2806
62173.000000  2806
62175.000000  2807
62177.000000  2807
62179.000000  2808
62181.000000  2809
62183.000000  2809
62185.000000  2810
62187.000000  2811
62189.000000  2811
62191.000000  2812
62193.000000  2812
62195.000000  2813
62197.000000  2813
62199.000000  2814
62201.000000  2815
62203.000000  2815
62205.000000  2816
62207.000000  2817
62209.000000  2817
62211.000000  2818
62213.000000  2818
62215.000000  2819
62217.000000  2820
62219.000000  2820
62221.000000  2821
62223.000000  2821
62225.000000  2822
62227.000000  2823
62229.000000  2823
62231.000000  2824
62233.000000  2825
62235.000000  2825
62237.000000  2826
62239.000000  2826
62241.000000  2827
62243.000000  2828
62245.000000  2828
62247.000000  2829
62249.000000  2829
62251.000000  2830
62253.000000  2831
62255.000000  2831
62257.000000  2832
62259.000000  2832
62261.000000  2833
62263.000000  2834
62265.000000  2834
62267.000000  2835
62269.000000  2835
62271.000000  2836
62273.000000  2837
62275.000000  2837
62277.000000  2838
62279.000000  2839
62281.000000  2839
62283.000000  2840
62285.000000  2840
62287.000000  2841
62289.000000  2841
62291.000000  2842
62293.000000  2843
62295.000000  2843
62297.000000  2844
62299.000000  2845
62301.000000  2845
62303.000000  2846
62305.000000  2847
62307.000000  2847
62309.000000  2848
62311.000000  2848
62313.000000  2849
62315.000000  2849
62317.000000  2850
62319.000000  2851
62321.000000  2851
62323.000000  2852
62325.000000  2853
62327.000000  2853
62329.000000  2854
62331.000000  2854
62333.000000  2855
62335.000000  2856
62337.000000  2856
62339.000000  2857
62341.000000  2857
62343.000000  2858
62345.000000  2859
62347.000000  2859
62349.000000  2860
62351.000000  2861
62353.000000  2861
62355.000000  2862
62357.000000  2862
62359.000000  2863
62361.000000  2864
62363.000000  2864
62365.000000  2865
62367.000000  2865
62369.000000  2866
62371.000000  2867
62373.000000  2867
62375.000000  2868
62377.000000  2869
62379.000000  2869
62381.000000  2870
62383.000000  2870
62385.000000  2871
62387.000000  2872
62389.000000  2872
62391.000000  2873
62393.000000  2873
62395.000000  2874
62397.000000  2875
62399.000000  2875
62401.000000  2876
62403.000000  2877
62405.000000  2877
62407.000000  2878
62409.000000  2878
62411.000000  2879
62413.000000  2880
62415.000000  2880
62417.000000  2881
62419.000000  2881
62421.000000  2882
62423.000000  2883
62425.000000  2883
62427.000000  2884
62429.000000  2885
62431.000000  2885
62433.000000  2886
62435.000000  2886
62437.000000  2887
62439.000000  2888
62441.000000  2888
62443.000000  2889
62445.000000  2889
62447.000000  2890
62449.000000  2891
62451.000000  2891
62453.000000  2892
62455.000000  2893
62457.000000  2893
62459.000000  2894
62461.000000  2894
62463.000000  2895
62465.000000  2896
62467.000000  2896
62469.000000  2897
62471.000000  2897
62473.000000  2898
62475.000000  2899
62477.000000  2899
62479.000000  2900
62481.000000  2901
62483.000000  2901
62485.000000  2902
62487.000000  2902
62489.000000  2903
62491.000000  2904
62493.000000  2904
62495.000000  2905
62497.000000  2905
62499.000000  2906
62501.000000  2907
62503.000000  2907
62505.000000  2908
62507.000000  2909
62509.000000  2909
62511.000000  2910
62513.000000  2910
62515.000000  2911
62517.000000  2911
62519.000000  2912
62521.000000  2913
62523.000000  2913
62525.000000  2914
62527.000000  2915
62529.000000  2915
62531.000000  2916
62533.000000  2917
62535.000000  2917
62537.000000  2918
62539.000000  2918
62541.000000  2919
62543.000000  2920
62545.000000  2920
62547.000000  2921
62549.000000  2921
62551.000000  2922
62553.000000  2923
62555.000000  2923
62557.000000  2924
62559.000000  2925
62561.000000  2925
62563.000000  2926
62565.000000  2926
62567.000000  2927
62569.000000  2927
62571.000000  2928
62573.000000  2929
62575.000000  2929
62577.000000  2930
62579.000000  2931
62581.000000  2931
62583.000000  2932
62585.000000  2932
62587.000000  2933
62589.000000  2933
62591.000000  2934
62593.000000  2935
62595.000000  2935
62597.000000  2936
62599.000000  2937
62601.000000  2937
62603.000000  2938
62605.000000  2939
62607.000000  2939
62609.000000  2940
62611.000000  2940
62613.000000  2941
62615.000000  2941
62617.000000  2942
62619.000000  2943
62621.000000  2943
62623.000000  2944
62625.000000  2945
62627.000000  2945
62629.000000  2946
62631.000000  2947
62633.000000  2947
62635.000000  2948
62637.000000  2948
62639.000000  2949
62641.000000  2950
62643.000000  2950
62645.000000  2951
62647.000000  2951
62649.000000  2952
62651.000000  2953
62653.000000  2953
62655.000000  2954
62657.000000  2954
62659.000000  2955
62661.000000  2956
62663.000000  2956
62665.000000  2957
62667.000000  2957
62669.000000  2958
62671.000000  2959
62673.000000  2959
62675.000000  2960
62677.000000  2961
62679.000000  2961
62681.000000  2962
62683.000000  2962
62685.000000  2963
62687.000000  2964
62689.000000  2964
62691.000000  2965
62693.000000  2965
62695.000000  2966
62697.000000  2967
62699.000000  2967
62701.000000  2968
62703.000000  2969
62705.000000  2969
62707.000000  2970
62709.000000  2971
62711.000000  2971
62713.000000  2972
62715.000000  2972
62717.000000  2973
62719.000000  2973
62721.000000  2974
62723.000000  2975
62725.000000  2975
62727.000000  2976
62729.000000  2977
62731.000000  2977
62733.000000  2978
62735.000000  2978
62737.000000  2979
62739.000000  2980
62741.000000  2980
62743.000000  2981
62745.000000  2981
62747.000000  2982
62749.000000  2983
62751.000000  2983
62753.000000  2984
62755.000000  2985
62757.000000  2985
62759.000000  2986
62761.000000  2987
62763.000000  2987
62765.000000  2988
62767.000000  2988
62769.000000  2989
62771.000000  2989
62773.000000  2990
62775.000000  2991
62777.000000  2991
62779.000000  2992
62781.000000  2993
62783.000000  2993
62785.000000  2994
62787.000000  2995
62789.000000  2995
62791.000000  2996
62793.000000  2996
62795.000000  2997
62797.000000  2997
62799.000000  2998
62801.000000  2999
62803.000000  2999
62805.000000  3000
62807.000000  3001
62809.000000  3001
62811.000000  3002
62813.000000  3002
62815.000000  3003
62817.000000  3004
62819.000000  3004
62821.000000  3005
62823.000000  3005
62825.000000  3006
62827.000000  3007
62829.000000  3007
62831.000000  3008
62833.000000  3009
62835.000000  3009
62837.000000  3010
62839.000000  3010
62841.000000  3011
62843.000000  3012
62845.000000  3012
62847.000000  3013
62849.000000  3013
62851.000000  3014
62853.000000  3015
62855.000000  3015
62857.000000  3016
62859.000000  3017
62861.000000  3017
62863.000000  3018
62865.000000  3018
62867.000000  3019
62869.000000  3020
62871.000000  3020
62873.000000  3021
62875.000000  3021
62877.000000  3022
62879.000000  3023
62881.000000  3023
62883.000000  3024
62885.000000  3025
62887.000000  3025
62889.000000  3026
62891.000000  3026
62893.000000  3027
62895.000000  3027
62897.000000  3028
62899.000000  3029
62901.000000  3029
62903.000000  3030
62905.000000  3031
62907.000000  3031
62909.000000  3032
62911.000000  3032
62913.000000  3033
62915.000000  3034
62917.000000  3034
62919.000000  3035
62921.000000  3035
62923.000000  3036
62925.000000  3037
62927.000000  3037
62929.000000  3038
62931.000000  3039
62933.000000  3039
62935.000000  3040
62937.000000  3040
62939.000000  3041
62941.000000  3042
62943.000000  3042
62945.000000  3043
62947.000000  3043
62949.000000  3044
62951.000000  3045
62953.000000  3045
62955.000000  3046
62957.000000  3047
62959.000000  3047
62961.000000  3048
62963.000000  3048
62965.000000  3049
62967.000000  3050
62969.000000  3050
62971.000000  3051
62973.000000  3051
62975.000000  3052
62977.000000  3053
62979.000000  3053
62981.000000  3054
62983.000000  3055
62985.000000  3055
62987.000000  3056
62989.000000  3056
62991.000000  3057
62993.000000  3058
62995.000000  3058
62997.000000  3059
62999.000000  3059
63001.000000  3060
63003.000000  3061
63005.000000  3061
63007.000000  3062
63009.000000  3063
63011.000000  3063
63013.000000  3064
63015.000000  3064
63017.000000  3065
63019.000000  3066
63021.000000  3066
63023.000000  3067
63025.000000  3067
63027.000000  3068
63029.000000  3069
63031.000000  3069
63033.000000  3070
63035.000000  3071
63037.000000  3071
63039.000000  3072
63041.000000  3072
63043.000000  3073
63045.000000  3074
63047.000000  3074
63049.000000  3075
63051.000000  3075
63053.000000  3076
63055.000000  3077
63057.000000  3077
63059.000000  3078
63061.000000  3079
63063.000000  3079
63065.000000  3080
63067.000000  3080
63069.000000  3081
63071.000000  3082
63073.000000  3082
63075.000000  3083
63077.000000  3083
63079.000000  3084
63081.000000  3085
63083.000000  3085
63085.000000  3086
63087.000000  3087
63089.000000  3087
63091.000000  3088
63093.000000  3088
63095.000000  3089
63097.000000  3090
63099.000000  3090
63101.000000  3091
63103.000000  3091
63105.000000  3092
63107.000000  3093
63109.000000  3093
63111.000000  3094
63113.000000  3095
63115.000000  3095
63117.000000  3096
63119.000000  3096
63121.000000  3097
63123.000000  3097
63125.000000  3098
63127.000000  3099
63129.000000  3099
63131.000000  3100
63133.000000  3101
63135.000000  3101
63137.000000  3102
63139.000000  3102
63141.000000  3103
63143.000000  3104
63145.000000  3104
63147.000000  3105
63149.000000  3105
63151.000000  3106
63153.000000  3107
63155.000000  3107
63157.000000  3108
63159.000000  3109
63161.000000  3109
63163.000000  3110
63165.000000  3110
63167.000000  3111
63169.000000  3112
63171.000000  3112
63173.000000  3113
63175.000000  3113
63177.000000  3114
63179.000000  3115
63181.000000  3115
63183.000000  3116
63185.000000  3117
63187.000000  3117
63189.000000  3118
63191.000000  3118
63193.000000  3119
63195.000000  3119
63197.000000  3120
63199.000000  3121
63201.000000  3121
63203.000000  3122
63205.000000  3123
63207.000000  3123
63209.000000  3124
63211.000000  3124
63213.000000  3125
63215.000000  3126
63217.000000  3126
63219.000000  3127
63221.000000  3127
63223.000000  3128
63225.000000  3129
63227.000000  3129
63229.000000  3130
63231.000000  3131
63233.000000  3131
63235.000000  3132
63237.000000  3132
63239.000000  3133
63241.000000  3134
63243.000000  3134
63245.000000  3135
63247.000000  3135
63249.000000  3136
63251.000000  3137
63253.000000  3137
63255.000000  3138
63257.000000  3139
63259.000000  3139
63261.000000  3140
63263.000000  3140
63265.000000  3141
63267.000000  3142
63269.000000  3142
63271.000000  3143
63273.000000  3143
63275.000000  3144
63277.000000  3145
63279.000000  3145
63281.000000  3146
63283.000000  3147
63285.000000  3147
63287.000000  3148
63289.000000  3148
63291.000000  3149
63293.000000  3149
63295.000000  3150
63297.000000  3151
63299.000000  3151
63301.000000  3152
63303.000000  3153
63305.000000  3153
63307.000000  3154
63309.000000  3155
63311.000000  3155
63313.000000  3156
63315.000000  3156
63317.000000  3157
63319.000000  3157
63321.000000  3158
63323.000000  3159
63325.000000  3159
63327.000000  3160
63329.000000  3161
63331.000000  3161
63333.000000  3162
63335.000000  3163
63337.000000  3163
63339.000000  3164
63341.000000  3164
63343.000000  3165
63345.000000  3165
63347.000000  3166
63349.000000  3167
63351.000000  3167
63353.000000  3168
63355.000000  3169
63357.000000  3169
63359.000000  3170
63361.000000  3170
63363.000000  3171
63365.000000  3172
63367.000000  3172
63369.000000  3173
63371.000000  3173
63373.000000  3174
63375.000000  3175
63377.000000  3175
63379.000000  3176
63381.000000  3177
63383.000000  3177
63385.000000  3178
63387.000000  3178
63389.000000  3179
63391.000000  3179
63393.000000  3180
63395.000000  3181
63397.000000  3181
63399.000000  3182
63401.000000  3183
63403.000000  3183
63405.000000  3184
63407.000000  3185
63409.000000  3185
63411.000000  3186
63413.000000  3186
63415.000000  3187
63417.000000  3188
63419.000000  3188
63421.000000  3189
63423.000000  3189
63425.000000  3190
63427.000000  3191
63429.000000  3191
63431.000000  3192
63433.000000  3192
63435.000000  3193
63437.000000  3194
63439.000000  3194
63441.000000  3195
63443.000000  3195
63445.000000  3196
63447.000000  3197
63449.000000  3197
63451.000000  3198
63453.000000  3199
63455.000000  3199
63457.000000  3200
63459.000000  3200
63461.000000  3201
63463.000000  3202
63465.000000  3202
63467.000000  3203
63469.000000  3203
63471.000000  3204
63473.000000  3205
63475.000000  3205
63477.000000  3206
63479.000000  3207
63481.000000  3207
63483.000000  3208
63485.000000  3208
63487.000000  3209
63489.000000  3210
63491.000000  3210
63493.000000  3211
63495.000000  3211
63497.000000  3212
63499.000000  3213
63501.000000  3213
63503.000000  3214
63505.000000  3215
63507.000000  3215
63509.000000  3216
63511.000000  3216
63513.000000  3217
63515.000000  3217
63517.000000  3218
63519.000000  3219
63521.000000  3219
63523.000000  3220
63525.000000  3221
63527.000000  3221
63529.000000  3222
63531.000000  3222
63533.000000  3223
63535.000000  3224
63537.000000  3224
63539.000000  3225
63541.000000  3225
63543.000000  3226
63545.000000  3227
63547.000000  3227
63549.000000  3228
63551.000000  3229
63553.000000  3229
63555.000000  3230
63557.000000  3230
63559.000000  3231
63561.000000  3232
63563.000000  3232
63565.000000  3233
63567.000000  3233
63569.000000  3234
63571.000000  3235
63573.000000  3235
63575.000000  3236
63577.000000  3237
63579.000000  3237
63581.000000  3238
63583.000000  3239
63585.000000  3239
63587.000000  3240
63589.000000  3240
63591.000000  3241
63593.000000  3241
63595.000000  3242
63597.000000  3243
63599.000000  3243
63601.000000  3244
63603.000000  3245
63605.000000  3245
63607.000000  3246
63609.000000  3246
63611.000000  3247
63613.000000  3248
63615.000000  3248
63617.000000  3249
63619.000000  3249
63621.000000  3250
63623.000000  3251
63625.000000  3251
63627.000000  3252
63629.000000  3253
63631.000000  3253
63633.000000  3254
63635.000000  3254
63637.000000  3255
63639.000000  3256
63641.000000  3256
63643.000000  3257
63645.000000  3257
63647.000000  3258
63649.000000  3259
63651.000000  3259
63653.000000  3260
63655.000000  3261
63657.000000  3261
63659.000000  3262
63661.000000  3262
63663.000000  3263
63665.000000  3264
63667.000000  3264
63669.000000  3265
63671.000000  3265
63673.000000  3266
63675.000000  3267
63677.000000  3267
63679.000000  3268
63681.000000  3269
63683.000000  3269
63685.000000  3270
63687.000000  3270
63689.000000  3271
63691.000000  3271
63693.000000  3272
63695.000000  3273
63697.000000  3273
63699.000000  3274
63701.000000  3275
63703.000000  3275
63705.000000  3276
63707.000000  3277
63709.000000  3277
63711.000000  3278
63713.000000  3278
63715.000000  3279
63717.000000  3280
63719.000000  3280
63721.000000  3281
63723.000000  3281
63725.000000  3282
63727.000000  3283
63729.000000  3283
63731.000000  3284
63733.000000  3285
63735.000000  3285
63737.000000  3286
63739.000000  3286
63741.000000  3287
63743.000000  3287
63745.000000  3288
63747.000000  3289
63749.000000  3289
63751.000000  3290
63753.000000  3291
63755.000000  3291
63757.000000  3292
63759.000000  3292
63761.000000  3293
63763.000000  3294
63765.000000  3294
63767.000000  3295
63769.000000  3295
63771.000000  3296
63773.000000  3297
63775.000000  3297
63777.000000  3298
63779.000000  3299
63781.000000  3299
63783.000000  3300
63785.000000  3300
63787.000000  3301
63789.000000  3302
63791.000000  3302
63793.000000  3303
63795.000000  3303
63797.000000  3304
63799.000000  3305
63801.000000  3305
63803.000000  3306
63805.000000  3307
63807.000000  3307
63809.000000  3308
63811.000000  3308
63813.000000  3309
63815.000000  3310
63817.000000  3310
63819.000000  3311
63821.000000  3311
63823.000000  3312
63825.000000  3313
63827.000000  3313
63829.000000  3314
63831.000000  3315
63833.000000  3315
63835.000000  3316
63837.000000  3316
63839.000000  3317
63841.000000  3317
63843.000000  3318
63845.000000  3319
63847.000000  3319
63849.000000  3320
63851.000000  3321
63853.000000  3321
63855.000000  3322
63857.000000  3323
63859.000000  3323
63861.000000  3324
63863.000000  3324
63865.000000  3325
63867.000000  3325
63869.000000  3326
63871.000000  3327
63873.000000  3327
63875.000000  3328
63877.000000  3329
63879.000000  3329
63881.000000  3330
63883.000000  3331
63885.000000  3331
63887.000000  3332
63889.000000  3332
63891.000000  3333
63893.000000  3334
63895.000000  3334
63897.000000  3335
63899.000000  3335
63901.000000  3336
63903.000000  3337
63905.000000  3337
63907.000000  3338
63909.000000  3339
63911.000000  3339
63913.000000  3340
63915.000000  3340
63917.000000  3341
63919.000000  3341
63921.000000  3342
63923.000000  3343
63925.000000  3343
63927.000000  3344
63929.000000  3345
63931.000000  3345
63933.000000  3346
63935.000000  3347
63937.000000  3347
63939.000000  3348
63941.000000  3348
63943.000000  3349
63945.000000  3350
63947.000000  3350
63949.000000  3351
63951.000000  3351
63953.000000  3352
63955.000000  3353
63957.000000  3353
63959.000000  3354
63961.000000  3355
63963.000000  3355
63965.000000  3356
63967.000000  3356
63969.000000  3357
63971.000000  3358
63973.000000  3358
63975.000000  3359
63977.000000  3359
63979.000000  3360
63981.000000  3361
63983.000000  3361
63985.000000  3362
63987.000000  3362
63989.000000  3363
63991.000000  3364
63993.000000  3364
63995.000000  3365
63997.000000  3365
63999.000000  3366
64001.000000  3367
64003.000000  3367
64005.000000  3368
64007.000000  3369
64009.000000  3369
64011.000000  3370
64013.000000  3370
64015.000000  3371
64017.000000  3372
64019.000000  3372
64021.000000  3373
64023.000000  3373
64025.000000  3374
64027.000000  3375
64029.000000  3375
64031.000000  3376
64033.000000  3377
64035.000000  3377
64037.000000  3378
64039.000000  3378
64041.000000  3379
64043.000000  3380
64045.000000  3380
64047.000000  3381
64049.000000  3381
64051.000000  3382
64053.000000  3383
64055.000000  3383
64057.000000  3384
64059.000000  3385
64061.000000  3385
64063.000000  3386
64065.000000  3386
64067.000000  3387
64069.000000  3387
64071.000000  3388
64073.000000  3389
