46445.000000  569
46445.000000  569
46445.000000  569
50025.000000  573
50027.000000  574
50029.000000  574
50031.000000  574
50033.000000  575
50035.000000  575
50037.000000  575
50039.000000  575
50041.000000  576
50043.000000  576
50045.000000  577
50047.000000  577
50049.000000  577
50051.000000  577
50053.000000  578
50055.000000  578
50057.000000  579
50059.000000  579
50061.000000  579
50063.000000  580
50065.000000  580
50067.000000  581
50069.000000  581
50071.000000  581
50073.000000  582
50075.000000  582
50077.000000  582
50079.000000  583
50081.000000  583
50083.000000  584
50085.000000  584
50087.000000  584
50089.000000  585
50091.000000  585
50093.000000  586
50095.000000  586
50097.000000  586
50099.000000  587
50101.000000  587
50103.000000  588
50105.000000  588
50107.000000  588
50109.000000  589
50111.000000  589
50113.000000  590
50115.000000  590
50117.000000  591
50119.000000  591
50121.000000  591
50123.000000  592
50125.000000  592
50127.000000  593
50129.000000  593
50131.000000  593
50133.000000  594
50135.000000  594
50137.000000  595
50139.000000  595
50141.000000  595
50143.000000  596
50145.000000  596
50147.000000  597
50149.000000  597
50151.000000  598
50153.000000  598
50155.000000  599
50157.000000  599
50159.000000  599
50161.000000  600
50163.000000  600
50165.000000  601
50167.000000  601
50169.000000  601
50171.000000  602
50173.000000  602
50175.000000  603
50177.000000  603
50179.000000  604
50181.000000  604
50183.000000  605
50185.000000  605
50187.000000  605
50189.000000  606
50191.000000  606
50193.000000  607
50195.000000  607
50197.000000  607
50199.000000  608
50201.000000  608
50203.000000  609
50205.000000  609
50207.000000  610
50209.000000  610
50211.000000  611
50213.000000  611
50215.000000  611
50217.000000  612
50219.000000  612
50221.000000  613
50223.000000  613
50225.000000  614
50227.000000  614
50229.000000  615
50231.000000  615
50233.000000  615
50235.000000  616
50237.000000  616
50239.000000  617
50241.000000  617
50243.000000  618
50245.000000  618
50247.000000  619
50249.000000  619
50251.000000  619
50253.000000  620
50255.000000  620
50257.000000  621
50259.000000  621
50261.000000  621
50263.000000  622
50265.000000  622
50267.000000  623
50269.000000  623
50271.000000  624
50273.000000  624
50275.000000  625
50277.000000  625
50279.000000  625
50281.000000  626
50283.000000  626
50285.000000  627
50287.000000  627
50289.000000  628
50291.000000  628
50293.000000  628
50295.000000  629
50297.000000  629
50299.000000  630
50301.000000  630
50303.000000  631
50305.000000  631
50307.000000  631
50309.000000  632
50311.000000  632
50313.000000  633
50315.000000  633
50317.000000  634
50319.000000  634
50321.000000  635
50323.000000  635
50325.000000  635
50327.000000  636
50329.000000  636
50331.000000  637
50333.000000  637
50335.000000  638
50337.000000  638
50339.000000  639
50341.000000  639
50343.000000  639
50345.000000  640
50347.000000  640
50349.000000  641
50351.000000  641
50353.000000  642
50355.000000  642
50357.000000  643
50359.000000  643
50361.000000  643
50363.000000  644
50365.000000  644
50367.000000  645
50369.000000  645
50371.000000  645
50373.000000  646
50375.000000  646
50377.000000  647
50379.000000  647
50381.000000  648
50383.000000  648
50385.000000  649
50387.000000  649
50389.000000  649
50391.000000  650
50393.000000  650
50395.000000  651
50397.000000  651
50399.000000  651
50401.000000  652
50403.000000  652
50405.000000  653
50407.000000  653
50409.000000  654
50411.000000  654
50413.000000  655
50415.000000  655
50417.000000  655
50419.000000  656
50421.000000  656
50423.000000  657
50425.000000  657
50427.000000  658
50429.000000  658
50431.000000  659
50433.000000  659
50435.000000  659
50437.000000  660
50439.000000  660
50441.000000  661
50443.000000  661
50445.000000  661
50447.000000  662
50449.000000  662
50451.000000  663
50453.000000  663
50455.000000  664
50457.000000  664
50459.000000  665
50461.000000  665
50463.000000  665
50465.000000  666
50467.000000  666
50469.000000  667
50471.000000  667
50473.000000  668
50475.000000  668
50477.000000  669
50479.000000  669
50481.000000  669
50483.000000  670
50485.000000  670
50487.000000  671
50489.000000  671
50491.000000  672
50493.000000  672
50495.000000  673
50497.000000  673
50499.000000  673
50501.000000  674
50503.000000  674
50505.000000  675
50507.000000  675
50509.000000  675
50511.000000  676
50513.000000  676
50515.000000  677
50517.000000  677
50519.000000  678
50521.000000  678
50523.000000  679
50525.000000  679
50527.000000  679
50529.000000  680
50531.000000  680
50533.000000  681
50535.000000  681
50537.000000  681
50539.000000  682
50541.000000  682
50543.000000  683
50545.000000  683
50547.000000  684
50549.000000  684
50551.000000  685
50553.000000  685
50555.000000  685
50557.000000  686
50559.000000  686
50561.000000  687
50563.000000  687
50565.000000  688
50567.000000  688
50569.000000  689
50571.000000  689
50573.000000  689
50575.000000  690
50577.000000  690
50579.000000  691
50581.000000  691
50583.000000  692
50585.000000  692
50587.000000  693
50589.000000  693
50591.000000  693
50593.000000  694
50595.000000  694
50597.000000  695
50599.000000  695
50601.000000  695
50603.000000  696
50605.000000  696
50607.000000  697
50609.000000  697
50611.000000  698
50613.000000  698
50615.000000  699
50617.000000  699
50619.000000  699
50621.000000  700
50623.000000  700
50625.000000  701
50627.000000  701
50629.000000  702
50631.000000  702
50633.000000  703
50635.000000  703
50637.000000  703
50639.000000  704
50641.000000  704
50643.000000  705
50645.000000  705
50647.000000  705
50649.000000  706
50651.000000  706
50653.000000  707
50655.000000  707
50657.000000  708
50659.000000  708
50661.000000  709
50663.000000  709
50665.000000  709
50667.000000  710
50669.000000  710
50671.000000  711
50673.000000  711
50675.000000  712
50677.000000  712
50679.000000  713
50681.000000  713
50683.000000  713
50685.000000  714
50687.000000  714
50689.000000  715
50691.000000  715
50693.000000  716
50695.000000  716
50697.000000  717
50699.000000  717
50701.000000  717
50703.000000  718
50705.000000  718
50707.000000  719
50709.000000  719
50711.000000  720
50713.000000  720
50715.000000  721
50717.000000  721
50719.000000  721
50721.000000  722
50723.000000  722
50725.000000  723
50727.000000  723
50729.000000  723
50731.000000  724
50733.000000  724
50735.000000  725
50737.000000  725
50739.000000  726
50741.000000  726
50743.000000  727
50745.000000  727
50747.000000  727
50749.000000  728
50751.000000  728
50753.000000  729
50755.000000  729
50757.000000  730
50759.000000  730
50761.000000  731
50763.000000  731
50765.000000  731
50767.000000  732
50769.000000  732
50771.000000  733
50773.000000  733
50775.000000  734
50777.000000  734
50779.000000  735
50781.000000  735
50783.000000  735
50785.000000  736
50787.000000  736
50789.000000  737
50791.000000  737
50793.000000  738
50795.000000  738
50797.000000  739
50799.000000  739
50801.000000  739
50803.000000  740
50805.000000  740
50807.000000  741
50809.000000  741
50811.000000  742
50813.000000  742
50815.000000  743
50817.000000  743
50819.000000  743
50821.000000  744
50823.000000  744
50825.000000  745
50827.000000  745
50829.000000  745
50831.000000  746
50833.000000  746
50835.000000  747
50837.000000  747
50839.000000  748
50841.000000  748
50843.000000  749
50845.000000  749
50847.000000  749
50849.000000  750
50851.000000  750
50853.000000  751
50855.000000  751
50857.000000  751
50859.000000  752
50861.000000  752
50863.000000  753
50865.000000  753
50867.000000  754
50869.000000  754
50871.000000  755
50873.000000  755
50875.000000  755
50877.000000  756
50879.000000  756
50881.000000  757
50883.000000  757
50885.000000  758
50887.000000  758
50889.000000  759
50891.000000  759
50893.000000  759
50895.000000  760
50897.000000  760
50899.000000  761
50901.000000  761
50903.000000  762
50905.000000  762
50907.000000  763
50909.000000  763
50911.000000  763
50913.000000  764
50915.000000  764
50917.000000  765
50919.000000  765
50921.000000  766
50923.000000  766
50925.000000  767
50927.000000  767
50929.000000  767
50931.000000  768
50933.000000  768
50935.000000  769
50937.000000  769
50939.000000  769
50941.000000  770
50943.000000  770
50945.000000  771
50947.000000  771
50949.000000  772
50951.000000  772
50953.000000  772
50955.000000  773
50957.000000  773
50959.000000  774
50961.000000  774
50963.000000  775
50965.000000  775
50967.000000  775
50969.000000  776
50971.000000  776
50973.000000  777
50975.000000  777
50977.000000  778
50979.000000  778
50981.000000  779
50983.000000  779
50985.000000  779
50987.000000  780
50989.000000  780
50991.000000  781
50993.000000  781
50995.000000  782
50997.000000  782
50999.000000  783
51001.000000  783
51003.000000  783
51005.000000  784
51007.000000  784
51009.000000  785
51011.000000  785
51013.000000  786
51015.000000  786
51017.000000  787
51019.000000  787
51021.000000  787
51023.000000  788
51025.000000  788
51027.000000  789
51029.000000  789
51031.000000  789
51033.000000  790
51035.000000  790
51037.000000  791
51039.000000  791
51041.000000  792
51043.000000  792
51045.000000  793
51047.000000  793
51049.000000  793
51051.000000  794
51053.000000  794
51055.000000  795
51057.000000  795
51059.000000  796
51061.000000  796
51063.000000  797
51065.000000  797
51067.000000  797
51069.000000  798
51071.000000  798
51073.000000  799
51075.000000  799
51077.000000  799
51079.000000  800
51081.000000  800
51083.000000  801
51085.000000  801
51087.000000  802
51089.000000  802
51091.000000  803
51093.000000  803
51095.000000  803
51097.000000  804
51099.000000  804
51101.000000  805
51103.000000  805
51105.000000  806
51107.000000  806
51109.000000  807
51111.000000  807
51113.000000  807
51115.000000  808
51117.000000  808
51119.000000  809
51121.000000  809
51123.000000  810
51125.000000  810
51127.000000  811
51129.000000  811
51131.000000  811
51133.000000  812
51135.000000  812
51137.000000  813
51139.000000  813
51141.000000  814
51143.000000  814
51145.000000  815
51147.000000  815
51149.000000  815
51151.000000  816
51153.000000  816
51155.000000  817
51157.000000  817
51159.000000  818
51161.000000  818
51163.000000  819
51165.000000  819
51167.000000  819
51169.000000  820
51171.000000  820
51173.000000  821
51175.000000  821
51177.000000  821
51179.000000  822
51181.000000  822
51183.000000  823
51185.000000  823
51187.000000  824
51189.000000  824
51191.000000  825
51193.000000  825
51195.000000  825
51197.000000  826
51199.000000  826
51201.000000  827
51203.000000  827
51205.000000  828
51207.000000  828
51209.000000  829
51211.000000  829
51213.000000  829
51215.000000  830
51217.000000  830
51219.000000  831
51221.000000  831
51223.000000  832
51225.000000  832
51227.000000  833
51229.000000  833
51231.000000  833
51233.000000  834
51235.000000  834
51237.000000  835
51239.000000  835
51241.000000  836
51243.000000  836
51245.000000  837
51247.000000  837
51249.000000  837
51251.000000  838
51253.000000  838
51255.000000  839
51257.000000  839
51259.000000  839
51261.000000  840
51263.000000  840
51265.000000  841
51267.000000  841
51269.000000  842
51271.000000  842
51273.000000  843
51275.000000  843
51277.000000  843
51279.000000  844
51281.000000  844
51283.000000  845
51285.000000  845
51287.000000  846
51289.000000  846
51291.000000  847
51293.000000  847
51295.000000  847
51297.000000  848
51299.000000  848
51301.000000  849
51303.000000  849
51305.000000  849
51307.000000  850
51309.000000  850
51311.000000  851
51313.000000  851
51315.000000  852
51317.000000  852
51319.000000  853
51321.000000  853
51323.000000  853
51325.000000  854
51327.000000  854
51329.000000  855
51331.000000  855
51333.000000  856
51335.000000  856
51337.000000  857
51339.000000  857
51341.000000  857
51343.000000  858
51345.000000  858
51347.000000  859
51349.000000  859
51351.000000  860
51353.000000  860
51355.000000  861
51357.000000  861
51359.000000  861
51361.000000  862
51363.000000  862
51365.000000  863
51367.000000  863
51369.000000  863
51371.000000  864
51373.000000  864
51375.000000  865
51377.000000  865
51379.000000  866
51381.000000  866
51383.000000  867
51385.000000  867
51387.000000  867
51389.000000  868
51391.000000  868
51393.000000  869
51395.000000  869
51397.000000  869
51399.000000  870
51401.000000  870
51403.000000  871
51405.000000  871
51407.000000  872
51409.000000  872
51411.000000  873
51413.000000  873
51415.000000  873
51417.000000  874
51419.000000  874
51421.000000  875
51423.000000  875
51425.000000  876
51427.000000  876
51429.000000  877
51431.000000  877
51433.000000  877
51435.000000  878
51437.000000  878
51439.000000  879
51441.000000  879
51443.000000  880
51445.000000  880
51447.000000  881
51449.000000  881
51451.000000  881
51453.000000  882
51455.000000  882
51457.000000  883
51459.000000  883
51461.000000  884
51463.000000  884
51465.000000  885
51467.000000  885
51469.000000  885
51471.000000  886
51473.000000  886
51475.000000  887
51477.000000  887
51479.000000  887
51481.000000  888
51483.000000  888
51485.000000  889
51487.000000  889
51489.000000  890
51491.000000  890
51493.000000  891
51495.000000  891
51497.000000  891
51499.000000  892
51501.000000  892
51503.000000  893
51505.000000  893
51507.000000  894
51509.000000  894
51511.000000  895
51513.000000  895
51515.000000  895
51517.000000  896
51519.000000  896
51521.000000  897
51523.000000  897
51525.000000  898
51527.000000  898
51529.000000  899
51531.000000  899
51533.000000  899
51535.000000  900
51537.000000  900
51539.000000  901
51541.000000  901
51543.000000  902
51545.000000  902
51547.000000  902
51549.000000  903
51551.000000  903
51553.000000  904
51555.000000  904
51557.000000  905
51559.000000  905
51561.000000  905
51563.000000  906
51565.000000  906
51567.000000  907
51569.000000  907
51571.000000  908
51573.000000  908
51575.000000  909
51577.000000  909
51579.000000  909
51581.000000  910
51583.000000  910
51585.000000  911
51587.000000  911
51589.000000  912
51591.000000  912
51593.000000  913
51595.000000  913
51597.000000  913
51599.000000  914
51601.000000  914
51603.000000  915
51605.000000  915
51607.000000  916
51609.000000  916
51611.000000  916
51613.000000  917
51615.000000  917
51617.000000  918
51619.000000  918
51621.000000  919
51623.000000  919
51625.000000  919
51627.000000  920
51629.000000  920
51631.000000  921
51633.000000  921
51635.000000  922
51637.000000  922
51639.000000  923
51641.000000  923
51643.000000  923
51645.000000  924
51647.000000  924
51649.000000  925
51651.000000  925
51653.000000  926
51655.000000  926
51657.000000  927
51659.000000  927
51661.000000  927
51663.000000  928
51665.000000  928
51667.000000  929
51669.000000  929
51671.000000  930
51673.000000  930
51675.000000  931
51677.000000  931
51679.000000  931
51681.000000  932
51683.000000  932
51685.000000  933
51687.000000  933
51689.000000  933
51691.000000  934
51693.000000  934
51695.000000  935
51697.000000  935
51699.000000  936
51701.000000  936
51703.000000  937
51705.000000  937
51707.000000  937
51709.000000  938
51711.000000  938
51713.000000  939
51715.000000  939
51717.000000  940
51719.000000  940
51721.000000  940
51723.000000  941
51725.000000  941
51727.000000  942
51729.000000  942
51731.000000  943
51733.000000  943
51735.000000  943
51737.000000  944
51739.000000  944
51741.000000  945
51743.000000  945
51745.000000  946
51747.000000  946
51749.000000  947
51751.000000  947
51753.000000  947
51755.000000  948
51757.000000  948
51759.000000  949
51761.000000  949
51763.000000  950
51765.000000  950
51767.000000  951
51769.000000  951
51771.000000  951
51773.000000  952
51775.000000  952
51777.000000  953
51779.000000  953
51781.000000  953
51783.000000  954
51785.000000  954
51787.000000  955
51789.000000  955
51791.000000  956
51793.000000  956
51795.000000  957
51797.000000  957
51799.000000  957
51801.000000  958
51803.000000  958
51805.000000  959
51807.000000  959
51809.000000  960
51811.000000  960
51813.000000  961
51815.000000  961
51817.000000  961
51819.000000  962
51821.000000  962
51823.000000  963
51825.000000  963
51827.000000  963
51829.000000  964
51831.000000  964
51833.000000  965
51835.000000  965
51837.000000  966
51839.000000  966
51841.000000  967
51843.000000  967
51845.000000  967
51847.000000  968
51849.000000  968
51851.000000  969
51853.000000  969
51855.000000  970
51857.000000  970
51859.000000  971
51861.000000  971
51863.000000  971
51865.000000  972
51867.000000  972
51869.000000  973
51871.000000  973
51873.000000  974
51875.000000  974
51877.000000  975
51879.000000  975
51881.000000  975
51883.000000  976
51885.000000  976
51887.000000  977
51889.000000  977
51891.000000  977
51893.000000  978
51895.000000  978
51897.000000  979
51899.000000  979
51901.000000  980
51903.000000  980
51905.000000  981
51907.000000  981
51909.000000  981
51911.000000  982
51913.000000  982
51915.000000  983
51917.000000  983
51919.000000  984
51921.000000  984
51923.000000  985
51925.000000  985
51927.000000  985
51929.000000  986
51931.000000  986
51933.000000  987
51935.000000  987
51937.000000  988
51939.000000  988
51941.000000  988
51943.000000  989
51945.000000  989
51947.000000  990
51949.000000  990
51951.000000  991
51953.000000  991
51955.000000  991
51957.000000  992
51959.000000  992
51961.000000  993
51963.000000  993
51965.000000  994
51967.000000  994
51969.000000  995
51971.000000  995
51973.000000  995
51975.000000  996
51977.000000  996
51979.000000  997
51981.000000  997
51983.000000  998
51985.000000  998
51987.000000  999
51989.000000  999
51991.000000  999
51993.000000  1000
51995.000000  1000
51997.000000  1001
51999.000000  1001
52001.000000  1002
52003.000000  1002
52005.000000  1003
52007.000000  1003
52009.000000  1003
52011.000000  1004
52013.000000  1004
52015.000000  1005
52017.000000  1005
