99.000000  21
101.000000  22
103.000000  23
105.000000  23
107.000000  24
109.000000  25
111.000000  26
113.000000  27
115.000000  28
117.000000  29
119.000000  29
121.000000  30
123.000000  31
125.000000  32
127.000000  33
129.000000  34
131.000000  35
133.000000  35
135.000000  36
137.000000  37
139.000000  38
141.000000  39
143.000000  40
145.000000  41
147.000000  42
149.000000  43
151.000000  44
153.000000  45
155.000000  45
157.000000  47
159.000000  47
161.000000  48
163.000000  49
165.000000  50
167.000000  51
169.000000  52
171.000000  53
173.000000  54
175.000000  55
177.000000  56
179.000000  57
181.000000  58
183.000000  59
185.000000  60
187.000000  61
189.000000  62
191.000000  63
193.000000  64
195.000000  65
197.000000  66
199.000000  67
201.000000  68
203.000000  69
205.000000  70
207.000000  71
209.000000  72
211.000000  73
213.000000  74
215.000000  75
217.000000  76
219.000000  77
221.000000  78
223.000000  79
225.000000  80
227.000000  81
229.000000  82
231.000000  83
233.000000  84
235.000000  85
237.000000  86
239.000000  87
241.000000  88
243.000000  89
245.000000  91
247.000000  91
249.000000  93
251.000000  93
253.000000  95
255.000000  95
257.000000  97
259.000000  98
261.000000  99
263.000000  100
265.000000  101
267.000000  102
269.000000  103
271.000000  104
273.000000  105
275.000000  106
277.000000  107
279.000000  108
281.000000  109
283.000000  110
285.000000  111
287.000000  112
289.000000  113
291.000000  114
293.000000  115
295.000000  117
297.000000  117
299.000000  119
301.000000  119
303.000000  121
305.000000  122
307.000000  123
309.000000  124
311.000000  125
313.000000  126
315.000000  127
317.000000  128
319.000000  129
321.000000  130
323.000000  131
325.000000  132
327.000000  133
329.000000  134
331.000000  135
333.000000  137
335.000000  137
337.000000  139
339.000000  140
341.000000  141
343.000000  142
345.000000  143
347.000000  144
349.000000  145
351.000000  146
353.000000  147
355.000000  148
357.000000  149
359.000000  150
361.000000  151
363.000000  152
365.000000  153
367.000000  155
369.000000  155
371.000000  157
373.000000  158
375.000000  159
377.000000  160
379.000000  161
381.000000  162
383.000000  163
385.000000  164
387.000000  165
389.000000  166
391.000000  167
393.000000  168
395.000000  169
397.000000  170
399.000000  171
401.000000  172
403.000000  173
405.000000  175
407.000000  176
409.000000  177
411.000000  178
413.000000  179
415.000000  180
417.000000  181
419.000000  182
421.000000  183
423.000000  184
425.000000  185
427.000000  186
429.000000  187
431.000000  188
433.000000  189
435.000000  190
437.000000  191
439.000000  193
441.000000  194
443.000000  195
445.000000  196
447.000000  197
449.000000  198
451.000000  199
453.000000  200
455.000000  201
457.000000  202
459.000000  203
461.000000  204
463.000000  205
465.000000  206
467.000000  207
469.000000  209
471.000000  210
473.000000  211
475.000000  212
477.000000  213
479.000000  214
481.000000  215
483.000000  216
485.000000  217
487.000000  218
489.000000  219
491.000000  220
493.000000  221
495.000000  222
497.000000  223
499.000000  225
501.000000  225
503.000000  227
505.000000  228
507.000000  229
509.000000  230
511.000000  231
513.000000  232
515.000000  233
517.000000  234
519.000000  235
521.000000  236
523.000000  237
525.000000  238
527.000000  239
529.000000  240
531.000000  241
533.000000  243
535.000000  244
537.000000  245
539.000000  246
541.000000  247
543.000000  248
545.000000  249
547.000000  250
549.000000  251
551.000000  252
553.000000  253
555.000000  254
557.000000  255
559.000000  256
561.000000  257
563.000000  259
565.000000  260
567.000000  261
569.000000  262
571.000000  263
573.000000  264
575.000000  265
577.000000  266
579.000000  267
581.000000  268
583.000000  269
585.000000  270
587.000000  271
589.000000  272
591.000000  273
593.000000  275
595.000000  276
597.000000  277
599.000000  278
601.000000  279
603.000000  280
605.000000  281
607.000000  282
609.000000  283
611.000000  284
613.000000  285
615.000000  286
617.000000  287
619.000000  288
621.000000  289
623.000000  290
625.000000  291
627.000000  293
629.000000  294
631.000000  295
633.000000  296
635.000000  297
637.000000  298
639.000000  299
641.000000  300
643.000000  301
645.000000  302
647.000000  303
649.000000  304
651.000000  305
653.000000  306
655.000000  307
657.000000  309
659.000000  309
661.000000  311
663.000000  312
665.000000  313
667.000000  314
669.000000  315
671.000000  316
673.000000  317
675.000000  318
677.000000  319
679.000000  320
681.000000  321
683.000000  322
685.000000  323
687.000000  325
689.000000  326
691.000000  327
693.000000  328
695.000000  329
697.000000  330
699.000000  331
701.000000  332
703.000000  333
705.000000  334
707.000000  335
709.000000  336
711.000000  337
713.000000  338
715.000000  339
717.000000  340
719.000000  341
721.000000  343
723.000000  344
725.000000  345
727.000000  346
729.000000  347
731.000000  348
733.000000  349
735.000000  350
737.000000  351
739.000000  352
741.000000  353
743.000000  354
745.000000  355
747.000000  356
749.000000  357
751.000000  359
753.000000  360
755.000000  361
757.000000  362
759.000000  363
761.000000  364
763.000000  365
765.000000  366
767.000000  367
769.000000  368
771.000000  369
773.000000  370
775.000000  371
777.000000  372
779.000000  373
781.000000  375
783.000000  376
785.000000  377
787.000000  378
789.000000  379
791.000000  380
793.000000  381
795.000000  382
797.000000  383
799.000000  384
801.000000  385
803.000000  386
805.000000  387
807.000000  388
809.000000  389
811.000000  391
813.000000  391
815.000000  393
817.000000  394
819.000000  395
821.000000  396
823.000000  397
825.000000  398
827.000000  399
829.000000  400
831.000000  401
833.000000  402
835.000000  403
837.000000  404
839.000000  405
841.000000  406
843.000000  407
845.000000  409
847.000000  410
849.000000  411
851.000000  412
853.000000  413
855.000000  414
857.000000  415
859.000000  416
861.000000  417
863.000000  418
865.000000  419
867.000000  420
869.000000  421
871.000000  423
873.000000  423
875.000000  425
877.000000  426
879.000000  427
881.000000  428
883.000000  429
885.000000  430
887.000000  431
889.000000  432
891.000000  433
893.000000  434
895.000000  435
897.000000  436
899.000000  437
901.000000  438
903.000000  439
905.000000  441
907.000000  442
909.000000  443
911.000000  444
913.000000  445
915.000000  446
917.000000  447
919.000000  448
921.000000  449
923.000000  450
925.000000  451
927.000000  452
929.000000  453
931.000000  454
933.000000  455
935.000000  456
937.000000  457
939.000000  459
941.000000  460
943.000000  461
945.000000  462
947.000000  463
949.000000  464
951.000000  465
953.000000  466
955.000000  467
957.000000  468
959.000000  469
961.000000  470
963.000000  471
965.000000  472
967.000000  473
969.000000  475
971.000000  476
973.000000  477
975.000000  478
977.000000  479
979.000000  480
981.000000  481
983.000000  482
985.000000  483
987.000000  484
989.000000  485
991.000000  486
993.000000  487
995.000000  488
997.000000  489
999.000000  491
1001.000000  491
1003.000000  493
1005.000000  494
1007.000000  495
1009.000000  496
1011.000000  497
1013.000000  498
1015.000000  499
1017.000000  500
1019.000000  501
1021.000000  502
1023.000000  503
1025.000000  504
1027.000000  505
1029.000000  506
1031.000000  507
1033.000000  509
1035.000000  510
1037.000000  511
1039.000000  512
1041.000000  513
1043.000000  514
1045.000000  515
1047.000000  516
1049.000000  517
1051.000000  518
1053.000000  519
1055.000000  520
1057.000000  521
1059.000000  523
1061.000000  523
1063.000000  525
1065.000000  525
1067.000000  527
1069.000000  528
1071.000000  529
1073.000000  530
1075.000000  531
1077.000000  532
1079.000000  533
1081.000000  534
1083.000000  535
1085.000000  536
1087.000000  537
1089.000000  538
1091.000000  539
1093.000000  541
1095.000000  542
1097.000000  543
1099.000000  544
1101.000000  545
1103.000000  546
1105.000000  547
1107.000000  548
1109.000000  549
1111.000000  550
1113.000000  551
1115.000000  552
1117.000000  553
1119.000000  554
1121.000000  555
1123.000000  556
1125.000000  557
1127.000000  559
1129.000000  560
1131.000000  561
1133.000000  562
1135.000000  563
1137.000000  564
1139.000000  565
1141.000000  566
1143.000000  567
1145.000000  568
1147.000000  569
1149.000000  570
1151.000000  571
1153.000000  572
1155.000000  573
1157.000000  575
1159.000000  575
1161.000000  577
1163.000000  578
1165.000000  579
1167.000000  580
1169.000000  581
1171.000000  582
1173.000000  583
1175.000000  584
1177.000000  585
1179.000000  586
1181.000000  587
1183.000000  588
1185.000000  589
1187.000000  591
1189.000000  592
1191.000000  593
1193.000000  594
1195.000000  595
1197.000000  596
1199.000000  597
1201.000000  598
1203.000000  599
1205.000000  600
1207.000000  601
1209.000000  602
1211.000000  603
1213.000000  604
1215.000000  605
1217.000000  607
1219.000000  607
1221.000000  609
1223.000000  610
1225.000000  611
1227.000000  612
1229.000000  613
1231.000000  614
1233.000000  615
1235.000000  616
1237.000000  617
1239.000000  618
1241.000000  619
1243.000000  620
1245.000000  621
1247.000000  622
1249.000000  623
1251.000000  625
1253.000000  626
1255.000000  627
1257.000000  628
1259.000000  629
1261.000000  630
1263.000000  631
1265.000000  632
1267.000000  633
1269.000000  634
1271.000000  635
1273.000000  636
1275.000000  637
1277.000000  639
1279.000000  639
1281.000000  641
1283.000000  642
1285.000000  643
1287.000000  644
1289.000000  645
1291.000000  646
1293.000000  647
1295.000000  648
1297.000000  649
1299.000000  650
1301.000000  651
1303.000000  652
1305.000000  653
1307.000000  654
1309.000000  655
1311.000000  657
1313.000000  658
1315.000000  659
1317.000000  660
1319.000000  661
1321.000000  662
1323.000000  663
1325.000000  664
1327.000000  665
1329.000000  666
1331.000000  667
1333.000000  668
1335.000000  669
1337.000000  670
1339.000000  671
1341.000000  672
1343.000000  673
1345.000000  675
1347.000000  676
1349.000000  677
1351.000000  678
1353.000000  679
1355.000000  680
1357.000000  681
1359.000000  682
1361.000000  683
1363.000000  684
1365.000000  685
1367.000000  686
1369.000000  687
1371.000000  689
1373.000000  689
1375.000000  691
1377.000000  692
1379.000000  693
1381.000000  694
1383.000000  695
1385.000000  696
1387.000000  697
1389.000000  698
1391.000000  699
1393.000000  700
1395.000000  701
1397.000000  702
1399.000000  703
1401.000000  705
1403.000000  705
1405.000000  707
1407.000000  708
1409.000000  709
1411.000000  710
1413.000000  711
1415.000000  712
1417.000000  713
1419.000000  714
1421.000000  715
1423.000000  716
1425.000000  717
1427.000000  718
1429.000000  719
1431.000000  720
1433.000000  721
1435.000000  723
1437.000000  724
1439.000000  725
1441.000000  726
1443.000000  727
1445.000000  728
1447.000000  729
1449.000000  730
1451.000000  731
1453.000000  732
1455.000000  733
1457.000000  734
1459.000000  735
1461.000000  736
1463.000000  737
1465.000000  739
1467.000000  740
1469.000000  741
1471.000000  742
1473.000000  743
1475.000000  744
1477.000000  745
1479.000000  746
1481.000000  747
1483.000000  748
1485.000000  749
1487.000000  750
1489.000000  751
1491.000000  752
1493.000000  753
1495.000000  755
1497.000000  755
1499.000000  757
1501.000000  758
1503.000000  759
1505.000000  760
1507.000000  761
1509.000000  762
1511.000000  763
1513.000000  764
1515.000000  765
1517.000000  766
1519.000000  767
1521.000000  768
1523.000000  769
1525.000000  770
1527.000000  771
1529.000000  773
1531.000000  773
1533.000000  775
1535.000000  776
1537.000000  777
1539.000000  778
1541.000000  779
1543.000000  780
1545.000000  781
1547.000000  782
1549.000000  783
1551.000000  784
1553.000000  785
1555.000000  786
1557.000000  787
1559.000000  789
1561.000000  789
1563.000000  791
1565.000000  792
1567.000000  793
1569.000000  794
1571.000000  795
1573.000000  796
1575.000000  797
1577.000000  798
1579.000000  799
1581.000000  800
1583.000000  801
1585.000000  802
1587.000000  803
1589.000000  805
1591.000000  806
1593.000000  807
1595.000000  808
1597.000000  809
1599.000000  810
1601.000000  811
1603.000000  812
1605.000000  813
1607.000000  814
1609.000000  815
1611.000000  816
1613.000000  817
1615.000000  818
1617.000000  819
1619.000000  820
1621.000000  821
1623.000000  823
1625.000000  824
1627.000000  825
1629.000000  826
1631.000000  827
1633.000000  828
1635.000000  829
1637.000000  830
1639.000000  831
1641.000000  832
1643.000000  833
1645.000000  834
1647.000000  835
1649.000000  836
1651.000000  837
1653.000000  838
1655.000000  839
1657.000000  841
1659.000000  842
1661.000000  843
1663.000000  844
1665.000000  845
1667.000000  846
1669.000000  847
1671.000000  848
1673.000000  849
1675.000000  850
1677.000000  851
1679.000000  852
1681.000000  853
1683.000000  855
1685.000000  855
1687.000000  857
1689.000000  858
1691.000000  859
1693.000000  860
1695.000000  861
1697.000000  862
1699.000000  863
1701.000000  864
1703.000000  865
1705.000000  866
1707.000000  867
1709.000000  868
1711.000000  869
1713.000000  870
1715.000000  871
1717.000000  873
1719.000000  874
1721.000000  875
1723.000000  876
1725.000000  877
1727.000000  878
1729.000000  879
1731.000000  880
1733.000000  881
1735.000000  882
1737.000000  883
1739.000000  884
1741.000000  885
1743.000000  886
1745.000000  887
1747.000000  889
1749.000000  889
1751.000000  891
1753.000000  892
1755.000000  893
1757.000000  894
1759.000000  895
1761.000000  896
1763.000000  897
1765.000000  898
1767.000000  899
1769.000000  900
1771.000000  901
1773.000000  902
1775.000000  903
1777.000000  905
1779.000000  905
1781.000000  907
1783.000000  908
1785.000000  909
1787.000000  910
1789.000000  911
1791.000000  912
1793.000000  913
1795.000000  914
1797.000000  915
1799.000000  916
1801.000000  917
1803.000000  918
1805.000000  919
1807.000000  920
1809.000000  921
1811.000000  923
1813.000000  924
1815.000000  925
1817.000000  926
1819.000000  927
1821.000000  928
1823.000000  929
1825.000000  930
1827.000000  931
1829.000000  932
1831.000000  933
1833.000000  934
1835.000000  935
1837.000000  936
1839.000000  937
1841.000000  938
1843.000000  939
1845.000000  941
1847.000000  942
1849.000000  943
1851.000000  944
1853.000000  945
1855.000000  946
1857.000000  947
1859.000000  948
1861.000000  949
1863.000000  950
1865.000000  951
1867.000000  952
1869.000000  953
1871.000000  955
1873.000000  956
1875.000000  957
1877.000000  958
1879.000000  959
1881.000000  960
1883.000000  961
1885.000000  962
1887.000000  963
1889.000000  964
1891.000000  965
1893.000000  966
1895.000000  967
1897.000000  968
1899.000000  969
1901.000000  971
1903.000000  972
1905.000000  973
1907.000000  974
1909.000000  975
1911.000000  976
1913.000000  977
1915.000000  978
1917.000000  979
1919.000000  980
1921.000000  981
1923.000000  982
1925.000000  983
1927.000000  984
1929.000000  985
1931.000000  986
1933.000000  987
1935.000000  989
1937.000000  990
1939.000000  991
1941.000000  992
1943.000000  993
1945.000000  994
1947.000000  995
1949.000000  996
1951.000000  997
1953.000000  998
1955.000000  999
1957.000000  1000
1959.000000  1001
1961.000000  1003
1963.000000  1003
1965.000000  1005
1967.000000  1006
1969.000000  1007
1971.000000  1008
1973.000000  1009
1975.000000  1010
1977.000000  1011
1979.000000  1012
1981.000000  1013
1983.000000  1014
1985.000000  1015
1987.000000  1016
1989.000000  1017
1991.000000  1018
1993.000000  1019
1995.000000  1021
1997.000000  1022
1999.000000  1023
2001.000000  1024
2003.000000  1025
2005.000000  1026
2007.000000  1027
2009.000000  1028
2011.000000  1029
2013.000000  1030
2015.000000  1031
2017.000000  1032
2019.000000  1033
2021.000000  1034
2023.000000  1035
2025.000000  1036
2027.000000  1037
2029.000000  1039
2031.000000  1040
2033.000000  1041
2035.000000  1042
2037.000000  1043
2039.000000  1044
2041.000000  1045
2043.000000  1046
2045.000000  1047
2047.000000  1048
2049.000000  1049
2051.000000  1050
2053.000000  1051
2055.000000  1053
2057.000000  1053
2059.000000  1055
2061.000000  1056
2063.000000  1057
2065.000000  1058
2067.000000  1059
2069.000000  1060
2071.000000  1061
2073.000000  1062
2075.000000  1063
2077.000000  1064
2079.000000  1065
2081.000000  1066
2083.000000  1067
2085.000000  1069
2087.000000  1069
2089.000000  1071
2091.000000  1072
2093.000000  1073
2095.000000  1074
2097.000000  1075
