21633.000000  6 60
21679.000000  23 60
21679.000000  23 60
21877.000000  120 60
21879.000000  121 60
22031.000000  200 60
22077.000000  224 60
22131.000000  252 60
22143.000000  258 60
22219.000000  297 60
22221.000000  299 60
22269.000000  323 60
22269.000000  323 60
22359.000000  370 60
22361.000000  371 60
22387.000000  385 60
22389.000000  385 60
22417.000000  400 60
22469.000000  427 60
22469.000000  427 60
22565.000000  477 60
22573.000000  481 60
22587.000000  488 60
22667.000000  529 60
22683.000000  538 60
22699.000000  546 60
22715.000000  554 60
22733.000000  564 60
22749.000000  572 60
22769.000000  582 60
22801.000000  599 60
22801.000000  599 60
22817.000000  607 60
22839.000000  619 60
22851.000000  625 60
22871.000000  635 60
22871.000000  635 60
22887.000000  644 60
22901.000000  651 60
22901.000000  651 60
22927.000000  664 60
23019.000000  712 60
23019.000000  712 60
23037.000000  721 60
23071.000000  739 60
23099.000000  754 60
23099.000000  754 60
23099.000000  754 60
23113.000000  761 60
23143.000000  776 60
23143.000000  776 60
23171.000000  791 60
23225.000000  819 60
23259.000000  837 60
23287.000000  851 60
23289.000000  852 60
23307.000000  861 60
23325.000000  871 60
23349.000000  883 60
23399.000000  909 60
23401.000000  910 60
23417.000000  918 60
23439.000000  930 60
23463.000000  942 60
23465.000000  943 60
23475.000000  949 60
23499.000000  961 60
23513.000000  968 60
23513.000000  968 60
23553.000000  989 60
23611.000000  1019 60
23669.000000  1049 60
23729.000000  1080 60
23761.000000  1097 60
23791.000000  1113 60
23847.000000  1141 60
23903.000000  1170 60
23971.000000  1206 60
24061.000000  1252 60
24063.000000  1253 60
24085.000000  1265 60
24177.000000  1313 60
24205.000000  1327 60
24277.000000  1365 60
24301.000000  1377 60
24333.000000  1394 60
24333.000000  1394 60
24387.000000  1422 60
24423.000000  1440 60
24437.000000  1448 60
24521.000000  1491 60
24577.000000  1520 60
24585.000000  1524 60
24587.000000  1525 60
24701.000000  1585 60
24787.000000  1629 60
24839.000000  1656 60
24887.000000  1681 60
24901.000000  1689 60
24963.000000  1721 60
24985.000000  1732 60
24987.000000  1733 60
25019.000000  1750 60
25041.000000  1761 60
25041.000000  1761 60
25241.000000  1865 60
25291.000000  1891 60
25393.000000  1944 60
25493.000000  1996 60
25505.000000  2002 60
25567.000000  2034 60
25589.000000  2046 60
25625.000000  2064 60
25627.000000  2065 60
25647.000000  2076 60
25647.000000  2076 60
25717.000000  2112 60
25751.000000  2130 60
25857.000000  2185 60
25941.000000  2228 60
25999.000000  2259 60
26035.000000  2277 60
26035.000000  2277 60
26063.000000  2292 60
26205.000000  2366 60
26205.000000  2366 60
26265.000000  2397 60
26297.000000  2413 60
26321.000000  2426 60
26323.000000  2427 60
26377.000000  2455 60
26387.000000  2460 60
26465.000000  2501 60
26467.000000  2502 60
26619.000000  2581 60
26671.000000  2608 60
26773.000000  2661 60
26813.000000  2681 60
26847.000000  2699 60
26923.000000  2739 60
26957.000000  2756 60
26985.000000  2771 60
26987.000000  2772 60
26997.000000  2777 60
27073.000000  2817 60
27109.000000  2835 60
27133.000000  2848 60
27159.000000  2861 60
27179.000000  2871 60
27213.000000  2889 60
27263.000000  2915 60
27295.000000  2932 60
27325.000000  2947 60
27349.000000  2960 60
27389.000000  2981 60
27411.000000  2992 60
27411.000000  2992 60
27437.000000  3006 60
27477.000000  3026 60
27501.000000  3039 60
27519.000000  3048 60
27525.000000  3051 60
27555.000000  3067 60
27557.000000  3068 60
27607.000000  3094 60
27631.000000  3106 60
27645.000000  3114 60
27645.000000  3114 60
27681.000000  3132 60
27683.000000  3133 60
27709.000000  3147 60
27737.000000  3161 60
27783.000000  3185 60
27811.000000  3200 60
27813.000000  3201 60
27859.000000  3225 60
27865.000000  3228 60
27865.000000  3228 60
27913.000000  3253 60
27989.000000  3292 60
28001.000000  3299 60
28031.000000  3314 60
28091.000000  3345 60
28129.000000  3365 60
28131.000000  3366 60
28151.000000  3377 60
28159.000000  3381 60
28159.000000  3381 60
28197.000000  3401 60
28199.000000  3401 60
28217.000000  3411 60
28227.000000  3416 60
28261.000000  3434 60
28263.000000  3435 60
28293.000000  3450 60
28305.000000  3457 60
28337.000000  3473 60
28389.000000  3500 60
28389.000000  3500 60
28419.000000  3516 60
28429.000000  3521 60
28429.000000  3521 60
28463.000000  3539 60
28477.000000  3546 60
28511.000000  3564 60
28557.000000  3587 60
28581.000000  3600 60
28583.000000  3601 60
28615.000000  3618 60
28625.000000  3623 60
28681.000000  3652 60
28697.000000  3660 60
28769.000000  3698 60
28769.000000  3698 60
28795.000000  3711 60
28809.000000  3719 60
28843.000000  3736 60
28845.000000  3737 60
28865.000000  3748 60
28925.000000  3779 60
28927.000000  3780 60
28939.000000  3786 60
28953.000000  3793 60
28979.000000  3807 60
28987.000000  3811 60
29023.000000  3830 60
29025.000000  3831 60
29045.000000  3841 60
29083.000000  3861 60
29085.000000  3862 60
29105.000000  3872 60
29113.000000  3876 60
29133.000000  3887 60
29161.000000  3901 60
29177.000000  3910 60
29177.000000  3910 60
29187.000000  3915 60
29207.000000  3925 60
29207.000000  3925 60
29225.000000  3935 60
29255.000000  3950 60
29279.000000  3963 60
29331.000000  3990 60
29343.000000  3996 60
29381.000000  4016 60
29439.000000  4046 60
29453.000000  4053 60
29487.000000  4071 60
29509.000000  4082 60
29545.000000  4101 60
29547.000000  4102 60
29567.000000  4113 60
29577.000000  4118 60
29633.000000  4147 60
29667.000000  4164 60
29697.000000  4180 60
29729.000000  4197 60
29731.000000  4198 60
29751.000000  4208 60
29777.000000  4221 60
29823.000000  4245 60
29825.000000  4246 60
29855.000000  4262 60
29915.000000  4293 60
29915.000000  4293 60
29933.000000  4303 60
29969.000000  4321 60
29985.000000  4330 60
30017.000000  4346 60
30043.000000  4360 60
30057.000000  4367 60
30091.000000  4385 60
30115.000000  4397 60
30129.000000  4405 60
30145.000000  4413 60
30169.000000  4425 60
30203.000000  4443 60
30237.000000  4461 60
30261.000000  4473 60
30293.000000  4490 60
30293.000000  4490 60
30323.000000  4505 60
30325.000000  4506 60
30345.000000  4517 60
30371.000000  4530 60
30389.000000  4539 60
30403.000000  4547 60
30419.000000  4555 60
30433.000000  4562 60
31469.000000  5101 60
31481.000000  5107 60
31481.000000  5107 60
31493.000000  5113 60
31503.000000  5119 60
31535.000000  5135 60
31537.000000  5136 60
31569.000000  5153 60
31571.000000  5154 60
31591.000000  5165 60
31625.000000  5182 60
31639.000000  5189 60
31641.000000  5191 60
31671.000000  5206 60
31719.000000  5231 60
31751.000000  5248 60
31773.000000  5259 60
31787.000000  5267 60
31803.000000  5275 60
31849.000000  5299 60
31851.000000  5300 60
31895.000000  5323 60
31933.000000  5342 60
31969.000000  5361 60
31991.000000  5373 60
31991.000000  5373 60
32049.000000  5403 60
32115.000000  5437 60
32125.000000  5442 60
32159.000000  5460 60
32183.000000  5472 60
32217.000000  5490 60
32273.000000  5519 60
32297.000000  5532 60
32365.000000  5567 60
32365.000000  5567 60
32391.000000  5580 60
32449.000000  5611 60
32469.000000  5621 60
32509.000000  5642 60
32575.000000  5676 60
32611.000000  5695 60
32689.000000  5735 60
32707.000000  5745 60
32721.000000  5752 60
32777.000000  5781 60
32779.000000  5782 60
32789.000000  5787 60
32843.000000  5815 60
32843.000000  5815 60
32843.000000  5815 60
32867.000000  5828 60
32925.000000  5858 60
32933.000000  5862 60
32963.000000  5878 60
32985.000000  5889 60
33021.000000  5908 60
33069.000000  5933 60
33089.000000  5943 60
33111.000000  5955 60
33113.000000  5956 60
33139.000000  5969 60
33185.000000  5993 60
33185.000000  5993 60
33219.000000  6011 60
33251.000000  6027 60
33279.000000  6042 60
33281.000000  6043 60
33289.000000  6047 60
33313.000000  6060 60
33321.000000  6064 60
33347.000000  6077 60
33387.000000  6098 60
33401.000000  6105 60
33433.000000  6122 60
33463.000000  6138 60
33485.000000  6149 60
33521.000000  6168 60
33523.000000  6169 60
33551.000000  6183 60
33563.000000  6190 60
33581.000000  6199 60
33605.000000  6211 60
33635.000000  6227 60
33649.000000  6234 60
33651.000000  6235 60
33675.000000  6248 60
33709.000000  6266 60
33719.000000  6271 60
33737.000000  6280 60
33767.000000  6296 60
33767.000000  6296 60
33805.000000  6315 60
33807.000000  6317 60
33831.000000  6329 60
33831.000000  6329 60
33847.000000  6337 60
33867.000000  6348 60
33895.000000  6362 60
33907.000000  6369 60
33923.000000  6377 60
33923.000000  6377 60
33945.000000  6388 60
33969.000000  6401 60
33979.000000  6406 60
34011.000000  6423 60
34043.000000  6439 60
34055.000000  6445 60
34057.000000  6447 60
34069.000000  6453 60
34097.000000  6467 60
34099.000000  6468 60
34103.000000  6470 60
34119.000000  6479 60
34127.000000  6483 60
34149.000000  6494 60
34183.000000  6512 60
34185.000000  6513 60
34195.000000  6518 60
34217.000000  6530 60
34239.000000  6541 60
34363.000000  6606 60
34385.000000  6617 60
34401.000000  6625 60
34435.000000  6643 60
34485.000000  6669 60
34499.000000  6677 60
34499.000000  6677 60
34555.000000  6706 60
34579.000000  6718 60
34611.000000  6735 60
34635.000000  6747 60
34649.000000  6754 60
34707.000000  6785 60
34765.000000  6816 60
34775.000000  6821 60
34809.000000  6840 60
34809.000000  6840 60
34809.000000  6840 60
34873.000000  6875 60
34889.000000  6884 60
34903.000000  6891 60
34921.000000  6901 60
34923.000000  6902 60
34937.000000  6910 60
34977.000000  6932 60
34997.000000  6943 60
34997.000000  6943 60
35013.000000  6951 60
35029.000000  6960 60
35079.000000  6987 60
35079.000000  6987 60
35079.000000  6987 60
35101.000000  6999 60
35139.000000  7020 60
35153.000000  7028 60
35167.000000  7035 60
35167.000000  7035 60
35201.000000  7054 60
35203.000000  7055 60
35229.000000  7069 60
35229.000000  7069 60
35255.000000  7083 60
35287.000000  7101 60
35309.000000  7113 60
35319.000000  7118 60
35353.000000  7137 60
35355.000000  7138 60
35381.000000  7152 60
35383.000000  7153 60
35409.000000  7167 60
35437.000000  7183 60
35471.000000  7201 60
35503.000000  7219 60
35507.000000  7221 60
35527.000000  7232 60
35527.000000  7232 60
35555.000000  7247 60
35569.000000  7255 60
35585.000000  7264 60
35633.000000  7290 60
35635.000000  7291 60
35651.000000  7300 60
35667.000000  7308 60
35667.000000  7308 60
35683.000000  7317 60
35717.000000  7336 60
35729.000000  7342 60
35729.000000  7342 60
35765.000000  7362 60
35779.000000  7369 60
35863.000000  7415 60
35875.000000  7422 60
35907.000000  7439 60
35939.000000  7457 60
35973.000000  7475 60
35995.000000  7487 60
36051.000000  7518 60
36067.000000  7527 60
36101.000000  7545 60
36121.000000  7556 60
36133.000000  7563 60
36161.000000  7578 60
36161.000000  7578 60
36171.000000  7583 60
36197.000000  7598 60
36227.000000  7614 60
36227.000000  7614 60
36251.000000  7627 60
36271.000000  7638 60
36291.000000  7649 60
36315.000000  7662 60
36351.000000  7682 60
36351.000000  7682 60
36369.000000  7692 60
36385.000000  7701 60
36415.000000  7717 60
36439.000000  7730 60
36453.000000  7738 60
36465.000000  7744 60
36477.000000  7751 60
36497.000000  7762 60
36551.000000  7791 60
36587.000000  7811 60
36589.000000  7812 60
36639.000000  7839 60
36639.000000  7839 60
36665.000000  7853 60
36697.000000  7871 60
36723.000000  7885 60
36745.000000  7897 60
36751.000000  7900 60
36781.000000  7917 60
36783.000000  7918 60
36807.000000  7931 60
36833.000000  7945 60
36861.000000  7960 60
36863.000000  7961 60
36871.000000  7966 60
36871.000000  7966 60
36903.000000  7983 60
36925.000000  7995 60
36931.000000  7999 60
36961.000000  8015 60
36963.000000  8016 60
36973.000000  8021 60
36987.000000  8029 60
37007.000000  8040 60
37037.000000  8057 60
37037.000000  8057 60
37077.000000  8078 60
37079.000000  8079 60
37105.000000  8093 60
37113.000000  8098 60
37133.000000  8109 60
37135.000000  8110 60
37157.000000  8122 60
37193.000000  8142 60
37195.000000  8143 60
37225.000000  8159 60
37227.000000  8160 60
37253.000000  8174 60
37277.000000  8187 60
37311.000000  8206 60
37365.000000  8235 60
37367.000000  8237 60
37389.000000  8249 60
37407.000000  8258 60
37407.000000  8258 60
37457.000000  8286 60
37473.000000  8295 60
37535.000000  8328 60
37537.000000  8329 60
37595.000000  8361 60
37647.000000  8389 60
37647.000000  8389 60
37663.000000  8398 60
37695.000000  8416 60
37721.000000  8430 60
37729.000000  8434 60
37761.000000  8452 60
37765.000000  8454 60
37817.000000  8482 60
37845.000000  8498 60
37847.000000  8499 60
37875.000000  8514 60
37875.000000  8514 60
37875.000000  8514 60
37875.000000  8514 60
37875.000000  8514 60
37929.000000  -1 60
37929.000000  -1 60
37955.000000  8558 60
37987.000000  8575 60
38009.000000  8587 60
38037.000000  8603 60
38059.000000  8614 60
38077.000000  8624 60
38077.000000  8624 60
38091.000000  8632 60
38101.000000  8637 60
38103.000000  8638 60
38125.000000  8651 60
38133.000000  8655 60
38155.000000  8667 60
38175.000000  8678 60
38197.000000  8690 60
38197.000000  8690 60
38215.000000  8700 60
38227.000000  8706 60
38255.000000  8721 60
38303.000000  8748 60
38311.000000  8752 60
38333.000000  8764 60
38381.000000  8790 60
38417.000000  8810 60
38439.000000  8822 60
38473.000000  8841 60
38501.000000  8856 60
38503.000000  8857 60
38537.000000  8875 60
38565.000000  8891 60
38579.000000  8898 60
38601.000000  8910 60
38603.000000  8911 60
38635.000000  8929 60
38661.000000  8943 60
38669.000000  8947 60
38697.000000  8963 60
38729.000000  8980 60
38761.000000  8998 60
38787.000000  9012 60
38787.000000  9012 60
38803.000000  9021 60
38819.000000  9029 60
38829.000000  9035 60
38843.000000  9043 60
38867.000000  9056 60
38885.000000  9065 60
38909.000000  9079 60
38921.000000  9085 60
38959.000000  9106 60
38961.000000  9107 60
38977.000000  9116 60
38997.000000  9127 60
38997.000000  9127 60
39031.000000  9145 60
39061.000000  9162 60
39061.000000  9162 60
39097.000000  9181 60
39121.000000  9194 60
39153.000000  9212 60
39175.000000  9224 60
39185.000000  9229 60
39219.000000  9248 60
39243.000000  9261 60
39275.000000  9278 60
39301.000000  9293 60
39313.000000  9299 60
39337.000000  9312 60
39367.000000  9329 60
39391.000000  9342 60
39415.000000  9355 60
39429.000000  9362 60
39447.000000  9372 60
39461.000000  9380 60
39471.000000  9385 60
39495.000000  9399 60
39525.000000  9415 60
39555.000000  9431 60
39569.000000  9439 60
39587.000000  9449 60
39587.000000  9449 60
39617.000000  9465 60
39647.000000  9481 60
39679.000000  9499 60
39679.000000  9499 60
39679.000000  9499 60
39679.000000  9499 60
39679.000000  9499 60
39787.000000  9558 60
39789.000000  9559 60
39791.000000  9560 60
39815.000000  9573 60
39843.000000  9589 60
39845.000000  9590 60
39851.000000  9593 60
39883.000000  9610 60
39913.000000  9627 60
39915.000000  9628 60
39925.000000  9633 60
39949.000000  9646 60
39975.000000  9661 60
40007.000000  9678 60
40037.000000  9694 60
40065.000000  9710 60
40081.000000  9718 60
40081.000000  9718 60
40105.000000  9732 60
40125.000000  9743 60
40133.000000  9747 60
40167.000000  9765 60
40167.000000  9765 60
40177.000000  9771 60
40203.000000  9785 60
40229.000000  9799 60
40235.000000  9803 60
40235.000000  9803 60
40285.000000  9830 60
40287.000000  9831 60
40301.000000  9839 60
40321.000000  9850 60
40323.000000  9851 60
40355.000000  9868 60
40355.000000  9868 60
40355.000000  9868 60
40377.000000  9880 60
40377.000000  9880 60
40377.000000  9880 60
40377.000000  9880 60
40443.000000  9916 60
40445.000000  9917 60
40467.000000  9929 60
40527.000000  9962 60
40541.000000  9970 60
40541.000000  9970 60
40579.000000  9990 60
40607.000000  10006 60
40607.000000  10006 60
40623.000000  10014 60
40647.000000  10027 60
40647.000000  10027 60
40697.000000  10055 60
40703.000000  10058 60
40725.000000  10070 60
40745.000000  10081 60
40793.000000  10107 60
40809.000000  10116 60
40831.000000  10128 60
40867.000000  10148 60
40873.000000  10151 60
40889.000000  10160 60
40919.000000  10176 60
40921.000000  10177 60
40945.000000  10190 60
40947.000000  10191 60
40977.000000  10208 60
41001.000000  10221 60
41033.000000  10238 60
41065.000000  10256 60
41067.000000  10257 60
41093.000000  10271 60
41127.000000  10290 60
41161.000000  10308 60
41195.000000  10327 60
41225.000000  10343 60
41225.000000  10343 60
41225.000000  10343 60
41251.000000  10357 60
41275.000000  10370 60
41305.000000  10387 60
41351.000000  10412 60
41375.000000  10425 60
41403.000000  10440 60
41431.000000  10456 60
41449.000000  10465 60
41473.000000  10479 60
41475.000000  10480 60
41495.000000  10491 60
41537.000000  10513 60
41537.000000  10513 60
41573.000000  10533 60
41575.000000  10534 60
41605.000000  10551 60
41607.000000  10552 60
41665.000000  10583 60
41675.000000  10589 60
41707.000000  10606 60
41761.000000  10636 60
41789.000000  10651 60
41791.000000  10652 60
41821.000000  10669 60
41823.000000  10670 60
41843.000000  10681 60
41891.000000  10707 60
41915.000000  10720 60
41931.000000  10729 60
41947.000000  10737 60
41947.000000  10737 60
41981.000000  10756 60
42015.000000  10775 60
42045.000000  10791 60
42063.000000  10801 60
42087.000000  10814 60
42105.000000  10824 60
42131.000000  10838 60
42157.000000  10852 60
42197.000000  10874 60
42229.000000  10891 60
42231.000000  10892 60
42233.000000  10893 60
42293.000000  10926 60
42295.000000  10927 60
42307.000000  10934 60
42343.000000  10954 60
42399.000000  10984 60
42429.000000  11001 60
42431.000000  11002 60
42457.000000  11016 60
42485.000000  11031 60
42487.000000  11032 60
42493.000000  11035 60
42515.000000  11047 60
42561.000000  11073 60
42561.000000  11073 60
42587.000000  11087 60
42589.000000  11088 60
42621.000000  11105 60
42645.000000  11119 60
42669.000000  11132 60
42689.000000  11143 60
42713.000000  11156 60
42747.000000  11174 60
42747.000000  11174 60
42765.000000  11184 60
42785.000000  11195 60
42815.000000  11211 60
42837.000000  11223 60
42837.000000  11223 60
42873.000000  11243 60
42875.000000  11244 60
42905.000000  11261 60
42907.000000  11262 60
42941.000000  11280 60
42997.000000  11311 60
42999.000000  11312 60
43029.000000  11328 60
43065.000000  11348 60
43097.000000  11365 60
43109.000000  11372 60
43143.000000  11391 60
43169.000000  11405 60
43193.000000  11418 60
43241.000000  11444 60
43265.000000  11457 60
43273.000000  11461 60
43307.000000  11480 60
43335.000000  11495 60
43349.000000  11503 60
43369.000000  11514 60
43395.000000  11528 60
43423.000000  11543 60
43423.000000  11543 60
43477.000000  11573 60
43491.000000  11581 60
43519.000000  11596 60
43519.000000  11596 60
43547.000000  11611 60
43559.000000  11618 60
43591.000000  11635 60
43653.000000  11669 60
43655.000000  11670 60
43667.000000  11677 60
43689.000000  11689 60
43745.000000  11719 60
43759.000000  11727 60
43801.000000  11750 60
43801.000000  11750 60
43839.000000  11771 60
43883.000000  11795 60
43905.000000  11807 60
43941.000000  11826 60
43965.000000  11839 60
44005.000000  11861 60
44033.000000  11877 60
44033.000000  11877 60
44063.000000  11893 60
44083.000000  11904 60
44147.000000  11939 60
44149.000000  11940 60
44203.000000  11969 60
44203.000000  11969 60
44219.000000  11978 60
44235.000000  11987 60
44271.000000  12007 60
44307.000000  12026 60
44335.000000  12041 60
44335.000000  12041 60
44335.000000  12041 60
44343.000000  12046 60
44355.000000  12052 60
44355.000000  12052 60
44379.000000  12065 60
44389.000000  12071 60
44431.000000  12094 60
44433.000000  12095 60
44489.000000  12125 60
44505.000000  12134 60
44539.000000  12153 60
44573.000000  12171 60
44573.000000  12171 60
44597.000000  12185 60
44611.000000  12192 60
44611.000000  12192 60
44635.000000  12205 60
44683.000000  12231 60
44781.000000  12285 60
44783.000000  12286 60
44815.000000  12304 60
44869.000000  12333 60
44901.000000  12351 60
44957.000000  12381 60
44959.000000  12382 60
44991.000000  12400 60
45015.000000  12413 60
45047.000000  12430 60
45119.000000  12470 60
45179.000000  12502 60
45189.000000  12508 60
45191.000000  12509 60
45213.000000  12521 60
45245.000000  12539 60
45289.000000  12563 60
45291.000000  12564 60
45313.000000  12575 60
45343.000000  12592 60
45379.000000  12612 60
45393.000000  12619 60
45417.000000  12632 60
45427.000000  12638 60
45459.000000  12655 60
45513.000000  12685 60
45515.000000  12686 60
45537.000000  12698 60
45545.000000  12702 60
45579.000000  12721 60
45607.000000  12736 60
45609.000000  12737 60
45615.000000  12741 60
45637.000000  12753 60
45665.000000  12768 60
45699.000000  12786 60
45723.000000  12799 60
45729.000000  12803 60
45749.000000  12814 60
45767.000000  12823 60
45767.000000  12823 60
45783.000000  12832 60
45805.000000  12844 60
45821.000000  12853 60
45841.000000  12864 60
45861.000000  12875 60
45985.000000  12943 60
46005.000000  12953 60
46037.000000  12971 60
46069.000000  12988 60
46131.000000  13022 60
46197.000000  13058 60
46231.000000  13077 60
46261.000000  13093 60
46263.000000  13094 60
46311.000000  13121 60
46321.000000  13126 60
46345.000000  13139 60
46355.000000  13145 60
46377.000000  13157 60
46491.000000  13219 60
46491.000000  13219 60
46515.000000  13232 60
46563.000000  13258 60
46575.000000  13265 60
46611.000000  13284 60
46629.000000  13294 60
46645.000000  13303 60
46661.000000  13312 60
46691.000000  13328 60
46729.000000  13349 60
46731.000000  13350 60
46751.000000  13361 60
46783.000000  13378 60
46805.000000  13390 60
46819.000000  13398 60
46835.000000  13407 60
46881.000000  13432 60
46947.000000  13468 60
46949.000000  13469 60
46951.000000  13470 60
47939.000000  14010 60
47941.000000  14011 60
47947.000000  14014 60
47963.000000  14023 60
47993.000000  14039 60
47995.000000  14040 60
47997.000000  14041 60
48029.000000  14059 60
48031.000000  14060 60
48057.000000  14074 60
48059.000000  14075 60
48063.000000  14077 60
48097.000000  14096 60
48121.000000  14109 60
48131.000000  14114 60
48147.000000  14123 60
48155.000000  14128 60
48185.000000  14144 60
48191.000000  14147 60
48211.000000  14158 60
48245.000000  14177 60
48277.000000  14194 60
48277.000000  14194 60
48305.000000  14209 60
48325.000000  14220 60
48351.000000  14235 60
48371.000000  14246 60
48383.000000  14252 60
48395.000000  14259 60
48427.000000  14276 60
48441.000000  14284 60
48443.000000  14285 60
48469.000000  14299 60
48477.000000  14303 60
48491.000000  14311 60
48491.000000  14311 60
48517.000000  14325 60
48571.000000  14355 60
48587.000000  14363 60
48613.000000  14378 60
48647.000000  14396 60
48681.000000  14415 60
48717.000000  14435 60
48739.000000  14447 60
48797.000000  14478 60
48857.000000  14511 60
48857.000000  14511 60
48857.000000  14511 60
48857.000000  14511 60
48857.000000  14511 60
48857.000000  14511 60
49007.000000  14593 60
49031.000000  14606 60
49081.000000  14633 60
49145.000000  14668 60
49191.000000  14693 60
49191.000000  14693 60
49239.000000  14719 60
49271.000000  14737 60
49325.000000  14767 60
49355.000000  14783 60
49425.000000  14821 60
49459.000000  14840 60
49459.000000  14840 60
49483.000000  14853 60
49565.000000  14897 60
49591.000000  14912 60
49639.000000  14938 60
49661.000000  14950 60
49735.000000  14990 60
49763.000000  15006 60
49789.000000  15020 60
49877.000000  15068 60
49893.000000  15077 60
49893.000000  15077 60
49951.000000  15108 60
49965.000000  15116 60
50039.000000  15157 60
50101.000000  15190 60
50103.000000  15191 60
50113.000000  15197 60
50143.000000  15213 60
50193.000000  15241 60
50227.000000  15259 60
50295.000000  15296 60
50315.000000  15307 60
50345.000000  15324 60
50369.000000  15337 60
50405.000000  15356 60
50445.000000  15378 60
50445.000000  15378 60
50463.000000  15388 60
50523.000000  15421 60
50551.000000  15436 60
50583.000000  15453 60
50607.000000  15467 60
50639.000000  15484 60
50641.000000  15485 60
50693.000000  15514 60
50727.000000  15532 60
50729.000000  15533 60
50741.000000  15540 60
50775.000000  15558 60
50775.000000  15558 60
50801.000000  15573 60
50815.000000  15580 60
50837.000000  15592 60
50839.000000  15593 60
50865.000000  15607 60
50897.000000  15625 60
50911.000000  15633 60
50921.000000  15638 60
50931.000000  15643 60
50957.000000  15658 60
50973.000000  15666 60
50995.000000  15679 60
51009.000000  15686 60
51033.000000  15699 60
51033.000000  15699 60
51065.000000  15717 60
51085.000000  15728 60
51109.000000  15741 60
51137.000000  15756 60
51137.000000  15756 60
51137.000000  15756 60
51137.000000  15756 60
51179.000000  15779 60
51213.000000  15797 60
51215.000000  15799 60
51243.000000  15814 60
51277.000000  15833 60
51303.000000  15847 60
51363.000000  15879 60
51397.000000  15898 60
51421.000000  15911 60
51433.000000  15918 60
51479.000000  15943 60
51601.000000  16009 60
51601.000000  16009 60
51621.000000  16020 60
51655.000000  16039 60
51701.000000  16064 60
51703.000000  16065 60
51723.000000  16076 60
51723.000000  16076 60
51723.000000  16076 60
51747.000000  16089 60
51795.000000  16115 60
51829.000000  16134 60
51851.000000  16146 60
51885.000000  16165 60
51963.000000  16207 60
51965.000000  16208 60
52019.000000  16238 60
52027.000000  16242 60
52027.000000  16242 60
52063.000000  16262 60
52065.000000  16263 60
52087.000000  16275 60
52107.000000  16286 60
52109.000000  16287 60
52123.000000  16294 60
52139.000000  16303 60
52161.000000  16315 60
52181.000000  16326 60
52195.000000  16334 60
52231.000000  16353 60
52249.000000  16363 60
52265.000000  16372 60
52285.000000  16383 60
52315.000000  16399 60
52345.000000  16416 60
52361.000000  16424 60
52387.000000  16439 60
52389.000000  16440 60
52435.000000  16465 60
52435.000000  16465 60
52463.000000  16480 60
52475.000000  16487 60
52519.000000  16511 60
52519.000000  16511 60
52545.000000  16525 60
52559.000000  16533 60
52593.000000  16551 60
52627.000000  16570 60
52649.000000  16582 60
52659.000000  16587 60
52673.000000  16595 60
52697.000000  16608 60
52729.000000  16625 60
52745.000000  16634 60
52745.000000  16634 60
52769.000000  16647 60
52777.000000  16651 60
52797.000000  16663 60
52811.000000  16670 60
52827.000000  16679 60
52829.000000  16680 60
52855.000000  16694 60
52901.000000  16719 60
52903.000000  16720 60
52933.000000  16737 60
52967.000000  16755 60
52967.000000  16755 60
52997.000000  16772 60
53011.000000  16779 60
53013.000000  16781 60
53041.000000  16796 60
53099.000000  16827 60
53135.000000  16847 60
53137.000000  16848 60
53175.000000  16869 60
53177.000000  16870 60
53203.000000  16884 60
53235.000000  16902 60
53259.000000  16915 60
53319.000000  16947 60
53321.000000  16949 60
53379.000000  16980 60
53381.000000  16981 60
53401.000000  16992 60
53433.000000  17010 60
53473.000000  17032 60
53525.000000  17060 60
53527.000000  17061 60
53599.000000  17100 60
53607.000000  17105 60
53623.000000  17113 60
53641.000000  17123 60
53659.000000  17133 60
53679.000000  17144 60
53689.000000  17150 60
53721.000000  17167 60
53725.000000  17169 60
53795.000000  17207 60
53831.000000  17227 60
53867.000000  17247 60
53869.000000  17248 60
53875.000000  17251 60
53875.000000  17251 60
53891.000000  17260 60
53913.000000  17272 60
53927.000000  17279 60
53927.000000  17279 60
53959.000000  17297 60
53989.000000  17313 60
54039.000000  17341 60
54087.000000  17367 60
54087.000000  17367 60
54111.000000  17380 60
54121.000000  17385 60
54141.000000  17396 60
54151.000000  17402 60
54167.000000  17411 60
54167.000000  17411 60
54167.000000  17411 60
54167.000000  17411 60
54231.000000  17445 60
54247.000000  17454 60
54277.000000  17471 60
54279.000000  17472 60
54291.000000  17478 60
54307.000000  17487 60
54335.000000  17502 60
54335.000000  17502 60
54367.000000  17520 60
54375.000000  17524 60
54409.000000  17543 60
54411.000000  17544 60
54415.000000  17546 60
54439.000000  17559 60
54441.000000  17560 60
54449.000000  17565 60
54473.000000  17578 60
54479.000000  17581 60
54507.000000  17596 60
54595.000000  17644 60
54621.000000  17658 60
54653.000000  17676 60
54703.000000  17703 60
54749.000000  17728 60
54789.000000  17750 60
54823.000000  17769 60
54859.000000  17789 60
54887.000000  17804 60
54917.000000  17820 60
54949.000000  17838 60
55005.000000  17868 60
55007.000000  17869 60
55035.000000  17885 60
55059.000000  17898 60
55091.000000  17915 60
55121.000000  17931 60
55123.000000  17933 60
55151.000000  17948 60
55153.000000  17949 60
55173.000000  17960 60
55175.000000  17961 60
55185.000000  17967 60
55219.000000  17985 60
55221.000000  17986 60
55243.000000  17998 60
55243.000000  17998 60
55243.000000  17998 60
55243.000000  17998 60
55307.000000  18033 60
55309.000000  18034 60
55349.000000  18056 60
55361.000000  18063 60
55361.000000  18063 60
55389.000000  18078 60
55461.000000  18117 60
55463.000000  18118 60
55489.000000  18133 60
55505.000000  18141 60
55549.000000  18165 60
55577.000000  18181 60
55591.000000  18188 60
55609.000000  18198 60
55619.000000  18203 60
55631.000000  18210 60
55665.000000  18229 60
55699.000000  18247 60
55733.000000  18266 60
55757.000000  18279 60
55789.000000  18296 60
55813.000000  18309 60
55827.000000  18317 60
55859.000000  18335 60
55881.000000  18347 60
55915.000000  18365 60
55937.000000  18377 60
55939.000000  18378 60
55949.000000  18384 60
55963.000000  18391 60
55981.000000  18401 60
55995.000000  18409 60
55997.000000  18410 60
56033.000000  18429 60
56053.000000  18440 60
56053.000000  18440 60
56069.000000  18449 60
56095.000000  18463 60
56111.000000  18472 60
56159.000000  18498 60
56187.000000  18514 60
56203.000000  18522 60
56203.000000  18522 60
56215.000000  18529 60
56239.000000  18542 60
56253.000000  18550 60
56265.000000  18556 60
56321.000000  18587 60
56323.000000  18588 60
56349.000000  18602 60
56351.000000  18603 60
56381.000000  18619 60
56429.000000  18646 60
56431.000000  18647 60
56433.000000  18648 60
56455.000000  18660 60
56455.000000  18660 60
56485.000000  18676 60
56487.000000  18677 60
56541.000000  18707 60
56603.000000  18741 60
56603.000000  18741 60
56651.000000  18767 60
56707.000000  18797 60
56761.000000  18827 60
56829.000000  18864 60
56831.000000  18865 60
56873.000000  18888 60
56917.000000  18912 60
56951.000000  18931 60
56971.000000  18942 60
56991.000000  18953 60
57005.000000  18960 60
57005.000000  18960 60
57029.000000  18973 60
57063.000000  18992 60
57085.000000  19004 60
57121.000000  19024 60
57123.000000  19025 60
57143.000000  19036 60
57175.000000  19053 60
57221.000000  19078 60
57221.000000  19078 60
57273.000000  19107 60
57327.000000  19136 60
57349.000000  19148 60
57367.000000  19158 60
57393.000000  19172 60
57393.000000  19172 60
57465.000000  19212 60
57487.000000  19223 60
57537.000000  19251 60
57537.000000  19251 60
57573.000000  19271 60
57649.000000  19312 60
57661.000000  19319 60
57725.000000  19353 60
57727.000000  19355 60
57729.000000  19356 60
57741.000000  19362 60
57817.000000  19404 60
57853.000000  19423 60
57877.000000  19436 60
57927.000000  19464 60
57971.000000  19488 60
58085.000000  19550 60
58121.000000  19570 60
58135.000000  19577 60
58151.000000  19586 60
58165.000000  19594 60
58183.000000  19604 60
58185.000000  19605 60
58229.000000  19629 60
58243.000000  19636 60
58243.000000  19636 60
58277.000000  19655 60
58307.000000  19671 60
58341.000000  19690 60
58341.000000  19690 60
58341.000000  19690 60
58375.000000  19709 60
58397.000000  19721 60
58431.000000  19739 60
58459.000000  19754 60
58473.000000  19762 60
58511.000000  19783 60
58527.000000  19791 60
58563.000000  19811 60
58579.000000  19820 60
58611.000000  19837 60
58631.000000  19848 60
58655.000000  19861 60
58673.000000  19871 60
58697.000000  19884 60
58723.000000  19899 60
58731.000000  19903 60
58733.000000  19904 60
58747.000000  19912 60
58749.000000  19913 60
58775.000000  19927 60
58793.000000  19937 60
58793.000000  19937 60
58815.000000  19949 60
58839.000000  19962 60
58847.000000  19966 60
58883.000000  19986 60
58905.000000  19998 60
58905.000000  19998 60
58915.000000  20003 60
58949.000000  20022 60
58951.000000  20023 60
58981.000000  20039 60
59015.000000  20058 60
59015.000000  20058 60
59015.000000  20058 60
59039.000000  20071 60
59073.000000  20090 60
59097.000000  20103 60
59241.000000  20181 60
59241.000000  20181 60
59265.000000  20195 60
59299.000000  20213 60
59335.000000  20233 60
59337.000000  20234 60
59369.000000  20251 60
59427.000000  20283 60
59481.000000  20313 60
59519.000000  20333 60
59521.000000  20334 60
59541.000000  20345 60
59581.000000  20367 60
59581.000000  20367 60
59581.000000  20367 60
59613.000000  20385 60
59629.000000  20393 60
59653.000000  20407 60
59667.000000  20414 60
59667.000000  20414 60
59699.000000  20432 60
59723.000000  20445 60
59723.000000  20445 60
59737.000000  20452 60
59785.000000  20479 60
59797.000000  20485 60
59817.000000  20496 60
59827.000000  20501 60
59847.000000  20513 60
59861.000000  20520 60
59871.000000  20525 60
59889.000000  20535 60
59907.000000  20545 60
59923.000000  20554 60
59959.000000  20574 60
59977.000000  20583 60
59985.000000  20588 60
60001.000000  20597 60
60035.000000  20615 60
60147.000000  20676 60
60177.000000  20693 60
60179.000000  20694 60
60237.000000  20725 60
60239.000000  20727 60
60241.000000  20728 60
60241.000000  20728 60
60251.000000  20733 60
60285.000000  20752 60
60287.000000  20753 60
60307.000000  20764 60
60321.000000  20771 60
60371.000000  20799 60
60371.000000  20799 60
60397.000000  20813 60
60405.000000  20817 60
60407.000000  20818 60
60427.000000  20829 60
60487.000000  20862 60
60487.000000  20862 60
60511.000000  20875 60
60533.000000  20887 60
60559.000000  20901 60
60589.000000  20918 60
60613.000000  20931 60
60613.000000  20931 60
60635.000000  20943 60
60647.000000  20949 60
60679.000000  20967 60
60703.000000  20980 60
60735.000000  20997 60
60737.000000  20999 60
60793.000000  21029 60
60849.000000  21060 60
60883.000000  21078 60
60911.000000  21093 60
60913.000000  21095 60
60919.000000  21098 60
60951.000000  21115 60
60983.000000  21133 60
60989.000000  21136 60
60991.000000  21137 60
61019.000000  21153 60
61021.000000  21154 60
61041.000000  21165 60
61081.000000  21186 60
61083.000000  21187 60
61129.000000  21213 60
61151.000000  21225 60
61207.000000  21255 60
61215.000000  21259 60
61229.000000  21267 60
61263.000000  21286 60
61305.000000  21309 60
61341.000000  21328 60
61381.000000  21350 60
61381.000000  21350 60
61419.000000  21371 60
61421.000000  21372 60
61453.000000  21390 60
61509.000000  21420 60
61511.000000  21421 60
61547.000000  21441 60
61549.000000  21442 60
61575.000000  21456 60
61607.000000  21474 60
61607.000000  21474 60
61643.000000  21493 60
61665.000000  21505 60
61675.000000  21511 60
61729.000000  21540 60
61747.000000  21550 60
61761.000000  21558 60
61779.000000  21568 60
61807.000000  21583 60
61821.000000  21591 60
61853.000000  21608 60
61887.000000  21627 60
61929.000000  21649 60
61957.000000  21665 60
62005.000000  21691 60
62039.000000  21710 60
62063.000000  21723 60
62097.000000  21741 60
62127.000000  21758 60
62161.000000  21776 60
62163.000000  21777 60
62183.000000  21788 60
62197.000000  21796 60
62227.000000  21812 60
62259.000000  21830 60
62273.000000  21837 60
62301.000000  21853 60
62335.000000  21871 60
62351.000000  21880 60
62377.000000  21894 60
62397.000000  21905 60
62447.000000  21932 60
62447.000000  21932 60
62515.000000  21969 60
62551.000000  21989 60
62553.000000  21990 60
62569.000000  21999 60
62585.000000  22008 60
62633.000000  22034 60
62679.000000  22059 60
62693.000000  22067 60
62747.000000  22096 60
62749.000000  22097 60
62781.000000  22115 60
62827.000000  22140 60
62829.000000  22141 60
62855.000000  22155 60
62881.000000  22169 60
62939.000000  22201 60
62939.000000  22201 60
62939.000000  22201 60
62969.000000  22217 60
62993.000000  22231 60
63039.000000  22256 60
63063.000000  22269 60
63085.000000  22281 60
63107.000000  22293 60
63117.000000  22298 60
63155.000000  22319 60
63177.000000  22331 60
63187.000000  22337 60
63209.000000  22349 60
63243.000000  22367 60
63261.000000  22377 60
63289.000000  22392 60
63323.000000  22411 60
63351.000000  22426 60
63351.000000  22426 60
63385.000000  -1 60
63385.000000  -1 60
63419.000000  22463 60
63451.000000  22481 60
63505.000000  22510 60
63533.000000  22526 60
63547.000000  22533 60
63557.000000  22539 60
63589.000000  22556 60
63591.000000  22557 60
63619.000000  22573 60
63631.000000  22579 60
63665.000000  22598 60
63683.000000  22607 60
63691.000000  22612 60
63727.000000  22631 60
63757.000000  22648 60
63771.000000  22655 60
63771.000000  22655 60
63803.000000  22673 60
63811.000000  22677 60
63837.000000  22692 60
63839.000000  22693 60
63863.000000  22706 60
63863.000000  22706 60
63887.000000  22719 60
63907.000000  22730 60
63937.000000  22746 60
63973.000000  22766 60
63975.000000  22767 60
64003.000000  22782 60
64005.000000  22783 60
64019.000000  22791 60
64043.000000  22804 60
64043.000000  22804 60
64075.000000  22821 60
64075.000000  22821 60
64185.000000  22882 60
64185.000000  22882 60
64185.000000  22882 60
64209.000000  22895 60
64241.000000  22912 60
64271.000000  22929 60
64273.000000  22930 60
64281.000000  22934 60
64281.000000  22934 60
64307.000000  22948 60
64331.000000  22961 60
64379.000000  22988 60
64403.000000  23001 60
64481.000000  23043 60
64481.000000  23043 60
64519.000000  23064 60
64561.000000  23087 60
64563.000000  23088 60
64597.000000  23107 60
64621.000000  23120 60
64635.000000  23127 60
64667.000000  23145 60
64697.000000  23161 60
64729.000000  23179 60
64759.000000  23195 60
64793.000000  23214 60
64815.000000  23226 60
64849.000000  23244 60
64871.000000  23256 60
64885.000000  23264 60
64919.000000  23283 60
64941.000000  23295 60
64963.000000  23307 60
64963.000000  23307 60
64991.000000  23322 60
65013.000000  23334 60
65013.000000  23334 60
65025.000000  23341 60
65037.000000  23347 60
65055.000000  23357 60
65077.000000  23369 60
65091.000000  23377 60
65111.000000  23387 60
65141.000000  23404 60
65163.000000  23416 60
65163.000000  23416 60
65163.000000  23416 60
65163.000000  23416 60
65205.000000  23439 60
65237.000000  23456 60
66035.000000  23892 60
66037.000000  23893 60
66057.000000  23904 60
66089.000000  23922 60
66143.000000  23951 60
66173.000000  23968 60
66175.000000  23969 60
66181.000000  23972 60
66255.000000  24012 60
66295.000000  24034 60
66339.000000  24058 60
66353.000000  24066 60
66353.000000  24066 60
66371.000000  24076 60
66383.000000  24082 60
66403.000000  24093 60
66405.000000  24094 60
66425.000000  24105 60
66517.000000  24155 60
66525.000000  24160 60
66559.000000  24179 60
66583.000000  24191 60
66615.000000  24209 60
66617.000000  24210 60
66641.000000  24223 60
66675.000000  24242 60
66675.000000  24242 60
66751.000000  24283 60
66785.000000  24302 60
66785.000000  24302 60
66825.000000  24324 60
66881.000000  24354 60
66919.000000  24375 60
66939.000000  24386 60
66959.000000  24397 60
66973.000000  24404 60
66989.000000  24413 60
67041.000000  24442 60
67053.000000  24448 60
67087.000000  24467 60
67155.000000  24504 60
67183.000000  24519 60
67199.000000  24528 60
67233.000000  24547 60
67259.000000  24561 60
67259.000000  24561 60
67259.000000  24561 60
67295.000000  24580 60
67297.000000  24581 60
67329.000000  24599 60
67363.000000  24617 60
67395.000000  24635 60
67429.000000  24653 60
67461.000000  24671 60
67493.000000  24689 60
67501.000000  24693 60
67551.000000  24720 60
67551.000000  24720 60
67573.000000  24732 60
67573.000000  24732 60
67597.000000  24745 60
67611.000000  24753 60
67641.000000  24769 60
67655.000000  24777 60
67711.000000  24808 60
67761.000000  24835 60
67795.000000  24853 60
67795.000000  24853 60
67825.000000  24870 60
67827.000000  24871 60
67835.000000  24875 60
67871.000000  24895 60
67873.000000  24896 60
67941.000000  24933 60
67943.000000  24934 60
67975.000000  24952 60
67997.000000  24964 60
68013.000000  24973 60
68025.000000  24979 60
68027.000000  24980 60
68051.000000  24993 60
68083.000000  25011 60
68111.000000  25026 60
68113.000000  25027 60
68147.000000  25046 60
68171.000000  25059 60
68185.000000  25067 60
68207.000000  25078 60
68221.000000  25086 60
68231.000000  25091 60
68249.000000  25101 60
68267.000000  25111 60
68277.000000  25117 60
68297.000000  25127 60
68349.000000  25156 60
68371.000000  25168 60
68403.000000  25185 60
68411.000000  25190 60
68483.000000  25229 60
68497.000000  25237 60
68509.000000  25243 60
68531.000000  25255 60
68531.000000  25255 60
68565.000000  25274 60
68621.000000  25305 60
68649.000000  25320 60
68651.000000  25321 60
68665.000000  25329 60
68703.000000  25349 60
68737.000000  25368 60
68761.000000  25381 60
68763.000000  25382 60
68771.000000  25386 60
68771.000000  25386 60
68803.000000  25404 60
68827.000000  25417 60
68851.000000  25430 60
68877.000000  25444 60
68887.000000  25450 60
68899.000000  25456 60
68929.000000  25473 60
68965.000000  25492 60
68975.000000  25498 60
68997.000000  25510 60
69023.000000  25524 60
69053.000000  25541 60
69061.000000  25545 60
69095.000000  25563 60
69123.000000  25579 60
69125.000000  25580 60
69137.000000  25586 60
69171.000000  25605 60
69199.000000  25620 60
69201.000000  25621 60
69229.000000  25637 60
69257.000000  25652 60
69289.000000  25669 60
69313.000000  25683 60
69327.000000  25690 60
69339.000000  25697 60
69363.000000  25710 60
69403.000000  25732 60
69405.000000  25733 60
69411.000000  25736 60
69427.000000  25745 60
69453.000000  25759 60
69477.000000  25772 60
69505.000000  25787 60
69523.000000  25797 60
69537.000000  25805 60
69553.000000  25814 60
69567.000000  25821 60
69595.000000  25837 60
69631.000000  25856 60
69793.000000  25945 60
69795.000000  25946 60
69821.000000  25960 60
69823.000000  25961 60
69913.000000  26010 60
69989.000000  26052 60
70047.000000  26083 60
70097.000000  26111 60
70119.000000  26123 60
70133.000000  26130 60
70231.000000  26184 60
70281.000000  26211 60
70297.000000  26220 60
70315.000000  26230 60
70335.000000  26241 60
70367.000000  26258 60
70397.000000  26275 60
70399.000000  26275 60
70407.000000  26280 60
70409.000000  26281 60
70423.000000  26289 60
70455.000000  26306 60
70457.000000  26307 60
70525.000000  26345 60
70527.000000  26345 60
70529.000000  26347 60
70553.000000  26360 60
70607.000000  26389 60
70639.000000  26407 60
70639.000000  26407 60
70653.000000  26414 60
70653.000000  26414 60
70697.000000  26438 60
70697.000000  26438 60
70737.000000  26460 60
70755.000000  26470 60
70777.000000  26482 60
70823.000000  26507 60
70855.000000  26525 60
70891.000000  26544 60
70931.000000  26566 60
70961.000000  26583 60
71021.000000  26615 60
71055.000000  26634 60
71077.000000  26646 60
71133.000000  26677 60
71167.000000  26695 60
71197.000000  26711 60
71209.000000  26718 60
71241.000000  26735 60
71241.000000  26735 60
71267.000000  26750 60
71275.000000  26754 60
71311.000000  26774 60
71313.000000  26775 60
71337.000000  26788 60
71357.000000  26799 60
71379.000000  26811 60
71403.000000  26824 60
71405.000000  26825 60
71423.000000  26835 60
71437.000000  26843 60
71457.000000  26853 60
71507.000000  26881 60
71525.000000  26891 60
71551.000000  26905 60
71581.000000  26921 60
71613.000000  26939 60
71645.000000  26956 60
71647.000000  26957 60
71675.000000  26972 60
71677.000000  26973 60
71705.000000  26989 60
71707.000000  26990 60
71757.000000  27017 60
71757.000000  27017 60
71811.000000  27047 60
71835.000000  27060 60
71955.000000  27125 60
71957.000000  27127 60
71989.000000  27144 60
72009.000000  27155 60
72057.000000  27181 60
72079.000000  27193 60
72109.000000  27209 60
72109.000000  27209 60
72137.000000  27225 60
72157.000000  27236 60
72173.000000  27244 60
72193.000000  27255 60
72211.000000  27265 60
72227.000000  27274 60
72245.000000  27284 60
72301.000000  27314 60
72311.000000  27320 60
72369.000000  27351 60
72371.000000  27353 60
72431.000000  27385 60
72433.000000  27386 60
72435.000000  27387 60
72491.000000  27418 60
72491.000000  27418 60
72491.000000  27418 60
72511.000000  27429 60
72523.000000  27435 60
72553.000000  27452 60
72583.000000  27468 60
72585.000000  27469 60
72605.000000  27480 60
72631.000000  27495 60
72645.000000  27502 60
72665.000000  27513 60
72681.000000  27522 60
72707.000000  27536 60
72737.000000  27552 60
72847.000000  27613 60
72859.000000  27619 60
72879.000000  27630 60
72879.000000  27630 60
72895.000000  27639 60
72927.000000  27656 60
72951.000000  27669 60
72983.000000  27687 60
73007.000000  27700 60
73039.000000  27717 60
73069.000000  27734 60
73105.000000  27753 60
73133.000000  27769 60
73135.000000  27770 60
73161.000000  27784 60
73185.000000  27797 60
73193.000000  27801 60
73193.000000  27801 60
73207.000000  27809 60
73233.000000  27823 60
73267.000000  27842 60
73299.000000  27859 60
73323.000000  27873 60
73349.000000  27887 60
73379.000000  27903 60
73379.000000  27903 60
73421.000000  27926 60
73423.000000  27927 60
73471.000000  27953 60
73473.000000  27955 60
73521.000000  27981 60
73523.000000  27982 60
73527.000000  27984 60
73559.000000  28001 60
73561.000000  28003 60
73631.000000  28041 60
73667.000000  28060 60
73695.000000  28076 60
73697.000000  28077 60
73729.000000  28094 60
73731.000000  28095 60
73757.000000  28110 60
73767.000000  28115 60
73779.000000  28122 60
73809.000000  28138 60
73837.000000  28153 60
73851.000000  28161 60
73877.000000  28175 60
73891.000000  28183 60
73907.000000  28191 60
73927.000000  28202 60
73935.000000  28207 60
73955.000000  28218 60
73971.000000  28227 60
73987.000000  28235 60
74009.000000  28247 60
74021.000000  28254 60
74021.000000  28254 60
74021.000000  28254 60
74021.000000  28254 60
74059.000000  28275 60
74077.000000  28285 60
74087.000000  28290 60
74119.000000  28307 60
74145.000000  28321 60
74167.000000  28333 60
74223.000000  28364 60
74281.000000  28396 60
74281.000000  28396 60
74343.000000  28430 60
74345.000000  28431 60
74375.000000  28447 60
74429.000000  28477 60
74461.000000  28494 60
74499.000000  28515 60
74501.000000  28516 60
74509.000000  28520 60
74541.000000  28538 60
74591.000000  28565 60
74603.000000  28572 60
74631.000000  28587 60
74651.000000  28598 60
74659.000000  28602 60
74679.000000  28613 60
74699.000000  28624 60
74699.000000  28624 60
74729.000000  28641 60
74765.000000  28660 60
74767.000000  28661 60
74789.000000  28673 60
74817.000000  28689 60
74839.000000  28701 60
74839.000000  28701 60
74855.000000  28709 60
74885.000000  28726 60
74921.000000  28745 60
74921.000000  28745 60
74921.000000  28745 60
74951.000000  28762 60
74953.000000  28763 60
74967.000000  28771 60
74989.000000  28783 60
74997.000000  28787 60
74997.000000  28787 60
75029.000000  28804 60
75085.000000  28835 60
75087.000000  28836 60
75109.000000  28848 60
75151.000000  28871 60
75153.000000  28872 60
75169.000000  28881 60
75199.000000  28897 60
75227.000000  28913 60
75241.000000  28920 60
75277.000000  28940 60
75277.000000  28940 60
75307.000000  28956 60
75321.000000  28964 60
75323.000000  28965 60
75343.000000  28976 60
75391.000000  29002 60
75419.000000  29017 60
75421.000000  29019 60
75453.000000  29036 60
75465.000000  29043 60
75467.000000  29044 60
75489.000000  29056 60
75489.000000  29056 60
75521.000000  29073 60
75521.000000  29073 60
75545.000000  29086 60
75579.000000  29105 60
75607.000000  29120 60
75635.000000  29135 60
75659.000000  29149 60
75715.000000  29179 60
75751.000000  29199 60
75753.000000  29200 60
75773.000000  29211 60
75781.000000  29215 60
75783.000000  29216 60
75815.000000  29234 60
75839.000000  29247 60
75869.000000  29263 60
75889.000000  29274 60
75897.000000  29278 60
75899.000000  29279 60
75919.000000  29291 60
75967.000000  29317 60
75983.000000  29325 60
76001.000000  29335 60
76045.000000  29359 60
76117.000000  29399 60
76151.000000  29417 60
76209.000000  29449 60
76243.000000  29467 60
76267.000000  29481 60
76279.000000  29487 60
76291.000000  29494 60
76315.000000  29507 60
76331.000000  29515 60
76389.000000  29547 60
76391.000000  29548 60
76435.000000  29572 60
76481.000000  29597 60
76507.000000  29612 60
76521.000000  29619 60
76547.000000  29633 60
76571.000000  29647 60
76591.000000  29658 60
76591.000000  29658 60
76613.000000  29670 60
76647.000000  29688 60
76685.000000  29709 60
76733.000000  29735 60
76749.000000  29744 60
76751.000000  29745 60
76761.000000  29751 60
76761.000000  29751 60
76761.000000  29751 60
76761.000000  29751 60
76761.000000  29751 60
76761.000000  29751 60
76847.000000  29797 60
76849.000000  29799 60
76899.000000  29826 60
76929.000000  29842 60
76931.000000  29843 60
76961.000000  29860 60
77015.000000  29889 60
77049.000000  29908 60
77103.000000  29937 60
77105.000000  29938 60
77115.000000  29944 60
77153.000000  29965 60
77193.000000  29986 60
77193.000000  29986 60
77193.000000  29986 60
77193.000000  29986 60
77249.000000  30017 60
77267.000000  30027 60
77313.000000  30052 60
77315.000000  30053 60
77325.000000  30059 60
77349.000000  30071 60
77349.000000  30071 60
77365.000000  30080 60
77395.000000  30097 60
77423.000000  30112 60
77425.000000  30113 60
77435.000000  30119 60
77467.000000  30136 60
77471.000000  30138 60
77495.000000  30151 60
77509.000000  30159 60
77545.000000  30179 60
77547.000000  30180 60
77567.000000  30191 60
77601.000000  30209 60
77603.000000  30210 60
77627.000000  30223 60
77629.000000  30225 60
77641.000000  30231 60
77641.000000  30231 60
77663.000000  30243 60
77713.000000  30270 60
77743.000000  30287 60
77841.000000  30340 60
77843.000000  30341 60
77875.000000  30359 60
77919.000000  30383 60
77933.000000  30391 60
77947.000000  30398 60
77947.000000  30398 60
77979.000000  30416 60
77981.000000  30417 60
78017.000000  30436 60
78031.000000  30444 60
78053.000000  30456 60
78085.000000  30474 60
78139.000000  30503 60
78163.000000  30516 60
78219.000000  30547 60
78233.000000  30554 60
78235.000000  30555 60
78289.000000  30585 60
78303.000000  30593 60
78375.000000  30632 60
78389.000000  30640 60
78405.000000  30648 60
78429.000000  30661 60
78429.000000  30661 60
78459.000000  -1 60
78459.000000  -1 60
78497.000000  30698 60
78507.000000  30704 60
78525.000000  30714 60
78595.000000  30752 60
78625.000000  30768 60
78625.000000  30768 60
78643.000000  30778 60
78657.000000  30786 60
78687.000000  30802 60
78687.000000  30802 60
78717.000000  30819 60
78725.000000  30823 60
78739.000000  30831 60
78791.000000  30859 60
78821.000000  30875 60
78823.000000  30877 60
78855.000000  30894 60
78857.000000  30895 60
78883.000000  30909 60
78915.000000  30927 60
78939.000000  30940 60
78947.000000  30944 60
78961.000000  30952 60
78983.000000  30964 60
78993.000000  30969 60
78993.000000  30969 60
79025.000000  30987 60
79053.000000  31002 60
79067.000000  31010 60
79067.000000  31010 60
79093.000000  31024 60
79115.000000  31036 60
79139.000000  31049 60
79139.000000  31049 60
79159.000000  31060 60
79189.000000  31077 60
79209.000000  31087 60
79231.000000  31099 60
79241.000000  31105 60
79259.000000  31115 60
79261.000000  31116 60
79297.000000  31135 60
79373.000000  31177 60
79387.000000  31185 60
79415.000000  31200 60
79479.000000  31235 60
79511.000000  31252 60
79511.000000  31252 60
79535.000000  31265 60
79569.000000  31284 60
79623.000000  31313 60
79645.000000  31325 60
79671.000000  31340 60
79681.000000  31345 60
79703.000000  31357 60
79739.000000  31377 60
79761.000000  31389 60
79807.000000  31414 60
79807.000000  31414 60
79871.000000  31449 60
79883.000000  31456 60
79909.000000  31470 60
79929.000000  31481 60
79965.000000  31500 60
79967.000000  31501 60
79985.000000  31511 60
79985.000000  31511 60
80019.000000  31530 60
80047.000000  31545 60
80049.000000  31546 60
80079.000000  31563 60
80103.000000  31576 60
80135.000000  31593 60
80191.000000  31624 60
80245.000000  31653 60
80279.000000  31672 60
80279.000000  31672 60
80293.000000  31679 60
80331.000000  31700 60
80347.000000  31709 60
80393.000000  31734 60
80395.000000  31735 60
80419.000000  31748 60
80419.000000  31748 60
80455.000000  31768 60
80473.000000  31778 60
80483.000000  31783 60
80533.000000  31811 60
80565.000000  31828 60
80597.000000  31845 60
80629.000000  31863 60
80665.000000  31883 60
80687.000000  31895 60
80767.000000  31938 60
80769.000000  31939 60
80775.000000  31943 60
80777.000000  31944 60
80781.000000  31946 60
80793.000000  31953 60
80793.000000  31953 60
80793.000000  31953 60
80817.000000  31966 60
80851.000000  31984 60
80853.000000  31985 60
80875.000000  31997 60
80911.000000  32017 60
80911.000000  32017 60
80911.000000  32017 60
80917.000000  32020 60
80953.000000  32040 60
80961.000000  32044 60
80977.000000  32053 60
80995.000000  32063 60
81011.000000  32072 60
81035.000000  32085 60
81055.000000  32096 60
81057.000000  32097 60
81071.000000  32104 60
81089.000000  32114 60
81089.000000  32114 60
81149.000000  32147 60
81167.000000  32157 60
81181.000000  32165 60
82167.000000  32703 60
82167.000000  32703 60
82199.000000  32721 60
82201.000000  32722 60
82203.000000  32723 60
82261.000000  32754 60
82301.000000  32776 60
82319.000000  32786 60
82349.000000  32803 60
82349.000000  32803 60
82423.000000  32843 60
82423.000000  32843 60
82465.000000  32866 60
82493.000000  32881 60
82557.000000  32916 60
82591.000000  32935 60
82591.000000  32935 60
82667.000000  32976 60
82683.000000  32985 60
82745.000000  33019 60
82779.000000  33037 60
82811.000000  33055 60
82845.000000  33073 60
82861.000000  33082 60
82875.000000  33090 60
82891.000000  33098 60
82941.000000  33126 60
82975.000000  33144 60
83025.000000  33172 60
83027.000000  33173 60
83043.000000  33182 60
83077.000000  33200 60
83077.000000  33200 60
83115.000000  33221 60
83133.000000  33231 60
83187.000000  33260 60
83221.000000  33279 60
83275.000000  33308 60
83305.000000  33325 60
83307.000000  33326 60
83321.000000  33333 60
83351.000000  33350 60
83387.000000  33369 60
83441.000000  33399 60
83467.000000  33413 60
83489.000000  33425 60
83521.000000  33443 60
83543.000000  33455 60
83573.000000  33471 60
83621.000000  33497 60
83633.000000  33504 60
83669.000000  33523 60
83689.000000  33534 60
83695.000000  33538 60
83733.000000  33558 60
83739.000000  33562 60
83757.000000  33571 60
83767.000000  33577 60
83825.000000  33609 60
83883.000000  33640 60
83897.000000  33648 60
83967.000000  33686 60
84001.000000  33705 60
84029.000000  33720 60
84031.000000  33721 60
84041.000000  33727 60
84103.000000  33760 60
84149.000000  33786 60
84173.000000  33799 60
84187.000000  33806 60
84203.000000  33815 60
84229.000000  33829 60
84231.000000  33830 60
84269.000000  33851 60
84271.000000  33852 60
84293.000000  33864 60
84295.000000  33865 60
84307.000000  33872 60
84309.000000  33873 60
84333.000000  33886 60
84353.000000  33897 60
84369.000000  33906 60
84371.000000  33907 60
84381.000000  33912 60
84401.000000  33923 60
84403.000000  33924 60
84435.000000  33942 60
84457.000000  33954 60
84471.000000  33961 60
84525.000000  33991 60
84537.000000  33997 60
84551.000000  34005 60
84581.000000  34021 60
84613.000000  34039 60
84667.000000  34069 60
84697.000000  34085 60
84767.000000  34123 60
84803.000000  34143 60
84819.000000  34151 60
84845.000000  34166 60
84859.000000  34173 60
84885.000000  34187 60
84921.000000  34207 60
84949.000000  34222 60
84957.000000  34227 60
84959.000000  34228 60
84977.000000  34238 60
85015.000000  34259 60
85017.000000  34260 60
85019.000000  34261 60
85035.000000  34269 60
85055.000000  34280 60
85111.000000  34311 60
85113.000000  34312 60
85133.000000  34323 60
85147.000000  34331 60
85169.000000  34343 60
85229.000000  34375 60
85237.000000  34380 60
85239.000000  34381 60
85271.000000  34398 60
85273.000000  34399 60
85303.000000  34416 60
85303.000000  34416 60
85303.000000  34416 60
85363.000000  34449 60
85365.000000  34449 60
85389.000000  34463 60
85413.000000  34476 60
85433.000000  34487 60
85471.000000  34507 60
85485.000000  34515 60
85505.000000  34526 60
85567.000000  34560 60
85585.000000  34570 60
85585.000000  34570 60
85615.000000  34586 60
85637.000000  34598 60
85685.000000  34624 60
85743.000000  34656 60
85801.000000  34688 60
85859.000000  34719 60
85917.000000  34751 60
85951.000000  34770 60
85979.000000  34785 60
85981.000000  34786 60
85993.000000  34793 60
85993.000000  34793 60
86039.000000  34818 60
86055.000000  34826 60
86055.000000  34826 60
86071.000000  34835 60
86087.000000  34844 60
86105.000000  34854 60
86155.000000  34881 60
86157.000000  34882 60
86203.000000  34907 60
86225.000000  34919 60
86247.000000  34931 60
86273.000000  34945 60
86275.000000  34947 60
86297.000000  34959 60
86315.000000  34968 60
86381.000000  35005 60
86445.000000  35039 60
86445.000000  35039 60
86481.000000  35059 60
86483.000000  35060 60
86555.000000  35099 60
86571.000000  35108 60
86593.000000  35120 60
86607.000000  35128 60
86625.000000  35138 60
86651.000000  35152 60
86661.000000  35157 60
86683.000000  35169 60
86701.000000  35179 60
86727.000000  35193 60
86741.000000  35201 60
86761.000000  35212 60
86781.000000  35223 60
86809.000000  35238 60
86825.000000  35247 60
86849.000000  35260 60
86859.000000  35265 60
86879.000000  35276 60
86931.000000  35305 60
86933.000000  35306 60
86941.000000  35310 60
86965.000000  35323 60
86977.000000  35330 60
86977.000000  35330 60
86999.000000  35342 60
87031.000000  35359 60
87059.000000  35375 60
87059.000000  35375 60
87059.000000  35375 60
87093.000000  35393 60
87123.000000  35410 60
87155.000000  35427 60
87179.000000  35440 60
87187.000000  35445 60
87211.000000  35458 60
87213.000000  35459 60
87371.000000  35545 60
87379.000000  35549 60
87393.000000  35557 60
87393.000000  35557 60
87423.000000  35574 60
87433.000000  35579 60
87469.000000  35599 60
87483.000000  35606 60
87527.000000  35630 60
87571.000000  35655 60
87603.000000  35672 60
87667.000000  35707 60
87733.000000  35743 60
87769.000000  35763 60
87795.000000  35777 60
87795.000000  35777 60
87819.000000  35790 60
87867.000000  35816 60
87879.000000  35823 60
87911.000000  35840 60
87933.000000  35852 60
87985.000000  35881 60
88033.000000  35907 60
88033.000000  35907 60
88065.000000  35924 60
88083.000000  35934 60
88143.000000  35967 60
88165.000000  35979 60
88179.000000  35987 60
88179.000000  35987 60
88207.000000  36002 60
88255.000000  36028 60
88291.000000  36048 60
88315.000000  36061 60
88349.000000  36079 60
88351.000000  36081 60
88371.000000  36091 60
88381.000000  36097 60
88401.000000  36108 60
88401.000000  36108 60
88407.000000  36111 60
88455.000000  36137 60
88483.000000  36153 60
88485.000000  36154 60
88493.000000  36158 60
88493.000000  36158 60
88531.000000  36179 60
88533.000000  36180 60
88551.000000  36190 60
88573.000000  36202 60
88587.000000  36209 60
88605.000000  36219 60
88619.000000  36227 60
88667.000000  36253 60
88687.000000  36264 60
88701.000000  36272 60
88715.000000  36279 60
88715.000000  36279 60
88735.000000  36290 60
88749.000000  36298 60
88777.000000  36313 60
88827.000000  36341 60
88835.000000  36345 60
88855.000000  36356 60
88855.000000  36356 60
88971.000000  36419 60
88979.000000  36424 60
88979.000000  36424 60
89013.000000  36442 60
89067.000000  36472 60
89089.000000  36484 60
89091.000000  36485 60
89153.000000  36519 60
89187.000000  36537 60
89213.000000  36551 60
89259.000000  36576 60
89259.000000  36576 60
89291.000000  36594 60
89337.000000  36619 60
89337.000000  36619 60
89391.000000  36649 60
89463.000000  36688 60
89465.000000  36689 60
89511.000000  36714 60
89557.000000  36739 60
89593.000000  36759 60
89595.000000  36760 60
89615.000000  36771 60
89629.000000  36779 60
89629.000000  36779 60
89665.000000  36798 60
89667.000000  36799 60
89705.000000  36820 60
89705.000000  36820 60
89705.000000  36820 60
89759.000000  36850 60
89773.000000  36857 60
89805.000000  36875 60
89833.000000  36890 60
89835.000000  36891 60
89863.000000  36906 60
89889.000000  36921 60
89915.000000  36935 60
89929.000000  36942 60
89929.000000  36942 60
89953.000000  36955 60
89997.000000  36979 60
90021.000000  36993 60
90035.000000  37000 60
90059.000000  37013 60
90061.000000  37015 60
90075.000000  37022 60
90109.000000  37041 60
90131.000000  37053 60
90203.000000  37092 60
90237.000000  37111 60
90273.000000  37130 60
90275.000000  37131 60
90299.000000  37145 60
90331.000000  37162 60
90333.000000  37163 60
90383.000000  37191 60
90405.000000  37203 60
90405.000000  37203 60
90463.000000  37234 60
90529.000000  37270 60
90565.000000  37290 60
90577.000000  37296 60
90595.000000  37306 60
90597.000000  37307 60
90621.000000  37320 60
90649.000000  37336 60
90699.000000  37363 60
90701.000000  37364 60
90723.000000  37376 60
90797.000000  37417 60
90813.000000  37425 60
90845.000000  37443 60
90875.000000  37459 60
90909.000000  37478 60
90933.000000  37491 60
91003.000000  37529 60
91003.000000  37529 60
91003.000000  37529 60
91011.000000  37533 60
91033.000000  37545 60
91065.000000  37563 60
91123.000000  37595 60
91153.000000  37611 60
91169.000000  37620 60
91189.000000  37631 60
91239.000000  37658 60
91265.000000  37672 60
91265.000000  37672 60
91313.000000  37698 60
91345.000000  37716 60
91387.000000  37739 60
91387.000000  37739 60
91405.000000  37749 60
91405.000000  37749 60
91435.000000  37765 60
91499.000000  37800 60
91531.000000  37817 60
91561.000000  37834 60
91563.000000  37835 60
91589.000000  37849 60
91643.000000  37879 60
91673.000000  37895 60
91729.000000  37926 60
91783.000000  37955 60
91797.000000  37963 60
91813.000000  37971 60
91861.000000  37998 60
91923.000000  38032 60
91977.000000  38061 60
91997.000000  38072 60
92027.000000  38088 60
92049.000000  38101 60
92063.000000  38108 60
92063.000000  38108 60
92081.000000  38118 60
92097.000000  38127 60
92131.000000  38145 60
92133.000000  38146 60
92163.000000  38163 60
92177.000000  38170 60
92177.000000  38170 60
92205.000000  38186 60
92241.000000  38205 60
92243.000000  38206 60
92263.000000  38217 60
92277.000000  38225 60
92335.000000  38257 60
92337.000000  38258 60
92343.000000  38261 60
92359.000000  38270 60
92367.000000  38274 60
92367.000000  38274 60
92393.000000  38288 60
92409.000000  38297 60
92421.000000  38304 60
92459.000000  38324 60
92489.000000  38341 60
92511.000000  38353 60
92513.000000  38354 60
92519.000000  38357 60
92557.000000  38378 60
92583.000000  38392 60
92817.000000  38520 60
92817.000000  38520 60
92817.000000  38520 60
92845.000000  38535 60
92845.000000  38535 60
92845.000000  38535 60
92845.000000  38535 60
92845.000000  38535 60
92903.000000  38567 60
92923.000000  38578 60
92977.000000  38607 60
93003.000000  38622 60
93035.000000  38639 60
93059.000000  38652 60
93071.000000  38659 60
93113.000000  38682 60
93129.000000  38690 60
93147.000000  38700 60
93223.000000  38742 60
93225.000000  38743 60
93245.000000  38754 60
93247.000000  38755 60
93265.000000  38765 60
93289.000000  38778 60
93321.000000  38795 60
93337.000000  38804 60
93367.000000  38821 60
93423.000000  38851 60
93493.000000  38889 60
93565.000000  38929 60
93567.000000  38930 60
93569.000000  38931 60
93597.000000  38946 60
93597.000000  38946 60
93629.000000  38963 60
93629.000000  38963 60
93647.000000  38973 60
93657.000000  38979 60
93681.000000  38992 60
93695.000000  38999 60
93717.000000  39012 60
93757.000000  39033 60
93783.000000  39048 60
93803.000000  39059 60
93817.000000  39066 60
93833.000000  39075 60
93865.000000  39093 60
93865.000000  39093 60
93865.000000  39093 60
93865.000000  39093 60
93901.000000  39112 60
93927.000000  39126 60
93957.000000  39143 60
93977.000000  39154 60
93995.000000  39163 60
94013.000000  39173 60
94045.000000  39191 60
94073.000000  39206 60
94075.000000  39207 60
94085.000000  39213 60
94119.000000  39231 60
94123.000000  39233 60
94149.000000  39248 60
94185.000000  39267 60
94215.000000  39284 60
94217.000000  39285 60
94219.000000  39286 60
94231.000000  39292 60
94249.000000  39302 60
94301.000000  39331 60
94317.000000  39339 60
94327.000000  39345 60
94355.000000  39360 60
94389.000000  39379 60
94405.000000  39387 60
94405.000000  39387 60
94453.000000  39414 60
94617.000000  39503 60
94625.000000  39508 60
94655.000000  39524 60
94655.000000  39524 60
94691.000000  39544 60
94713.000000  39556 60
94747.000000  39574 60
94773.000000  39589 60
94841.000000  39626 60
94843.000000  39627 60
94871.000000  39642 60
94901.000000  39659 60
94965.000000  39693 60
94967.000000  39694 60
94969.000000  39695 60
94999.000000  39712 60
95015.000000  39721 60
95017.000000  39722 60
95031.000000  39729 60
95049.000000  39739 60
95083.000000  39758 60
95109.000000  39772 60
95141.000000  39789 60
95155.000000  39797 60
95175.000000  39808 60
95237.000000  39842 60
95239.000000  39843 60
95253.000000  39851 60
95281.000000  39866 60
95281.000000  39866 60
95315.000000  39885 60
95371.000000  39915 60
95373.000000  39916 60
95393.000000  39927 60
95433.000000  39949 60
95487.000000  39979 60
95521.000000  39997 60
95545.000000  40010 60
95581.000000  40030 60
95583.000000  40031 60
95599.000000  40040 60
95617.000000  40049 60
95649.000000  40067 60
95669.000000  40078 60
95677.000000  40082 60
95697.000000  40093 60
95715.000000  40103 60
95731.000000  40112 60
95751.000000  40123 60
95753.000000  40124 60
95811.000000  40155 60
95849.000000  40176 60
95849.000000  40176 60
95867.000000  40186 60
95879.000000  40193 60
95903.000000  40206 60
95917.000000  40213 60
95935.000000  40223 60
95961.000000  40237 60
95991.000000  40254 60
96015.000000  40267 60
96023.000000  40271 60
96023.000000  40271 60
96037.000000  40279 60
96037.000000  40279 60
96073.000000  40299 60
96137.000000  40333 60
96139.000000  40335 60
96167.000000  40350 60
96169.000000  40351 60
96189.000000  40362 60
97133.000000  40878 60
97145.000000  40884 60
97145.000000  40884 60
97173.000000  40900 60
97179.000000  40903 60
97181.000000  40904 60
97201.000000  40915 60
97217.000000  40924 60
97271.000000  40953 60
97293.000000  40965 60
97329.000000  40985 60
97331.000000  40986 60
97383.000000  41014 60
97385.000000  41015 60
97405.000000  41026 60
97419.000000  41034 60
97473.000000  41063 60
97527.000000  41093 60
97545.000000  41103 60
97567.000000  41115 60
97593.000000  41129 60
97607.000000  41137 60
97627.000000  41148 60
97641.000000  41155 60
97657.000000  41164 60
97673.000000  41173 60
97689.000000  41181 60
97709.000000  41192 60
97783.000000  41233 60
97795.000000  41239 60
97823.000000  41255 60
97845.000000  41267 60
97881.000000  41286 60
97883.000000  41287 60
97905.000000  41299 60
97905.000000  41299 60
97905.000000  41299 60
97969.000000  41334 60
97971.000000  41335 60
97987.000000  41344 60
98039.000000  41373 60
98051.000000  41379 60
98083.000000  41397 60
98141.000000  41428 60
98173.000000  41446 60
98175.000000  41447 60
98205.000000  41463 60
98211.000000  41467 60
98219.000000  41471 60
98265.000000  41496 60
98339.000000  41537 60
98339.000000  41537 60
98367.000000  41552 60
98383.000000  41561 60
98469.000000  41608 60
98497.000000  41623 60
98531.000000  41641 60
98585.000000  41671 60
98611.000000  41685 60
98677.000000  41721 60
98735.000000  41753 60
98791.000000  41783 60
98847.000000  41814 60
98849.000000  41815 60
98871.000000  41827 60
98917.000000  41852 60
98979.000000  41886 60
99019.000000  41908 60
99019.000000  41908 60
99047.000000  41923 60
99069.000000  41935 60
99113.000000  41959 60
99159.000000  41985 60
99171.000000  41991 60
99271.000000  42045 60
99273.000000  42047 60
99307.000000  42065 60
99309.000000  42066 60
99339.000000  42083 60
99365.000000  42097 60
99423.000000  42129 60
99461.000000  42149 60
99469.000000  42154 60
99495.000000  42168 60
99517.000000  42180 60
99551.000000  42199 60
99551.000000  42199 60
99573.000000  42211 60
99639.000000  42247 60
99657.000000  42257 60
99673.000000  42265 60
99693.000000  42276 60
99707.000000  42284 60
99727.000000  42295 60
99741.000000  42302 60
