34480.000000  10 60
34526.000000  28 60
34600.000000  63 60
34676.000000  101 60
34832.000000  182 60
34886.000000  210 60
34928.000000  231 60
34966.000000  251 60
34966.000000  251 60
35006.000000  272 60
35008.000000  273 60
35070.000000  305 60
35108.000000  325 60
35142.000000  342 60
35240.000000  393 60
35264.000000  405 60
35322.000000  435 60
35354.000000  452 60
35356.000000  453 60
35378.000000  465 60
35436.000000  495 60
35492.000000  523 60
35492.000000  523 60
35530.000000  543 60
35532.000000  544 60
35580.000000  569 60
35620.000000  590 60
35652.000000  606 60
35654.000000  607 60
35668.000000  615 60
35742.000000  653 60
35772.000000  669 60
35788.000000  677 60
35788.000000  677 60
35820.000000  693 60
35822.000000  694 60
35844.000000  706 60
35854.000000  711 60
35888.000000  729 60
35912.000000  741 60
35914.000000  742 60
35948.000000  760 60
35970.000000  771 60
36004.000000  789 60
36028.000000  801 60
36062.000000  819 60
36064.000000  820 60
36084.000000  830 60
36098.000000  837 60
36128.000000  853 60
36162.000000  871 60
36196.000000  888 60
36216.000000  899 60
36242.000000  912 60
36260.000000  921 60
36280.000000  931 60
36300.000000  942 60
36348.000000  967 60
36434.000000  1011 60
36470.000000  1030 60
36500.000000  1046 60
36534.000000  1063 60
36640.000000  1118 60
36640.000000  1118 60
36730.000000  1165 60
36824.000000  1214 60
36886.000000  1246 60
37008.000000  1309 60
37020.000000  1315 60
37020.000000  1315 60
37046.000000  1329 60
37056.000000  1334 60
37082.000000  1347 60
37112.000000  1363 60
37120.000000  1367 60
37122.000000  1368 60
37140.000000  1377 60
37154.000000  1385 60
37170.000000  1393 60
37196.000000  1407 60
37230.000000  1424 60
37260.000000  1440 60
37268.000000  1444 60
37304.000000  1462 60
37306.000000  1463 60
37364.000000  1493 60
37396.000000  1510 60
37404.000000  1514 60
37440.000000  1533 60
37442.000000  1534 60
37510.000000  1569 60
37536.000000  1583 60
37600.000000  1616 60
37626.000000  1629 60
37640.000000  1637 60
37666.000000  1650 60
37696.000000  1666 60
37716.000000  1676 60
37768.000000  1703 60
37780.000000  1709 60
37814.000000  1727 60
37816.000000  1728 60
37902.000000  1773 60
38028.000000  1838 60
38064.000000  1857 60
38142.000000  1897 60
38142.000000  1897 60
38160.000000  1906 60
38172.000000  1913 60
38258.000000  1957 60
38296.000000  1977 60
38298.000000  1978 60
38340.000000  2000 60
38396.000000  2029 60
38442.000000  2053 60
38476.000000  2070 60
38508.000000  2087 60
38542.000000  2105 60
38566.000000  2117 60
38682.000000  2177 60
38690.000000  2181 60
38704.000000  2189 60
38744.000000  2209 60
38764.000000  2220 60
38774.000000  2225 60
38800.000000  2238 60
38860.000000  2269 60
38876.000000  2278 60
38902.000000  2291 60
38928.000000  2305 60
38976.000000  2330 60
39012.000000  2348 60
39012.000000  2348 60
39030.000000  2358 60
39048.000000  2367 60
39078.000000  2383 60
39134.000000  2412 60
39136.000000  2413 60
39210.000000  2451 60
39248.000000  2471 60
39250.000000  2472 60
39276.000000  2485 60
39278.000000  2486 60
39284.000000  2489 60
39318.000000  2507 60
39344.000000  2521 60
39376.000000  2537 60
39406.000000  2553 60
39438.000000  2569 60
39464.000000  2583 60
39488.000000  2595 60
39488.000000  2595 60
39526.000000  2615 60
39550.000000  2627 60
39574.000000  2640 60
39602.000000  2654 60
39632.000000  2670 60
39658.000000  2683 60
39660.000000  2685 60
39680.000000  2695 60
39700.000000  2705 60
39700.000000  2705 60
39734.000000  2723 60
39748.000000  2730 60
39748.000000  2730 60
39806.000000  2760 60
39808.000000  2761 60
39862.000000  2789 60
40936.000000  3347 60
40938.000000  3348 60
40958.000000  3359 60
40998.000000  3379 60
41028.000000  3395 60
41030.000000  3396 60
41060.000000  3411 60
41062.000000  3413 60
41082.000000  3423 60
41118.000000  3442 60
41120.000000  3443 60
41170.000000  3469 60
41192.000000  3480 60
41194.000000  3481 60
41248.000000  3509 60
41248.000000  3509 60
41312.000000  3542 60
41314.000000  3543 60
41332.000000  3553 60
41352.000000  3563 60
41354.000000  3564 60
41372.000000  3573 60
41396.000000  3586 60
41412.000000  3594 60
41432.000000  3605 60
41456.000000  3617 60
41516.000000  3648 60
41616.000000  3700 60
41798.000000  3795 60
41822.000000  3807 60
41836.000000  3814 60
41852.000000  3823 60
41882.000000  3838 60
41960.000000  3879 60
41996.000000  3897 60
42002.000000  3901 60
42032.000000  3916 60
42046.000000  3923 60
42048.000000  3925 60
42096.000000  3949 60
42098.000000  3950 60
42150.000000  3977 60
42204.000000  4005 60
42278.000000  4044 60
42356.000000  4084 60
42370.000000  4092 60
42370.000000  4092 60
42426.000000  4121 60
42448.000000  4132 60
42448.000000  4132 60
42482.000000  4150 60
42506.000000  4162 60
42538.000000  4179 60
42562.000000  4191 60
42632.000000  4228 60
42662.000000  4243 60
42714.000000  4270 60
42744.000000  4286 60
42772.000000  4300 60
42792.000000  4311 60
42822.000000  4326 60
42842.000000  4337 60
42888.000000  4361 60
42924.000000  4379 60
42998.000000  4418 60
43068.000000  4454 60
43136.000000  4489 60
43150.000000  4497 60
43150.000000  4497 60
43174.000000  4509 60
43236.000000  4541 60
43238.000000  4542 60
43272.000000  4560 60
43296.000000  4572 60
43342.000000  4596 60
43354.000000  4603 60
43392.000000  4622 60
43422.000000  4638 60
43436.000000  4645 60
43436.000000  4645 60
43492.000000  4674 60
43492.000000  4674 60
43510.000000  4684 60
43526.000000  4692 60
43562.000000  4711 60
43564.000000  4712 60
43588.000000  4724 60
43588.000000  4724 60
43588.000000  4724 60
43620.000000  4741 60
43648.000000  4755 60
43658.000000  4761 60
43682.000000  4773 60
43698.000000  4781 60
43730.000000  4798 60
43764.000000  4815 60
43788.000000  4828 60
43820.000000  4844 60
43850.000000  4860 60
43890.000000  4881 60
43918.000000  4895 60
43942.000000  4908 60
43976.000000  4925 60
44030.000000  4954 60
44046.000000  4962 60
44068.000000  4973 60
44082.000000  4981 60
44084.000000  4982 60
44106.000000  4993 60
44144.000000  5013 60
44144.000000  5013 60
44258.000000  5072 60
44260.000000  5073 60
44290.000000  5089 60
44290.000000  5089 60
44318.000000  5103 60
44318.000000  5103 60
44332.000000  5110 60
44334.000000  5111 60
44386.000000  5138 60
44386.000000  5138 60
44412.000000  5152 60
44426.000000  5159 60
44426.000000  5159 60
44434.000000  5163 60
44486.000000  5190 60
44486.000000  5190 60
44514.000000  5205 60
44516.000000  5206 60
44546.000000  5221 60
44560.000000  5229 60
44572.000000  5235 60
44594.000000  5246 60
44610.000000  5255 60
44636.000000  5268 60
44650.000000  5275 60
44666.000000  5284 60
44674.000000  5288 60
44694.000000  5298 60
44702.000000  5302 60
44838.000000  5373 60
44866.000000  5388 60
44868.000000  5389 60
44876.000000  5393 60
44876.000000  5393 60
44896.000000  5403 60
44896.000000  5403 60
44920.000000  5416 60
44954.000000  5433 60
44956.000000  5434 60
44976.000000  5445 60
45008.000000  5461 60
45038.000000  5477 60
45040.000000  5478 60
45066.000000  5491 60
45094.000000  5506 60
45124.000000  5521 60
45146.000000  5533 60
45204.000000  5563 60
45234.000000  5579 60
45248.000000  5586 60
45266.000000  5595 60
45280.000000  5603 60
45296.000000  5611 60
45326.000000  5626 60
45362.000000  5645 60
45374.000000  5651 60
45402.000000  5666 60
45434.000000  5683 60
45444.000000  5688 60
45464.000000  5698 60
45464.000000  5698 60
45474.000000  5703 60
45488.000000  5711 60
45514.000000  5724 60
45538.000000  5737 60
45538.000000  5737 60
45550.000000  5743 60
45580.000000  5758 60
45580.000000  5758 60
45690.000000  5815 60
45720.000000  5831 60
45722.000000  5832 60
45724.000000  5833 60
45756.000000  5850 60
45778.000000  5861 60
45778.000000  5861 60
45812.000000  5879 60
45870.000000  5909 60
45872.000000  5910 60
45898.000000  5923 60
45946.000000  5948 60
45966.000000  5959 60
45984.000000  5968 60
45984.000000  5968 60
45994.000000  5973 60
46012.000000  5983 60
46032.000000  5993 60
46062.000000  6009 60
46064.000000  6010 60
46090.000000  6023 60
46092.000000  6024 60
46102.000000  6029 60
46134.000000  6046 60
46164.000000  6062 60
46166.000000  6063 60
46216.000000  6089 60
46270.000000  6117 60
46270.000000  6117 60
46280.000000  6122 60
46340.000000  6153 60
46342.000000  6154 60
46352.000000  6159 60
46378.000000  6173 60
46378.000000  6173 60
46414.000000  6191 60
46466.000000  6219 60
46510.000000  6241 60
46584.000000  6280 60
46602.000000  6289 60
46622.000000  6300 60
46642.000000  6310 60
46692.000000  6336 60
46692.000000  6336 60
46716.000000  6348 60
46730.000000  6355 60
46788.000000  6386 60
46790.000000  6387 60
46820.000000  6402 60
46822.000000  6403 60
46842.000000  6414 60
46876.000000  6431 60
46878.000000  6433 60
46898.000000  6443 60
46930.000000  6459 60
46952.000000  6471 60
46988.000000  6490 60
46990.000000  6491 60
47010.000000  6501 60
47020.000000  6506 60
47052.000000  6523 60
47056.000000  6525 60
47086.000000  6541 60
47110.000000  6553 60
47154.000000  6576 60
47192.000000  6595 60
47194.000000  6597 60
47210.000000  6605 60
47238.000000  6619 60
47240.000000  6620 60
47256.000000  6629 60
47270.000000  6636 60
47308.000000  6656 60
47338.000000  6671 60
47338.000000  6671 60
47354.000000  6680 60
47374.000000  6690 60
47374.000000  6690 60
47408.000000  6708 60
47460.000000  6735 60
47484.000000  6747 60
47492.000000  6751 60
47528.000000  6770 60
47556.000000  6785 60
47558.000000  6786 60
47566.000000  6790 60
47600.000000  6807 60
47628.000000  6822 60
47664.000000  6841 60
47666.000000  6842 60
47684.000000  6851 60
47684.000000  6851 60
47720.000000  6870 60
47722.000000  6871 60
47752.000000  6886 60
47780.000000  6901 60
47790.000000  6906 60
47826.000000  6925 60
47826.000000  6925 60
47850.000000  6937 60
47872.000000  6949 60
47902.000000  6964 60
47916.000000  6972 60
47942.000000  6985 60
47970.000000  7000 60
47984.000000  7007 60
48010.000000  7021 60
48072.000000  7053 60
48074.000000  7054 60
48136.000000  7086 60
48150.000000  7093 60
48174.000000  7106 60
48206.000000  7122 60
48234.000000  7137 60
48234.000000  7137 60
48234.000000  7137 60
48242.000000  -1 60
48242.000000  -1 60
48274.000000  7158 60
48328.000000  7186 60
48406.000000  7226 60
48440.000000  7244 60
48566.000000  7309 60
48650.000000  7353 60
48684.000000  7371 60
48708.000000  7383 60
48716.000000  7387 60
48772.000000  7417 60
48806.000000  7434 60
48830.000000  7447 60
48840.000000  7452 60
48872.000000  7469 60
48898.000000  7482 60
48952.000000  7511 60
48952.000000  7511 60
48976.000000  7524 60
48998.000000  7535 60
49000.000000  7537 60
49014.000000  7544 60
49038.000000  7557 60
49058.000000  7568 60
49086.000000  7583 60
49128.000000  7606 60
49136.000000  7611 60
49156.000000  7622 60
49188.000000  7639 60
49202.000000  7647 60
49204.000000  7648 60
49228.000000  7661 60
49264.000000  7681 60
49264.000000  7681 60
49280.000000  7689 60
49296.000000  7698 60
49328.000000  7715 60
49358.000000  7732 60
49360.000000  7733 60
49366.000000  7736 60
49424.000000  7768 60
49424.000000  7768 60
49424.000000  7768 60
49456.000000  7785 60
49458.000000  7787 60
49478.000000  7797 60
49480.000000  7798 60
49512.000000  7816 60
49512.000000  7816 60
49512.000000  7816 60
49542.000000  7832 60
49542.000000  7832 60
49542.000000  7832 60
49572.000000  7849 60
49596.000000  7862 60
49644.000000  7888 60
49668.000000  7901 60
49700.000000  7919 60
49700.000000  7919 60
49700.000000  7919 60
49720.000000  7929 60
49732.000000  7936 60
49764.000000  7953 60
49812.000000  7980 60
49836.000000  7993 60
49962.000000  8061 60
49964.000000  8063 60
49990.000000  8077 60
49992.000000  8078 60
50020.000000  8093 60
50022.000000  8095 60
50054.000000  8112 60
50088.000000  8130 60
50110.000000  8142 60
50144.000000  8161 60
50172.000000  8176 60
50172.000000  8176 60
50172.000000  8176 60
50200.000000  8192 60
50200.000000  8192 60
50226.000000  8206 60
50282.000000  8236 60
50308.000000  8250 60
50338.000000  8267 60
50356.000000  8277 60
50404.000000  8303 60
50434.000000  8319 60
50480.000000  8344 60
50502.000000  8357 60
50522.000000  8367 60
50554.000000  8385 60
50564.000000  8390 60
50622.000000  8422 60
50626.000000  8424 60
50658.000000  8441 60
50660.000000  8443 60
50662.000000  8444 60
50732.000000  8482 60
50732.000000  8482 60
50744.000000  8489 60
50800.000000  8519 60
50810.000000  8525 60
50834.000000  8538 60
50860.000000  8552 60
50906.000000  8577 60
50908.000000  8578 60
50928.000000  8589 60
50928.000000  8589 60
50952.000000  8602 60
50998.000000  8627 60
51010.000000  8634 60
51036.000000  8648 60
51070.000000  8666 60
51098.000000  8682 60
51100.000000  8683 60
51126.000000  8697 60
51146.000000  8708 60
51182.000000  8728 60
51202.000000  8739 60
51218.000000  8747 60
51248.000000  8764 60
51260.000000  8770 60
51322.000000  8804 60
51324.000000  8805 60
51374.000000  8832 60
51374.000000  8832 60
51408.000000  8851 60
51438.000000  8867 60
51438.000000  8867 60
51456.000000  8877 60
51486.000000  8893 60
51514.000000  8909 60
51516.000000  8910 60
51552.000000  8930 60
51554.000000  8931 60
51570.000000  8939 60
51586.000000  8948 60
51608.000000  8960 60
51622.000000  8968 60
51640.000000  8978 60
51750.000000  9038 60
51764.000000  9045 60
51764.000000  9045 60
51780.000000  9054 60
51798.000000  9064 60
51798.000000  9064 60
51846.000000  -1 60
51846.000000  -1 60
51864.000000  9100 60
51874.000000  9105 60
51948.000000  9146 60
51984.000000  9165 60
52036.000000  9194 60
52036.000000  9194 60
52070.000000  9212 60
52106.000000  9232 60
52180.000000  9273 60
52204.000000  9285 60
52228.000000  9299 60
52260.000000  9316 60
52268.000000  9320 60
52268.000000  9320 60
52314.000000  9346 60
52328.000000  9353 60
52338.000000  9359 60
52354.000000  9367 60
52368.000000  9375 60
52368.000000  9375 60
52388.000000  9386 60
52418.000000  9402 60
52418.000000  9402 60
52438.000000  9413 60
52438.000000  9413 60
52466.000000  9429 60
52496.000000  9445 60
52530.000000  9463 60
52560.000000  9480 60
52562.000000  9481 60
52564.000000  9482 60
52622.000000  9514 60
52624.000000  9515 60
52678.000000  9544 60
52680.000000  9545 60
52732.000000  9574 60
52746.000000  9581 60
52756.000000  9587 60
52788.000000  9604 60
52790.000000  9605 60
52810.000000  9616 60
52820.000000  9622 60
52848.000000  9637 60
52850.000000  9638 60
52868.000000  9648 60
52870.000000  9649 60
52904.000000  9667 60
52904.000000  9667 60
52914.000000  9673 60
52946.000000  9691 60
52998.000000  9719 60
53010.000000  9725 60
53050.000000  9747 60
53072.000000  9759 60
53086.000000  9767 60
53098.000000  9773 60
53128.000000  9790 60
53128.000000  9790 60
53164.000000  9809 60
53166.000000  9811 60
53192.000000  9825 60
53192.000000  9825 60
53192.000000  9825 60
53192.000000  9825 60
53218.000000  9839 60
53270.000000  9867 60
53298.000000  9883 60
53298.000000  9883 60
53298.000000  9883 60
53298.000000  9883 60
53298.000000  9883 60
53436.000000  9958 60
53458.000000  9970 60
53460.000000  9971 60
53508.000000  9997 60
53516.000000  10002 60
53552.000000  10021 60
53572.000000  10032 60
53618.000000  10057 60
53648.000000  10074 60
53682.000000  10092 60
53730.000000  10118 60
53754.000000  10131 60
53762.000000  10136 60
53802.000000  10158 60
53804.000000  10159 60
53832.000000  10174 60
53832.000000  10174 60
53840.000000  10179 60
53846.000000  10182 60
53852.000000  10185 60
53874.000000  10197 60
53874.000000  10197 60
53874.000000  10197 60
53906.000000  10215 60
53906.000000  10215 60
53906.000000  10215 60
53934.000000  10230 60
53936.000000  10231 60
53948.000000  10237 60
53968.000000  10248 60
53982.000000  10256 60
54036.000000  10285 60
54058.000000  10297 60
54060.000000  10299 60
54092.000000  10316 60
54132.000000  10338 60
54132.000000  10338 60
54132.000000  10338 60
54132.000000  10338 60
54132.000000  10338 60
54132.000000  10338 60
54252.000000  10403 60
54262.000000  10409 60
54290.000000  10424 60
54304.000000  10432 60
54322.000000  10442 60
54332.000000  10447 60
54354.000000  10459 60
54356.000000  10460 60
54372.000000  10469 60
54398.000000  10483 60
54470.000000  10523 60
54472.000000  10524 60
54476.000000  10526 60
54490.000000  10533 60
54546.000000  10564 60
54548.000000  10565 60
54574.000000  10579 60
54598.000000  10592 60
54634.000000  10612 60
54636.000000  10613 60
54654.000000  10623 60
54654.000000  10623 60
54690.000000  10643 60
54692.000000  10644 60
54712.000000  10655 60
54754.000000  10677 60
54756.000000  10679 60
54772.000000  10687 60
54784.000000  10694 60
54784.000000  10694 60
54820.000000  10714 60
54822.000000  10715 60
54862.000000  10737 60
54864.000000  10738 60
54900.000000  10757 60
55032.000000  10829 60
55032.000000  10829 60
55048.000000  10838 60
55082.000000  10857 60
55110.000000  10872 60
55122.000000  10879 60
55124.000000  10880 60
55158.000000  10898 60
55232.000000  10939 60
55246.000000  10946 60
55246.000000  10946 60
55280.000000  10965 60
55314.000000  10983 60
55346.000000  11001 60
55402.000000  11031 60
55466.000000  11066 60
55474.000000  11071 60
55508.000000  11089 60
55510.000000  11090 60
55528.000000  11100 60
55544.000000  11109 60
55544.000000  11109 60
55560.000000  11118 60
55588.000000  11133 60
55612.000000  11146 60
55626.000000  11154 60
55652.000000  11168 60
55668.000000  11177 60
55694.000000  11191 60
55694.000000  11191 60
55710.000000  11199 60
55740.000000  11216 60
55796.000000  11247 60
55798.000000  11248 60
55818.000000  11259 60
55828.000000  11264 60
55860.000000  11281 60
55884.000000  11295 60
55886.000000  11296 60
55902.000000  11304 60
55934.000000  11322 60
55988.000000  11351 60
56012.000000  11364 60
56026.000000  11372 60
56068.000000  11395 60
56118.000000  11422 60
56148.000000  11439 60
56164.000000  11447 60
56214.000000  11475 60
56238.000000  11488 60
56262.000000  11501 60
56276.000000  11509 60
56306.000000  11525 60
56328.000000  11537 60
56362.000000  11555 60
56384.000000  11567 60
56384.000000  11567 60
56420.000000  11587 60
56422.000000  11588 60
56442.000000  11599 60
56476.000000  11618 60
56504.000000  11633 60
56506.000000  11634 60
56522.000000  11643 60
56552.000000  11659 60
56554.000000  11660 60
56578.000000  11673 60
56578.000000  11673 60
56578.000000  11673 60
56608.000000  11690 60
56642.000000  11708 60
56654.000000  11715 60
56698.000000  11739 60
56698.000000  11739 60
56722.000000  11752 60
56748.000000  11766 60
56796.000000  11793 60
56816.000000  11803 60
56826.000000  11809 60
56844.000000  11819 60
56846.000000  11820 60
57788.000000  12334 60
57790.000000  12335 60
57822.000000  12353 60
57844.000000  12365 60
57844.000000  12365 60
57878.000000  12383 60
57902.000000  12396 60
57910.000000  12401 60
57968.000000  12432 60
58018.000000  12460 60
58030.000000  12466 60
58048.000000  12476 60
58062.000000  12484 60
58062.000000  12484 60
58092.000000  12500 60
58106.000000  12508 60
58136.000000  12524 60
58182.000000  12549 60
58182.000000  12549 60
58222.000000  12571 60
58224.000000  12572 60
58262.000000  12593 60
58274.000000  12599 60
58340.000000  12635 60
58342.000000  12637 60
58396.000000  12666 60
58430.000000  12685 60
58454.000000  12698 60
58488.000000  12716 60
58522.000000  12735 60
58556.000000  12753 60
58558.000000  12755 60
58580.000000  12767 60
58652.000000  12806 60
58696.000000  12830 60
58720.000000  12843 60
58720.000000  12843 60
58742.000000  12855 60
58792.000000  12882 60
58816.000000  12895 60
58816.000000  12895 60
58838.000000  12907 60
58886.000000  12933 60
58922.000000  12953 60
58976.000000  12983 60
59030.000000  13012 60
59082.000000  13041 60
59082.000000  13041 60
59108.000000  13055 60
59178.000000  13093 60
59194.000000  13102 60
59230.000000  13121 60
59230.000000  13121 60
59230.000000  13121 60
59230.000000  13121 60
59322.000000  13171 60
59362.000000  13193 60
59374.000000  13200 60
59466.000000  13250 60
59504.000000  13271 60
59534.000000  13287 60
59534.000000  13287 60
59548.000000  13295 60
59578.000000  13311 60
59578.000000  13311 60
59646.000000  13349 60
59680.000000  13367 60
59734.000000  13397 60
59764.000000  13413 60
59764.000000  13413 60
59820.000000  13443 60
59856.000000  13463 60
59890.000000  13482 60
59928.000000  13503 60
59958.000000  13519 60
59990.000000  13536 60
60012.000000  13548 60
60032.000000  13559 60
60080.000000  13585 60
60082.000000  13587 60
60112.000000  13603 60
60138.000000  13617 60
60158.000000  13628 60
60198.000000  13650 60
60224.000000  13664 60
60238.000000  13672 60
60270.000000  13689 60
60300.000000  13706 60
60302.000000  13707 60
60330.000000  13722 60
60360.000000  13738 60
60366.000000  13742 60
60388.000000  13754 60
60412.000000  13767 60
60426.000000  13774 60
60458.000000  13792 60
60486.000000  13807 60
60488.000000  13808 60
60500.000000  13815 60
60512.000000  13821 60
60534.000000  13833 60
60558.000000  13846 60
60588.000000  13863 60
60598.000000  13868 60
60636.000000  13889 60
60654.000000  13899 60
60654.000000  13899 60
60674.000000  13910 60
60690.000000  13918 60
60856.000000  14009 60
60858.000000  14010 60
60886.000000  14026 60
60914.000000  14041 60
60916.000000  14042 60
60944.000000  14057 60
60972.000000  14073 60
61006.000000  14091 60
61036.000000  14107 60
61038.000000  14109 60
61086.000000  14135 60
61146.000000  14167 60
61160.000000  14175 60
61196.000000  14195 60
61208.000000  14201 60
61228.000000  14212 60
61282.000000  14242 60
61312.000000  14258 60
61336.000000  14271 60
61350.000000  14279 60
61368.000000  14289 60
61384.000000  14297 60
61414.000000  14314 60
61444.000000  14330 60
61480.000000  14350 60
61504.000000  14363 60
61504.000000  14363 60
61536.000000  14381 60
61536.000000  14381 60
61570.000000  14399 60
61588.000000  14409 60
61624.000000  14429 60
61626.000000  14429 60
61638.000000  14436 60
61658.000000  14447 60
61690.000000  14464 60
61714.000000  14478 60
61722.000000  14482 60
61736.000000  14490 60
61764.000000  14505 60
61766.000000  14506 60
61808.000000  14529 60
61808.000000  14529 60
61826.000000  14539 60
61858.000000  14556 60
61882.000000  14569 60
61936.000000  14599 60
61956.000000  14610 60
61972.000000  14618 60
62000.000000  14634 60
62016.000000  14643 60
62032.000000  14651 60
62096.000000  14686 60
62132.000000  14706 60
62132.000000  14706 60
62132.000000  14706 60
62154.000000  14718 60
62154.000000  14718 60
62168.000000  14725 60
62266.000000  14779 60
62268.000000  14780 60
62272.000000  14782 60
62304.000000  14800 60
62328.000000  14813 60
62338.000000  14818 60
62392.000000  14848 60
62426.000000  14866 60
62438.000000  14873 60
62470.000000  14890 60
62472.000000  14891 60
62494.000000  14903 60
62514.000000  14914 60
62544.000000  14931 60
62574.000000  14947 60
62618.000000  14971 60
62652.000000  14990 60
62656.000000  14992 60
62678.000000  15004 60
62704.000000  15018 60
62714.000000  15024 60
62776.000000  15057 60
62798.000000  15069 60
62832.000000  15088 60
62854.000000  15100 60
62854.000000  15100 60
62870.000000  15109 60
62902.000000  15126 60
62928.000000  15140 60
62942.000000  15148 60
62998.000000  15179 60
63030.000000  15196 60
63116.000000  15243 60
63152.000000  15263 60
63202.000000  15290 60
63226.000000  15303 60
63272.000000  15328 60
63298.000000  15343 60
63356.000000  15374 60
63418.000000  15408 60
63452.000000  15427 60
63452.000000  15427 60
63506.000000  15456 60
63560.000000  15485 60
63614.000000  15515 60
63638.000000  15528 60
63694.000000  15559 60
63708.000000  15566 60
63708.000000  15566 60
63736.000000  15582 60
63792.000000  15612 60
63872.000000  15656 60
63904.000000  15673 60
63928.000000  15686 60
63958.000000  15703 60
64010.000000  15731 60
64046.000000  15751 60
64068.000000  15763 60
64124.000000  15793 60
64180.000000  15824 60
64194.000000  15832 60
64218.000000  15845 60
64274.000000  15875 60
64330.000000  15906 60
64352.000000  15918 60
64376.000000  15931 60
64390.000000  15939 60
64410.000000  15949 60
64442.000000  15967 60
64462.000000  15978 60
64476.000000  15985 60
64504.000000  16001 60
64504.000000  16001 60
64526.000000  16013 60
64534.000000  16017 60
64550.000000  16026 60
64574.000000  16039 60
64588.000000  16047 60
64588.000000  16047 60
64600.000000  16053 60
64650.000000  16081 60
64684.000000  16099 60
64712.000000  16114 60
64714.000000  16115 60
64728.000000  16123 60
64754.000000  16137 60
64756.000000  16138 60
64788.000000  16156 60
64788.000000  16156 60
64788.000000  16156 60
64812.000000  16169 60
64826.000000  16177 60
64848.000000  16189 60
64880.000000  16206 60
64912.000000  16223 60
64928.000000  16232 60
64960.000000  16250 60
64962.000000  16251 60
64998.000000  16270 60
65130.000000  16343 60
65150.000000  16353 60
65152.000000  16355 60
65186.000000  16373 60
65202.000000  16382 60
65218.000000  16391 60
65236.000000  16401 60
65250.000000  16408 60
65268.000000  16418 60
65322.000000  16447 60
65332.000000  16453 60
65350.000000  16463 60
65404.000000  16492 60
65438.000000  16511 60
65464.000000  16525 60
65464.000000  16525 60
65522.000000  16557 60
65536.000000  16564 60
65570.000000  16583 60
65592.000000  16595 60
65608.000000  16603 60
65682.000000  16644 60
65702.000000  16655 60
65732.000000  16671 60
65746.000000  16679 60
65766.000000  16690 60
65776.000000  16695 60
65804.000000  16711 60
65828.000000  16724 60
65842.000000  16731 60
65860.000000  16741 60
65870.000000  16747 60
65890.000000  16757 60
65920.000000  16774 60
65940.000000  16785 60
65940.000000  16785 60
65956.000000  16793 60
65968.000000  16800 60
65972.000000  16802 60
65972.000000  16802 60
66004.000000  16820 60
66006.000000  16821 60
66056.000000  16848 60
66066.000000  16854 60
66078.000000  16860 60
66108.000000  16877 60
66108.000000  16877 60
66108.000000  16877 60
66144.000000  16896 60
66146.000000  16897 60
66166.000000  16908 60
66200.000000  16927 60
66202.000000  16928 60
66228.000000  16942 60
66230.000000  16943 60
66258.000000  16958 60
66284.000000  16973 60
66342.000000  17004 60
66458.000000  17067 60
66470.000000  17074 60
66490.000000  17085 60
66522.000000  17103 60
66570.000000  17129 60
66604.000000  17147 60
66634.000000  17164 60
66636.000000  17165 60
66666.000000  17181 60
66668.000000  17182 60
66696.000000  17197 60
66730.000000  17216 60
66752.000000  17228 60
66766.000000  17236 60
66800.000000  17254 60
66830.000000  17271 60
66866.000000  17290 60
66868.000000  17291 60
66896.000000  17307 60
66930.000000  17325 60
66944.000000  17333 60
66974.000000  17349 60
67022.000000  17375 60
67038.000000  17384 60
67066.000000  17399 60
67068.000000  17401 60
67082.000000  17408 60
67092.000000  17414 60
67118.000000  17428 60
67142.000000  17441 60
67168.000000  17455 60
67202.000000  17474 60
67270.000000  17511 60
67272.000000  17512 60
67274.000000  17513 60
67304.000000  17529 60
67338.000000  17548 60
67432.000000  17599 60
67440.000000  17604 60
67460.000000  17615 60
67468.000000  17619 60
67494.000000  17633 60
67508.000000  17641 60
67520.000000  17647 60
67548.000000  17663 60
67616.000000  17700 60
67640.000000  17713 60
67654.000000  17721 60
67654.000000  17721 60
67670.000000  17729 60
67694.000000  17742 60
67696.000000  17743 60
67712.000000  17752 60
67714.000000  17753 60
67736.000000  17765 60
67752.000000  17774 60
67812.000000  17807 60
67832.000000  17818 60
67860.000000  17833 60
67882.000000  17845 60
67896.000000  17853 60
67912.000000  17861 60
67938.000000  17875 60
67938.000000  17875 60
67938.000000  17875 60
67962.000000  17889 60
67994.000000  17906 60
68022.000000  17921 60
68024.000000  17923 60
68034.000000  17928 60
68066.000000  17945 60
68068.000000  17947 60
68090.000000  17959 60
68090.000000  17959 60
68106.000000  17967 60
68132.000000  17981 60
68134.000000  17983 60
68162.000000  17998 60
68162.000000  17998 60
68162.000000  17998 60
68188.000000  18012 60
68204.000000  18021 60
68206.000000  18022 60
68230.000000  18035 60
68238.000000  18039 60
68262.000000  18052 60
68300.000000  18073 60
68330.000000  18089 60
68330.000000  18089 60
68330.000000  18089 60
68330.000000  18089 60
68418.000000  18137 60
68492.000000  18178 60
68526.000000  18197 60
68528.000000  18198 60
68550.000000  18210 60
68610.000000  18243 60
68612.000000  18243 60
68642.000000  18260 60
68644.000000  18261 60
68670.000000  18275 60
68672.000000  18276 60
68688.000000  18285 60
68720.000000  18303 60
68722.000000  18303 60
68772.000000  18331 60
68794.000000  18343 60
68796.000000  18344 60
68808.000000  18351 60
68852.000000  18375 60
68892.000000  18396 60
68894.000000  18397 60
68920.000000  18412 60
68930.000000  18417 60
68944.000000  18425 60
68960.000000  18433 60
68960.000000  18433 60
68988.000000  18449 60
69000.000000  18455 60
69018.000000  18465 60
69036.000000  18475 60
69046.000000  18480 60
69066.000000  18491 60
69068.000000  18492 60
69082.000000  18500 60
69236.000000  18584 60
69244.000000  18589 60
69300.000000  18619 60
69300.000000  18619 60
69334.000000  18638 60
69358.000000  18651 60
69392.000000  18669 60
69392.000000  18669 60
69392.000000  18669 60
69414.000000  18681 60
69450.000000  18701 60
69452.000000  18702 60
69474.000000  18714 60
69492.000000  18724 60
69516.000000  18737 60
69534.000000  18747 60
69554.000000  18758 60
69602.000000  18784 60
69632.000000  18800 60
69656.000000  18813 60
69672.000000  18822 60
69698.000000  18836 60
69712.000000  18844 60
69734.000000  18856 60
69736.000000  18857 60
69762.000000  18871 60
69766.000000  18873 60
69782.000000  18882 60
69792.000000  18888 60
69814.000000  18900 60
69824.000000  18905 60
69824.000000  18905 60
69858.000000  18924 60
69882.000000  18937 60
69892.000000  18942 60
69948.000000  18973 60
69980.000000  18990 60
70010.000000  19007 60
70046.000000  19026 60
70048.000000  19027 60
70068.000000  19038 60
70076.000000  19043 60
70098.000000  19055 60
70130.000000  19072 60
70150.000000  19083 60
70170.000000  19094 60
70170.000000  19094 60
70188.000000  19104 60
70206.000000  19114 60
70222.000000  19122 60
70242.000000  19133 60
70272.000000  19150 60
70284.000000  19156 60
70284.000000  19156 60
70320.000000  19176 60
70362.000000  19199 60
70394.000000  19216 60
70410.000000  19225 60
70466.000000  19256 60
70500.000000  19274 60
70524.000000  19287 60
70556.000000  19305 60
70586.000000  19321 60
70622.000000  19341 60
70674.000000  19369 60
70704.000000  19385 60
70706.000000  19387 60
70750.000000  19411 60
70750.000000  19411 60
70766.000000  19419 60
70798.000000  19437 60
70812.000000  19445 60
70854.000000  19467 60
70884.000000  19484 60
70908.000000  19497 60
70922.000000  19505 60
70938.000000  19513 60
70952.000000  19521 60
70996.000000  19545 60
71022.000000  19559 60
71038.000000  19568 60
71054.000000  19577 60
71066.000000  19583 60
71066.000000  19583 60
71090.000000  19596 60
71150.000000  19629 60
71152.000000  19630 60
71162.000000  19636 60
71194.000000  19653 60
71198.000000  19655 60
71198.000000  19655 60
71224.000000  19669 60
71252.000000  19685 60
71274.000000  19697 60
71276.000000  19698 60
71290.000000  19706 60
71322.000000  19723 60
71322.000000  19723 60
71322.000000  19723 60
71376.000000  19753 60
71398.000000  19765 60
71456.000000  19796 60
71502.000000  19821 60
71504.000000  19822 60
71574.000000  19861 60
71586.000000  19867 60
71610.000000  19880 60
71610.000000  19880 60
71628.000000  19890 60
71648.000000  19901 60
71678.000000  19917 60
71694.000000  19926 60
71706.000000  19933 60
71730.000000  19946 60
71744.000000  19953 60
71754.000000  19959 60
71766.000000  19965 60
71766.000000  19965 60
71788.000000  19977 60
71798.000000  19983 60
71806.000000  19987 60
71836.000000  20004 60
71836.000000  20004 60
71842.000000  20007 60
71866.000000  20020 60
71880.000000  20028 60
71894.000000  20035 60
71924.000000  20052 60
71926.000000  20053 60
71952.000000  20067 60
71974.000000  20079 60
72008.000000  20098 60
72034.000000  20112 60
72054.000000  20123 60
72056.000000  20124 60
72102.000000  20149 60
72150.000000  20175 60
72170.000000  20186 60
72200.000000  20202 60
72208.000000  20207 60
72210.000000  20208 60
72234.000000  20221 60
72292.000000  20253 60
72360.000000  20290 60
72362.000000  20291 60
72388.000000  20305 60
72390.000000  20306 60
72396.000000  20309 60
72430.000000  20328 60
72452.000000  20340 60
72466.000000  20348 60
72500.000000  20366 60
72524.000000  20379 60
72532.000000  20384 60
72534.000000  20385 60
72596.000000  20419 60
72598.000000  20420 60
72612.000000  20427 60
72612.000000  20427 60
72628.000000  20436 60
72650.000000  20448 60
72650.000000  20448 60
72650.000000  20448 60
72726.000000  20490 60
72754.000000  20505 60
72756.000000  20506 60
72828.000000  20545 60
72866.000000  20566 60
72910.000000  20590 60
72924.000000  20598 60
72926.000000  20599 60
72946.000000  20610 60
72978.000000  20627 60
73032.000000  20657 60
73032.000000  20657 60
73032.000000  20657 60
73068.000000  20676 60
73104.000000  20696 60
73106.000000  20697 60
73126.000000  20708 60
73162.000000  20728 60
73164.000000  20729 60
73188.000000  20742 60
73196.000000  20746 60
73216.000000  20757 60
73240.000000  20770 60
73272.000000  20788 60
73272.000000  20788 60
73300.000000  20803 60
73316.000000  20812 60
73350.000000  20830 60
73350.000000  20830 60
73386.000000  20850 60
73404.000000  20860 60
73438.000000  20878 60
73468.000000  20895 60
73492.000000  20908 60
73522.000000  20924 60
73558.000000  20944 60
73588.000000  20960 60
73620.000000  20978 60
73676.000000  21008 60
73704.000000  21024 60
73738.000000  21042 60
73766.000000  21057 60
73768.000000  21059 60
73796.000000  21074 60
73824.000000  21089 60
73856.000000  21107 60
73882.000000  21121 60
73942.000000  21154 60
73970.000000  21169 60
73980.000000  21174 60
74016.000000  21194 60
74030.000000  21202 60
74052.000000  21213 60
74074.000000  21226 60
74122.000000  21252 60
74146.000000  21265 60
74168.000000  21277 60
74204.000000  21297 60
74240.000000  21316 60
74280.000000  21338 60
74304.000000  21351 60
74310.000000  21354 60
74342.000000  21372 60
74342.000000  21372 60
74368.000000  21386 60
74382.000000  21394 60
74398.000000  21403 60
74398.000000  21403 60
74420.000000  21415 60
74446.000000  21429 60
74480.000000  21447 60
74502.000000  21459 60
74516.000000  21467 60
74526.000000  21472 60
74528.000000  21473 60
74550.000000  21485 60
74552.000000  21487 60
74592.000000  21508 60
74594.000000  21509 60
74624.000000  21526 60
74650.000000  21540 60
74650.000000  21540 60
74660.000000  21545 60
74680.000000  21557 60
75562.000000  22038 60
75564.000000  22039 60
75584.000000  22050 60
75594.000000  22055 60
75630.000000  22075 60
75632.000000  22076 60
75658.000000  22091 60
75670.000000  22097 60
75724.000000  22127 60
75760.000000  22146 60
75762.000000  22147 60
75782.000000  22158 60
75796.000000  22166 60
75818.000000  22178 60
75868.000000  22205 60
75916.000000  22231 60
75956.000000  22253 60
75974.000000  22263 60
75994.000000  22274 60
76020.000000  22288 60
76020.000000  22288 60
76074.000000  22318 60
76096.000000  22330 60
76142.000000  22355 60
76144.000000  22356 60
76234.000000  22405 60
76234.000000  22405 60
76294.000000  22438 60
76308.000000  22445 60
76308.000000  22445 60
76390.000000  22490 60
76480.000000  22539 60
76532.000000  22568 60
76548.000000  22576 60
76580.000000  22594 60
76622.000000  22617 60
76622.000000  22617 60
76682.000000  22649 60
76730.000000  22676 60
76748.000000  22686 60
76774.000000  22700 60
76846.000000  22739 60
76870.000000  22752 60
76878.000000  22757 60
76910.000000  22774 60
76934.000000  22787 60
76966.000000  22805 60
76990.000000  22818 60
77050.000000  22851 60
77050.000000  22851 60
77050.000000  22851 60
77080.000000  22867 60
77112.000000  22884 60
77150.000000  22905 60
77188.000000  22926 60
77196.000000  22930 60
77220.000000  22943 60
77226.000000  22947 60
77270.000000  22971 60
77294.000000  22984 60
77318.000000  22997 60
77352.000000  23015 60
77374.000000  23027 60
77392.000000  23037 60
77414.000000  23049 60
77446.000000  23067 60
77480.000000  23085 60
77504.000000  23098 60
77538.000000  23117 60
77540.000000  23118 60
77564.000000  23131 60
77576.000000  23138 60
77610.000000  23156 60
77636.000000  23170 60
77666.000000  23187 60
77690.000000  23200 60
77726.000000  23219 60
77728.000000  23221 60
77746.000000  23230 60
77746.000000  23230 60
77784.000000  23251 60
77832.000000  23277 60
77868.000000  23297 60
77900.000000  23315 60
77928.000000  23330 60
77958.000000  23346 60
77982.000000  23359 60
77982.000000  23359 60
78044.000000  23393 60
78068.000000  23406 60
78092.000000  23419 60
78126.000000  23438 60
78154.000000  23453 60
78156.000000  23454 60
78210.000000  23484 60
78242.000000  23501 60
78242.000000  23501 60
78266.000000  23514 60
78282.000000  23523 60
78298.000000  23532 60
78332.000000  23550 60
78342.000000  23556 60
78344.000000  23557 60
78368.000000  23570 60
78400.000000  23587 60
78426.000000  23602 60
78450.000000  23615 60
78486.000000  23634 60
78536.000000  23662 60
78560.000000  23675 60
78562.000000  23676 60
78610.000000  23702 60
78612.000000  23703 60
78640.000000  23719 60
78658.000000  23728 60
78688.000000  23745 60
78702.000000  23752 60
78720.000000  23762 60
78740.000000  23773 60
78742.000000  23774 60
78752.000000  23779 60
78788.000000  23799 60
78788.000000  23799 60
78788.000000  23799 60
78816.000000  23815 60
78818.000000  23816 60
78832.000000  23823 60
78864.000000  23841 60
78864.000000  23841 60
78864.000000  23841 60
78888.000000  23854 60
78922.000000  23872 60
78924.000000  23873 60
78950.000000  23888 60
78986.000000  23907 60
78988.000000  23908 60
79008.000000  23919 60
79018.000000  23925 60
79032.000000  23933 60
79090.000000  23964 60
79090.000000  23964 60
79090.000000  23964 60
79130.000000  23986 60
79148.000000  23996 60
79162.000000  24003 60
79202.000000  24025 60
79214.000000  24032 60
79240.000000  24046 60
79240.000000  24046 60
79240.000000  24046 60
79240.000000  24046 60
79300.000000  24079 60
79314.000000  24086 60
79418.000000  24143 60
79418.000000  24143 60
79446.000000  24158 60
79460.000000  24166 60
79512.000000  24194 60
79536.000000  24207 60
79536.000000  24207 60
79572.000000  24227 60
79574.000000  24228 60
79594.000000  24239 60
79650.000000  24270 60
79652.000000  24271 60
79664.000000  24277 60
79688.000000  24291 60
79698.000000  24296 60
79718.000000  24307 60
79740.000000  24319 60
79762.000000  24331 60
79782.000000  24342 60
79802.000000  24353 60
79816.000000  24360 60
79832.000000  24369 60
79846.000000  24377 60
79866.000000  24388 60
79898.000000  24405 60
79908.000000  24411 60
79926.000000  24420 60
79956.000000  24437 60
79982.000000  24451 60
80002.000000  24462 60
80016.000000  24470 60
80032.000000  24478 60
80058.000000  24493 60
80094.000000  24512 60
80096.000000  24513 60
80116.000000  24524 60
80130.000000  24532 60
80208.000000  24574 60
80222.000000  24582 60
80256.000000  24601 60
80286.000000  24617 60
80322.000000  24637 60
80324.000000  24638 60
80350.000000  24652 60
80352.000000  24653 60
80368.000000  24662 60
80384.000000  24671 60
80460.000000  24712 60
80512.000000  24740 60
80580.000000  24777 60
80602.000000  24789 60
80640.000000  24810 60
80680.000000  24832 60
80702.000000  24844 60
80736.000000  24863 60
80790.000000  24892 60
80814.000000  24905 60
80822.000000  24910 60
80882.000000  24942 60
80884.000000  24943 60
80890.000000  24947 60
80904.000000  24954 60
80956.000000  24983 60
80958.000000  24984 60
80984.000000  24998 60
81000.000000  25007 60
81002.000000  25008 60
81018.000000  25017 60
81030.000000  25023 60
81046.000000  25032 60
81062.000000  25041 60
81082.000000  25051 60
81104.000000  25064 60
81164.000000  25096 60
81188.000000  25109 60
81202.000000  25117 60
81216.000000  25125 60
81216.000000  25125 60
81278.000000  25159 60
81294.000000  25167 60
81336.000000  25190 60
81358.000000  25202 60
81420.000000  25236 60
81422.000000  25237 60
81438.000000  25246 60
81466.000000  25261 60
81498.000000  25279 60
81500.000000  25280 60
81502.000000  25281 60
81532.000000  25297 60
81534.000000  25298 60
81554.000000  25309 60
81568.000000  25317 60
81598.000000  25333 60
81622.000000  25346 60
81644.000000  25358 60
81670.000000  25373 60
81706.000000  25392 60
81724.000000  25402 60
81732.000000  25407 60
81734.000000  25407 60
81760.000000  25422 60
81778.000000  25431 60
81792.000000  25439 60
81808.000000  25448 60
81834.000000  25462 60
81874.000000  25484 60
81876.000000  25485 60
81902.000000  25499 60
81934.000000  25517 60
81936.000000  25518 60
81962.000000  25532 60
81994.000000  25549 60
82006.000000  25556 60
82020.000000  25564 60
82076.000000  25594 60
82078.000000  25595 60
82098.000000  25606 60
82130.000000  25624 60
82154.000000  25637 60
82186.000000  25654 60
82218.000000  25672 60
82252.000000  25690 60
82314.000000  25724 60
82328.000000  25732 60
82344.000000  25741 60
82364.000000  25751 60
82372.000000  25756 60
82406.000000  25774 60
82454.000000  25801 60
82484.000000  25817 60
82498.000000  25825 60
82522.000000  25838 60
82542.000000  25849 60
82558.000000  25857 60
82608.000000  25885 60
82610.000000  25886 60
82660.000000  25913 60
82692.000000  25931 60
82692.000000  25931 60
82722.000000  25947 60
82724.000000  25948 60
82754.000000  25964 60
82838.000000  26010 60
82850.000000  26017 60
82864.000000  26025 60
82888.000000  26037 60
82942.000000  26067 60
82978.000000  26087 60
83028.000000  26114 60
83060.000000  26131 60
83068.000000  26136 60
83108.000000  26158 60
83124.000000  26167 60
83150.000000  26181 60
83170.000000  26192 60
83174.000000  26194 60
83200.000000  26208 60
83202.000000  26209 60
83220.000000  26219 60
83220.000000  26219 60
83232.000000  26225 60
83266.000000  26244 60
83268.000000  26245 60
83304.000000  26265 60
83338.000000  26283 60
83340.000000  26285 60
83360.000000  26295 60
83392.000000  26313 60
83446.000000  26342 60
83474.000000  26357 60
83508.000000  26376 60
83532.000000  26389 60
83540.000000  26393 60
83540.000000  26393 60
83556.000000  26402 60
83578.000000  26414 60
83588.000000  26420 60
83620.000000  26437 60
83692.000000  26477 60
83704.000000  26483 60
83728.000000  26496 60
83748.000000  26507 60
83796.000000  26533 60
83814.000000  26543 60
83834.000000  26554 60
83902.000000  26591 60
83958.000000  26622 60
84020.000000  26656 60
84022.000000  26657 60
84076.000000  26686 60
84198.000000  26753 60
84230.000000  26770 60
84264.000000  26789 60
84348.000000  26835 60
84380.000000  26852 60
84422.000000  26875 60
84488.000000  26911 60
84526.000000  26932 60
84528.000000  26933 60
84600.000000  26972 60
84664.000000  27007 60
84666.000000  27008 60
84732.000000  27044 60
84866.000000  27117 60
84878.000000  27124 60
84918.000000  27146 60
85028.000000  27206 60
85046.000000  27216 60
85130.000000  27262 60
85146.000000  27271 60
85262.000000  27334 60
85276.000000  27341 60
85300.000000  27355 60
85316.000000  27363 60
85370.000000  27393 60
85558.000000  27495 60
85560.000000  27496 60
85580.000000  27507 60
85594.000000  27515 60
85594.000000  27515 60
85682.000000  27563 60
85700.000000  27573 60
85700.000000  27573 60
85716.000000  27582 60
85746.000000  27598 60
85746.000000  27598 60
85884.000000  27673 60
86002.000000  27738 60
86038.000000  27757 60
86060.000000  27769 60
86060.000000  27769 60
86162.000000  27825 60
86190.000000  27840 60
86204.000000  27848 60
86204.000000  27848 60
86242.000000  27869 60
86320.000000  27911 60
86414.000000  27963 60
86576.000000  28051 60
86604.000000  28067 60
86638.000000  28085 60
86664.000000  28099 60
86676.000000  28106 60
86752.000000  28147 60
86772.000000  28158 60
86774.000000  28159 60
86822.000000  28186 60
86842.000000  28196 60
86858.000000  28205 60
86886.000000  28220 60
86886.000000  28220 60
86918.000000  28238 60
86934.000000  28247 60
87004.000000  28285 60
87080.000000  28327 60
87082.000000  28328 60
87228.000000  28407 60
87228.000000  28407 60
87284.000000  28438 60
87286.000000  28439 60
87312.000000  28453 60
87314.000000  28454 60
87340.000000  28468 60
87438.000000  28522 60
87464.000000  28536 60
87540.000000  28577 60
87564.000000  28591 60
87618.000000  28620 60
87634.000000  28629 60
87658.000000  28642 60
87672.000000  28650 60
87698.000000  28664 60
87730.000000  28681 60
87762.000000  28699 60
87764.000000  28700 60
87792.000000  28715 60
87822.000000  28732 60
87856.000000  28750 60
87884.000000  28765 60
87916.000000  28783 60
87940.000000  28796 60
87954.000000  28804 60
87976.000000  28816 60
88008.000000  28833 60
88008.000000  28833 60
88034.000000  28847 60
88070.000000  28867 60
88102.000000  28885 60
88120.000000  28894 60
88134.000000  28902 60
88308.000000  28997 60
88320.000000  29003 60
88336.000000  29012 60
88400.000000  29047 60
88516.000000  29111 60
88552.000000  29130 60
88576.000000  29143 60
88608.000000  29161 60
88608.000000  29161 60
88710.000000  -1 60
88710.000000  -1 60
88742.000000  29234 60
88806.000000  29269 60
88926.000000  29335 60
88938.000000  29341 60
88964.000000  29355 60
89000.000000  29375 60
89024.000000  29388 60
89056.000000  29405 60
89110.000000  29435 60
89138.000000  29450 60
89140.000000  29451 60
89172.000000  29469 60
89226.000000  29498 60
89256.000000  29515 60
89292.000000  29534 60
89294.000000  29535 60
89320.000000  29549 60
89324.000000  29552 60
89324.000000  29552 60
89346.000000  29564 60
89354.000000  29568 60
89382.000000  29583 60
89384.000000  29584 60
89406.000000  29597 60
89430.000000  29610 60
89456.000000  29624 60
89480.000000  29637 60
89482.000000  29638 60
89506.000000  29651 60
89506.000000  29651 60
89518.000000  29658 60
89536.000000  29667 60
89536.000000  29667 60
89562.000000  29682 60
89578.000000  29691 60
89590.000000  29697 60
89646.000000  29727 60
89646.000000  29727 60
89656.000000  29733 60
89678.000000  29745 60
89678.000000  29745 60
89710.000000  29763 60
89744.000000  29781 60
89774.000000  29797 60
89776.000000  29799 60
89780.000000  29801 60
89816.000000  29820 60
89818.000000  29821 60
89946.000000  29891 60
89966.000000  29902 60
89986.000000  29913 60
89986.000000  29913 60
89998.000000  29920 60
90018.000000  29931 60
90038.000000  29942 60
90054.000000  29950 60
90086.000000  29968 60
90098.000000  29974 60
90120.000000  29986 60
90128.000000  29991 60
90144.000000  29999 60
90170.000000  30014 60
90210.000000  30035 60
90226.000000  30044 60
90226.000000  30044 60
90238.000000  30051 60
90280.000000  30074 60
90304.000000  30087 60
90314.000000  30092 60
90330.000000  30101 60
90432.000000  30157 60
90440.000000  30161 60
90454.000000  30169 60
90454.000000  30169 60
90468.000000  30177 60
90488.000000  30187 60
90518.000000  30204 60
90518.000000  30204 60
90600.000000  30249 60
90628.000000  30264 60
90796.000000  30355 60
90890.000000  30407 60
90902.000000  30413 60
90956.000000  30443 60
90956.000000  30443 60
91014.000000  30475 60
91046.000000  30492 60
91100.000000  30521 60
91124.000000  30535 60
91304.000000  30633 60
91318.000000  30641 60
91328.000000  30646 60
91328.000000  30646 60
91372.000000  30670 60
91444.000000  30709 60
91534.000000  30759 60
91534.000000  30759 60
91548.000000  30766 60
91580.000000  30784 60
91774.000000  30890 60
91796.000000  30902 60
91796.000000  30902 60
91866.000000  30940 60
91890.000000  30953 60
91912.000000  30965 60
91956.000000  30989 60
91968.000000  30995 60
92020.000000  31024 60
92020.000000  31024 60
92038.000000  31034 60
92122.000000  31080 60
92150.000000  31095 60
92200.000000  31122 60
92210.000000  31128 60
92276.000000  31164 60
92276.000000  31164 60
92288.000000  31170 60
92304.000000  31179 60
92312.000000  31183 60
92360.000000  31210 60
92374.000000  31217 60
92438.000000  31252 60
92472.000000  31271 60
92496.000000  31284 60
92512.000000  31293 60
92544.000000  31310 60
92596.000000  31338 60
92628.000000  31356 60
92636.000000  31360 60
92726.000000  31409 60
92770.000000  31433 60
92770.000000  31433 60
92788.000000  31443 60
92806.000000  31453 60
92888.000000  31498 60
92888.000000  31498 60
92922.000000  31517 60
92976.000000  31546 60
93030.000000  31575 60
93054.000000  31589 60
93064.000000  31594 60
93124.000000  31627 60
93126.000000  31628 60
93162.000000  31647 60
93164.000000  31649 60
93244.000000  31692 60
93246.000000  31693 60
93282.000000  31713 60
93300.000000  31723 60
93322.000000  31735 60
93348.000000  31749 60
93384.000000  31769 60
93386.000000  31770 60
93414.000000  31785 60
93432.000000  31795 60
93516.000000  31841 60
93570.000000  31870 60
93606.000000  31890 60
93634.000000  31905 60
93636.000000  31906 60
93670.000000  31925 60
93672.000000  31926 60
93722.000000  31953 60
93746.000000  31966 60
93796.000000  31994 60
93798.000000  31995 60
93812.000000  32002 60
93904.000000  32053 60
93906.000000  32054 60
93936.000000  32070 60
93982.000000  32095 60
94058.000000  32137 60
94170.000000  32198 60
94192.000000  32210 60
94192.000000  32210 60
94288.000000  32262 60
94312.000000  32275 60
94326.000000  32283 60
94350.000000  32296 60
94448.000000  32350 60
94510.000000  32384 60
94510.000000  32384 60
94510.000000  32384 60
94536.000000  32398 60
94550.000000  32405 60
94550.000000  32405 60
94574.000000  32419 60
94588.000000  32426 60
94626.000000  32447 60
94654.000000  32462 60
94706.000000  32491 60
94740.000000  32509 60
94754.000000  32517 60
94776.000000  32529 60
94838.000000  32563 60
94870.000000  32580 60
94900.000000  32597 60
94902.000000  32598 60
94958.000000  32628 60
94994.000000  32648 60
95088.000000  32699 60
95106.000000  32709 60
95114.000000  32713 60
95116.000000  32715 60
95130.000000  32722 60
95130.000000  32722 60
95150.000000  32733 60
95204.000000  32763 60
95236.000000  32780 60
95264.000000  32795 60
95296.000000  32813 60
95344.000000  32839 60
95346.000000  32840 60
95382.000000  32860 60
95440.000000  32891 60
95474.000000  32910 60
95498.000000  32923 60
95530.000000  32941 60
95554.000000  32954 60
95648.000000  33005 60
95852.000000  33116 60
95944.000000  33167 60
95970.000000  33181 60
95978.000000  33185 60
96060.000000  33230 60
96060.000000  33230 60
96078.000000  33240 60
96106.000000  33255 60
96160.000000  33285 60
96214.000000  33314 60
96322.000000  33373 60
96356.000000  33392 60
96394.000000  33413 60
96402.000000  33417 60
96454.000000  33445 60
96496.000000  33468 60
96628.000000  33540 60
96644.000000  33549 60
96678.000000  33567 60
96702.000000  33581 60
96716.000000  33588 60
96746.000000  33605 60
96800.000000  33634 60
96824.000000  33647 60
96856.000000  33665 60
97004.000000  33745 60
97138.000000  33819 60
97166.000000  33834 60
97268.000000  33890 60
97296.000000  33905 60
97298.000000  33906 60
97414.000000  33969 60
97448.000000  33988 60
97528.000000  34032 60
97530.000000  34033 60
97550.000000  34044 60
97598.000000  34070 60
97652.000000  34099 60
97678.000000  34114 60
97698.000000  34125 60
97728.000000  34141 60
97784.000000  34171 60
97928.000000  34250 60
97986.000000  34282 60
99986.000000  35374 60
99986.000000  35374 60
99986.000000  35374 60
100020.000000  35393 60
100074.000000  35422 60
100106.000000  35440 60
100138.000000  35457 60
100138.000000  35457 60
100162.000000  35470 60
100188.000000  35485 60
100208.000000  35495 60
100440.000000  35622 60
100478.000000  35643 60
100522.000000  35667 60
100522.000000  35667 60
100532.000000  35672 60
100568.000000  35692 60
100570.000000  35693 60
100620.000000  35720 60
100694.000000  35761 60
100894.000000  35870 60
100896.000000  35871 60
100902.000000  35874 60
100926.000000  35887 60
100952.000000  35902 60
100974.000000  35914 60
101052.000000  35956 60
101158.000000  36014 60
101186.000000  36029 60
101188.000000  36031 60
101218.000000  36047 60
101248.000000  36063 60
101314.000000  36099 60
101316.000000  36100 60
101384.000000  36137 60
101418.000000  36156 60
101420.000000  36157 60
101524.000000  36214 60
101584.000000  36247 60
101634.000000  36274 60
101660.000000  36288 60
101680.000000  36299 60
101706.000000  36313 60
101774.000000  36351 60
101812.000000  36371 60
101814.000000  36372 60
101834.000000  36383 60
101866.000000  36401 60
101944.000000  36443 60
101946.000000  36445 60
101978.000000  36462 60
102004.000000  36476 60
102004.000000  36476 60
102018.000000  36484 60
102020.000000  36485 60
102072.000000  36513 60
102114.000000  36536 60
102114.000000  36536 60
102152.000000  36557 60
102180.000000  36572 60
102306.000000  36641 60
102318.000000  36647 60
102338.000000  36659 60
102348.000000  36664 60
102372.000000  36677 60
102384.000000  36684 60
102394.000000  36689 60
102418.000000  36702 60
102420.000000  36703 60
102434.000000  36711 60
102464.000000  36727 60
102500.000000  36747 60
102514.000000  36755 60
102548.000000  36773 60
102550.000000  36774 60
102570.000000  36785 60
102584.000000  36793 60
102586.000000  36794 60
102600.000000  36801 60
102622.000000  36813 60
102622.000000  36813 60
102634.000000  36820 60
102644.000000  36825 60
102644.000000  36825 60
102658.000000  36833 60
102684.000000  36847 60
102684.000000  36847 60
102718.000000  36866 60
102720.000000  36867 60
102742.000000  36879 60
102776.000000  36898 60
102798.000000  36909 60
102818.000000  36921 60
102864.000000  36946 60
102898.000000  36964 60
102934.000000  36984 60
102948.000000  36991 60
102992.000000  37016 60
103010.000000  37025 60
103026.000000  37034 60
103042.000000  37043 60
103042.000000  37043 60
103080.000000  37064 60
103080.000000  37064 60
103080.000000  37064 60
103208.000000  37133 60
103230.000000  37145 60
103244.000000  37153 60
103318.000000  37193 60
103340.000000  37205 60
103374.000000  37224 60
103428.000000  37254 60
103462.000000  37272 60
103478.000000  37281 60
103510.000000  37298 60
103536.000000  37313 60
103562.000000  37327 60
103562.000000  37327 60
103612.000000  -1 60
103612.000000  -1 60
103648.000000  37374 60
103668.000000  37385 60
103684.000000  37393 60
103698.000000  37401 60
103700.000000  37402 60
103724.000000  37415 60
103756.000000  37433 60
103790.000000  37451 60
103824.000000  37470 60
103880.000000  37500 60
103882.000000  37501 60
103910.000000  37517 60
103924.000000  37525 60
103946.000000  37536 60
103956.000000  37542 60
103970.000000  37549 60
104024.000000  37579 60
104036.000000  37585 60
104054.000000  37595 60
104066.000000  37602 60
104066.000000  37602 60
104092.000000  37616 60
104118.000000  37630 60
104134.000000  37639 60
104152.000000  37649 60
104166.000000  37657 60
104240.000000  37697 60
104256.000000  37706 60
104284.000000  37721 60
104308.000000  37734 60
104334.000000  37748 60
104344.000000  37754 60
104364.000000  37765 60
104390.000000  37779 60
104390.000000  37779 60
104390.000000  37779 60
104414.000000  37792 60
104446.000000  37809 60
104472.000000  37824 60
104472.000000  37824 60
104480.000000  37828 60
104512.000000  37845 60
104710.000000  37954 60
104712.000000  37955 60
104714.000000  37956 60
104730.000000  37965 60
104754.000000  37978 60
104804.000000  38005 60
104890.000000  38052 60
104892.000000  38053 60
104940.000000  38079 60
104976.000000  38099 60
104978.000000  38100 60
104990.000000  38107 60
105014.000000  38120 60
105084.000000  38158 60
105086.000000  38159 60
105088.000000  38160 60
105094.000000  38163 60
105116.000000  38175 60
105172.000000  38206 60
105204.000000  38223 60
105204.000000  38223 60
105230.000000  38237 60
105244.000000  38245 60
105298.000000  38275 60
105314.000000  38283 60
105316.000000  38285 60
105338.000000  38296 60
105352.000000  38304 60
105368.000000  38313 60
105430.000000  38347 60
105432.000000  38348 60
105462.000000  38364 60
105462.000000  38364 60
105492.000000  38381 60
105542.000000  38408 60
105608.000000  38444 60
105624.000000  38453 60
105660.000000  38472 60
105694.000000  38491 60
105748.000000  38521 60
105822.000000  38561 60
105856.000000  38579 60
105890.000000  38598 60
105914.000000  38611 60
105928.000000  38619 60
105958.000000  38635 60
105976.000000  38645 60
105978.000000  38646 60
105994.000000  38655 60
106012.000000  38665 60
106038.000000  38679 60
106064.000000  38693 60
106086.000000  38705 60
106088.000000  38706 60
106134.000000  38731 60
106172.000000  38752 60
106172.000000  38752 60
106204.000000  38769 60
106254.000000  38797 60
106290.000000  38816 60
106314.000000  38829 60
106372.000000  38861 60
106380.000000  38866 60
106380.000000  38866 60
106414.000000  38884 60
106414.000000  38884 60
106438.000000  38897 60
106448.000000  38903 60
106482.000000  38921 60
106510.000000  38937 60
106542.000000  38954 60
106544.000000  38955 60
106564.000000  38966 60
106598.000000  38985 60
106606.000000  38989 60
106606.000000  38989 60
106660.000000  39018 60
106662.000000  39019 60
106718.000000  39050 60
106758.000000  39072 60
106784.000000  39086 60
106798.000000  39094 60
106832.000000  39112 60
106858.000000  39127 60
106876.000000  39136 60
106878.000000  39137 60
106894.000000  39146 60
106910.000000  39155 60
106938.000000  39170 60
106966.000000  39185 60
106966.000000  39185 60
106966.000000  39185 60
107020.000000  39215 60
107052.000000  39233 60
107076.000000  39246 60
107108.000000  39263 60
107138.000000  39279 60
107140.000000  39280 60
107144.000000  39283 60
107166.000000  39295 60
107200.000000  39313 60
107230.000000  39330 60
107258.000000  39345 60
107294.000000  39365 60
107324.000000  39381 60
107350.000000  39395 60
107390.000000  39417 60
107438.000000  39443 60
107474.000000  39463 60
107506.000000  39480 60
107508.000000  39481 60
107516.000000  39486 60
107710.000000  39592 60
107712.000000  39593 60
107738.000000  39607 60
107740.000000  39608 60
107796.000000  39639 60
107798.000000  39640 60
107828.000000  39656 60
107830.000000  39657 60
107852.000000  39669 60
107898.000000  39694 60
107920.000000  39707 60
107942.000000  39718 60
107942.000000  39718 60
107970.000000  39734 60
108028.000000  39765 60
108060.000000  39783 60
108092.000000  39800 60
108092.000000  39800 60
108116.000000  39813 60
108150.000000  39832 60
108214.000000  39867 60
108248.000000  39886 60
108278.000000  39902 60
108290.000000  39909 60
108304.000000  39916 60
108306.000000  39917 60
108334.000000  39933 60
108334.000000  39933 60
108334.000000  39933 60
108368.000000  39951 60
108370.000000  39952 60
108392.000000  39964 60
108424.000000  39982 60
108424.000000  39982 60
108450.000000  39996 60
108506.000000  40026 60
108552.000000  40051 60
108566.000000  40059 60
108602.000000  40079 60
108644.000000  40102 60
108682.000000  40123 60
108736.000000  40152 60
108772.000000  40172 60
108806.000000  40190 60
108866.000000  40223 60
108866.000000  40223 60
108926.000000  40256 60
108958.000000  40273 60
108992.000000  40292 60
109016.000000  40305 60
109072.000000  40335 60
109104.000000  40353 60
109104.000000  40353 60
109148.000000  40377 60
109212.000000  40412 60
109244.000000  40429 60
109280.000000  40449 60
109296.000000  40458 60
109310.000000  40465 60
109310.000000  40465 60
109340.000000  40482 60
109342.000000  40483 60
109408.000000  40519 60
109454.000000  40544 60
109490.000000  40564 60
109512.000000  40576 60
109512.000000  40576 60
109548.000000  40595 60
109550.000000  40597 60
109602.000000  40625 60
109604.000000  40626 60
109626.000000  40638 60
109658.000000  40655 60
109686.000000  40671 60
109686.000000  40671 60
109686.000000  40671 60
109718.000000  40688 60
109720.000000  40689 60
109748.000000  40705 60
109782.000000  40723 60
109798.000000  40732 60
109830.000000  40749 60
109834.000000  40752 60
110048.000000  40869 60
110050.000000  40870 60
110058.000000  40874 60
110100.000000  40897 60
110130.000000  40913 60
110160.000000  40930 60
110172.000000  40936 60
110240.000000  40973 60
110274.000000  40992 60
110276.000000  40993 60
110296.000000  41004 60
110310.000000  41012 60
110312.000000  41013 60
110326.000000  41020 60
110378.000000  41049 60
110406.000000  41064 60
110406.000000  41064 60
110406.000000  41064 60
110450.000000  41088 60
110472.000000  41100 60
110474.000000  41101 60
110494.000000  41112 60
110508.000000  41120 60
110536.000000  41135 60
110562.000000  41149 60
110562.000000  41149 60
110596.000000  41168 60
110616.000000  41179 60
110638.000000  41191 60
110666.000000  41206 60
110696.000000  41223 60
110728.000000  41240 60
110762.000000  41259 60
110786.000000  41271 60
110818.000000  41289 60
110840.000000  41301 60
110854.000000  41309 60
110866.000000  41315 60
110904.000000  41336 60
110938.000000  41355 60
110990.000000  41383 60
110990.000000  41383 60
111026.000000  41403 60
111064.000000  41423 60
111092.000000  41439 60
111140.000000  41465 60
111166.000000  41479 60
111204.000000  41500 60
111220.000000  41509 60
111236.000000  41517 60
111274.000000  41538 60
111274.000000  41538 60
111308.000000  41557 60
111400.000000  41607 60
111436.000000  41627 60
111510.000000  41667 60
111526.000000  41676 60
111560.000000  41694 60
111588.000000  41709 60
111622.000000  41728 60
111676.000000  41757 60
111678.000000  41759 60
111746.000000  41796 60
111746.000000  41796 60
111802.000000  41826 60
111836.000000  41845 60
111848.000000  41851 60
111888.000000  41873 60
111916.000000  41889 60
111942.000000  41903 60
111942.000000  41903 60
111976.000000  41921 60
111990.000000  41929 60
112040.000000  41957 60
112054.000000  41964 60
112084.000000  41980 60
112086.000000  41981 60
112110.000000  41995 60
112166.000000  42025 60
112198.000000  42043 60
112222.000000  42056 60
112224.000000  42057 60
112254.000000  42073 60
112254.000000  42073 60
112254.000000  42073 60
112254.000000  42073 60
112254.000000  42073 60
112312.000000  42105 60
112344.000000  42122 60
112356.000000  42129 60
112368.000000  42135 60
112388.000000  42146 60
112416.000000  42162 60
112434.000000  42171 60
112434.000000  42171 60
112530.000000  42224 60
112532.000000  42225 60
112558.000000  42239 60
112584.000000  42253 60
112600.000000  42262 60
112684.000000  42308 60
112746.000000  42342 60
112782.000000  42362 60
112804.000000  42374 60
112806.000000  42375 60
112838.000000  42392 60
112862.000000  42405 60
112894.000000  42423 60
112894.000000  42423 60
112926.000000  42440 60
112928.000000  42441 60
112990.000000  42475 60
112992.000000  42476 60
113034.000000  42499 60
113074.000000  42521 60
113122.000000  42547 60
113142.000000  42558 60
113156.000000  42566 60
113172.000000  42575 60
113222.000000  42602 60
113222.000000  42602 60
113230.000000  42606 60
113268.000000  42627 60
113298.000000  42643 60
113308.000000  42649 60
113314.000000  42652 60
113316.000000  42653 60
113332.000000  42662 60
113356.000000  42675 60
113358.000000  42676 60
113380.000000  42688 60
113410.000000  42705 60
113440.000000  42721 60
113476.000000  42741 60
113478.000000  42742 60
113512.000000  42760 60
113530.000000  42770 60
113600.000000  42808 60
113682.000000  42853 60
113718.000000  42873 60
113734.000000  42881 60
113794.000000  42914 60
113822.000000  42929 60
113870.000000  42956 60
113918.000000  42982 60
113970.000000  43010 60
114046.000000  43052 60
114048.000000  43053 60
114052.000000  43055 60
114054.000000  43056 60
114058.000000  43058 60
114080.000000  43070 60
114082.000000  43071 60
114110.000000  43087 60
114110.000000  43087 60
114134.000000  43100 60
114138.000000  43102 60
114164.000000  43116 60
114166.000000  43117 60
114226.000000  43150 60
114228.000000  43151 60
114282.000000  43181 60
114302.000000  43192 60
114304.000000  43193 60
114318.000000  43200 60
114334.000000  43209 60
114382.000000  43235 60
114418.000000  43255 60
114450.000000  43272 60
114464.000000  43280 60
114480.000000  43289 60
114494.000000  43297 60
114514.000000  43307 60
114540.000000  43322 60
114570.000000  43338 60
114602.000000  43355 60
114626.000000  43369 60
114640.000000  43376 60
114692.000000  43405 60
114694.000000  43406 60
114750.000000  43436 60
114782.000000  43454 60
114816.000000  43472 60
114852.000000  43492 60
114878.000000  43506 60
114890.000000  43513 60
114890.000000  43513 60
114916.000000  43527 60
114948.000000  43545 60
115010.000000  43578 60
115032.000000  43590 60
115032.000000  43590 60
115052.000000  43601 60
115080.000000  43617 60
115098.000000  43626 60
115116.000000  43636 60
115150.000000  43655 60
115152.000000  43656 60
115174.000000  43668 60
115232.000000  43699 60
115238.000000  43703 60
115248.000000  43708 60
115280.000000  43726 60
115282.000000  43727 60
115308.000000  43741 60
115332.000000  43754 60
115340.000000  43759 60
115340.000000  43759 60
115356.000000  43767 60
115356.000000  43767 60
115386.000000  43784 60
115410.000000  43797 60
115420.000000  43802 60
115434.000000  43810 60
115466.000000  43827 60
115492.000000  43841 60
115506.000000  43849 60
115538.000000  43867 60
115566.000000  43882 60
115580.000000  43889 60
115606.000000  43904 60
115632.000000  43918 60
115652.000000  43929 60
115654.000000  43930 60
115676.000000  43942 60
116798.000000  44555 60
116838.000000  44577 60
116894.000000  44607 60
116956.000000  44641 60
117004.000000  44667 60
117068.000000  44702 60
117100.000000  44720 60
117122.000000  44732 60
117158.000000  44751 60
117190.000000  44769 60
117202.000000  44775 60
117216.000000  44783 60
117292.000000  44825 60
117328.000000  44844 60
117350.000000  44856 60
117384.000000  44875 60
117406.000000  44887 60
117488.000000  44932 60
117530.000000  44955 60
117572.000000  44977 60
117590.000000  44987 60
117610.000000  44998 60
117640.000000  45015 60
117702.000000  45048 60
117734.000000  45066 60
117780.000000  45091 60
117814.000000  45110 60
117816.000000  45111 60
117838.000000  45123 60
117872.000000  45141 60
117900.000000  45157 60
117900.000000  45157 60
117934.000000  45175 60
117934.000000  45175 60
117958.000000  45188 60
117958.000000  45188 60
118024.000000  45224 60
118080.000000  45255 60
118118.000000  45276 60
118142.000000  45289 60
118144.000000  45290 60
118164.000000  45301 60
118276.000000  45362 60
118338.000000  45396 60
118350.000000  45402 60
118352.000000  45403 60
118372.000000  45414 60
118374.000000  45415 60
118422.000000  45442 60
118438.000000  45450 60
118468.000000  45467 60
118520.000000  45495 60
118544.000000  45508 60
118554.000000  45514 60
118588.000000  45533 60
118640.000000  45561 60
118640.000000  45561 60
118666.000000  45575 60
118700.000000  45593 60
118702.000000  45595 60
118752.000000  45622 60
118776.000000  45635 60
118812.000000  45655 60
118812.000000  45655 60
118836.000000  45668 60
118846.000000  45673 60
118868.000000  45685 60
118890.000000  45697 60
118926.000000  45717 60
118928.000000  45718 60
118934.000000  45721 60
118962.000000  45737 60
118978.000000  45745 60
118996.000000  45755 60
119016.000000  45766 60
119030.000000  45774 60
119048.000000  45783 60
119080.000000  45801 60
119082.000000  45802 60
119102.000000  45813 60
119164.000000  45847 60
119166.000000  45848 60
119170.000000  45850 60
119176.000000  45853 60
119224.000000  45880 60
119284.000000  45912 60
119286.000000  45913 60
119290.000000  45916 60
119290.000000  45916 60
119328.000000  45936 60
119330.000000  45937 60
119350.000000  45949 60
119364.000000  45956 60
119436.000000  45995 60
119436.000000  45995 60
119472.000000  46015 60
119502.000000  46031 60
119528.000000  46046 60
119528.000000  46046 60
119544.000000  46054 60
119566.000000  46067 60
119622.000000  46097 60
119642.000000  46108 60
119658.000000  46117 60
119678.000000  46128 60
119750.000000  46167 60
119752.000000  46168 60
119782.000000  46185 60
119810.000000  46200 60
119812.000000  46201 60
119818.000000  46204 60
119832.000000  46212 60
119854.000000  46224 60
119870.000000  46233 60
119904.000000  46251 60
119906.000000  46252 60
119930.000000  46265 60
119932.000000  46266 60
119960.000000  46282 60
119982.000000  46293 60
119984.000000  46295 60
120016.000000  46312 60
120038.000000  46324 60
120070.000000  46342 60
120102.000000  46359 60
120108.000000  46362 60
120134.000000  46377 60
120152.000000  46386 60
120236.000000  46432 60
120268.000000  46450 60
120296.000000  46465 60
120314.000000  46475 60
120360.000000  46500 60
120360.000000  46500 60
120386.000000  46514 60
120440.000000  46544 60
120450.000000  46549 60
120506.000000  46580 60
120522.000000  46589 60
120536.000000  46596 60
120542.000000  46599 60
120542.000000  46599 60
120566.000000  46613 60
120576.000000  46618 60
120590.000000  46626 60
120642.000000  46654 60
120658.000000  46663 60
120700.000000  46686 60
120726.000000  46700 60
120740.000000  46708 60
120762.000000  46720 60
120792.000000  46736 60
120812.000000  46747 60
120882.000000  46785 60
120882.000000  46785 60
120936.000000  46815 60
120938.000000  46816 60
120962.000000  46829 60
120964.000000  46830 60
121030.000000  46866 60
121088.000000  46898 60
