61929.000000  7707
61929.000000  7707
61929.000000  7707
61929.000000  7707
65093.000000  7764
65095.000000  7764
65097.000000  7764
65099.000000  7764
65101.000000  7765
65103.000000  7765
65105.000000  7765
65107.000000  7765
65109.000000  7765
65111.000000  7766
65113.000000  7766
65115.000000  7766
65117.000000  7767
65119.000000  7767
65121.000000  7767
65123.000000  7768
65125.000000  7768
65127.000000  7769
65129.000000  7769
65131.000000  7769
65133.000000  7770
65135.000000  7770
65137.000000  7771
65139.000000  7771
65141.000000  7772
65143.000000  7772
65145.000000  7773
65147.000000  7773
65149.000000  7774
65151.000000  7775
65153.000000  7775
65155.000000  7776
65157.000000  7777
65159.000000  7777
65161.000000  7778
65163.000000  7779
65165.000000  7779
65167.000000  7780
65169.000000  7781
65171.000000  7781
65173.000000  7782
65175.000000  7783
65177.000000  7783
65179.000000  7784
65181.000000  7785
65183.000000  7786
65185.000000  7787
65187.000000  7787
65189.000000  7788
65191.000000  7789
65193.000000  7789
65195.000000  7790
65197.000000  7791
65199.000000  7792
65201.000000  7793
65203.000000  7793
65205.000000  7794
65207.000000  7795
65209.000000  7796
65211.000000  7797
65213.000000  7797
65215.000000  7798
65217.000000  7799
65219.000000  7800
65221.000000  7801
65223.000000  7801
65225.000000  7802
65227.000000  7803
65229.000000  7804
65231.000000  7805
65233.000000  7806
65235.000000  7807
65237.000000  7807
65239.000000  7808
65241.000000  7809
65243.000000  7810
65245.000000  7811
65247.000000  7812
65249.000000  7813
65251.000000  7813
65253.000000  7814
65255.000000  7815
65257.000000  7816
65259.000000  7817
65261.000000  7817
65263.000000  7818
65265.000000  7819
65267.000000  7820
65269.000000  7821
65271.000000  7822
65273.000000  7823
65275.000000  7824
65277.000000  7825
65279.000000  7825
65281.000000  7826
65283.000000  7827
65285.000000  7828
65287.000000  7829
65289.000000  7830
65291.000000  7831
65293.000000  7831
65295.000000  7833
65297.000000  7833
65299.000000  7834
65301.000000  7835
65303.000000  7836
65305.000000  7837
65307.000000  7838
65309.000000  7839
65311.000000  7839
65313.000000  7840
65315.000000  7841
65317.000000  7842
65319.000000  7843
65321.000000  7844
65323.000000  7845
65325.000000  7846
65327.000000  7847
65329.000000  7847
65331.000000  7848
65333.000000  7849
65335.000000  7850
65337.000000  7851
65339.000000  7852
65341.000000  7853
65343.000000  7854
65345.000000  7855
65347.000000  7855
65349.000000  7856
65351.000000  7857
65353.000000  7858
65355.000000  7859
65357.000000  7860
65359.000000  7861
65361.000000  7862
65363.000000  7863
65365.000000  7863
65367.000000  7864
65369.000000  7865
65371.000000  7866
65373.000000  7867
65375.000000  7868
65377.000000  7869
65379.000000  7869
65381.000000  7871
65383.000000  7871
65385.000000  7872
65387.000000  7873
65389.000000  7874
65391.000000  7875
65393.000000  7876
65395.000000  7877
65397.000000  7878
65399.000000  7879
65401.000000  7879
65403.000000  7880
65405.000000  7881
65407.000000  7882
65409.000000  7883
65411.000000  7884
65413.000000  7885
65415.000000  7886
65417.000000  7887
65419.000000  7887
65421.000000  7888
65423.000000  7889
65425.000000  7890
65427.000000  7891
65429.000000  7892
65431.000000  7893
65433.000000  7894
65435.000000  7895
65437.000000  7895
65439.000000  7896
65441.000000  7897
65443.000000  7898
65445.000000  7899
65447.000000  7900
65449.000000  7901
65451.000000  7902
65453.000000  7903
65455.000000  7903
65457.000000  7904
65459.000000  7905
65461.000000  7906
65463.000000  7907
65465.000000  7908
65467.000000  7909
65469.000000  7910
65471.000000  7911
65473.000000  7911
65475.000000  7912
65477.000000  7913
65479.000000  7914
65481.000000  7915
65483.000000  7916
65485.000000  7917
65487.000000  7918
65489.000000  7919
65491.000000  7919
65493.000000  7920
65495.000000  7921
65497.000000  7922
65499.000000  7923
65501.000000  7924
65503.000000  7925
65505.000000  7926
65507.000000  7927
65509.000000  7928
65511.000000  7929
65513.000000  7929
65515.000000  7930
65517.000000  7931
65519.000000  7932
65521.000000  7933
65523.000000  7934
65525.000000  7935
65527.000000  7935
65529.000000  7936
65531.000000  7937
65533.000000  7938
65535.000000  7939
65537.000000  7940
65539.000000  7941
65541.000000  7942
65543.000000  7943
65545.000000  7944
65547.000000  7945
65549.000000  7945
65551.000000  7946
65553.000000  7947
65555.000000  7948
65557.000000  7949
65559.000000  7950
65561.000000  7951
65563.000000  7952
65565.000000  7953
65567.000000  7953
65569.000000  7954
65571.000000  7955
65573.000000  7956
65575.000000  7957
65577.000000  7958
65579.000000  7959
65581.000000  7960
65583.000000  7961
65585.000000  7961
65587.000000  7962
65589.000000  7963
65591.000000  7964
65593.000000  7965
65595.000000  7966
65597.000000  7967
65599.000000  7968
65601.000000  7969
65603.000000  7969
65605.000000  7971
65607.000000  7971
65609.000000  7972
65611.000000  7973
65613.000000  7974
65615.000000  7975
65617.000000  7976
65619.000000  7977
65621.000000  7978
65623.000000  7979
65625.000000  7979
65627.000000  7980
65629.000000  7981
65631.000000  7982
65633.000000  7983
65635.000000  7984
65637.000000  7985
65639.000000  7986
65641.000000  7987
65643.000000  7987
65645.000000  7988
65647.000000  7989
65649.000000  7990
65651.000000  7991
65653.000000  7992
65655.000000  7993
65657.000000  7994
65659.000000  7995
65661.000000  7995
65663.000000  7996
65665.000000  7997
65667.000000  7998
65669.000000  7999
65671.000000  8000
65673.000000  8001
65675.000000  8002
65677.000000  8003
65679.000000  8003
65681.000000  8004
65683.000000  8005
65685.000000  8006
65687.000000  8007
65689.000000  8008
65691.000000  8009
65693.000000  8010
65695.000000  8011
65697.000000  8011
65699.000000  8012
65701.000000  8013
65703.000000  8014
65705.000000  8015
65707.000000  8016
65709.000000  8017
65711.000000  8018
65713.000000  8019
65715.000000  8020
65717.000000  8021
65719.000000  8021
65721.000000  8022
65723.000000  8023
65725.000000  8024
65727.000000  8025
65729.000000  8026
65731.000000  8027
65733.000000  8028
65735.000000  8029
65737.000000  8029
65739.000000  8030
65741.000000  8031
65743.000000  8032
65745.000000  8033
65747.000000  8034
65749.000000  8035
65751.000000  8036
65753.000000  8037
65755.000000  8037
65757.000000  8038
65759.000000  8039
65761.000000  8040
65763.000000  8041
65765.000000  8042
65767.000000  8043
65769.000000  8044
65771.000000  8045
65773.000000  8046
65775.000000  8047
65777.000000  8047
65779.000000  8048
65781.000000  8049
65783.000000  8050
65785.000000  8051
65787.000000  8052
65789.000000  8053
65791.000000  8054
65793.000000  8055
65795.000000  8055
65797.000000  8056
65799.000000  8057
65801.000000  8058
65803.000000  8059
65805.000000  8060
65807.000000  8061
65809.000000  8062
65811.000000  8063
65813.000000  8063
65815.000000  8064
65817.000000  8065
65819.000000  8066
65821.000000  8067
65823.000000  8068
65825.000000  8069
65827.000000  8070
65829.000000  8071
65831.000000  8071
65833.000000  8072
65835.000000  8073
65837.000000  8074
65839.000000  8075
65841.000000  8076
65843.000000  8077
65845.000000  8078
65847.000000  8079
65849.000000  8079
65851.000000  8080
65853.000000  8081
65855.000000  8082
65857.000000  8083
65859.000000  8084
65861.000000  8085
65863.000000  8086
65865.000000  8087
65867.000000  8087
65869.000000  8088
65871.000000  8089
65873.000000  8090
65875.000000  8091
65877.000000  8092
65879.000000  8093
65881.000000  8094
65883.000000  8095
65885.000000  8096
65887.000000  8097
65889.000000  8097
65891.000000  8098
65893.000000  8099
65895.000000  8100
65897.000000  8101
65899.000000  8102
65901.000000  8103
65903.000000  8104
65905.000000  8105
65907.000000  8105
65909.000000  8106
65911.000000  8107
65913.000000  8108
65915.000000  8109
65917.000000  8110
65919.000000  8111
65921.000000  8112
65923.000000  8113
65925.000000  8113
65927.000000  8114
65929.000000  8115
65931.000000  8116
65933.000000  8117
65935.000000  8118
65937.000000  8119
65939.000000  8120
65941.000000  8121
65943.000000  8121
65945.000000  8122
65947.000000  8123
65949.000000  8124
65951.000000  8125
65953.000000  8126
65955.000000  8127
65957.000000  8128
65959.000000  8129
65961.000000  8129
65963.000000  8130
65965.000000  8131
65967.000000  8132
65969.000000  8133
65971.000000  8134
65973.000000  8135
65975.000000  8136
65977.000000  8137
65979.000000  8138
65981.000000  8139
65983.000000  8139
65985.000000  8140
65987.000000  8141
65989.000000  8142
65991.000000  8143
65993.000000  8144
65995.000000  8145
65997.000000  8146
65999.000000  8147
66001.000000  8147
66003.000000  8148
66005.000000  8149
66007.000000  8150
66009.000000  8151
66011.000000  8152
66013.000000  8153
66015.000000  8154
66017.000000  8155
66019.000000  8155
66021.000000  8156
66023.000000  8157
66025.000000  8158
66027.000000  8159
66029.000000  8160
66031.000000  8161
66033.000000  8162
66035.000000  8163
66037.000000  8163
66039.000000  8164
66041.000000  8165
66043.000000  8166
66045.000000  8167
66047.000000  8168
66049.000000  8169
66051.000000  8170
66053.000000  8171
66055.000000  8171
66057.000000  8172
66059.000000  8173
66061.000000  8174
66063.000000  8175
66065.000000  8176
66067.000000  8177
66069.000000  8178
66071.000000  8179
66073.000000  8179
66075.000000  8180
66077.000000  8181
66079.000000  8182
66081.000000  8183
66083.000000  8184
66085.000000  8185
66087.000000  8186
66089.000000  8187
66091.000000  8188
66093.000000  8189
66095.000000  8189
66097.000000  8190
66099.000000  8191
66101.000000  8192
66103.000000  8193
66105.000000  8194
66107.000000  8195
66109.000000  8196
66111.000000  8197
66113.000000  8197
66115.000000  8198
66117.000000  8199
66119.000000  8200
66121.000000  8201
66123.000000  8202
66125.000000  8203
66127.000000  8204
66129.000000  8205
66131.000000  8205
66133.000000  8206
66135.000000  8207
66137.000000  8208
66139.000000  8209
66141.000000  8210
66143.000000  8211
66145.000000  8212
66147.000000  8213
66149.000000  8213
66151.000000  8214
66153.000000  8215
66155.000000  8216
66157.000000  8217
66159.000000  8218
66161.000000  8219
66163.000000  8220
66165.000000  8221
66167.000000  8221
66169.000000  8222
66171.000000  8223
66173.000000  8224
66175.000000  8225
66177.000000  8226
66179.000000  8227
66181.000000  8228
66183.000000  8229
66185.000000  8229
66187.000000  8230
66189.000000  8231
66191.000000  8232
66193.000000  8233
66195.000000  8234
66197.000000  8235
66199.000000  8236
66201.000000  8237
66203.000000  8238
66205.000000  8239
66207.000000  8239
66209.000000  8240
66211.000000  8241
66213.000000  8242
66215.000000  8243
66217.000000  8244
66219.000000  8245
66221.000000  8246
66223.000000  8247
66225.000000  8247
66227.000000  8248
66229.000000  8249
66231.000000  8250
66233.000000  8251
66235.000000  8252
66237.000000  8253
66239.000000  8254
66241.000000  8255
66243.000000  8255
66245.000000  8256
66247.000000  8257
66249.000000  8258
66251.000000  8259
66253.000000  8260
66255.000000  8261
66257.000000  8262
66259.000000  8263
66261.000000  8263
66263.000000  8264
66265.000000  8265
66267.000000  8266
66269.000000  8267
66271.000000  8268
66273.000000  8269
66275.000000  8270
66277.000000  8271
66279.000000  8271
66281.000000  8272
66283.000000  8273
66285.000000  8274
66287.000000  8275
66289.000000  8276
66291.000000  8277
66293.000000  8278
66295.000000  8279
66297.000000  8279
66299.000000  8281
66301.000000  8281
66303.000000  8282
66305.000000  8283
66307.000000  8284
66309.000000  8285
66311.000000  8286
66313.000000  8287
66315.000000  8288
66317.000000  8289
66319.000000  8289
66321.000000  8290
66323.000000  8291
66325.000000  8292
66327.000000  8293
66329.000000  8294
66331.000000  8295
66333.000000  8296
66335.000000  8297
66337.000000  8297
66339.000000  8298
66341.000000  8299
66343.000000  8300
66345.000000  8301
66347.000000  8302
66349.000000  8303
66351.000000  8304
66353.000000  8305
66355.000000  8305
66357.000000  8306
66359.000000  8307
66361.000000  8308
66363.000000  8309
66365.000000  8310
66367.000000  8311
66369.000000  8312
66371.000000  8313
66373.000000  8314
66375.000000  8315
66377.000000  8315
66379.000000  8316
66381.000000  8317
66383.000000  8318
66385.000000  8319
66387.000000  8320
66389.000000  8321
66391.000000  8322
66393.000000  8323
66395.000000  8323
66397.000000  8324
66399.000000  8325
66401.000000  8326
66403.000000  8327
66405.000000  8328
66407.000000  8329
66409.000000  8330
66411.000000  8331
66413.000000  8331
66415.000000  8332
66417.000000  8333
66419.000000  8334
66421.000000  8335
66423.000000  8336
66425.000000  8337
66427.000000  8338
66429.000000  8339
66431.000000  8339
66433.000000  8340
66435.000000  8341
66437.000000  8342
66439.000000  8343
66441.000000  8344
66443.000000  8345
66445.000000  8346
66447.000000  8347
66449.000000  8347
66451.000000  8348
66453.000000  8349
66455.000000  8350
66457.000000  8351
66459.000000  8352
66461.000000  8353
66463.000000  8354
66465.000000  8355
66467.000000  8356
66469.000000  8357
66471.000000  8357
66473.000000  8358
66475.000000  8359
66477.000000  8360
66479.000000  8361
66481.000000  8362
66483.000000  8363
66485.000000  8364
66487.000000  8365
66489.000000  8365
66491.000000  8366
66493.000000  8367
66495.000000  8368
66497.000000  8369
66499.000000  8370
66501.000000  8371
66503.000000  8372
66505.000000  8373
66507.000000  8373
66509.000000  8374
66511.000000  8375
66513.000000  8376
66515.000000  8377
66517.000000  8378
66519.000000  8379
66521.000000  8380
66523.000000  8381
66525.000000  8381
66527.000000  8382
66529.000000  8383
66531.000000  8384
66533.000000  8385
66535.000000  8386
66537.000000  8387
66539.000000  8388
66541.000000  8389
66543.000000  8390
66545.000000  8391
66547.000000  8391
66549.000000  8392
66551.000000  8393
66553.000000  8394
66555.000000  8395
66557.000000  8396
66559.000000  8397
66561.000000  8398
66563.000000  8399
66565.000000  8399
66567.000000  8400
66569.000000  8401
66571.000000  8402
66573.000000  8403
66575.000000  8404
66577.000000  8405
66579.000000  8406
66581.000000  8407
66583.000000  8407
66585.000000  8408
66587.000000  8409
66589.000000  8410
66591.000000  8411
66593.000000  8412
66595.000000  8413
66597.000000  8414
66599.000000  8415
66601.000000  8415
66603.000000  8416
66605.000000  8417
66607.000000  8418
66609.000000  8419
66611.000000  8420
66613.000000  8421
66615.000000  8422
66617.000000  8423
66619.000000  8423
66621.000000  8424
66623.000000  8425
66625.000000  8426
66627.000000  8427
66629.000000  8428
66631.000000  8429
66633.000000  8430
66635.000000  8431
66637.000000  8432
66639.000000  8433
66641.000000  8433
66643.000000  8434
66645.000000  8435
66647.000000  8436
66649.000000  8437
66651.000000  8438
66653.000000  8439
66655.000000  8440
66657.000000  8441
66659.000000  8441
66661.000000  8442
66663.000000  8443
66665.000000  8444
66667.000000  8445
66669.000000  8446
66671.000000  8447
66673.000000  8448
66675.000000  8449
66677.000000  8449
66679.000000  8450
66681.000000  8451
66683.000000  8452
66685.000000  8453
66687.000000  8454
66689.000000  8455
66691.000000  8456
66693.000000  8457
66695.000000  8457
66697.000000  8458
66699.000000  8459
66701.000000  8460
66703.000000  8461
66705.000000  8462
66707.000000  8463
66709.000000  8464
66711.000000  8465
66713.000000  8465
66715.000000  8466
66717.000000  8467
66719.000000  8468
66721.000000  8469
66723.000000  8470
66725.000000  8471
66727.000000  8472
66729.000000  8473
66731.000000  8473
66733.000000  8474
66735.000000  8475
66737.000000  8476
66739.000000  8477
66741.000000  8478
66743.000000  8479
66745.000000  8480
66747.000000  8481
66749.000000  8482
66751.000000  8483
66753.000000  8483
66755.000000  8484
66757.000000  8485
66759.000000  8486
66761.000000  8487
66763.000000  8488
66765.000000  8489
66767.000000  8490
66769.000000  8491
66771.000000  8491
66773.000000  8492
66775.000000  8493
66777.000000  8494
66779.000000  8495
66781.000000  8496
66783.000000  8497
66785.000000  8498
66787.000000  8499
66789.000000  8499
66791.000000  8500
66793.000000  8501
66795.000000  8502
66797.000000  8503
66799.000000  8504
66801.000000  8505
66803.000000  8506
66805.000000  8507
66807.000000  8507
66809.000000  8509
66811.000000  8509
66813.000000  8510
66815.000000  8511
66817.000000  8512
66819.000000  8513
66821.000000  8514
66823.000000  8515
66825.000000  8515
66827.000000  8516
66829.000000  8517
66831.000000  8518
66833.000000  8519
66835.000000  8520
66837.000000  8521
66839.000000  8522
66841.000000  8523
66843.000000  8524
66845.000000  8525
66847.000000  8525
66849.000000  8526
66851.000000  8527
66853.000000  8528
66855.000000  8529
66857.000000  8530
66859.000000  8531
66861.000000  8532
66863.000000  8533
66865.000000  8533
66867.000000  8534
66869.000000  8535
66871.000000  8536
66873.000000  8537
66875.000000  8538
66877.000000  8539
66879.000000  8540
66881.000000  8541
66883.000000  8541
66885.000000  8542
66887.000000  8543
66889.000000  8544
66891.000000  8545
66893.000000  8546
66895.000000  8547
66897.000000  8548
66899.000000  8549
66901.000000  8549
66903.000000  8550
66905.000000  8551
66907.000000  8552
66909.000000  8553
66911.000000  8554
66913.000000  8555
66915.000000  8556
66917.000000  8557
66919.000000  8557
66921.000000  8558
66923.000000  8559
66925.000000  8560
66927.000000  8561
66929.000000  8562
66931.000000  8563
66933.000000  8564
66935.000000  8565
66937.000000  8565
66939.000000  8566
66941.000000  8567
66943.000000  8568
66945.000000  8569
66947.000000  8570
66949.000000  8571
66951.000000  8572
66953.000000  8573
66955.000000  8574
66957.000000  8575
66959.000000  8575
66961.000000  8576
66963.000000  8577
66965.000000  8578
66967.000000  8579
66969.000000  8580
66971.000000  8581
66973.000000  8582
66975.000000  8583
66977.000000  8583
66979.000000  8584
66981.000000  8585
66983.000000  8586
66985.000000  8587
66987.000000  8588
66989.000000  8589
66991.000000  8590
66993.000000  8591
66995.000000  8591
66997.000000  8592
66999.000000  8593
67001.000000  8594
67003.000000  8595
67005.000000  8596
67007.000000  8597
67009.000000  8598
67011.000000  8599
67013.000000  8600
67015.000000  8601
67017.000000  8601
67019.000000  8602
67021.000000  8603
67023.000000  8604
67025.000000  8605
67027.000000  8606
67029.000000  8607
67031.000000  8608
67033.000000  8609
67035.000000  8609
67037.000000  8610
67039.000000  8611
67041.000000  8612
67043.000000  8613
67045.000000  8614
67047.000000  8615
67049.000000  8616
67051.000000  8617
67053.000000  8617
67055.000000  8618
67057.000000  8619
67059.000000  8620
67061.000000  8621
67063.000000  8622
67065.000000  8623
67067.000000  8624
67069.000000  8625
67071.000000  8625
67073.000000  8626
67075.000000  8627
67077.000000  8628
67079.000000  8629
67081.000000  8630
67083.000000  8631
67085.000000  8632
67087.000000  8633
67089.000000  8633
67091.000000  8634
67093.000000  8635
67095.000000  8636
67097.000000  8637
67099.000000  8638
67101.000000  8639
67103.000000  8640
67105.000000  8641
67107.000000  8641
67109.000000  8642
67111.000000  8643
67113.000000  8644
67115.000000  8645
67117.000000  8646
67119.000000  8647
67121.000000  8648
67123.000000  8649
67125.000000  8650
67127.000000  8651
67129.000000  8651
67131.000000  8652
67133.000000  8653
67135.000000  8654
67137.000000  8655
67139.000000  8656
67141.000000  8657
67143.000000  8658
67145.000000  8659
67147.000000  8659
67149.000000  8660
67151.000000  8661
67153.000000  8662
67155.000000  8663
67157.000000  8664
67159.000000  8665
67161.000000  8666
67163.000000  8667
67165.000000  8667
67167.000000  8668
67169.000000  8669
67171.000000  8670
67173.000000  8671
67175.000000  8672
67177.000000  8673
67179.000000  8674
67181.000000  8675
67183.000000  8676
67185.000000  8677
67187.000000  8677
67189.000000  8678
67191.000000  8679
67193.000000  8680
67195.000000  8681
67197.000000  8682
67199.000000  8683
67201.000000  8683
67203.000000  8684
67205.000000  8685
67207.000000  8686
67209.000000  8687
67211.000000  8688
67213.000000  8689
67215.000000  8690
67217.000000  8691
67219.000000  8692
67221.000000  8693
67223.000000  8693
67225.000000  8694
67227.000000  8695
67229.000000  8696
67231.000000  8697
67233.000000  8698
67235.000000  8699
67237.000000  8700
67239.000000  8701
67241.000000  8701
67243.000000  8702
67245.000000  8703
67247.000000  8704
67249.000000  8705
67251.000000  8706
67253.000000  8707
67255.000000  8708
67257.000000  8709
67259.000000  8709
67261.000000  8710
67263.000000  8711
67265.000000  8712
67267.000000  8713
67269.000000  8714
67271.000000  8715
67273.000000  8716
67275.000000  8717
67277.000000  8717
67279.000000  8718
67281.000000  8719
67283.000000  8720
67285.000000  8721
67287.000000  8722
67289.000000  8723
67291.000000  8724
67293.000000  8725
67295.000000  8725
67297.000000  8726
67299.000000  8727
67301.000000  8728
67303.000000  8729
67305.000000  8730
67307.000000  8731
67309.000000  8732
67311.000000  8733
67313.000000  8733
67315.000000  8734
67317.000000  8735
67319.000000  8736
67321.000000  8737
67323.000000  8738
67325.000000  8739
67327.000000  8740
67329.000000  8741
67331.000000  8742
67333.000000  8743
67335.000000  8743
67337.000000  8744
67339.000000  8745
67341.000000  8746
67343.000000  8747
67345.000000  8748
67347.000000  8749
67349.000000  8750
67351.000000  8751
67353.000000  8751
67355.000000  8752
67357.000000  8753
67359.000000  8754
67361.000000  8755
67363.000000  8756
67365.000000  8757
67367.000000  8758
67369.000000  8759
67371.000000  8759
67373.000000  8760
67375.000000  8761
67377.000000  8762
67379.000000  8763
67381.000000  8764
67383.000000  8765
67385.000000  8766
67387.000000  8767
67389.000000  8767
67391.000000  8769
67393.000000  8769
67395.000000  8770
67397.000000  8771
67399.000000  8772
67401.000000  8773
67403.000000  8774
67405.000000  8775
67407.000000  8775
67409.000000  8776
67411.000000  8777
67413.000000  8778
67415.000000  8779
67417.000000  8780
67419.000000  8781
67421.000000  8782
67423.000000  8783
67425.000000  8784
67427.000000  8785
67429.000000  8785
67431.000000  8786
67433.000000  8787
67435.000000  8788
67437.000000  8789
67439.000000  8790
67441.000000  8791
67443.000000  8792
67445.000000  8793
67447.000000  8793
67449.000000  8794
67451.000000  8795
67453.000000  8796
67455.000000  8797
67457.000000  8798
67459.000000  8799
67461.000000  8800
67463.000000  8801
67465.000000  8801
67467.000000  8802
67469.000000  8803
67471.000000  8804
67473.000000  8805
67475.000000  8806
67477.000000  8807
67479.000000  8808
67481.000000  8809
67483.000000  8809
67485.000000  8810
67487.000000  8811
67489.000000  8812
67491.000000  8813
67493.000000  8814
67495.000000  8815
67497.000000  8816
67499.000000  8817
67501.000000  8817
67503.000000  8818
67505.000000  8819
67507.000000  8820
67509.000000  8821
67511.000000  8822
67513.000000  8823
67515.000000  8824
67517.000000  8825
67519.000000  8825
67521.000000  8826
67523.000000  8827
67525.000000  8828
67527.000000  8829
67529.000000  8830
67531.000000  8831
67533.000000  8832
67535.000000  8833
67537.000000  8834
67539.000000  8835
67541.000000  8835
67543.000000  8836
67545.000000  8837
67547.000000  8838
67549.000000  8839
67551.000000  8840
67553.000000  8841
67555.000000  8842
67557.000000  8843
67559.000000  8843
67561.000000  8844
67563.000000  8845
67565.000000  8846
67567.000000  8847
67569.000000  8848
67571.000000  8849
67573.000000  8850
67575.000000  8851
67577.000000  8851
67579.000000  8852
67581.000000  8853
67583.000000  8854
67585.000000  8855
67587.000000  8856
67589.000000  8857
67591.000000  8858
67593.000000  8859
67595.000000  8860
67597.000000  8861
67599.000000  8861
67601.000000  8862
67603.000000  8863
67605.000000  8864
67607.000000  8865
67609.000000  8866
67611.000000  8867
67613.000000  8868
67615.000000  8869
67617.000000  8869
67619.000000  8870
67621.000000  8871
67623.000000  8872
67625.000000  8873
67627.000000  8874
67629.000000  8875
67631.000000  8876
67633.000000  8877
67635.000000  8877
67637.000000  8878
67639.000000  8879
67641.000000  8880
67643.000000  8881
67645.000000  8882
67647.000000  8883
67649.000000  8884
67651.000000  8885
67653.000000  8885
67655.000000  8886
67657.000000  8887
67659.000000  8888
67661.000000  8889
67663.000000  8890
67665.000000  8891
67667.000000  8892
67669.000000  8893
67671.000000  8893
67673.000000  8894
67675.000000  8895
67677.000000  8896
67679.000000  8897
67681.000000  8898
67683.000000  8899
67685.000000  8900
67687.000000  8901
67689.000000  8901
67691.000000  8902
67693.000000  8903
67695.000000  8904
67697.000000  8905
67699.000000  8906
67701.000000  8907
67703.000000  8908
67705.000000  8909
67707.000000  8910
67709.000000  8911
67711.000000  8911
67713.000000  8912
67715.000000  8913
67717.000000  8914
67719.000000  8915
67721.000000  8916
67723.000000  8917
67725.000000  8918
67727.000000  8919
67729.000000  8919
67731.000000  8920
67733.000000  8921
67735.000000  8922
67737.000000  8923
67739.000000  8924
67741.000000  8925
67743.000000  8926
67745.000000  8927
67747.000000  8927
67749.000000  8928
67751.000000  8929
67753.000000  8930
67755.000000  8931
67757.000000  8932
67759.000000  8933
67761.000000  8934
67763.000000  8935
67765.000000  8935
67767.000000  8936
67769.000000  8937
67771.000000  8938
67773.000000  8939
67775.000000  8940
67777.000000  8941
67779.000000  8942
67781.000000  8943
67783.000000  8943
67785.000000  8944
67787.000000  8945
67789.000000  8946
67791.000000  8947
67793.000000  8948
67795.000000  8949
67797.000000  8950
67799.000000  8951
67801.000000  8951
67803.000000  8953
67805.000000  8953
67807.000000  8954
67809.000000  8955
67811.000000  8956
67813.000000  8957
67815.000000  8958
67817.000000  8959
67819.000000  8960
67821.000000  8961
67823.000000  8961
67825.000000  8962
67827.000000  8963
67829.000000  8964
67831.000000  8965
67833.000000  8966
67835.000000  8967
67837.000000  8968
67839.000000  8969
67841.000000  8969
67843.000000  8970
67845.000000  8971
67847.000000  8972
67849.000000  8973
67851.000000  8974
67853.000000  8975
67855.000000  8976
67857.000000  8977
67859.000000  8977
67861.000000  8978
67863.000000  8979
67865.000000  8980
67867.000000  8981
67869.000000  8982
67871.000000  8983
67873.000000  8984
67875.000000  8985
67877.000000  8985
67879.000000  8986
67881.000000  8987
67883.000000  8988
67885.000000  8989
67887.000000  8990
67889.000000  8991
67891.000000  8992
67893.000000  8993
67895.000000  8993
67897.000000  8994
67899.000000  8995
67901.000000  8996
67903.000000  8997
67905.000000  8998
67907.000000  8999
67909.000000  9000
67911.000000  9001
67913.000000  9001
67915.000000  9002
67917.000000  9003
67919.000000  9004
67921.000000  9005
67923.000000  9006
67925.000000  9007
67927.000000  9008
67929.000000  9009
67931.000000  9010
67933.000000  9011
67935.000000  9011
67937.000000  9012
67939.000000  9013
67941.000000  9014
67943.000000  9015
67945.000000  9016
67947.000000  9017
67949.000000  9018
67951.000000  9019
67953.000000  9019
67955.000000  9020
67957.000000  9021
67959.000000  9022
67961.000000  9023
67963.000000  9024
67965.000000  9025
67967.000000  9026
67969.000000  9027
67971.000000  9027
67973.000000  9028
67975.000000  9029
67977.000000  9030
67979.000000  9031
67981.000000  9032
67983.000000  9033
67985.000000  9034
67987.000000  9035
67989.000000  9036
67991.000000  9037
67993.000000  9037
67995.000000  9038
67997.000000  9039
67999.000000  9040
68001.000000  9041
68003.000000  9042
68005.000000  9043
68007.000000  9043
68009.000000  9044
68011.000000  9045
68013.000000  9046
68015.000000  9047
68017.000000  9048
68019.000000  9049
68021.000000  9050
68023.000000  9051
68025.000000  9052
68027.000000  9053
68029.000000  9053
68031.000000  9054
68033.000000  9055
68035.000000  9056
68037.000000  9057
68039.000000  9058
68041.000000  9059
68043.000000  9060
68045.000000  9061
68047.000000  9061
68049.000000  9062
68051.000000  9063
68053.000000  9064
68055.000000  9065
68057.000000  9066
68059.000000  9067
68061.000000  9068
68063.000000  9069
68065.000000  9069
68067.000000  9070
68069.000000  9071
68071.000000  9072
68073.000000  9073
68075.000000  9074
68077.000000  9075
68079.000000  9076
68081.000000  9077
68083.000000  9077
68085.000000  9078
68087.000000  9079
68089.000000  9080
68091.000000  9081
68093.000000  9082
68095.000000  9083
68097.000000  9084
68099.000000  9085
68101.000000  9085
68103.000000  9086
68105.000000  9087
68107.000000  9088
68109.000000  9089
68111.000000  9090
68113.000000  9091
68115.000000  9092
68117.000000  9093
68119.000000  9093
68121.000000  9094
68123.000000  9095
68125.000000  9096
68127.000000  9097
68129.000000  9098
68131.000000  9099
68133.000000  9100
68135.000000  9101
68137.000000  9102
68139.000000  9103
68141.000000  9103
68143.000000  9104
68145.000000  9105
68147.000000  9106
68149.000000  9107
68151.000000  9108
68153.000000  9109
68155.000000  9110
68157.000000  9111
68159.000000  9111
68161.000000  9112
68163.000000  9113
68165.000000  9114
68167.000000  9115
68169.000000  9116
68171.000000  9117
68173.000000  9118
68175.000000  9119
68177.000000  9119
68179.000000  9120
68181.000000  9121
68183.000000  9122
68185.000000  9123
68187.000000  9124
68189.000000  9125
68191.000000  9126
68193.000000  9127
68195.000000  9128
68197.000000  9129
68199.000000  9129
68201.000000  9130
68203.000000  9131
68205.000000  9132
68207.000000  9133
68209.000000  9134
68211.000000  9135
68213.000000  9136
68215.000000  9137
68217.000000  9137
68219.000000  9138
68221.000000  9139
68223.000000  9140
68225.000000  9141
68227.000000  9142
68229.000000  9143
68231.000000  9144
68233.000000  9145
68235.000000  9145
68237.000000  9146
68239.000000  9147
68241.000000  9148
68243.000000  9149
68245.000000  9150
68247.000000  9151
68249.000000  9152
68251.000000  9153
68253.000000  9153
68255.000000  9154
68257.000000  9155
68259.000000  9156
68261.000000  9157
68263.000000  9158
68265.000000  9159
68267.000000  9160
68269.000000  9161
68271.000000  9161
68273.000000  9162
68275.000000  9163
68277.000000  9164
68279.000000  9165
68281.000000  9166
68283.000000  9167
68285.000000  9168
68287.000000  9169
68289.000000  9169
68291.000000  9170
68293.000000  9171
68295.000000  9172
68297.000000  9173
68299.000000  9174
68301.000000  9175
68303.000000  9176
68305.000000  9177
68307.000000  9178
68309.000000  9179
68311.000000  9179
68313.000000  9180
68315.000000  9181
68317.000000  9182
68319.000000  9183
68321.000000  9184
68323.000000  9185
68325.000000  9186
68327.000000  9187
68329.000000  9187
68331.000000  9188
68333.000000  9189
68335.000000  9190
68337.000000  9191
68339.000000  9192
68341.000000  9193
68343.000000  9194
68345.000000  9195
68347.000000  9195
68349.000000  9196
68351.000000  9197
68353.000000  9198
68355.000000  9199
68357.000000  9200
68359.000000  9201
68361.000000  9202
68363.000000  9203
68365.000000  9203
68367.000000  9204
68369.000000  9205
68371.000000  9206
68373.000000  9207
68375.000000  9208
68377.000000  9209
68379.000000  9210
68381.000000  9211
68383.000000  9211
68385.000000  9212
68387.000000  9213
68389.000000  9214
68391.000000  9215
68393.000000  9216
68395.000000  9217
68397.000000  9218
68399.000000  9219
68401.000000  9220
68403.000000  9221
68405.000000  9221
68407.000000  9222
68409.000000  9223
68411.000000  9224
68413.000000  9225
68415.000000  9226
68417.000000  9227
68419.000000  9228
68421.000000  9229
68423.000000  9229
68425.000000  9230
68427.000000  9231
68429.000000  9232
68431.000000  9233
68433.000000  9234
68435.000000  9235
68437.000000  9236
68439.000000  9237
68441.000000  9237
68443.000000  9238
68445.000000  9239
68447.000000  9240
68449.000000  9241
68451.000000  9242
68453.000000  9243
68455.000000  9244
68457.000000  9245
68459.000000  9245
68461.000000  9246
68463.000000  9247
68465.000000  9248
68467.000000  9249
68469.000000  9250
68471.000000  9251
68473.000000  9252
68475.000000  9253
68477.000000  9253
68479.000000  9254
68481.000000  9255
68483.000000  9256
68485.000000  9257
68487.000000  9258
68489.000000  9259
68491.000000  9260
68493.000000  9261
68495.000000  9261
68497.000000  9262
68499.000000  9263
68501.000000  9264
68503.000000  9265
68505.000000  9266
68507.000000  9267
68509.000000  9268
68511.000000  9269
68513.000000  9270
68515.000000  9271
68517.000000  9271
68519.000000  9272
68521.000000  9273
68523.000000  9274
68525.000000  9275
68527.000000  9276
68529.000000  9277
68531.000000  9278
68533.000000  9279
68535.000000  9279
68537.000000  9280
68539.000000  9281
68541.000000  9282
68543.000000  9283
68545.000000  9284
68547.000000  9285
68549.000000  9286
68551.000000  9287
68553.000000  9287
68555.000000  9288
68557.000000  9289
68559.000000  9290
68561.000000  9291
68563.000000  9292
68565.000000  9293
68567.000000  9294
68569.000000  9295
68571.000000  9296
68573.000000  9297
68575.000000  9297
68577.000000  9298
68579.000000  9299
68581.000000  9300
68583.000000  9301
68585.000000  9302
68587.000000  9303
68589.000000  9303
68591.000000  9304
68593.000000  9305
68595.000000  9306
68597.000000  9307
68599.000000  9308
68601.000000  9309
68603.000000  9310
68605.000000  9311
68607.000000  9312
68609.000000  9313
68611.000000  9313
68613.000000  9314
68615.000000  9315
68617.000000  9316
68619.000000  9317
68621.000000  9318
68623.000000  9319
68625.000000  9320
68627.000000  9321
68629.000000  9321
68631.000000  9322
68633.000000  9323
68635.000000  9324
68637.000000  9325
68639.000000  9326
68641.000000  9327
68643.000000  9328
68645.000000  9329
68647.000000  9329
68649.000000  9330
68651.000000  9331
68653.000000  9332
68655.000000  9333
68657.000000  9334
68659.000000  9335
68661.000000  9336
68663.000000  9337
68665.000000  9337
68667.000000  9338
68669.000000  9339
68671.000000  9340
68673.000000  9341
68675.000000  9342
68677.000000  9343
68679.000000  9344
68681.000000  9345
68683.000000  9345
68685.000000  9346
68687.000000  9347
68689.000000  9348
68691.000000  9349
68693.000000  9350
68695.000000  9351
68697.000000  9352
68699.000000  9353
68701.000000  9353
68703.000000  9354
68705.000000  9355
68707.000000  9356
68709.000000  9357
68711.000000  9358
68713.000000  9359
68715.000000  9360
68717.000000  9361
68719.000000  9361
68721.000000  9362
68723.000000  9363
68725.000000  9364
68727.000000  9365
68729.000000  9366
68731.000000  9367
68733.000000  9368
68735.000000  9369
68737.000000  9370
68739.000000  9371
68741.000000  9371
68743.000000  9372
68745.000000  9373
68747.000000  9374
68749.000000  9375
68751.000000  9376
68753.000000  9377
68755.000000  9378
68757.000000  9379
68759.000000  9379
68761.000000  9380
68763.000000  9381
68765.000000  9382
68767.000000  9383
68769.000000  9384
68771.000000  9385
68773.000000  9386
68775.000000  9387
68777.000000  9387
68779.000000  9388
68781.000000  9389
68783.000000  9390
68785.000000  9391
68787.000000  9392
68789.000000  9393
68791.000000  9394
68793.000000  9395
68795.000000  9396
68797.000000  9397
68799.000000  9397
68801.000000  9398
68803.000000  9399
68805.000000  9400
68807.000000  9401
68809.000000  9402
68811.000000  9403
68813.000000  9403
68815.000000  9404
68817.000000  9405
68819.000000  9406
68821.000000  9407
68823.000000  9408
68825.000000  9409
68827.000000  9410
68829.000000  9411
68831.000000  9412
68833.000000  9413
68835.000000  9413
68837.000000  9414
68839.000000  9415
68841.000000  9416
68843.000000  9417
68845.000000  9418
68847.000000  9419
68849.000000  9420
68851.000000  9421
68853.000000  9421
68855.000000  9422
68857.000000  9423
68859.000000  9424
68861.000000  9425
68863.000000  9426
68865.000000  9427
68867.000000  9428
68869.000000  9429
68871.000000  9429
68873.000000  9430
68875.000000  9431
68877.000000  9432
68879.000000  9433
68881.000000  9434
68883.000000  9435
68885.000000  9436
68887.000000  9437
68889.000000  9437
68891.000000  9438
68893.000000  9439
68895.000000  9440
68897.000000  9441
68899.000000  9442
68901.000000  9443
68903.000000  9444
68905.000000  9445
68907.000000  9445
68909.000000  9446
68911.000000  9447
68913.000000  9448
68915.000000  9449
68917.000000  9450
68919.000000  9451
68921.000000  9452
68923.000000  9453
68925.000000  9453
68927.000000  9454
68929.000000  9455
68931.000000  9456
68933.000000  9457
68935.000000  9458
68937.000000  9459
68939.000000  9460
68941.000000  9461
68943.000000  9462
68945.000000  9463
68947.000000  9463
68949.000000  9464
68951.000000  9465
68953.000000  9466
68955.000000  9467
68957.000000  9468
68959.000000  9469
68961.000000  9470
68963.000000  9471
68965.000000  9471
68967.000000  9472
68969.000000  9473
68971.000000  9474
68973.000000  9475
68975.000000  9476
68977.000000  9477
68979.000000  9478
68981.000000  9479
68983.000000  9479
68985.000000  9480
68987.000000  9481
68989.000000  9482
68991.000000  9483
68993.000000  9484
68995.000000  9485
68997.000000  9486
68999.000000  9487
69001.000000  9488
69003.000000  9489
69005.000000  9489
69007.000000  9490
69009.000000  9491
69011.000000  9492
69013.000000  9493
69015.000000  9494
69017.000000  9495
69019.000000  9496
69021.000000  9497
69023.000000  9497
69025.000000  9498
69027.000000  9499
69029.000000  9500
69031.000000  9501
69033.000000  9502
69035.000000  9503
69037.000000  9504
69039.000000  9505
69041.000000  9505
69043.000000  9506
69045.000000  9507
69047.000000  9508
69049.000000  9509
69051.000000  9510
69053.000000  9511
69055.000000  9512
69057.000000  9513
69059.000000  9513
69061.000000  9514
69063.000000  9515
69065.000000  9516
69067.000000  9517
69069.000000  9518
69071.000000  9519
69073.000000  9520
69075.000000  9521
69077.000000  9521
69079.000000  9522
69081.000000  9523
69083.000000  9524
69085.000000  9525
69087.000000  9526
69089.000000  9527
69091.000000  9528
69093.000000  9529
69095.000000  9529
69097.000000  9530
69099.000000  9531
69101.000000  9532
69103.000000  9533
69105.000000  9534
69107.000000  9535
69109.000000  9536
69111.000000  9537
69113.000000  9538
69115.000000  9539
69117.000000  9539
69119.000000  9540
69121.000000  9541
69123.000000  9542
69125.000000  9543
69127.000000  9544
69129.000000  9545
69131.000000  9546
69133.000000  9547
69135.000000  9547
69137.000000  9548
69139.000000  9549
69141.000000  9550
69143.000000  9551
69145.000000  9552
69147.000000  9553
69149.000000  9554
69151.000000  9555
69153.000000  9555
69155.000000  9556
69157.000000  9557
69159.000000  9558
69161.000000  9559
69163.000000  9560
69165.000000  9561
69167.000000  9562
69169.000000  9563
69171.000000  9563
69173.000000  9564
69175.000000  9565
69177.000000  9566
69179.000000  9567
69181.000000  9568
69183.000000  9569
69185.000000  9570
69187.000000  9571
69189.000000  9571
69191.000000  9572
69193.000000  9573
69195.000000  9574
69197.000000  9575
69199.000000  9576
69201.000000  9577
69203.000000  9578
69205.000000  9579
69207.000000  9580
69209.000000  9581
69211.000000  9581
69213.000000  9582
69215.000000  9583
69217.000000  9584
69219.000000  9585
69221.000000  9586
69223.000000  9587
69225.000000  9588
69227.000000  9589
69229.000000  9589
69231.000000  9590
69233.000000  9591
69235.000000  9592
69237.000000  9593
69239.000000  9594
69241.000000  9595
69243.000000  9596
69245.000000  9597
69247.000000  9597
69249.000000  9598
69251.000000  9599
69253.000000  9600
69255.000000  9601
69257.000000  9602
69259.000000  9603
69261.000000  9604
69263.000000  9605
69265.000000  9605
69267.000000  9606
69269.000000  9607
69271.000000  9608
69273.000000  9609
69275.000000  9610
69277.000000  9611
69279.000000  9612
69281.000000  9613
69283.000000  9613
69285.000000  9614
69287.000000  9615
69289.000000  9616
69291.000000  9617
69293.000000  9618
69295.000000  9619
69297.000000  9620
69299.000000  9621
69301.000000  9621
69303.000000  9622
69305.000000  9623
69307.000000  9624
69309.000000  9625
69311.000000  9626
69313.000000  9627
69315.000000  9628
69317.000000  9629
69319.000000  9630
69321.000000  9631
69323.000000  9631
69325.000000  9632
69327.000000  9633
69329.000000  9634
69331.000000  9635
69333.000000  9636
69335.000000  9637
69337.000000  9638
69339.000000  9639
69341.000000  9639
69343.000000  9640
69345.000000  9641
69347.000000  9642
69349.000000  9643
69351.000000  9644
69353.000000  9645
69355.000000  9646
69357.000000  9647
69359.000000  9647
69361.000000  9648
69363.000000  9649
69365.000000  9650
69367.000000  9651
69369.000000  9652
69371.000000  9653
69373.000000  9654
69375.000000  9655
69377.000000  9655
69379.000000  9656
69381.000000  9657
69383.000000  9658
69385.000000  9659
69387.000000  9660
69389.000000  9661
69391.000000  9662
69393.000000  9663
69395.000000  9663
69397.000000  9664
69399.000000  9665
69401.000000  9666
69403.000000  9667
69405.000000  9668
69407.000000  9669
69409.000000  9670
69411.000000  9671
69413.000000  9671
69415.000000  9673
69417.000000  9673
69419.000000  9674
69421.000000  9675
69423.000000  9676
69425.000000  9677
69427.000000  9678
69429.000000  9679
69431.000000  9680
69433.000000  9681
69435.000000  9681
69437.000000  9682
69439.000000  9683
69441.000000  9684
69443.000000  9685
69445.000000  9686
69447.000000  9687
69449.000000  9688
69451.000000  9689
69453.000000  9689
69455.000000  9690
69457.000000  9691
69459.000000  9692
69461.000000  9693
69463.000000  9694
69465.000000  9695
69467.000000  9696
69469.000000  9697
69471.000000  9697
69473.000000  9698
69475.000000  9699
69477.000000  9700
69479.000000  9701
69481.000000  9702
69483.000000  9703
69485.000000  9704
69487.000000  9705
69489.000000  9705
69491.000000  9706
69493.000000  9707
69495.000000  9708
69497.000000  9709
69499.000000  9710
69501.000000  9711
69503.000000  9712
69505.000000  9713
69507.000000  9713
69509.000000  9714
69511.000000  9715
69513.000000  9716
69515.000000  9717
69517.000000  9718
69519.000000  9719
69521.000000  9720
69523.000000  9721
69525.000000  9721
69527.000000  9722
69529.000000  9723
69531.000000  9724
69533.000000  9725
69535.000000  9726
69537.000000  9727
69539.000000  9728
69541.000000  9729
69543.000000  9730
69545.000000  9731
69547.000000  9731
69549.000000  9732
69551.000000  9733
69553.000000  9734
69555.000000  9735
69557.000000  9736
69559.000000  9737
69561.000000  9738
69563.000000  9739
69565.000000  9739
69567.000000  9740
69569.000000  9741
69571.000000  9742
69573.000000  9743
69575.000000  9744
69577.000000  9745
69579.000000  9746
69581.000000  9747
69583.000000  9747
69585.000000  9749
69587.000000  9749
69589.000000  9750
69591.000000  9751
69593.000000  9752
69595.000000  9753
69597.000000  9754
69599.000000  9755
69601.000000  9756
69603.000000  9757
69605.000000  9757
69607.000000  9758
69609.000000  9759
69611.000000  9760
69613.000000  9761
69615.000000  9762
69617.000000  9763
69619.000000  9763
69621.000000  9764
69623.000000  9765
69625.000000  9766
69627.000000  9767
69629.000000  9768
69631.000000  9769
69633.000000  9770
69635.000000  9771
69637.000000  9772
69639.000000  9773
69641.000000  9773
69643.000000  9774
69645.000000  9775
69647.000000  9776
69649.000000  9777
69651.000000  9778
69653.000000  9779
69655.000000  9780
69657.000000  9781
69659.000000  9781
69661.000000  9782
69663.000000  9783
69665.000000  9784
69667.000000  9785
69669.000000  9786
69671.000000  9787
69673.000000  9788
69675.000000  9789
69677.000000  9789
69679.000000  9790
69681.000000  9791
69683.000000  9792
69685.000000  9793
69687.000000  9794
69689.000000  9795
69691.000000  9796
69693.000000  9797
69695.000000  9797
69697.000000  9798
69699.000000  9799
69701.000000  9800
69703.000000  9801
69705.000000  9802
69707.000000  9803
69709.000000  9804
69711.000000  9805
69713.000000  9805
69715.000000  9807
69717.000000  9807
69719.000000  9808
69721.000000  9809
69723.000000  9810
69725.000000  9811
69727.000000  9812
69729.000000  9813
69731.000000  9813
69733.000000  9814
69735.000000  9815
69737.000000  9816
69739.000000  9817
69741.000000  9818
69743.000000  9819
69745.000000  9820
69747.000000  9821
69749.000000  9822
69751.000000  9823
69753.000000  9823
69755.000000  9824
69757.000000  9825
69759.000000  9826
69761.000000  9827
69763.000000  9828
69765.000000  9829
69767.000000  9830
69769.000000  9831
69771.000000  9831
69773.000000  9832
69775.000000  9833
69777.000000  9834
69779.000000  9835
69781.000000  9836
69783.000000  9837
69785.000000  9838
69787.000000  9839
69789.000000  9839
69791.000000  9840
69793.000000  9841
69795.000000  9842
69797.000000  9843
69799.000000  9844
69801.000000  9845
69803.000000  9846
69805.000000  9847
69807.000000  9848
69809.000000  9849
69811.000000  9849
69813.000000  9850
69815.000000  9851
69817.000000  9852
69819.000000  9853
69821.000000  9854
69823.000000  9855
69825.000000  9856
69827.000000  9857
69829.000000  9857
69831.000000  9858
69833.000000  9859
69835.000000  9860
69837.000000  9861
69839.000000  9862
69841.000000  9863
69843.000000  9864
69845.000000  9865
69847.000000  9865
69849.000000  9866
69851.000000  9867
69853.000000  9868
69855.000000  9869
69857.000000  9870
69859.000000  9871
69861.000000  9872
69863.000000  9873
69865.000000  9873
69867.000000  9874
69869.000000  9875
69871.000000  9876
69873.000000  9877
69875.000000  9878
69877.000000  9879
69879.000000  9880
69881.000000  9881
69883.000000  9881
69885.000000  9882
69887.000000  9883
69889.000000  9884
69891.000000  9885
69893.000000  9886
69895.000000  9887
69897.000000  9888
69899.000000  9889
69901.000000  9889
69903.000000  9890
69905.000000  9891
69907.000000  9892
69909.000000  9893
69911.000000  9894
69913.000000  9895
69915.000000  9896
69917.000000  9897
69919.000000  9898
69921.000000  9899
69923.000000  9899
69925.000000  9900
69927.000000  9901
69929.000000  9902
69931.000000  9903
69933.000000  9904
69935.000000  9905
69937.000000  9906
69939.000000  9907
69941.000000  9907
69943.000000  9908
69945.000000  9909
69947.000000  9910
69949.000000  9911
69951.000000  9912
69953.000000  9913
69955.000000  9914
69957.000000  9915
69959.000000  9915
69961.000000  9916
69963.000000  9917
69965.000000  9918
69967.000000  9919
69969.000000  9920
69971.000000  9921
69973.000000  9922
69975.000000  9923
69977.000000  9923
69979.000000  9924
69981.000000  9925
69983.000000  9926
69985.000000  9927
69987.000000  9928
69989.000000  9929
69991.000000  9930
69993.000000  9931
69995.000000  9931
69997.000000  9932
69999.000000  9933
70001.000000  9934
70003.000000  9935
70005.000000  9936
70007.000000  9937
70009.000000  9938
70011.000000  9939
70013.000000  9940
70015.000000  9941
70017.000000  9941
70019.000000  9942
70021.000000  9943
70023.000000  9944
70025.000000  9945
70027.000000  9946
70029.000000  9947
70031.000000  9948
70033.000000  9949
70035.000000  9949
70037.000000  9950
70039.000000  9951
70041.000000  9952
70043.000000  9953
70045.000000  9954
70047.000000  9955
70049.000000  9956
70051.000000  9957
70053.000000  9957
70055.000000  9958
70057.000000  9959
70059.000000  9960
70061.000000  9961
70063.000000  9962
70065.000000  9963
70067.000000  9964
70069.000000  9965
70071.000000  9965
70073.000000  9966
70075.000000  9967
70077.000000  9968
70079.000000  9969
70081.000000  9970
70083.000000  9971
70085.000000  9972
70087.000000  9973
70089.000000  9973
70091.000000  9974
70093.000000  9975
70095.000000  9976
70097.000000  9977
70099.000000  9978
70101.000000  9979
70103.000000  9980
70105.000000  9981
70107.000000  9981
70109.000000  9982
70111.000000  9983
70113.000000  9984
70115.000000  9985
70117.000000  9986
70119.000000  9987
70121.000000  9988
70123.000000  9989
70125.000000  9990
70127.000000  9991
70129.000000  9991
70131.000000  9992
70133.000000  9993
70135.000000  9994
70137.000000  9995
70139.000000  9996
70141.000000  9997
70143.000000  9998
70145.000000  9999
70147.000000  9999
70149.000000  10000
70151.000000  10001
70153.000000  10002
70155.000000  10003
70157.000000  10004
70159.000000  10005
70161.000000  10006
70163.000000  10007
70165.000000  10007
70167.000000  10008
70169.000000  10009
70171.000000  10010
70173.000000  10011
70175.000000  10012
70177.000000  10013
70179.000000  10014
70181.000000  10015
70183.000000  10016
70185.000000  10017
70187.000000  10017
70189.000000  10018
70191.000000  10019
70193.000000  10020
70195.000000  10021
70197.000000  10022
70199.000000  10023
70201.000000  10023
70203.000000  10025
70205.000000  10025
70207.000000  10026
70209.000000  10027
70211.000000  10028
70213.000000  10029
70215.000000  10030
70217.000000  10031
70219.000000  10032
70221.000000  10033
70223.000000  10033
70225.000000  10034
70227.000000  10035
70229.000000  10036
70231.000000  10037
70233.000000  10038
70235.000000  10039
70237.000000  10040
70239.000000  10041
70241.000000  10041
70243.000000  10042
70245.000000  10043
70247.000000  10044
70249.000000  10045
70251.000000  10046
70253.000000  10047
70255.000000  10048
70257.000000  10049
70259.000000  10049
70261.000000  10050
70263.000000  10051
70265.000000  10052
70267.000000  10053
70269.000000  10054
70271.000000  10055
70273.000000  10056
70275.000000  10057
70277.000000  10057
70279.000000  10058
70281.000000  10059
70283.000000  10060
70285.000000  10061
70287.000000  10062
70289.000000  10063
70291.000000  10064
70293.000000  10065
70295.000000  10066
70297.000000  10066
70299.000000  10067
70301.000000  10068
70303.000000  10069
70305.000000  10070
70307.000000  10071
70309.000000  10072
70311.000000  10073
70313.000000  10073
70315.000000  10074
70317.000000  10075
70319.000000  10076
70321.000000  10077
70323.000000  10078
70325.000000  10079
70327.000000  10080
70329.000000  10081
70331.000000  10082
70333.000000  10083
70335.000000  10083
70337.000000  10084
70339.000000  10085
70341.000000  10086
70343.000000  10087
70345.000000  10088
70347.000000  10089
70349.000000  10090
70351.000000  10091
70353.000000  10091
70355.000000  10092
70357.000000  10093
70359.000000  10094
70361.000000  10095
70363.000000  10096
70365.000000  10097
70367.000000  10098
70369.000000  10099
70371.000000  10099
70373.000000  10100
70375.000000  10101
70377.000000  10102
70379.000000  10103
70381.000000  10104
70383.000000  10105
70385.000000  10106
70387.000000  10107
70389.000000  10107
70391.000000  10109
70393.000000  10109
70395.000000  10110
70397.000000  10111
70399.000000  10112
70401.000000  10113
70403.000000  10114
70405.000000  10115
70407.000000  10116
70409.000000  10117
70411.000000  10117
70413.000000  10118
70415.000000  10119
70417.000000  10120
70419.000000  10121
70421.000000  10122
70423.000000  10123
70425.000000  10124
70427.000000  10125
70429.000000  10125
70431.000000  10126
70433.000000  10127
70435.000000  10128
70437.000000  10129
70439.000000  10130
70441.000000  10131
70443.000000  10132
70445.000000  10133
70447.000000  10133
70449.000000  10134
70451.000000  10135
70453.000000  10136
70455.000000  10137
70457.000000  10138
70459.000000  10139
70461.000000  10140
70463.000000  10141
70465.000000  10141
70467.000000  10142
70469.000000  10143
70471.000000  10144
70473.000000  10145
70475.000000  10146
70477.000000  10147
70479.000000  10148
70481.000000  10149
70483.000000  10149
70485.000000  10150
70487.000000  10151
70489.000000  10152
70491.000000  10153
70493.000000  10154
70495.000000  10155
70497.000000  10156
70499.000000  10157
70501.000000  10157
70503.000000  10158
70505.000000  10159
70507.000000  10160
70509.000000  10161
70511.000000  10162
70513.000000  10163
70515.000000  10164
70517.000000  10165
70519.000000  10165
70521.000000  10167
70523.000000  10167
70525.000000  10168
70527.000000  10169
70529.000000  10170
70531.000000  10171
70533.000000  10172
70535.000000  10173
70537.000000  10173
70539.000000  10175
70541.000000  10175
70543.000000  10176
70545.000000  10177
70547.000000  10178
70549.000000  10179
70551.000000  10180
70553.000000  10181
70555.000000  10182
70557.000000  10183
70559.000000  10183
70561.000000  10184
70563.000000  10185
70565.000000  10186
70567.000000  10187
70569.000000  10188
70571.000000  10189
70573.000000  10190
70575.000000  10191
70577.000000  10191
70579.000000  10192
70581.000000  10193
70583.000000  10194
70585.000000  10195
70587.000000  10196
70589.000000  10197
70591.000000  10198
70593.000000  10199
70595.000000  10199
70597.000000  10200
70599.000000  10201
70601.000000  10202
70603.000000  10203
70605.000000  10204
70607.000000  10205
70609.000000  10206
70611.000000  10207
70613.000000  10208
70615.000000  10209
70617.000000  10209
70619.000000  10210
70621.000000  10211
70623.000000  10212
70625.000000  10213
70627.000000  10214
70629.000000  10215
70631.000000  10216
70633.000000  10217
70635.000000  10217
70637.000000  10218
70639.000000  10219
70641.000000  10220
70643.000000  10221
70645.000000  10222
70647.000000  10223
70649.000000  10224
70651.000000  10225
70653.000000  10225
70655.000000  10226
70657.000000  10227
70659.000000  10228
70661.000000  10229
70663.000000  10230
70665.000000  10231
70667.000000  10232
70669.000000  10233
70671.000000  10233
70673.000000  10234
70675.000000  10235
70677.000000  10236
70679.000000  10237
70681.000000  10238
70683.000000  10239
70685.000000  10240
70687.000000  10241
70689.000000  10241
70691.000000  10242
70693.000000  10243
70695.000000  10244
70697.000000  10245
70699.000000  10246
70701.000000  10247
70703.000000  10248
70705.000000  10249
70707.000000  10249
70709.000000  10250
70711.000000  10251
70713.000000  10252
70715.000000  10253
70717.000000  10254
70719.000000  10255
70721.000000  10256
70723.000000  10257
70725.000000  10258
70727.000000  10259
70729.000000  10259
70731.000000  10260
70733.000000  10261
70735.000000  10262
70737.000000  10263
70739.000000  10264
70741.000000  10265
70743.000000  10266
70745.000000  10267
70747.000000  10267
70749.000000  10268
70751.000000  10269
70753.000000  10270
70755.000000  10271
70757.000000  10272
70759.000000  10273
70761.000000  10274
70763.000000  10275
70765.000000  10275
70767.000000  10276
70769.000000  10277
70771.000000  10278
70773.000000  10279
70775.000000  10280
70777.000000  10281
70779.000000  10282
70781.000000  10283
70783.000000  10283
70785.000000  10284
70787.000000  10285
70789.000000  10286
70791.000000  10287
70793.000000  10288
70795.000000  10289
70797.000000  10290
70799.000000  10291
70801.000000  10291
70803.000000  10292
70805.000000  10293
70807.000000  10294
70809.000000  10295
70811.000000  10296
70813.000000  10297
70815.000000  10298
70817.000000  10299
70819.000000  10300
70821.000000  10301
70823.000000  10301
70825.000000  10302
70827.000000  10303
70829.000000  10304
70831.000000  10305
70833.000000  10306
70835.000000  10307
70837.000000  10308
70839.000000  10309
70841.000000  10309
70843.000000  10310
70845.000000  10311
70847.000000  10312
70849.000000  10313
70851.000000  10314
70853.000000  10315
70855.000000  10316
70857.000000  10317
70859.000000  10317
70861.000000  10318
70863.000000  10319
70865.000000  10320
70867.000000  10321
70869.000000  10322
70871.000000  10323
70873.000000  10324
70875.000000  10325
70877.000000  10325
70879.000000  10326
70881.000000  10327
70883.000000  10328
70885.000000  10329
70887.000000  10330
70889.000000  10331
70891.000000  10332
70893.000000  10333
70895.000000  10333
70897.000000  10334
70899.000000  10335
70901.000000  10336
70903.000000  10337
70905.000000  10338
70907.000000  10339
70909.000000  10340
70911.000000  10341
70913.000000  10341
70915.000000  10342
70917.000000  10343
70919.000000  10344
70921.000000  10345
70923.000000  10346
70925.000000  10347
70927.000000  10348
70929.000000  10349
70931.000000  10350
70933.000000  10351
70935.000000  10351
70937.000000  10352
70939.000000  10353
70941.000000  10354
70943.000000  10355
70945.000000  10356
70947.000000  10357
70949.000000  10358
70951.000000  10359
70953.000000  10359
70955.000000  10360
70957.000000  10361
70959.000000  10362
70961.000000  10363
70963.000000  10364
70965.000000  10365
70967.000000  10366
70969.000000  10367
70971.000000  10367
70973.000000  10368
70975.000000  10369
70977.000000  10370
70979.000000  10371
70981.000000  10372
70983.000000  10373
70985.000000  10374
70987.000000  10375
70989.000000  10376
70991.000000  10377
70993.000000  10377
70995.000000  10378
70997.000000  10379
70999.000000  10380
71001.000000  10381
71003.000000  10382
71005.000000  10383
71007.000000  10383
71009.000000  10385
71011.000000  10385
71013.000000  10386
71015.000000  10387
71017.000000  10388
71019.000000  10389
71021.000000  10390
71023.000000  10391
71025.000000  10392
71027.000000  10393
71029.000000  10393
71031.000000  10394
71033.000000  10395
71035.000000  10396
71037.000000  10397
71039.000000  10398
71041.000000  10399
71043.000000  10400
71045.000000  10401
71047.000000  10401
71049.000000  10402
71051.000000  10403
71053.000000  10404
71055.000000  10405
71057.000000  10406
71059.000000  10407
71061.000000  10408
71063.000000  10409
71065.000000  10409
71067.000000  10410
71069.000000  10411
71071.000000  10412
71073.000000  10413
71075.000000  10414
71077.000000  10415
71079.000000  10416
71081.000000  10417
71083.000000  10417
