471912.000000  40
471914.000000  41
471916.000000  42
471918.000000  44
471920.000000  45
471922.000000  46
471924.000000  47
471926.000000  48
471928.000000  50
471930.000000  51
471932.000000  52
471934.000000  53
471936.000000  55
471938.000000  56
471940.000000  57
471942.000000  59
471944.000000  60
471946.000000  61
471948.000000  63
471950.000000  64
471952.000000  65
471954.000000  66
471956.000000  68
471958.000000  69
471960.000000  70
471962.000000  71
471964.000000  73
471966.000000  74
471968.000000  75
471970.000000  77
471972.000000  78
471974.000000  79
471976.000000  81
471978.000000  82
471980.000000  83
471982.000000  85
471984.000000  86
471986.000000  88
471988.000000  89
471990.000000  90
471992.000000  92
471994.000000  93
471996.000000  94
471998.000000  96
472000.000000  97
472002.000000  98
472004.000000  100
472006.000000  101
472008.000000  103
472010.000000  104
472012.000000  105
472014.000000  107
472016.000000  108
472018.000000  109
472020.000000  111
472022.000000  112
472024.000000  114
472026.000000  115
472028.000000  116
472030.000000  118
472032.000000  119
472034.000000  120
472036.000000  122
472038.000000  123
472040.000000  125
472042.000000  126
472044.000000  127
472046.000000  129
472048.000000  130
472050.000000  132
472052.000000  133
472054.000000  134
472056.000000  136
472058.000000  137
472060.000000  139
472062.000000  140
472064.000000  141
472066.000000  143
472068.000000  144
472070.000000  145
472072.000000  147
472074.000000  148
472076.000000  150
472078.000000  151
472080.000000  153
472082.000000  154
472084.000000  155
472086.000000  157
472088.000000  158
472090.000000  160
472092.000000  161
472094.000000  163
472096.000000  164
472098.000000  165
472100.000000  167
472102.000000  168
472104.000000  169
472106.000000  171
472108.000000  172
472110.000000  174
472112.000000  175
472114.000000  177
472116.000000  178
472118.000000  179
472120.000000  181
472122.000000  182
472124.000000  184
472126.000000  185
472128.000000  187
472130.000000  188
472132.000000  189
472134.000000  191
472136.000000  192
472138.000000  193
472140.000000  195
472142.000000  196
472144.000000  198
472146.000000  199
472148.000000  201
472150.000000  202
472152.000000  203
472154.000000  205
472156.000000  206
472158.000000  208
472160.000000  209
472162.000000  211
472164.000000  212
472166.000000  213
472168.000000  215
472170.000000  216
472172.000000  217
472174.000000  219
472176.000000  220
472178.000000  222
472180.000000  223
472182.000000  225
472184.000000  226
472186.000000  227
472188.000000  229
472190.000000  230
472192.000000  232
472194.000000  233
472196.000000  235
472198.000000  236
472200.000000  237
472202.000000  239
472204.000000  240
472206.000000  242
472208.000000  243
472210.000000  245
472212.000000  246
472214.000000  247
472216.000000  249
472218.000000  250
472220.000000  252
472222.000000  253
472224.000000  255
472226.000000  256
472228.000000  257
472230.000000  259
472232.000000  260
472234.000000  262
472236.000000  263
472238.000000  264
472240.000000  266
472242.000000  267
472244.000000  269
472246.000000  270
472248.000000  271
472250.000000  273
472252.000000  274
472254.000000  276
472256.000000  277
472258.000000  279
472260.000000  280
472262.000000  282
472264.000000  283
472266.000000  284
472268.000000  286
472270.000000  287
472272.000000  289
472274.000000  290
472276.000000  291
472278.000000  293
472280.000000  294
472282.000000  296
472284.000000  297
472286.000000  299
472288.000000  300
472290.000000  301
472292.000000  303
472294.000000  304
472296.000000  306
472298.000000  307
472300.000000  309
472302.000000  310
472304.000000  311
472306.000000  313
472308.000000  314
472310.000000  316
472312.000000  317
472314.000000  319
472316.000000  320
472318.000000  321
472320.000000  323
472322.000000  324
472324.000000  326
472326.000000  327
472328.000000  329
472330.000000  330
472332.000000  331
472334.000000  333
472336.000000  334
472338.000000  336
472340.000000  337
472342.000000  339
472344.000000  340
472346.000000  341
0.000000  0
0.000000  0
0.000000  0
0.000000  0
0.000000  0
0.000000  0
0.000000  0
0.000000  0
0.000000  0
0.000000  0
0.000000  0
0.000000  0
0.000000  0
0.000000  0
0.000000  0
0.000000  0
0.000000  0
0.000000  0
0.000000  0
0.000000  0
0.000000  0
0.000000  0
0.000000  0
0.000000  0
0.000000  0
0.000000  0
0.000000  0
0.000000  0
0.000000  0
0.000000  0
0.000000  0
0.000000  0
0.000000  0
0.000000  0
0.000000  0
0.000000  0
0.000000  0
0.000000  0
0.000000  0
0.000000  0
0.000000  0
0.000000  0
0.000000  0
0.000000  0
0.000000  0
0.000000  0
0.000000  0
0.000000  0
0.000000  0
0.000000  0
0.000000  0
0.000000  0
0.000000  0
0.000000  0
0.000000  0
0.000000  0
0.000000  0
0.000000  0
0.000000  0
0.000000  0
0.000000  0
0.000000  0
0.000000  0
0.000000  0
0.000000  0
0.000000  0
0.000000  0
0.000000  0
0.000000  0
0.000000  0
0.000000  0
0.000000  0
0.000000  0
0.000000  0
0.000000  0
0.000000  0
0.000000  0
0.000000  0
0.000000  0
0.000000  0
0.000000  0
0.000000  0
0.000000  0
0.000000  0
0.000000  0
0.000000  0
0.000000  0
0.000000  0
0.000000  0
0.000000  0
0.000000  0
0.000000  0
0.000000  0
0.000000  0
0.000000  0
0.000000  0
0.000000  0
0.000000  0
0.000000  0
0.000000  0
0.000000  0
0.000000  0
0.000000  0
0.000000  0
0.000000  0
0.000000  0
0.000000  0
0.000000  0
0.000000  0
0.000000  0
0.000000  0
0.000000  0
0.000000  0
0.000000  0
0.000000  0
0.000000  0
0.000000  0
0.000000  0
0.000000  0
0.000000  0
0.000000  0
0.000000  0
0.000000  0
0.000000  0
0.000000  0
0.000000  0
0.000000  0
0.000000  0
0.000000  0
0.000000  0
0.000000  0
0.000000  0
0.000000  0
0.000000  0
0.000000  0
0.000000  0
0.000000  0
0.000000  0
0.000000  0
0.000000  0
0.000000  0
0.000000  0
0.000000  0
0.000000  0
0.000000  0
0.000000  0
0.000000  0
0.000000  0
0.000000  0
0.000000  0
0.000000  0
0.000000  0
0.000000  0
0.000000  0
0.000000  0
0.000000  0
0.000000  0
0.000000  0
0.000000  0
0.000000  0
0.000000  0
0.000000  0
0.000000  0
0.000000  0
0.000000  0
0.000000  0
0.000000  0
0.000000  0
0.000000  0
0.000000  0
0.000000  0
0.000000  0
0.000000  0
0.000000  0
0.000000  0
0.000000  0
0.000000  0
0.000000  0
0.000000  0
0.000000  0
0.000000  0
0.000000  0
0.000000  0
0.000000  0
0.000000  0
0.000000  0
0.000000  0
0.000000  0
0.000000  0
0.000000  0
0.000000  0
0.000000  0
0.000000  0
0.000000  0
0.000000  0
0.000000  0
0.000000  0
0.000000  0
0.000000  0
0.000000  0
0.000000  0
0.000000  0
0.000000  0
0.000000  0
0.000000  0
0.000000  0
0.000000  0
0.000000  0
0.000000  0
0.000000  0
0.000000  0
0.000000  0
0.000000  0
0.000000  0
0.000000  0
0.000000  0
0.000000  0
0.000000  0
0.000000  0
0.000000  0
0.000000  0
0.000000  0
0.000000  0
0.000000  0
0.000000  0
0.000000  0
0.000000  0
0.000000  0
0.000000  0
0.000000  0
0.000000  0
0.000000  0
0.000000  0
0.000000  0
0.000000  0
0.000000  0
0.000000  0
0.000000  0
0.000000  0
0.000000  0
0.000000  0
0.000000  0
0.000000  0
0.000000  0
0.000000  0
0.000000  0
0.000000  0
0.000000  0
0.000000  0
0.000000  0
0.000000  0
0.000000  0
0.000000  0
0.000000  0
0.000000  0
0.000000  0
0.000000  0
0.000000  0
0.000000  0
0.000000  0
0.000000  0
0.000000  0
0.000000  0
0.000000  0
0.000000  0
0.000000  0
0.000000  0
0.000000  0
0.000000  0
0.000000  0
0.000000  0
0.000000  0
0.000000  0
0.000000  0
0.000000  0
0.000000  0
0.000000  0
0.000000  0
0.000000  0
0.000000  0
0.000000  0
0.000000  0
0.000000  0
0.000000  0
0.000000  0
0.000000  0
0.000000  0
0.000000  0
0.000000  0
0.000000  0
0.000000  0
0.000000  0
0.000000  0
0.000000  0
0.000000  0
0.000000  0
0.000000  0
0.000000  0
0.000000  0
0.000000  0
0.000000  0
0.000000  0
0.000000  0
0.000000  0
0.000000  0
0.000000  0
0.000000  0
0.000000  0
0.000000  0
0.000000  0
0.000000  0
0.000000  0
0.000000  0
0.000000  0
0.000000  0
0.000000  0
0.000000  0
0.000000  0
0.000000  0
0.000000  0
0.000000  0
0.000000  0
0.000000  0
0.000000  0
0.000000  0
0.000000  0
0.000000  0
0.000000  0
0.000000  0
0.000000  0
0.000000  0
0.000000  0
0.000000  0
0.000000  0
0.000000  0
0.000000  0
0.000000  0
0.000000  0
0.000000  0
0.000000  0
0.000000  0
0.000000  0
0.000000  0
0.000000  0
0.000000  0
0.000000  0
0.000000  0
0.000000  0
0.000000  0
0.000000  0
0.000000  0
0.000000  0
0.000000  0
0.000000  0
0.000000  0
0.000000  0
0.000000  0
0.000000  0
0.000000  0
0.000000  0
0.000000  0
0.000000  0
0.000000  0
0.000000  0
0.000000  0
0.000000  0
0.000000  0
0.000000  0
0.000000  0
0.000000  0
0.000000  0
0.000000  0
0.000000  0
0.000000  0
0.000000  0
0.000000  0
0.000000  0
0.000000  0
0.000000  0
0.000000  0
0.000000  0
0.000000  0
0.000000  0
0.000000  0
0.000000  0
0.000000  0
0.000000  0
0.000000  0
0.000000  0
0.000000  0
0.000000  0
0.000000  0
0.000000  0
0.000000  0
0.000000  0
0.000000  0
0.000000  0
0.000000  0
0.000000  0
0.000000  0
0.000000  0
0.000000  0
0.000000  0
0.000000  0
0.000000  0
0.000000  0
0.000000  0
0.000000  0
0.000000  0
0.000000  0
0.000000  0
0.000000  0
0.000000  0
0.000000  0
0.000000  0
0.000000  0
0.000000  0
0.000000  0
0.000000  0
0.000000  0
0.000000  0
0.000000  0
0.000000  0
0.000000  0
0.000000  0
0.000000  0
0.000000  0
0.000000  0
0.000000  0
0.000000  0
0.000000  0
0.000000  0
0.000000  0
0.000000  0
0.000000  0
0.000000  0
0.000000  0
0.000000  0
0.000000  0
0.000000  0
0.000000  0
0.000000  0
0.000000  0
0.000000  0
0.000000  0
0.000000  0
0.000000  0
0.000000  0
0.000000  0
0.000000  0
0.000000  0
0.000000  0
0.000000  0
0.000000  0
0.000000  0
0.000000  0
0.000000  0
0.000000  0
0.000000  0
0.000000  0
0.000000  0
0.000000  0
0.000000  0
0.000000  0
0.000000  0
0.000000  0
0.000000  0
0.000000  0
0.000000  0
0.000000  0
0.000000  0
0.000000  0
0.000000  0
0.000000  0
0.000000  0
0.000000  0
0.000000  0
0.000000  0
0.000000  0
0.000000  0
0.000000  0
0.000000  0
0.000000  0
0.000000  0
0.000000  0
0.000000  0
0.000000  0
0.000000  0
0.000000  0
0.000000  0
0.000000  0
0.000000  0
0.000000  0
0.000000  0
0.000000  0
0.000000  0
0.000000  0
0.000000  0
0.000000  0
0.000000  0
0.000000  0
0.000000  0
0.000000  0
0.000000  0
0.000000  0
0.000000  0
0.000000  0
0.000000  0
0.000000  0
0.000000  0
0.000000  0
0.000000  0
0.000000  0
0.000000  0
0.000000  0
0.000000  0
0.000000  0
0.000000  0
0.000000  0
0.000000  0
0.000000  0
0.000000  0
0.000000  0
0.000000  0
0.000000  0
0.000000  0
0.000000  0
0.000000  0
0.000000  0
0.000000  0
0.000000  0
0.000000  0
0.000000  0
0.000000  0
0.000000  0
0.000000  0
0.000000  0
0.000000  0
0.000000  0
0.000000  0
0.000000  0
0.000000  0
0.000000  0
0.000000  0
0.000000  0
0.000000  0
0.000000  0
0.000000  0
0.000000  0
0.000000  0
0.000000  0
0.000000  0
0.000000  0
0.000000  0
0.000000  0
0.000000  0
0.000000  0
0.000000  0
0.000000  0
0.000000  0
0.000000  0
0.000000  0
0.000000  0
0.000000  0
0.000000  0
0.000000  0
0.000000  0
0.000000  0
0.000000  0
0.000000  0
0.000000  0
0.000000  0
0.000000  0
0.000000  0
0.000000  0
0.000000  0
0.000000  0
0.000000  0
0.000000  0
0.000000  0
0.000000  0
0.000000  0
0.000000  0
0.000000  0
0.000000  0
0.000000  0
0.000000  0
0.000000  0
0.000000  0
0.000000  0
0.000000  0
0.000000  0
0.000000  0
0.000000  0
0.000000  0
0.000000  0
0.000000  0
0.000000  0
0.000000  0
0.000000  0
0.000000  0
0.000000  0
0.000000  0
0.000000  0
0.000000  0
0.000000  0
0.000000  0
0.000000  0
0.000000  0
0.000000  0
0.000000  0
0.000000  0
0.000000  0
0.000000  0
0.000000  0
0.000000  0
0.000000  0
0.000000  0
0.000000  0
0.000000  0
0.000000  0
0.000000  0
0.000000  0
0.000000  0
0.000000  0
0.000000  0
0.000000  0
0.000000  0
0.000000  0
0.000000  0
0.000000  0
0.000000  0
0.000000  0
0.000000  0
0.000000  0
0.000000  0
0.000000  0
0.000000  0
0.000000  0
0.000000  0
0.000000  0
0.000000  0
0.000000  0
0.000000  0
0.000000  0
0.000000  0
0.000000  0
0.000000  0
0.000000  0
0.000000  0
0.000000  0
0.000000  0
0.000000  0
0.000000  0
0.000000  0
0.000000  0
0.000000  0
0.000000  0
0.000000  0
0.000000  0
0.000000  0
0.000000  0
0.000000  0
0.000000  0
0.000000  0
0.000000  0
0.000000  0
0.000000  0
0.000000  0
0.000000  0
0.000000  0
0.000000  0
0.000000  0
0.000000  0
0.000000  0
0.000000  0
0.000000  0
0.000000  0
0.000000  0
0.000000  0
0.000000  0
0.000000  0
0.000000  0
0.000000  0
0.000000  0
0.000000  0
0.000000  0
0.000000  0
0.000000  0
0.000000  0
0.000000  0
0.000000  0
0.000000  0
0.000000  0
0.000000  0
0.000000  0
0.000000  0
0.000000  0
0.000000  0
0.000000  0
0.000000  0
0.000000  0
0.000000  0
0.000000  0
0.000000  0
0.000000  0
0.000000  0
0.000000  0
0.000000  0
0.000000  0
0.000000  0
0.000000  0
0.000000  0
0.000000  0
0.000000  0
0.000000  0
0.000000  0
0.000000  0
0.000000  0
0.000000  0
0.000000  0
0.000000  0
0.000000  0
0.000000  0
0.000000  0
0.000000  0
0.000000  0
0.000000  0
0.000000  0
0.000000  0
0.000000  0
0.000000  0
0.000000  0
0.000000  0
0.000000  0
0.000000  0
0.000000  0
0.000000  0
0.000000  0
0.000000  0
0.000000  0
0.000000  0
0.000000  0
0.000000  0
0.000000  0
0.000000  0
0.000000  0
0.000000  0
0.000000  0
0.000000  0
0.000000  0
0.000000  0
0.000000  0
0.000000  0
0.000000  0
0.000000  0
0.000000  0
0.000000  0
0.000000  0
0.000000  0
0.000000  0
0.000000  0
0.000000  0
0.000000  0
0.000000  0
0.000000  0
0.000000  0
0.000000  0
0.000000  0
0.000000  0
0.000000  0
0.000000  0
0.000000  0
0.000000  0
0.000000  0
0.000000  0
0.000000  0
0.000000  0
0.000000  0
0.000000  0
0.000000  0
0.000000  0
0.000000  0
0.000000  0
0.000000  0
0.000000  0
0.000000  0
0.000000  0
0.000000  0
0.000000  0
0.000000  0
0.000000  0
0.000000  0
0.000000  0
0.000000  0
0.000000  0
0.000000  0
0.000000  0
0.000000  0
0.000000  0
0.000000  0
0.000000  0
0.000000  0
0.000000  0
0.000000  0
0.000000  0
0.000000  0
0.000000  0
0.000000  0
0.000000  0
0.000000  0
0.000000  0
0.000000  0
0.000000  0
0.000000  0
0.000000  0
0.000000  0
0.000000  0
0.000000  0
0.000000  0
0.000000  0
0.000000  0
0.000000  0
0.000000  0
0.000000  0
0.000000  0
0.000000  0
0.000000  0
0.000000  0
0.000000  0
0.000000  0
0.000000  0
0.000000  0
0.000000  0
0.000000  0
0.000000  0
0.000000  0
0.000000  0
0.000000  0
0.000000  0
0.000000  0
0.000000  0
0.000000  0
0.000000  0
0.000000  0
0.000000  0
0.000000  0
0.000000  0
0.000000  0
0.000000  0
0.000000  0
0.000000  0
0.000000  0
0.000000  0
0.000000  0
0.000000  0
0.000000  0
0.000000  0
0.000000  0
0.000000  0
0.000000  0
0.000000  0
0.000000  0
0.000000  0
0.000000  0
0.000000  0
0.000000  0
0.000000  0
0.000000  0
0.000000  0
0.000000  0
0.000000  0
0.000000  0
0.000000  0
0.000000  0
0.000000  0
0.000000  0
0.000000  0
0.000000  0
0.000000  0
0.000000  0
0.000000  0
0.000000  0
0.000000  0
0.000000  0
0.000000  0
0.000000  0
0.000000  0
0.000000  0
0.000000  0
0.000000  0
0.000000  0
0.000000  0
0.000000  0
0.000000  0
0.000000  0
0.000000  0
0.000000  0
0.000000  0
0.000000  0
0.000000  0
0.000000  0
0.000000  0
0.000000  0
0.000000  0
0.000000  0
0.000000  0
0.000000  0
0.000000  0
0.000000  0
0.000000  0
0.000000  0
0.000000  0
0.000000  0
0.000000  0
0.000000  0
0.000000  0
0.000000  0
0.000000  0
0.000000  0
0.000000  0
0.000000  0
0.000000  0
0.000000  0
0.000000  0
0.000000  0
0.000000  0
0.000000  0
0.000000  0
0.000000  0
0.000000  0
0.000000  0
0.000000  0
0.000000  0
0.000000  0
0.000000  0
0.000000  0
0.000000  0
0.000000  0
0.000000  0
0.000000  0
0.000000  0
0.000000  0
0.000000  0
0.000000  0
0.000000  0
0.000000  0
0.000000  0
0.000000  0
0.000000  0
0.000000  0
0.000000  0
0.000000  0
0.000000  0
0.000000  0
0.000000  0
0.000000  0
0.000000  0
0.000000  0
0.000000  0
0.000000  0
0.000000  0
0.000000  0
0.000000  0
0.000000  0
0.000000  0
0.000000  0
0.000000  0
0.000000  0
0.000000  0
0.000000  0
0.000000  0
0.000000  0
0.000000  0
0.000000  0
0.000000  0
0.000000  0
0.000000  0
0.000000  0
0.000000  0
0.000000  0
0.000000  0
0.000000  0
0.000000  0
0.000000  0
0.000000  0
0.000000  0
0.000000  0
0.000000  0
0.000000  0
0.000000  0
0.000000  0
0.000000  0
0.000000  0
0.000000  0
0.000000  0
0.000000  0
0.000000  0
0.000000  0
0.000000  0
98545.000000  23603
98547.000000  23604
98547.000000  23604
98547.000000  23604
98547.000000  23604
98547.000000  23604
101721.000000  23728
101723.000000  23728
101725.000000  23729
101727.000000  23729
101729.000000  23730
101731.000000  23730
101733.000000  23731
101735.000000  23731
101737.000000  23732
101739.000000  23733
101741.000000  23734
101743.000000  23734
101745.000000  23735
101747.000000  23736
101749.000000  23737
101751.000000  23738
101753.000000  23739
101755.000000  23739
101757.000000  23741
101759.000000  23741
101761.000000  23742
101763.000000  23743
101765.000000  23744
101767.000000  23745
101769.000000  23747
101771.000000  23747
101773.000000  23749
101775.000000  23750
101777.000000  23751
101779.000000  23752
101781.000000  23753
101783.000000  23754
101785.000000  23755
101787.000000  23756
101789.000000  23758
101791.000000  23759
101793.000000  23760
101795.000000  23761
101797.000000  23762
101799.000000  23764
101801.000000  23765
101803.000000  23766
101805.000000  23767
101807.000000  23769
101809.000000  23770
101811.000000  23771
101813.000000  23773
101815.000000  23774
101817.000000  23775
101819.000000  23776
101821.000000  23778
101823.000000  23779
101825.000000  23780
101827.000000  23781
101829.000000  23783
101831.000000  23784
101833.000000  23786
101835.000000  23787
101837.000000  23788
101839.000000  23790
101841.000000  23791
101843.000000  23792
101845.000000  23794
101847.000000  23795
101849.000000  23797
101851.000000  23798
101853.000000  23799
101855.000000  23801
101857.000000  23802
101859.000000  23803
101861.000000  23805
101863.000000  23806
101865.000000  23808
101867.000000  23809
101869.000000  23810
101871.000000  23812
101873.000000  23813
101875.000000  23815
101877.000000  23816
101879.000000  23817
101881.000000  23819
101883.000000  23820
101885.000000  23822
101887.000000  23823
101889.000000  23825
101891.000000  23826
101893.000000  23827
101895.000000  23829
101897.000000  23830
101899.000000  23832
101901.000000  23833
101903.000000  23835
101905.000000  23836
101907.000000  23838
101909.000000  23839
101911.000000  23841
101913.000000  23842
101915.000000  23843
101917.000000  23845
101919.000000  23846
101921.000000  23848
101923.000000  23849
101925.000000  23851
101927.000000  23852
101929.000000  23853
101931.000000  23855
101933.000000  23857
101935.000000  23858
101937.000000  23859
101939.000000  23861
101941.000000  23862
101943.000000  23864
101945.000000  23865
101947.000000  23867
101949.000000  23868
101951.000000  23870
101953.000000  23871
101955.000000  23873
101957.000000  23874
101959.000000  23875
101961.000000  23877
101963.000000  23879
101965.000000  23880
101967.000000  23881
101969.000000  23883
101971.000000  23884
101973.000000  23886
101975.000000  23887
101977.000000  23889
101979.000000  23890
101981.000000  23892
101983.000000  23893
101985.000000  23895
101987.000000  23896
101989.000000  23898
101991.000000  23899
101993.000000  23901
101995.000000  23902
101997.000000  23904
101999.000000  23905
102001.000000  23907
102003.000000  23908
102005.000000  23910
102007.000000  23911
102009.000000  23913
102011.000000  23914
102013.000000  23915
102015.000000  23917
102017.000000  23918
102019.000000  23920
102021.000000  23921
102023.000000  23923
102025.000000  23924
102027.000000  23926
102029.000000  23927
102031.000000  23929
102033.000000  23930
102035.000000  23932
102037.000000  23933
102039.000000  23935
102041.000000  23936
102043.000000  23938
102045.000000  23939
102047.000000  23941
102049.000000  23942
102051.000000  23944
102053.000000  23945
102055.000000  23947
102057.000000  23948
102059.000000  23950
102061.000000  23951
102063.000000  23953
102065.000000  23954
102067.000000  23956
102069.000000  23957
102071.000000  23959
102073.000000  23960
102075.000000  23962
102077.000000  23963
102079.000000  23965
102081.000000  23966
102083.000000  23967
102085.000000  23969
102087.000000  23971
102089.000000  23972
102091.000000  23973
102093.000000  23975
102095.000000  23977
102097.000000  23978
102099.000000  23979
102101.000000  23981
102103.000000  23983
102105.000000  23984
102107.000000  23985
102109.000000  23987
102111.000000  23989
102113.000000  23990
102115.000000  23991
102117.000000  23993
102119.000000  23994
102121.000000  23996
102123.000000  23997
102125.000000  23999
102127.000000  24000
102129.000000  24002
102131.000000  24003
102133.000000  24005
102135.000000  24006
102137.000000  24008
102139.000000  24009
102141.000000  24011
102143.000000  24012
102145.000000  24014
102147.000000  24015
102149.000000  24017
102151.000000  24018
102153.000000  24020
102155.000000  24021
102157.000000  24023
102159.000000  24024
102161.000000  24026
102163.000000  24027
102165.000000  24029
102167.000000  24030
102169.000000  24032
102171.000000  24033
102173.000000  24035
102175.000000  24036
102177.000000  24038
102179.000000  24039
102181.000000  24041
102183.000000  24042
102185.000000  24044
102187.000000  24045
102189.000000  24047
102191.000000  24048
102193.000000  24050
102195.000000  24051
102197.000000  24053
102199.000000  24054
102201.000000  24056
102203.000000  24057
102205.000000  24059
102207.000000  24060
102209.000000  24062
102211.000000  24063
102213.000000  24065
102215.000000  24066
102217.000000  24068
102219.000000  24069
102221.000000  24071
102223.000000  24072
102225.000000  24074
102227.000000  24075
102229.000000  24077
102231.000000  24078
102233.000000  24080
102235.000000  24081
102237.000000  24083
102239.000000  24084
102241.000000  24086
102243.000000  24087
102245.000000  24089
102247.000000  24090
102249.000000  24091
102251.000000  24093
102253.000000  24095
102255.000000  24096
102257.000000  24098
102259.000000  24099
102261.000000  24101
102263.000000  24102
102265.000000  24104
102267.000000  24105
102269.000000  24107
102271.000000  24108
102273.000000  24109
102275.000000  24111
102277.000000  24113
102279.000000  24114
102281.000000  24115
102283.000000  24117
102285.000000  24119
102287.000000  24120
102289.000000  24121
102291.000000  24123
102293.000000  24125
102295.000000  24126
102297.000000  24127
102299.000000  24129
102301.000000  24131
102303.000000  24132
102305.000000  24133
102307.000000  24135
102309.000000  24137
102311.000000  24138
102313.000000  24139
102315.000000  24141
102317.000000  24143
102319.000000  24144
102321.000000  24145
102323.000000  24147
102325.000000  24149
102327.000000  24150
102329.000000  24151
102331.000000  24153
102333.000000  24155
102335.000000  24156
102337.000000  24157
102339.000000  24159
102341.000000  24160
102343.000000  24162
102345.000000  24163
102347.000000  24165
102349.000000  24166
102351.000000  24168
102353.000000  24169
102355.000000  24171
102357.000000  24173
102359.000000  24174
102361.000000  24175
102363.000000  24177
102365.000000  24179
102367.000000  24180
102369.000000  24181
102371.000000  24183
102373.000000  24184
102375.000000  24186
102377.000000  24187
102379.000000  24189
102381.000000  24190
102383.000000  24192
102385.000000  24193
102387.000000  24195
102389.000000  24196
102391.000000  24198
102393.000000  24199
102395.000000  24201
102397.000000  24202
102399.000000  24204
102401.000000  24205
102403.000000  24207
102405.000000  24208
102407.000000  24210
102409.000000  24211
102411.000000  24213
102413.000000  24214
102415.000000  24216
102417.000000  24217
102419.000000  24219
102421.000000  24220
102423.000000  24222
102425.000000  24223
102427.000000  24225
102429.000000  24226
102431.000000  24228
102433.000000  24229
102435.000000  24231
102437.000000  24232
102439.000000  24234
102441.000000  24235
102443.000000  24237
102445.000000  24238
102447.000000  24240
102449.000000  24241
102451.000000  24243
102453.000000  24244
102455.000000  24246
102457.000000  24247
102459.000000  24249
102461.000000  24250
102463.000000  24252
102465.000000  24253
102467.000000  24255
102469.000000  24256
102471.000000  24258
102473.000000  24259
102475.000000  24261
102477.000000  24262
102479.000000  24264
102481.000000  24265
102483.000000  24267
102485.000000  24268
102487.000000  24270
102489.000000  24271
102491.000000  24273
102493.000000  24274
102495.000000  24276
102497.000000  24277
102499.000000  24279
102501.000000  24280
102503.000000  24282
102505.000000  24283
102507.000000  24285
102509.000000  24286
102511.000000  24288
102513.000000  24289
102515.000000  24291
102517.000000  24292
102519.000000  24294
102521.000000  24295
102523.000000  24297
102525.000000  24298
102527.000000  24300
102529.000000  24301
102531.000000  24303
102533.000000  24304
102535.000000  24305
102537.000000  24307
102539.000000  24309
102541.000000  24310
102543.000000  24311
102545.000000  24313
102547.000000  24315
102549.000000  24316
102551.000000  24318
102553.000000  24319
102555.000000  24321
102557.000000  24322
102559.000000  24324
102561.000000  24325
102563.000000  24327
102565.000000  24328
102567.000000  24329
102569.000000  24331
102571.000000  24333
102573.000000  24334
102575.000000  24335
102577.000000  24337
102579.000000  24339
102581.000000  24340
102583.000000  24341
102585.000000  24343
102587.000000  24345
102589.000000  24346
102591.000000  24347
102593.000000  24349
102595.000000  24351
102597.000000  24352
102599.000000  24353
102601.000000  24355
102603.000000  24356
102605.000000  24358
102607.000000  24359
102609.000000  24361
102611.000000  24363
102613.000000  24364
102615.000000  24365
102617.000000  24367
102619.000000  24369
102621.000000  24370
102623.000000  24371
102625.000000  24373
102627.000000  24374
102629.000000  24376
102631.000000  24377
102633.000000  24379
102635.000000  24380
102637.000000  24382
102639.000000  24383
102641.000000  24385
102643.000000  24386
102645.000000  24388
102647.000000  24389
102649.000000  24391
102651.000000  24392
102653.000000  24394
102655.000000  24395
102657.000000  24397
102659.000000  24398
102661.000000  24400
102663.000000  24401
102665.000000  24403
102667.000000  24404
102669.000000  24406
102671.000000  24407
102673.000000  24409
102675.000000  24410
102677.000000  24412
102679.000000  24413
102681.000000  24415
102683.000000  24416
102685.000000  24418
102687.000000  24419
102689.000000  24421
102691.000000  24422
102693.000000  24424
102695.000000  24425
102697.000000  24427
102699.000000  24428
102701.000000  24430
102703.000000  24431
102705.000000  24433
102707.000000  24434
102709.000000  24436
102711.000000  24437
102713.000000  24439
102715.000000  24440
102717.000000  24442
102719.000000  24443
102721.000000  24445
102723.000000  24446
102725.000000  24448
102727.000000  24449
102729.000000  24451
102731.000000  24452
102733.000000  24454
102735.000000  24455
102737.000000  24457
102739.000000  24458
102741.000000  24460
102743.000000  24461
102745.000000  24463
102747.000000  24464
102749.000000  24466
102751.000000  24467
102753.000000  24469
102755.000000  24470
102757.000000  24472
102759.000000  24473
102761.000000  24475
102763.000000  24476
102765.000000  24478
102767.000000  24479
102769.000000  24481
102771.000000  24482
102773.000000  24484
102775.000000  24485
102777.000000  24487
102779.000000  24488
102781.000000  24490
102783.000000  24491
102785.000000  24493
102787.000000  24494
102789.000000  24496
102791.000000  24497
102793.000000  24499
102795.000000  24500
102797.000000  24502
102799.000000  24503
102801.000000  24505
102803.000000  24506
102805.000000  24508
102807.000000  24509
102809.000000  24511
102811.000000  24512
102813.000000  24514
102815.000000  24515
102817.000000  24517
102819.000000  24518
102821.000000  24520
102823.000000  24521
102825.000000  24523
102827.000000  24524
102829.000000  24526
102831.000000  24527
102833.000000  24529
102835.000000  24530
102837.000000  24532
102839.000000  24533
102841.000000  24535
102843.000000  24536
102845.000000  24538
102847.000000  24539
102849.000000  24541
102851.000000  24542
102853.000000  24544
102855.000000  24545
102857.000000  24547
102859.000000  24548
102861.000000  24550
102863.000000  24551
102865.000000  24553
102867.000000  24554
102869.000000  24556
102871.000000  24557
102873.000000  24559
102875.000000  24560
102877.000000  24562
102879.000000  24563
102881.000000  24565
102883.000000  24566
102885.000000  24568
102887.000000  24569
102889.000000  24571
102891.000000  24572
102893.000000  24574
102895.000000  24575
102897.000000  24577
102899.000000  24578
102901.000000  24580
102903.000000  24581
102905.000000  24583
102907.000000  24584
102909.000000  24586
102911.000000  24587
102913.000000  24589
102915.000000  24590
102917.000000  24592
102919.000000  24593
102921.000000  24595
102923.000000  24596
102925.000000  24598
102927.000000  24599
102929.000000  24601
102931.000000  24602
102933.000000  24604
102935.000000  24605
102937.000000  24607
102939.000000  24608
102941.000000  24610
102943.000000  24611
102945.000000  24613
102947.000000  24614
102949.000000  24616
102951.000000  24617
102953.000000  24619
102955.000000  24620
102957.000000  24622
102959.000000  24623
102961.000000  24625
102963.000000  24626
102965.000000  24628
102967.000000  24629
102969.000000  24631
102971.000000  24632
102973.000000  24634
102975.000000  24635
102977.000000  24637
102979.000000  24638
102981.000000  24640
102983.000000  24641
102985.000000  24643
102987.000000  24644
102989.000000  24645
102991.000000  24647
102993.000000  24649
102995.000000  24650
102997.000000  24652
102999.000000  24653
103001.000000  24655
103003.000000  24656
103005.000000  24658
103007.000000  24659
103009.000000  24661
103011.000000  24662
103013.000000  24663
103015.000000  24665
103017.000000  24667
103019.000000  24668
103021.000000  24669
103023.000000  24671
103025.000000  24673
103027.000000  24674
103029.000000  24676
103031.000000  24677
103033.000000  24679
103035.000000  24680
103037.000000  24682
103039.000000  24683
103041.000000  24685
103043.000000  24686
103045.000000  24687
103047.000000  24689
103049.000000  24691
103051.000000  24692
103053.000000  24693
103055.000000  24695
103057.000000  24697
103059.000000  24698
103061.000000  24700
103063.000000  24701
103065.000000  24703
103067.000000  24704
103069.000000  24706
103071.000000  24707
103073.000000  24709
103075.000000  24710
103077.000000  24711
103079.000000  24713
103081.000000  24715
103083.000000  24716
103085.000000  24717
103087.000000  24719
103089.000000  24721
103091.000000  24722
103093.000000  24723
103095.000000  24725
103097.000000  24727
103099.000000  24728
103101.000000  24729
103103.000000  24731
103105.000000  24733
103107.000000  24734
103109.000000  24735
103111.000000  24737
103113.000000  24738
103115.000000  24740
103117.000000  24741
103119.000000  24743
103121.000000  24745
103123.000000  24746
103125.000000  24747
103127.000000  24749
103129.000000  24751
103131.000000  24752
103133.000000  24753
103135.000000  24755
103137.000000  24757
103139.000000  24758
103141.000000  24759
103143.000000  24761
103145.000000  24762
103147.000000  24764
103149.000000  24765
103151.000000  24767
103153.000000  24768
103155.000000  24770
103157.000000  24771
103159.000000  24773
103161.000000  24775
103163.000000  24776
103165.000000  24777
103167.000000  24779
103169.000000  24781
103171.000000  24782
103173.000000  24783
103175.000000  24785
103177.000000  24786
103179.000000  24788
103181.000000  24789
103183.000000  24791
103185.000000  24792
103187.000000  24794
103189.000000  24795
103191.000000  24797
103193.000000  24799
103195.000000  24800
103197.000000  24801
103199.000000  24803
103201.000000  24804
103203.000000  24806
103205.000000  24807
103207.000000  24809
103209.000000  24810
103211.000000  24812
103213.000000  24813
103215.000000  24815
103217.000000  24816
103219.000000  24818
103221.000000  24819
103223.000000  24821
103225.000000  24822
103227.000000  24824
103229.000000  24825
103231.000000  24827
103233.000000  24828
103235.000000  24830
103237.000000  24831
103239.000000  24833
103241.000000  24834
103243.000000  24836
103245.000000  24837
103247.000000  24839
103249.000000  24840
103251.000000  24842
103253.000000  24843
103255.000000  24845
103257.000000  24846
103259.000000  24848
103261.000000  24849
103263.000000  24851
103265.000000  24852
103267.000000  24854
103269.000000  24855
103271.000000  24857
103273.000000  24858
103275.000000  24860
103277.000000  24861
103279.000000  24863
103281.000000  24864
103283.000000  24866
103285.000000  24867
103287.000000  24869
103289.000000  24870
103291.000000  24872
103293.000000  24873
103295.000000  24875
103297.000000  24876
103299.000000  24878
103301.000000  24879
103303.000000  24881
103305.000000  24882
103307.000000  24884
103309.000000  24885
103311.000000  24887
103313.000000  24888
103315.000000  24890
103317.000000  24891
103319.000000  24893
103321.000000  24894
103323.000000  24896
103325.000000  24897
103327.000000  24899
103329.000000  24900
103331.000000  24902
103333.000000  24903
103335.000000  24905
103337.000000  24906
103339.000000  24908
103341.000000  24909
103343.000000  24911
103345.000000  24912
103347.000000  24914
103349.000000  24915
103351.000000  24917
103353.000000  24918
103355.000000  24920
103357.000000  24921
103359.000000  24923
103361.000000  24924
103363.000000  24926
103365.000000  24927
103367.000000  24929
103369.000000  24930
103371.000000  24932
103373.000000  24933
103375.000000  24935
103377.000000  24936
103379.000000  24938
103381.000000  24939
103383.000000  24941
103385.000000  24942
103387.000000  24944
103389.000000  24945
103391.000000  24947
103393.000000  24948
103395.000000  24950
103397.000000  24951
103399.000000  24953
103401.000000  24954
103403.000000  24956
103405.000000  24957
103407.000000  24959
103409.000000  24960
103411.000000  24962
103413.000000  24963
103415.000000  24965
103417.000000  24966
103419.000000  24968
103421.000000  24969
103423.000000  24971
103425.000000  24972
103427.000000  24974
103429.000000  24975
103431.000000  24977
103433.000000  24978
103435.000000  24980
103437.000000  24981
103439.000000  24983
103441.000000  24984
103443.000000  24986
103445.000000  24987
103447.000000  24989
103449.000000  24990
103451.000000  24992
103453.000000  24993
103455.000000  24995
103457.000000  24996
103459.000000  24998
103461.000000  24999
103463.000000  25001
103465.000000  25002
103467.000000  25004
103469.000000  25005
103471.000000  25007
103473.000000  25008
103475.000000  25010
103477.000000  25011
103479.000000  25013
103481.000000  25014
103483.000000  25016
103485.000000  25017
103487.000000  25019
103489.000000  25020
103491.000000  25022
103493.000000  25023
103495.000000  25025
103497.000000  25026
103499.000000  25028
103501.000000  25029
103503.000000  25031
103505.000000  25032
103507.000000  25034
103509.000000  25035
103511.000000  25037
103513.000000  25038
103515.000000  25040
103517.000000  25041
103519.000000  25043
103521.000000  25044
103523.000000  25046
103525.000000  25047
103527.000000  25049
103529.000000  25050
103531.000000  25052
103533.000000  25053
103535.000000  25055
103537.000000  25056
103539.000000  25058
103541.000000  25059
103543.000000  25061
103545.000000  25062
103547.000000  25064
103549.000000  25065
103551.000000  25067
103553.000000  25068
103555.000000  25070
103557.000000  25071
103559.000000  25073
103561.000000  25074
103563.000000  25076
103565.000000  25077
103567.000000  25079
103569.000000  25080
103571.000000  25082
103573.000000  25083
103575.000000  25085
103577.000000  25086
103579.000000  25088
103581.000000  25089
103583.000000  25091
103585.000000  25092
103587.000000  25094
103589.000000  25095
103591.000000  25097
103593.000000  25098
103595.000000  25100
103597.000000  25101
103599.000000  25103
103601.000000  25104
103603.000000  25106
103605.000000  25107
103607.000000  25109
103609.000000  25110
103611.000000  25112
103613.000000  25113
103615.000000  25115
103617.000000  25116
103619.000000  25118
103621.000000  25119
103623.000000  25121
103625.000000  25122
103627.000000  25124
103629.000000  25125
103631.000000  25127
103633.000000  25128
103635.000000  25130
103637.000000  25131
103639.000000  25133
103641.000000  25134
103643.000000  25136
103645.000000  25137
103647.000000  25139
103649.000000  25140
103651.000000  25142
103653.000000  25143
103655.000000  25145
103657.000000  25146
103659.000000  25148
103661.000000  25149
103663.000000  25151
103665.000000  25152
103667.000000  25154
103669.000000  25155
103671.000000  25157
103673.000000  25158
103675.000000  25160
103677.000000  25161
103679.000000  25163
103681.000000  25164
103683.000000  25166
103685.000000  25167
103687.000000  25169
103689.000000  25170
103691.000000  25172
103693.000000  25173
103695.000000  25175
103697.000000  25176
103699.000000  25178
103701.000000  25179
103703.000000  25181
103705.000000  25182
103707.000000  25184
103709.000000  25185
103711.000000  25187
103713.000000  25188
103715.000000  25190
103717.000000  25191
103719.000000  25193
103721.000000  25194
103723.000000  25196
103725.000000  25197
103727.000000  25199
103729.000000  25200
103731.000000  25202
103733.000000  25203
103735.000000  25205
103737.000000  25206
103739.000000  25208
103741.000000  25209
103743.000000  25211
103745.000000  25212
103747.000000  25214
103749.000000  25215
103751.000000  25217
103753.000000  25218
103755.000000  25220
103757.000000  25221
103759.000000  25223
103761.000000  25224
103763.000000  25226
103765.000000  25227
103767.000000  25229
103769.000000  25230
103771.000000  25232
103773.000000  25233
103775.000000  25235
103777.000000  25236
103779.000000  25238
103781.000000  25239
103783.000000  25241
103785.000000  25242
103787.000000  25244
103789.000000  25245
103791.000000  25247
103793.000000  25248
103795.000000  25250
103797.000000  25251
103799.000000  25253
103801.000000  25254
103803.000000  25256
103805.000000  25257
103807.000000  25259
103809.000000  25260
103811.000000  25262
103813.000000  25263
103815.000000  25265
103817.000000  25266
103819.000000  25268
103821.000000  25269
103823.000000  25271
103825.000000  25272
103827.000000  25274
103829.000000  25275
103831.000000  25277
103833.000000  25278
103835.000000  25280
103837.000000  25281
103839.000000  25283
103841.000000  25284
103843.000000  25286
103845.000000  25287
103847.000000  25289
103849.000000  25290
103851.000000  25292
103853.000000  25293
103855.000000  25295
103857.000000  25296
103859.000000  25298
103861.000000  25299
103863.000000  25301
103865.000000  25302
103867.000000  25304
103869.000000  25305
103871.000000  25307
103873.000000  25308
103875.000000  25310
103877.000000  25311
103879.000000  25313
103881.000000  25314
103883.000000  25316
103885.000000  25317
103887.000000  25319
103889.000000  25320
103891.000000  25322
103893.000000  25323
103895.000000  25325
103897.000000  25326
103899.000000  25328
103901.000000  25329
103903.000000  25331
103905.000000  25332
103907.000000  25334
103909.000000  25335
103911.000000  25337
103913.000000  25338
103915.000000  25340
103917.000000  25341
103919.000000  25343
103921.000000  25344
103923.000000  25346
103925.000000  25347
103927.000000  25349
103929.000000  25350
103931.000000  25352
103933.000000  25353
103935.000000  25355
103937.000000  25356
103939.000000  25358
103941.000000  25359
103943.000000  25361
103945.000000  25362
103947.000000  25364
103949.000000  25365
103951.000000  25367
103953.000000  25368
103955.000000  25370
103957.000000  25371
103959.000000  25373
103961.000000  25374
103963.000000  25376
103965.000000  25377
103967.000000  25379
103969.000000  25380
103971.000000  25382
103973.000000  25383
103975.000000  25385
103977.000000  25386
103979.000000  25388
103981.000000  25389
103983.000000  25391
103985.000000  25392
103987.000000  25394
103989.000000  25395
103991.000000  25397
103993.000000  25398
103995.000000  25400
103997.000000  25401
103999.000000  25403
104001.000000  25404
104003.000000  25406
104005.000000  25407
104007.000000  25409
104009.000000  25410
104011.000000  25412
104013.000000  25413
104015.000000  25415
104017.000000  25416
104019.000000  25418
104021.000000  25419
104023.000000  25421
104025.000000  25422
104027.000000  25424
104029.000000  25425
104031.000000  25427
104033.000000  25428
104035.000000  25430
104037.000000  25431
104039.000000  25433
104041.000000  25434
104043.000000  25436
104045.000000  25437
104047.000000  25439
104049.000000  25440
104051.000000  25442
104053.000000  25443
104055.000000  25445
104057.000000  25446
104059.000000  25448
104061.000000  25449
104063.000000  25451
104065.000000  25452
104067.000000  25454
104069.000000  25455
104071.000000  25457
104073.000000  25458
104075.000000  25460
104077.000000  25461
104079.000000  25463
104081.000000  25464
104083.000000  25466
104085.000000  25467
104087.000000  25469
104089.000000  25470
104091.000000  25472
104093.000000  25473
104095.000000  25475
104097.000000  25476
104099.000000  25478
104101.000000  25479
104103.000000  25481
104105.000000  25482
104107.000000  25484
104109.000000  25485
104111.000000  25487
104113.000000  25488
104115.000000  25490
104117.000000  25491
104119.000000  25493
104121.000000  25494
104123.000000  25496
104125.000000  25497
104127.000000  25499
104129.000000  25500
104131.000000  25502
104133.000000  25503
104135.000000  25505
104137.000000  25506
104139.000000  25508
104141.000000  25509
104143.000000  25511
104145.000000  25512
104147.000000  25514
104149.000000  25515
104151.000000  25517
104153.000000  25518
104155.000000  25520
104157.000000  25521
104159.000000  25523
104161.000000  25524
104163.000000  25526
104165.000000  25527
104167.000000  25529
104169.000000  25530
104171.000000  25532
104173.000000  25533
104175.000000  25535
104177.000000  25536
104179.000000  25538
104181.000000  25539
104183.000000  25541
104185.000000  25542
104187.000000  25544
104189.000000  25545
104191.000000  25547
104193.000000  25548
104195.000000  25550
104197.000000  25551
104199.000000  25553
104201.000000  25554
104203.000000  25556
104205.000000  25557
104207.000000  25559
104209.000000  25560
104211.000000  25562
104213.000000  25563
104215.000000  25565
104217.000000  25566
104219.000000  25568
104221.000000  25569
104223.000000  25571
104225.000000  25572
104227.000000  25574
104229.000000  25575
104231.000000  25577
104233.000000  25578
104235.000000  25580
104237.000000  25581
104239.000000  25583
104241.000000  25584
104243.000000  25586
104245.000000  25587
104247.000000  25589
104249.000000  25590
104251.000000  25592
104253.000000  25593
104255.000000  25595
104257.000000  25596
104259.000000  25598
104261.000000  25599
104263.000000  25601
104265.000000  25602
104267.000000  25604
104269.000000  25605
104271.000000  25607
104273.000000  25608
104275.000000  25610
104277.000000  25611
104279.000000  25613
104281.000000  25614
104283.000000  25616
104285.000000  25617
104287.000000  25619
104289.000000  25620
104291.000000  25622
104293.000000  25623
104295.000000  25625
104297.000000  25626
104299.000000  25628
104301.000000  25629
104303.000000  25631
104305.000000  25632
104307.000000  25634
104309.000000  25635
104311.000000  25637
104313.000000  25638
104315.000000  25640
104317.000000  25641
104319.000000  25643
104321.000000  25644
104323.000000  25646
104325.000000  25647
104327.000000  25649
104329.000000  25650
104331.000000  25652
104333.000000  25653
104335.000000  25655
104337.000000  25656
104339.000000  25658
104341.000000  25659
104343.000000  25661
104345.000000  25662
104347.000000  25664
104349.000000  25665
104351.000000  25667
104353.000000  25668
104355.000000  25670
104357.000000  25671
104359.000000  25673
104361.000000  25674
104363.000000  25676
104365.000000  25677
104367.000000  25679
104369.000000  25680
104371.000000  25682
104373.000000  25683
104375.000000  25685
104377.000000  25686
104379.000000  25688
104381.000000  25689
104383.000000  25691
104385.000000  25692
104387.000000  25694
104389.000000  25695
104391.000000  25697
104393.000000  25698
104395.000000  25700
104397.000000  25701
104399.000000  25703
104401.000000  25704
104403.000000  25706
104405.000000  25707
104407.000000  25709
104409.000000  25710
104411.000000  25712
104413.000000  25713
104415.000000  25715
104417.000000  25716
104419.000000  25718
104421.000000  25719
104423.000000  25721
104425.000000  25722
104427.000000  25724
104429.000000  25725
104431.000000  25727
104433.000000  25728
104435.000000  25730
104437.000000  25731
104439.000000  25733
104441.000000  25734
104443.000000  25736
104445.000000  25737
104447.000000  25739
104449.000000  25740
104451.000000  25742
104453.000000  25743
104455.000000  25745
104457.000000  25746
104459.000000  25748
104461.000000  25749
104463.000000  25751
104465.000000  25752
104467.000000  25754
104469.000000  25755
104471.000000  25757
104473.000000  25758
104475.000000  25760
104477.000000  25761
104479.000000  25763
104481.000000  25764
104483.000000  25766
104485.000000  25767
104487.000000  25769
104489.000000  25770
104491.000000  25772
104493.000000  25773
104495.000000  25775
104497.000000  25776
104499.000000  25778
104501.000000  25779
104503.000000  25781
104505.000000  25782
104507.000000  25784
104509.000000  25785
104511.000000  25787
104513.000000  25788
104515.000000  25790
104517.000000  25791
104519.000000  25793
104521.000000  25794
104523.000000  25796
104525.000000  25797
104527.000000  25799
104529.000000  25800
104531.000000  25802
104533.000000  25803
104535.000000  25805
104537.000000  25806
104539.000000  25808
104541.000000  25809
104543.000000  25811
104545.000000  25812
104547.000000  25814
104549.000000  25815
104551.000000  25817
104553.000000  25818
104555.000000  25820
104557.000000  25821
104559.000000  25823
104561.000000  25824
104563.000000  25826
104565.000000  25827
104567.000000  25829
104569.000000  25830
104571.000000  25832
104573.000000  25833
104575.000000  25835
104577.000000  25836
104579.000000  25838
104581.000000  25839
104583.000000  25841
104585.000000  25842
104587.000000  25844
104589.000000  25845
104591.000000  25847
104593.000000  25848
104595.000000  25850
104597.000000  25851
104599.000000  25853
104601.000000  25854
104603.000000  25856
104605.000000  25857
104607.000000  25859
104609.000000  25860
104611.000000  25862
104613.000000  25863
104615.000000  25865
104617.000000  25866
104619.000000  25868
104621.000000  25869
104623.000000  25871
104625.000000  25872
104627.000000  25874
104629.000000  25875
104631.000000  25877
104633.000000  25878
104635.000000  25880
104637.000000  25881
104639.000000  25883
104641.000000  25884
104643.000000  25886
104645.000000  25887
104647.000000  25889
104649.000000  25890
104651.000000  25892
104653.000000  25893
104655.000000  25895
104657.000000  25896
104659.000000  25898
104661.000000  25899
104663.000000  25901
104665.000000  25902
104667.000000  25904
104669.000000  25905
104671.000000  25907
104673.000000  25908
104675.000000  25910
104677.000000  25911
104679.000000  25913
104681.000000  25914
104683.000000  25916
104685.000000  25917
104687.000000  25919
104689.000000  25920
104691.000000  25922
104693.000000  25923
104695.000000  25925
104697.000000  25926
104699.000000  25928
104701.000000  25929
104703.000000  25931
104705.000000  25932
104707.000000  25934
104709.000000  25935
104711.000000  25937
104713.000000  25938
104715.000000  25940
104717.000000  25941
104719.000000  25943
104721.000000  25944
104723.000000  25946
104725.000000  25947
104727.000000  25949
104729.000000  25950
104731.000000  25952
104733.000000  25953
104735.000000  25955
104737.000000  25956
104739.000000  25958
104741.000000  25959
104743.000000  25961
104745.000000  25962
104747.000000  25964
104749.000000  25965
104751.000000  25967
104753.000000  25968
104755.000000  25970
104757.000000  25971
104759.000000  25973
104761.000000  25974
104763.000000  25976
104765.000000  25977
104767.000000  25979
104769.000000  25980
104771.000000  25982
104773.000000  25983
104775.000000  25985
104777.000000  25986
104779.000000  25988
104781.000000  25989
104783.000000  25991
104785.000000  25992
104787.000000  25994
104789.000000  25995
104791.000000  25997
104793.000000  25998
104795.000000  26000
104797.000000  26001
104799.000000  26003
104801.000000  26004
104803.000000  26006
104805.000000  26007
104807.000000  26009
104809.000000  26010
104811.000000  26012
104813.000000  26013
104815.000000  26015
104817.000000  26016
104819.000000  26018
104821.000000  26019
104823.000000  26021
104825.000000  26022
104827.000000  26024
104829.000000  26025
104831.000000  26027
104833.000000  26028
104835.000000  26030
104837.000000  26031
104839.000000  26033
104841.000000  26034
104843.000000  26036
104845.000000  26037
104847.000000  26039
104849.000000  26040
104851.000000  26042
104853.000000  26043
104855.000000  26045
104857.000000  26047
104859.000000  26048
104861.000000  26049
104863.000000  26051
104865.000000  26053
104867.000000  26054
104869.000000  26055
104871.000000  26057
104873.000000  26058
104875.000000  26060
104877.000000  26061
104879.000000  26063
104881.000000  26064
104883.000000  26066
104885.000000  26067
104887.000000  26069
104889.000000  26071
104891.000000  26072
104893.000000  26073
104895.000000  26075
104897.000000  26077
104899.000000  26078
104901.000000  26079
104903.000000  26081
104905.000000  26082
104907.000000  26084
104909.000000  26085
104911.000000  26087
104913.000000  26088
104915.000000  26090
104917.000000  26091
104919.000000  26093
104921.000000  26095
104923.000000  26096
104925.000000  26097
104927.000000  26099
104929.000000  26101
104931.000000  26102
104933.000000  26103
104935.000000  26105
104937.000000  26106
104939.000000  26108
104941.000000  26109
104943.000000  26111
104945.000000  26113
104947.000000  26114
104949.000000  26115
104951.000000  26117
104953.000000  26119
104955.000000  26120
104957.000000  26121
104959.000000  26123
104961.000000  26125
104963.000000  26126
104965.000000  26127
104967.000000  26129
104969.000000  26130
104971.000000  26132
104973.000000  26133
104975.000000  26135
104977.000000  26137
104979.000000  26138
104981.000000  26139
104983.000000  26141
104985.000000  26143
104987.000000  26144
104989.000000  26145
104991.000000  26147
104993.000000  26149
104995.000000  26150
104997.000000  26151
104999.000000  26153
105001.000000  26154
105003.000000  26156
105005.000000  26157
105007.000000  26159
105009.000000  26161
105011.000000  26162
105013.000000  26163
105015.000000  26165
105017.000000  26167
105019.000000  26168
105021.000000  26169
105023.000000  26171
105025.000000  26173
105027.000000  26174
105029.000000  26175
105031.000000  26177
105033.000000  26178
105035.000000  26180
105037.000000  26181
105039.000000  26183
105041.000000  26184
105043.000000  26186
105045.000000  26187
105047.000000  26189
105049.000000  26191
105051.000000  26192
105053.000000  26193
105055.000000  26195
105057.000000  26197
105059.000000  26198
105061.000000  26199
105063.000000  26201
105065.000000  26202
105067.000000  26204
105069.000000  26205
105071.000000  26207
105073.000000  26208
105075.000000  26210
105077.000000  26211
105079.000000  26213
105081.000000  26214
105083.000000  26216
105085.000000  26217
105087.000000  26219
105089.000000  26221
105091.000000  26222
105093.000000  26223
105095.000000  26225
105097.000000  26226
105099.000000  26228
105101.000000  26229
105103.000000  26231
105105.000000  26232
105107.000000  26234
105109.000000  26235
105111.000000  26237
105113.000000  26238
105115.000000  26240
105117.000000  26241
105119.000000  26243
105121.000000  26244
105123.000000  26246
105125.000000  26247
105127.000000  26249
105129.000000  26250
105131.000000  26252
105133.000000  26253
105135.000000  26255
105137.000000  26256
105139.000000  26258
105141.000000  26259
105143.000000  26261
105145.000000  26262
105147.000000  26264
105149.000000  26265
105151.000000  26267
105153.000000  26268
105155.000000  26270
105157.000000  26271
105159.000000  26273
105161.000000  26274
105163.000000  26276
105165.000000  26277
105167.000000  26279
105169.000000  26280
105171.000000  26282
105173.000000  26283
105175.000000  26285
105177.000000  26286
105179.000000  26288
105181.000000  26289
105183.000000  26291
105185.000000  26292
105187.000000  26294
105189.000000  26295
105191.000000  26297
105193.000000  26298
105195.000000  26300
105197.000000  26301
105199.000000  26303
105201.000000  26304
105201.000000  26304
0.000000  0
0.000000  0
0.000000  0
105209.000000  26310
105211.000000  26312
105213.000000  26313
105215.000000  26315
105217.000000  26316
105219.000000  26318
105221.000000  26319
105223.000000  26321
105225.000000  26322
105227.000000  26324
105229.000000  26325
105231.000000  26327
105233.000000  26328
105235.000000  26330
105237.000000  26331
105239.000000  26333
105241.000000  26334
105243.000000  26336
105245.000000  26337
105247.000000  26339
105249.000000  26340
105251.000000  26342
105253.000000  26343
105255.000000  26345
105257.000000  26346
105259.000000  26348
105261.000000  26349
105263.000000  26351
105265.000000  26352
105267.000000  26354
105269.000000  26355
105271.000000  26357
105273.000000  26358
105275.000000  26360
105277.000000  26361
105279.000000  26363
105281.000000  26364
105283.000000  26366
105285.000000  26367
105287.000000  26369
105289.000000  26370
105291.000000  26372
105293.000000  26373
105295.000000  26375
105297.000000  26376
105299.000000  26378
105301.000000  26379
105303.000000  26381
105305.000000  26383
105307.000000  26384
105309.000000  26385
105311.000000  26387
105313.000000  26389
105315.000000  26390
105317.000000  26391
105319.000000  26393
105321.000000  26394
105323.000000  26396
105325.000000  26397
105327.000000  26399
105329.000000  26401
105331.000000  26402
105333.000000  26403
105335.000000  26405
105337.000000  26407
105339.000000  26408
105341.000000  26409
105343.000000  26411
105345.000000  26413
105347.000000  26414
105349.000000  26415
105351.000000  26417
105353.000000  26419
105355.000000  26420
105357.000000  26421
105359.000000  26423
105361.000000  26425
105363.000000  26426
105365.000000  26427
105367.000000  26429
105369.000000  26431
105371.000000  26432
105373.000000  26434
105375.000000  26435
105377.000000  26437
105379.000000  26438
105379.000000  26438
0.000000  0
0.000000  0
0.000000  0
0.000000  0
105389.000000  26445
105391.000000  26447
105393.000000  26449
105395.000000  26450
105397.000000  26452
105399.000000  26453
105401.000000  26455
105403.000000  26456
105405.000000  26458
105407.000000  26459
105409.000000  26461
105411.000000  26462
105413.000000  26463
105415.000000  26465
105417.000000  26467
105419.000000  26468
105421.000000  26469
105423.000000  26471
105425.000000  26473
105427.000000  26474
105429.000000  26476
105431.000000  26477
105433.000000  26479
105435.000000  26480
105437.000000  26482
105439.000000  26483
105441.000000  26485
105443.000000  26486
105445.000000  26488
105447.000000  26489
105449.000000  26491
105451.000000  26492
105453.000000  26494
105455.000000  26495
105457.000000  26497
105459.000000  26498
105461.000000  26500
105463.000000  26501
105465.000000  26503
105467.000000  26504
105469.000000  26506
105471.000000  26507
105473.000000  26509
105475.000000  26510
105477.000000  26512
105479.000000  26513
105481.000000  26515
105483.000000  26516
105485.000000  26518
105487.000000  26519
105489.000000  26521
105491.000000  26522
105493.000000  26524
105495.000000  26525
105497.000000  26527
105499.000000  26528
105501.000000  26530
105503.000000  26531
105505.000000  26533
105507.000000  26534
105509.000000  26536
105511.000000  26537
105513.000000  26539
105515.000000  26540
105517.000000  26542
105519.000000  26543
105521.000000  26545
105523.000000  26546
105525.000000  26548
105527.000000  26549
105529.000000  26551
105531.000000  26552
105533.000000  26554
105535.000000  26555
105537.000000  26557
105539.000000  26558
105541.000000  26560
105543.000000  26561
105545.000000  26563
105547.000000  26564
105549.000000  26566
105551.000000  26567
105553.000000  26569
105555.000000  26570
105557.000000  26572
105559.000000  26573
105561.000000  26575
105563.000000  26576
105565.000000  26578
105567.000000  26579
105569.000000  26581
105571.000000  26582
105573.000000  26584
105575.000000  26585
105577.000000  26587
105579.000000  26588
105581.000000  26590
105583.000000  26591
105585.000000  26593
105587.000000  26594
105589.000000  26596
105591.000000  26597
105593.000000  26599
105595.000000  26600
105597.000000  26602
105599.000000  26603
105601.000000  26605
105603.000000  26606
105605.000000  26608
105607.000000  26609
105609.000000  26611
105611.000000  26612
105613.000000  26614
105615.000000  26615
105617.000000  26617
105619.000000  26618
105621.000000  26620
105623.000000  26621
105625.000000  26623
105627.000000  26624
105629.000000  26626
105631.000000  26627
105633.000000  26629
105635.000000  26630
105637.000000  26632
105639.000000  26633
105641.000000  26635
105643.000000  26636
105645.000000  26638
105647.000000  26639
105649.000000  26641
105651.000000  26642
105653.000000  26644
105655.000000  26645
105657.000000  26647
105659.000000  26648
105661.000000  26650
105663.000000  26651
105665.000000  26653
105667.000000  26654
105669.000000  26656
105671.000000  26657
105673.000000  26659
105675.000000  26660
105677.000000  26662
105679.000000  26663
105681.000000  26665
105683.000000  26666
105685.000000  26668
105687.000000  26669
105689.000000  26671
105691.000000  26672
105693.000000  26674
105695.000000  26675
105697.000000  26677
105699.000000  26678
105701.000000  26680
105703.000000  26681
105705.000000  26683
105707.000000  26684
105709.000000  26686
105711.000000  26687
105713.000000  26689
105715.000000  26690
105717.000000  26692
105719.000000  26693
105721.000000  26695
105723.000000  26696
105725.000000  26698
105727.000000  26699
105729.000000  26701
105731.000000  26702
105733.000000  26704
105735.000000  26705
105737.000000  26707
105739.000000  26708
105741.000000  26710
105743.000000  26711
105745.000000  26713
105747.000000  26714
105749.000000  26716
105751.000000  26717
105753.000000  26719
105755.000000  26720
105757.000000  26722
105759.000000  26723
105761.000000  26725
105763.000000  26726
105765.000000  26728
105767.000000  26729
105769.000000  26731
105771.000000  26732
105773.000000  26734
105775.000000  26735
105777.000000  26737
105779.000000  26738
105781.000000  26740
105783.000000  26741
105785.000000  26743
105787.000000  26744
105789.000000  26746
105791.000000  26747
105793.000000  26749
105795.000000  26750
105797.000000  26752
105799.000000  26753
105801.000000  26755
105803.000000  26756
105805.000000  26758
105807.000000  26759
105809.000000  26761
105811.000000  26762
105813.000000  26764
105815.000000  26765
105817.000000  26767
105819.000000  26768
105821.000000  26770
105823.000000  26771
105825.000000  26773
105827.000000  26774
105829.000000  26776
105831.000000  26777
105833.000000  26779
105835.000000  26780
105837.000000  26782
105839.000000  26783
105841.000000  26785
105843.000000  26786
105845.000000  26788
105847.000000  26789
105849.000000  26791
105851.000000  26792
105853.000000  26794
105855.000000  26795
105857.000000  26797
105859.000000  26798
105861.000000  26800
105863.000000  26801
105865.000000  26803
105867.000000  26804
105869.000000  26806
105871.000000  26807
105873.000000  26809
105875.000000  26810
105877.000000  26812
105879.000000  26813
105881.000000  26815
105883.000000  26816
105885.000000  26818
105887.000000  26819
105889.000000  26821
105891.000000  26822
105893.000000  26824
105895.000000  26825
105897.000000  26827
105899.000000  26828
105901.000000  26830
105903.000000  26831
105905.000000  26833
105907.000000  26834
105909.000000  26836
105911.000000  26837
105913.000000  26839
105915.000000  26841
105917.000000  26842
105919.000000  26843
105921.000000  26845
105923.000000  26846
105925.000000  26848
105927.000000  26849
105929.000000  26851
105931.000000  26852
105933.000000  26854
105935.000000  26855
105937.000000  26857
105939.000000  26858
105941.000000  26860
105943.000000  26861
105945.000000  26863
105947.000000  26865
105949.000000  26866
105951.000000  26867
105953.000000  26869
105955.000000  26871
105957.000000  26872
105959.000000  26873
105961.000000  26875
105963.000000  26876
105965.000000  26878
105967.000000  26879
105969.000000  26881
105971.000000  26883
105973.000000  26884
105975.000000  26885
105977.000000  26887
105979.000000  26889
105981.000000  26890
105983.000000  26891
105985.000000  26893
105987.000000  26895
105989.000000  26896
105991.000000  26897
105993.000000  26899
105995.000000  26901
105997.000000  26902
105999.000000  26903
106001.000000  26905
106003.000000  26907
106005.000000  26908
106007.000000  26909
106009.000000  26911
106011.000000  26913
106013.000000  26914
106015.000000  26916
106017.000000  26917
106019.000000  26919
106021.000000  26920
106023.000000  26921
106025.000000  26923
106027.000000  26925
106029.000000  26926
106031.000000  26927
106033.000000  26929
106035.000000  26931
106037.000000  26932
106039.000000  26934
106041.000000  26935
106043.000000  26937
106045.000000  26938
106047.000000  26940
106049.000000  26941
106051.000000  26943
106053.000000  26944
106055.000000  26945
106057.000000  26947
106059.000000  26949
106061.000000  26950
106063.000000  26951
106065.000000  26953
106067.000000  26955
106069.000000  26956
106071.000000  26958
106073.000000  26959
106075.000000  26961
106077.000000  26962
106079.000000  26964
106081.000000  26965
106083.000000  26967
106085.000000  26968
106087.000000  26970
106089.000000  26971
106091.000000  26973
106093.000000  26974
106095.000000  26976
106097.000000  26977
106099.000000  26979
106101.000000  26980
106103.000000  26982
106105.000000  26983
106107.000000  26985
106109.000000  26986
106111.000000  26988
106113.000000  26989
106115.000000  26991
106117.000000  26992
106119.000000  26994
106121.000000  26995
106123.000000  26997
106125.000000  26998
106127.000000  27000
106129.000000  27001
106131.000000  27003
106133.000000  27004
106135.000000  27006
106137.000000  27007
106139.000000  27009
106141.000000  27010
106143.000000  27012
106145.000000  27013
106147.000000  27015
106149.000000  27016
106151.000000  27018
106153.000000  27019
106155.000000  27021
106157.000000  27022
106159.000000  27024
106161.000000  27025
106163.000000  27027
106165.000000  27028
106167.000000  27030
106169.000000  27031
106171.000000  27033
106173.000000  27034
106175.000000  27036
106177.000000  27037
106179.000000  27039
106181.000000  27040
106183.000000  27042
106185.000000  27043
106187.000000  27045
106189.000000  27046
106191.000000  27048
106193.000000  27049
106195.000000  27051
106197.000000  27052
106199.000000  27054
106201.000000  27055
106203.000000  27057
106205.000000  27058
106207.000000  27060
106209.000000  27061
106211.000000  27063
106213.000000  27064
106215.000000  27066
106217.000000  27067
106219.000000  27069
106221.000000  27070
106223.000000  27072
106225.000000  27073
106227.000000  27075
106229.000000  27076
106231.000000  27078
106233.000000  27079
106235.000000  27081
106237.000000  27082
106239.000000  27084
106241.000000  27085
106243.000000  27087
106245.000000  27088
106247.000000  27090
106249.000000  27091
106251.000000  27093
106253.000000  27094
106255.000000  27096
106257.000000  27097
106259.000000  27099
106261.000000  27100
106263.000000  27102
106265.000000  27103
106267.000000  27105
106269.000000  27106
106271.000000  27108
106273.000000  27109
106275.000000  27111
106277.000000  27112
106279.000000  27114
106281.000000  27115
106283.000000  27117
106285.000000  27118
106287.000000  27120
106289.000000  27121
106291.000000  27123
106293.000000  27124
106295.000000  27126
106297.000000  27127
106299.000000  27129
106301.000000  27130
106303.000000  27132
106305.000000  27133
106307.000000  27135
106309.000000  27136
106311.000000  27138
106313.000000  27139
106315.000000  27141
106317.000000  27142
106319.000000  27144
106321.000000  27145
106323.000000  27147
106325.000000  27148
106327.000000  27150
106329.000000  27151
106331.000000  27153
106333.000000  27154
106335.000000  27156
106337.000000  27157
106339.000000  27159
106341.000000  27160
106343.000000  27162
106345.000000  27163
106347.000000  27165
106349.000000  27166
106351.000000  27168
106353.000000  27169
106355.000000  27171
106357.000000  27172
106359.000000  27174
106361.000000  27175
106363.000000  27177
106365.000000  27178
106367.000000  27180
106369.000000  27181
106371.000000  27183
106373.000000  27184
106375.000000  27186
106377.000000  27187
106379.000000  27189
106381.000000  27190
106383.000000  27192
106385.000000  27193
106387.000000  27195
106389.000000  27196
106391.000000  27198
106393.000000  27199
106395.000000  27201
106397.000000  27202
106399.000000  27204
106401.000000  27205
106403.000000  27207
106405.000000  27208
106407.000000  27210
106409.000000  27211
106411.000000  27213
106413.000000  27214
106415.000000  27216
106417.000000  27217
106419.000000  27219
106421.000000  27220
106423.000000  27222
106425.000000  27223
106427.000000  27225
106429.000000  27226
106431.000000  27228
106433.000000  27229
106435.000000  27231
106437.000000  27232
106439.000000  27234
106441.000000  27235
106443.000000  27237
106445.000000  27238
106447.000000  27240
106449.000000  27241
106451.000000  27243
106453.000000  27245
106455.000000  27246
106457.000000  27247
106459.000000  27249
106461.000000  27250
106463.000000  27252
106465.000000  27253
106467.000000  27255
106469.000000  27256
106471.000000  27258
106473.000000  27259
106475.000000  27261
106477.000000  27262
106479.000000  27264
106481.000000  27265
106483.000000  27267
106485.000000  27269
106487.000000  27270
106489.000000  27271
106491.000000  27273
106493.000000  27274
106495.000000  27276
106497.000000  27277
106499.000000  27279
106501.000000  27280
106503.000000  27282
106505.000000  27283
106507.000000  27285
106509.000000  27286
106511.000000  27288
106513.000000  27289
106515.000000  27291
106517.000000  27292
106519.000000  27294
106521.000000  27295
106523.000000  27297
106525.000000  27299
106527.000000  27300
106529.000000  27301
106531.000000  27303
106533.000000  27304
106535.000000  27306
106537.000000  27307
106539.000000  27309
106541.000000  27310
106543.000000  27312
106545.000000  27313
106547.000000  27315
106549.000000  27317
106551.000000  27318
106553.000000  27319
106555.000000  27321
106557.000000  27323
106559.000000  27324
106561.000000  27325
106563.000000  27327
106565.000000  27329
106567.000000  27330
106569.000000  27331
106571.000000  27333
106573.000000  27334
106575.000000  27336
106577.000000  27337
106579.000000  27339
106581.000000  27341
106583.000000  27342
106585.000000  27343
106587.000000  27345
106589.000000  27347
106591.000000  27348
106593.000000  27349
106595.000000  27351
106597.000000  27352
106599.000000  27354
106601.000000  27355
106603.000000  27357
106605.000000  27358
106607.000000  27360
106609.000000  27361
106611.000000  27363
106613.000000  27365
106615.000000  27366
106617.000000  27367
106619.000000  27369
106621.000000  27371
106623.000000  27372
106625.000000  27373
106627.000000  27375
106629.000000  27377
106631.000000  27378
106633.000000  27379
106635.000000  27381
106637.000000  27382
106639.000000  27384
106641.000000  27385
106643.000000  27387
106645.000000  27389
106647.000000  27390
106649.000000  27391
106651.000000  27393
106653.000000  27395
106655.000000  27396
106657.000000  27397
106659.000000  27399
106661.000000  27401
106663.000000  27402
106665.000000  27403
106667.000000  27405
106669.000000  27407
106671.000000  27408
106673.000000  27409
106675.000000  27411
106677.000000  27413
106679.000000  27414
106681.000000  27416
106683.000000  27417
106685.000000  27419
106687.000000  27420
106689.000000  27421
106691.000000  27423
106693.000000  27425
106695.000000  27426
106697.000000  27427
106699.000000  27429
106701.000000  27431
106703.000000  27432
106705.000000  27433
106707.000000  27435
106709.000000  27437
106711.000000  27438
106713.000000  27440
106715.000000  27441
106717.000000  27443
106719.000000  27444
106721.000000  27445
106723.000000  27447
106725.000000  27449
106727.000000  27450
106729.000000  27451
106731.000000  27453
106733.000000  27455
106735.000000  27456
106737.000000  27457
106739.000000  27459
106741.000000  27461
106743.000000  27462
106745.000000  27464
106747.000000  27465
106749.000000  27467
106751.000000  27468
106753.000000  27470
106755.000000  27471
106757.000000  27473
106759.000000  27474
106761.000000  27475
106763.000000  27477
106765.000000  27479
106767.000000  27480
106769.000000  27482
106771.000000  27483
106773.000000  27485
106775.000000  27486
106777.000000  27488
106779.000000  27489
106781.000000  27491
106783.000000  27492
106785.000000  27494
106787.000000  27495
106789.000000  27497
106791.000000  27498
106793.000000  27500
106795.000000  27501
106797.000000  27503
106799.000000  27504
106801.000000  27506
106803.000000  27507
106805.000000  27509
106807.000000  27510
106809.000000  27512
106811.000000  27513
106813.000000  27515
106815.000000  27516
106817.000000  27518
106819.000000  27519
106821.000000  27521
106823.000000  27522
106825.000000  27524
106827.000000  27525
106829.000000  27527
106831.000000  27528
106833.000000  27530
106835.000000  27531
106837.000000  27533
106839.000000  27534
106841.000000  27536
106843.000000  27537
106845.000000  27539
106847.000000  27540
106849.000000  27542
106851.000000  27543
106853.000000  27545
106855.000000  27546
106857.000000  27548
106859.000000  27549
106861.000000  27551
106863.000000  27552
106865.000000  27554
106867.000000  27555
106869.000000  27557
106871.000000  27558
106873.000000  27560
106875.000000  27561
106877.000000  27563
106879.000000  27564
106881.000000  27566
106883.000000  27567
106885.000000  27569
106887.000000  27570
106889.000000  27572
106891.000000  27573
106893.000000  27575
106895.000000  27576
106897.000000  27578
106899.000000  27579
106901.000000  27581
106903.000000  27582
106905.000000  27584
106907.000000  27585
106909.000000  27587
106911.000000  27588
106913.000000  27590
106915.000000  27591
106917.000000  27593
106919.000000  27594
106921.000000  27596
106923.000000  27597
106925.000000  27599
106927.000000  27600
106929.000000  27602
106931.000000  27603
106933.000000  27605
106935.000000  27606
106937.000000  27608
106939.000000  27609
106941.000000  27611
106943.000000  27612
106945.000000  27614
106947.000000  27615
106949.000000  27617
106951.000000  27618
106953.000000  27620
106955.000000  27621
106957.000000  27623
106959.000000  27624
106961.000000  27626
106963.000000  27627
106965.000000  27629
106967.000000  27630
106969.000000  27632
106971.000000  27633
106973.000000  27635
106975.000000  27636
106977.000000  27638
106979.000000  27639
106981.000000  27641
106983.000000  27642
106985.000000  27644
106987.000000  27645
106989.000000  27647
106991.000000  27648
106993.000000  27650
106995.000000  27651
106997.000000  27653
106999.000000  27654
107001.000000  27656
107003.000000  27657
107005.000000  27659
107007.000000  27660
107009.000000  27662
107011.000000  27663
107013.000000  27665
107015.000000  27666
107017.000000  27668
107019.000000  27669
107021.000000  27671
107023.000000  27672
107025.000000  27674
107027.000000  27675
107029.000000  27677
107031.000000  27678
107033.000000  27680
107035.000000  27681
107037.000000  27683
107039.000000  27684
107041.000000  27686
107043.000000  27687
107045.000000  27689
107047.000000  27690
107049.000000  27692
107051.000000  27693
107053.000000  27695
107055.000000  27696
107057.000000  27698
107059.000000  27699
107061.000000  27701
107063.000000  27702
107065.000000  27704
107067.000000  27705
107069.000000  27707
107071.000000  27708
107073.000000  27710
107075.000000  27711
107077.000000  27713
107079.000000  27714
107081.000000  27716
107083.000000  27717
107085.000000  27719
107087.000000  27720
107089.000000  27722
107091.000000  27723
107093.000000  27725
107095.000000  27726
107097.000000  27728
107099.000000  27729
107101.000000  27731
107103.000000  27732
107105.000000  27734
107107.000000  27735
107109.000000  27737
107111.000000  27738
107113.000000  27740
107115.000000  27741
107117.000000  27743
107119.000000  27744
107121.000000  27746
107123.000000  27747
107125.000000  27749
107127.000000  27750
107129.000000  27752
107131.000000  27753
107133.000000  27755
107135.000000  27756
107137.000000  27758
107139.000000  27759
107141.000000  27761
107143.000000  27762
107145.000000  27764
107147.000000  27765
107149.000000  27767
107151.000000  27768
107153.000000  27770
107155.000000  27771
107157.000000  27773
107159.000000  27774
107161.000000  27776
107163.000000  27777
107165.000000  27779
107167.000000  27780
107169.000000  27782
107171.000000  27783
107173.000000  27785
107175.000000  27786
107177.000000  27788
107179.000000  27789
107181.000000  27791
107183.000000  27792
107185.000000  27794
107187.000000  27795
107189.000000  27797
107191.000000  27798
107193.000000  27800
107195.000000  27801
107197.000000  27803
107199.000000  27804
107201.000000  27806
107203.000000  27807
107205.000000  27809
107207.000000  27810
107209.000000  27812
107211.000000  27813
107213.000000  27815
107215.000000  27816
107217.000000  27818
107219.000000  27819
107221.000000  27821
107223.000000  27822
107225.000000  27824
107227.000000  27825
107229.000000  27827
107231.000000  27828
107233.000000  27830
107235.000000  27831
107237.000000  27833
107239.000000  27834
107241.000000  27836
107243.000000  27837
107245.000000  27839
107247.000000  27840
107249.000000  27842
107251.000000  27843
107253.000000  27845
107255.000000  27846
107257.000000  27848
107259.000000  27849
107261.000000  27851
107263.000000  27852
107265.000000  27854
107267.000000  27855
107269.000000  27857
107271.000000  27858
107273.000000  27860
107275.000000  27861
107277.000000  27863
107279.000000  27864
107281.000000  27866
107283.000000  27867
107285.000000  27869
107287.000000  27870
107289.000000  27872
107291.000000  27873
107293.000000  27875
107295.000000  27876
107297.000000  27878
107299.000000  27879
107301.000000  27881
107303.000000  27882
107305.000000  27884
107307.000000  27885
107309.000000  27887
107311.000000  27888
107313.000000  27890
107315.000000  27891
107317.000000  27893
107319.000000  27894
107321.000000  27896
107323.000000  27897
107325.000000  27899
107327.000000  27900
107329.000000  27902
107331.000000  27903
107333.000000  27905
107335.000000  27906
107337.000000  27908
107339.000000  27909
107341.000000  27911
107343.000000  27912
107345.000000  27914
107347.000000  27915
107349.000000  27917
107351.000000  27919
107353.000000  27920
107355.000000  27921
107357.000000  27923
107359.000000  27925
107361.000000  27926
107363.000000  27927
107365.000000  27929
107367.000000  27930
107369.000000  27932
107371.000000  27933
107373.000000  27935
107375.000000  27937
107377.000000  27938
107379.000000  27939
107381.000000  27941
107383.000000  27943
107385.000000  27944
107387.000000  27945
107389.000000  27947
107391.000000  27949
107393.000000  27950
107395.000000  27951
107397.000000  27953
107399.000000  27955
107401.000000  27956
107403.000000  27957
107405.000000  27959
107407.000000  27961
107409.000000  27962
107411.000000  27963
107413.000000  27965
107415.000000  27967
107417.000000  27968
107419.000000  27970
107421.000000  27971
107423.000000  27973
107425.000000  27974
107427.000000  27975
107429.000000  27977
107431.000000  27979
107433.000000  27980
107435.000000  27981
107437.000000  27983
107439.000000  27985
107441.000000  27986
107443.000000  27988
107445.000000  27989
107447.000000  27991
107449.000000  27992
107451.000000  27994
107453.000000  27995
107455.000000  27997
107457.000000  27998
107459.000000  28000
107461.000000  28001
107463.000000  28003
107465.000000  28004
107467.000000  28005
107469.000000  28007
107471.000000  28009
107473.000000  28010
107475.000000  28012
107477.000000  28013
107479.000000  28015
107481.000000  28016
107483.000000  28018
107485.000000  28019
107487.000000  28021
107489.000000  28022
107491.000000  28024
107493.000000  28025
107495.000000  28027
107497.000000  28028
107499.000000  28030
107501.000000  28031
107503.000000  28033
107505.000000  28034
107507.000000  28036
107509.000000  28037
107511.000000  28039
107513.000000  28040
107515.000000  28042
107517.000000  28043
107519.000000  28045
107521.000000  28046
107523.000000  28048
107525.000000  28049
107527.000000  28051
107529.000000  28052
107531.000000  28054
107533.000000  28055
107535.000000  28057
107537.000000  28058
107539.000000  28060
107541.000000  28061
107543.000000  28063
107545.000000  28064
107547.000000  28066
107549.000000  28067
107551.000000  28069
107553.000000  28070
107555.000000  28072
107557.000000  28073
107559.000000  28075
107561.000000  28076
107563.000000  28078
107565.000000  28079
107567.000000  28081
107569.000000  28082
107571.000000  28084
107573.000000  28085
107575.000000  28087
107577.000000  28088
107579.000000  28090
107581.000000  28091
107583.000000  28093
107585.000000  28094
107587.000000  28096
107589.000000  28097
107591.000000  28099
107593.000000  28100
107595.000000  28102
107597.000000  28103
107599.000000  28105
107601.000000  28106
107603.000000  28108
107605.000000  28109
107607.000000  28111
107609.000000  28112
107611.000000  28114
107613.000000  28115
107615.000000  28117
107617.000000  28118
107619.000000  28120
107621.000000  28121
107623.000000  28123
107625.000000  28124
107627.000000  28126
107629.000000  28127
107631.000000  28129
107633.000000  28130
107635.000000  28132
107637.000000  28133
107639.000000  28135
107641.000000  28136
107643.000000  28138
107645.000000  28139
107647.000000  28141
107649.000000  28142
107651.000000  28144
107653.000000  28145
107655.000000  28147
107657.000000  28148
107659.000000  28150
107661.000000  28151
107663.000000  28153
107665.000000  28154
107667.000000  28156
107669.000000  28157
107671.000000  28159
107673.000000  28160
107675.000000  28162
107677.000000  28163
107679.000000  28165
107681.000000  28166
107683.000000  28168
107685.000000  28169
107687.000000  28171
107689.000000  28172
107691.000000  28174
107693.000000  28175
107695.000000  28177
107697.000000  28178
107699.000000  28180
107701.000000  28181
107703.000000  28183
