20039.000000  9 50
20119.000000  39 50
20205.000000  76 50
20239.000000  91 50
20293.000000  115 50
20347.000000  139 50
20401.000000  163 50
20457.000000  188 50
20557.000000  233 50
20601.000000  253 50
20677.000000  287 50
20745.000000  318 50
20853.000000  366 50
20947.000000  408 50
21089.000000  472 50
21155.000000  502 50
21209.000000  526 50
21267.000000  552 50
21343.000000  586 50
21395.000000  609 50
21607.000000  705 50
21661.000000  729 50
21741.000000  765 50
21791.000000  787 50
21851.000000  814 50
21895.000000  834 50
21939.000000  854 50
21981.000000  872 50
22021.000000  890 50
22183.000000  963 50
22341.000000  1034 50
22393.000000  1057 50
22501.000000  1106 50
22621.000000  1160 50
22699.000000  1195 50
22699.000000  1195 50
22877.000000  1274 50
22947.000000  1306 50
23003.000000  1331 50
23069.000000  1361 50
23171.000000  1407 50
23173.000000  1407 50
23215.000000  1426 50
23235.000000  1435 50
23235.000000  1435 50
23251.000000  1442 50
23301.000000  1465 50
23323.000000  1475 50
23355.000000  1489 50
23409.000000  1513 50
23435.000000  1525 50
23451.000000  1532 50
23505.000000  1556 50
23539.000000  1572 50
23625.000000  1610 50
23669.000000  1630 50
23671.000000  1631 50
23707.000000  1647 50
23719.000000  1652 50
23719.000000  1652 50
23741.000000  1662 50
23805.000000  1691 50
23823.000000  1699 50
23837.000000  1705 50
23853.000000  1712 50
23875.000000  1722 50
23889.000000  1728 50
23911.000000  1738 50
23925.000000  1745 50
23941.000000  1752 50
23981.000000  1770 50
23983.000000  1771 50
24003.000000  1780 50
24057.000000  1804 50
24073.000000  1811 50
24129.000000  1836 50
24143.000000  1843 50
24145.000000  1843 50
24165.000000  1852 50
24195.000000  1866 50
24197.000000  1867 50
24199.000000  1868 50
24223.000000  1878 50
24281.000000  1904 50
24331.000000  1927 50
24369.000000  1944 50
24385.000000  1951 50
24401.000000  1958 50
24421.000000  1967 50
24431.000000  1972 50
24455.000000  1982 50
24455.000000  1982 50
24467.000000  1988 50
24491.000000  1999 50
24521.000000  2012 50
24567.000000  2033 50
24587.000000  2042 50
24595.000000  2045 50
24631.000000  2061 50
24633.000000  2062 50
24653.000000  2071 50
24685.000000  2085 50
24715.000000  2099 50
24717.000000  2100 50
24743.000000  2111 50
24767.000000  2122 50
24767.000000  2122 50
24781.000000  2129 50
24805.000000  2139 50
24837.000000  2154 50
24867.000000  2167 50
24899.000000  2181 50
24929.000000  2195 50
24969.000000  2213 50
24995.000000  2225 50
24995.000000  2225 50
25035.000000  2243 50
25071.000000  2259 50
25103.000000  2273 50
25117.000000  2279 50
25151.000000  2295 50
25179.000000  2307 50
25213.000000  2322 50
25227.000000  2329 50
25259.000000  2343 50
25291.000000  2357 50
25293.000000  2358 50
25303.000000  2363 50
25319.000000  2370 50
25347.000000  2382 50
25347.000000  2382 50
25373.000000  2394 50
25407.000000  2409 50
25409.000000  2410 50
25429.000000  2419 50
25431.000000  2420 50
25465.000000  2435 50
25495.000000  2449 50
25497.000000  2449 50
25499.000000  2450 50
25511.000000  2456 50
25535.000000  2467 50
25537.000000  2467 50
25581.000000  2487 50
25617.000000  2503 50
25619.000000  2504 50
25661.000000  2523 50
25685.000000  2534 50
25699.000000  2540 50
25721.000000  2550 50
25735.000000  2556 50
25755.000000  2565 50
25769.000000  2572 50
25789.000000  2581 50
25809.000000  2589 50
25829.000000  2599 50
25847.000000  2607 50
25873.000000  2618 50
25887.000000  2624 50
25921.000000  2640 50
25923.000000  2641 50
25943.000000  2650 50
26005.000000  2677 50
26007.000000  2678 50
26035.000000  2691 50
26059.000000  2701 50
26067.000000  2705 50
26067.000000  2705 50
26099.000000  2719 50
26123.000000  2730 50
26155.000000  2745 50
26315.000000  2816 50
26317.000000  2817 50
26323.000000  2820 50
26349.000000  2831 50
26417.000000  2862 50
26491.000000  2895 50
26515.000000  2906 50
26547.000000  2920 50
26601.000000  2945 50
26633.000000  2959 50
26687.000000  2983 50
26687.000000  2983 50
26749.000000  3011 50
26751.000000  3012 50
26783.000000  3026 50
26811.000000  3039 50
26813.000000  3040 50
26829.000000  3047 50
26839.000000  3051 50
26863.000000  3062 50
26893.000000  3075 50
26929.000000  3091 50
26955.000000  3103 50
26979.000000  3114 50
26999.000000  3123 50
27019.000000  3132 50
27021.000000  3133 50
27029.000000  3137 50
27049.000000  3145 50
27109.000000  3172 50
27109.000000  3172 50
27143.000000  3187 50
27157.000000  3194 50
27173.000000  3201 50
27205.000000  3215 50
27207.000000  3216 50
27233.000000  3228 50
27257.000000  3239 50
27273.000000  3246 50
27327.000000  3270 50
27361.000000  3285 50
27383.000000  3295 50
27393.000000  3300 50
27407.000000  3306 50
27417.000000  3310 50
27447.000000  3324 50
27449.000000  3325 50
27455.000000  3327 50
27469.000000  3334 50
27499.000000  3347 50
27533.000000  3362 50
27545.000000  3368 50
27561.000000  3375 50
27587.000000  3387 50
27611.000000  3397 50
27637.000000  3409 50
27651.000000  3415 50
27667.000000  3422 50
27691.000000  3433 50
27705.000000  3439 50
27727.000000  3449 50
27745.000000  3457 50
27747.000000  3458 50
27755.000000  3462 50
27781.000000  3473 50
27821.000000  3491 50
27823.000000  3492 50
27847.000000  3503 50
27849.000000  3504 50
27861.000000  3509 50
27911.000000  3532 50
27935.000000  3543 50
27935.000000  3543 50
27947.000000  3548 50
27959.000000  3553 50
27981.000000  3563 50
28015.000000  3578 50
28037.000000  3588 50
28047.000000  3593 50
28079.000000  3607 50
28107.000000  3619 50
28107.000000  3619 50
28107.000000  3619 50
28117.000000  3624 50
28135.000000  3632 50
28135.000000  3632 50
28165.000000  3646 50
28175.000000  3650 50
28205.000000  3664 50
28207.000000  3665 50
28223.000000  3672 50
28277.000000  3696 50
28287.000000  3700 50
28287.000000  3700 50
28327.000000  3718 50
28365.000000  3735 50
28401.000000  3751 50
28423.000000  3761 50
28459.000000  3777 50
28483.000000  3788 50
28497.000000  3794 50
28531.000000  3810 50
28533.000000  3811 50
28555.000000  3821 50
28587.000000  3835 50
28587.000000  3835 50
28641.000000  3859 50
28673.000000  3873 50
28707.000000  3889 50
28765.000000  3915 50
28767.000000  3915 50
28813.000000  3936 50
28833.000000  3945 50
28847.000000  3951 50
28869.000000  3961 50
28917.000000  3983 50
28951.000000  3998 50
28979.000000  4011 50
29033.000000  4035 50
29097.000000  4063 50
29127.000000  4077 50
29129.000000  4078 50
29155.000000  4089 50
29179.000000  4100 50
29187.000000  4104 50
29223.000000  4120 50
29223.000000  4120 50
29223.000000  4120 50
29277.000000  4144 50
29299.000000  4154 50
29313.000000  4160 50
29339.000000  4172 50
29413.000000  4205 50
29429.000000  4212 50
29457.000000  4225 50
29459.000000  4226 50
29481.000000  4235 50
29497.000000  4243 50
29531.000000  4258 50
29555.000000  4269 50
29555.000000  4269 50
29579.000000  4279 50
29581.000000  4281 50
29615.000000  4296 50
29615.000000  4296 50
29665.000000  4318 50
29739.000000  4351 50
29767.000000  4364 50
29769.000000  4365 50
29799.000000  4378 50
29801.000000  4379 50
29839.000000  4396 50
29839.000000  4396 50
29875.000000  4412 50
29907.000000  4427 50
29909.000000  4427 50
29931.000000  4437 50
29993.000000  4465 50
29993.000000  4465 50
29993.000000  4465 50
29999.000000  4468 50
30011.000000  4473 50
30013.000000  4474 50
30041.000000  4487 50
30043.000000  4487 50
30071.000000  4500 50
30073.000000  4501 50
30113.000000  4519 50
30129.000000  4526 50
30143.000000  4532 50
30143.000000  4532 50
30169.000000  4544 50
30203.000000  4559 50
30237.000000  4575 50
30259.000000  4584 50
30315.000000  4609 50
30333.000000  4617 50
30383.000000  4640 50
30439.000000  4665 50
30473.000000  4680 50
30497.000000  4691 50
30511.000000  4697 50
30523.000000  4703 50
30551.000000  4715 50
30607.000000  4740 50
30607.000000  4740 50
30607.000000  4740 50
30635.000000  4753 50
30635.000000  4753 50
30635.000000  4753 50
30651.000000  4760 50
30669.000000  4768 50
30683.000000  4774 50
30683.000000  4774 50
30709.000000  4786 50
30717.000000  4790 50
30731.000000  4796 50
30749.000000  4804 50
30777.000000  4817 50
30779.000000  4817 50
30799.000000  4826 50
30829.000000  4840 50
30853.000000  4851 50
30867.000000  4857 50
30877.000000  4861 50
30907.000000  4875 50
30909.000000  4876 50
30917.000000  4879 50
30943.000000  4891 50
30975.000000  4905 50
30983.000000  4909 50
30983.000000  4909 50
31053.000000  4940 50
31113.000000  4967 50
31115.000000  4968 50
31127.000000  4973 50
31129.000000  4974 50
31189.000000  5001 50
31213.000000  5012 50
31225.000000  5017 50
31249.000000  5028 50
31263.000000  5034 50
31279.000000  5041 50
31303.000000  5052 50
31325.000000  5062 50
31325.000000  5062 50
31335.000000  5067 50
31369.000000  5082 50
31399.000000  5095 50
31429.000000  5109 50
31461.000000  5123 50
31477.000000  5130 50
31505.000000  5143 50
31519.000000  5149 50
31535.000000  5156 50
31549.000000  5163 50
31573.000000  5173 50
31587.000000  5180 50
31679.000000  5221 50
31687.000000  5225 50
31743.000000  5250 50
31799.000000  5275 50
31855.000000  5300 50
31855.000000  5300 50
31865.000000  5304 50
31879.000000  5311 50
31931.000000  5334 50
31961.000000  5347 50
31963.000000  5348 50
31989.000000  5360 50
32005.000000  5367 50
32029.000000  5378 50
32043.000000  5384 50
32069.000000  5396 50
32105.000000  5412 50
32105.000000  5412 50
32117.000000  5417 50
32133.000000  5424 50
32203.000000  5456 50
32225.000000  5466 50
32239.000000  5472 50
32255.000000  5479 50
32323.000000  5510 50
32385.000000  5537 50
32419.000000  5553 50
32447.000000  5565 50
32449.000000  5566 50
32465.000000  5573 50
32493.000000  5586 50
32517.000000  5596 50
32575.000000  5623 50
32585.000000  5627 50
32607.000000  5637 50
32631.000000  5648 50
32651.000000  5657 50
32659.000000  5660 50
32673.000000  5666 50
32695.000000  5676 50
32709.000000  5683 50
32735.000000  5694 50
32765.000000  5708 50
32779.000000  5714 50
32813.000000  5729 50
32859.000000  5750 50
32859.000000  5750 50
32883.000000  5761 50
32921.000000  5778 50
32933.000000  5783 50
32955.000000  5793 50
32987.000000  5807 50
32987.000000  5807 50
33011.000000  5818 50
33045.000000  5833 50
33067.000000  5843 50
33129.000000  5871 50
33137.000000  5874 50
33171.000000  5890 50
33201.000000  5903 50
33237.000000  5919 50
33239.000000  5920 50
33269.000000  5933 50
33299.000000  5947 50
33319.000000  5956 50
33345.000000  5968 50
33371.000000  5979 50
33511.000000  6042 50
33599.000000  6082 50
33659.000000  6109 50
33731.000000  6141 50
33791.000000  6168 50
33807.000000  6175 50
33809.000000  6176 50
33861.000000  6199 50
33875.000000  6205 50
33897.000000  6215 50
33959.000000  6243 50
34009.000000  6265 50
34011.000000  6266 50
34057.000000  6287 50
34133.000000  6321 50
34149.000000  6328 50
34167.000000  6336 50
34177.000000  6341 50
34197.000000  6350 50
34223.000000  6361 50
34223.000000  6361 50
34223.000000  6361 50
34255.000000  6376 50
34269.000000  6382 50
34299.000000  6395 50
34323.000000  6406 50
34357.000000  6421 50
34359.000000  6422 50
34379.000000  6431 50
34435.000000  6456 50
34441.000000  6459 50
34475.000000  6474 50
34499.000000  6485 50
34529.000000  6498 50
34553.000000  6509 50
34581.000000  6522 50
34655.000000  6555 50
34675.000000  6564 50
34691.000000  6571 50
34707.000000  6578 50
34735.000000  6591 50
34769.000000  6606 50
34783.000000  6612 50
34809.000000  6624 50
34831.000000  6634 50
34891.000000  6661 50
34893.000000  6662 50
34923.000000  6675 50
34923.000000  6675 50
34923.000000  6675 50
34957.000000  6690 50
34985.000000  6703 50
34987.000000  6704 50
35017.000000  6717 50
35019.000000  6718 50
35043.000000  6729 50
35077.000000  6744 50
35079.000000  6745 50
35099.000000  6754 50
35131.000000  6768 50
35165.000000  6784 50
35177.000000  6789 50
35193.000000  6796 50
35217.000000  6807 50
35241.000000  6818 50
35241.000000  6818 50
35257.000000  6825 50
35295.000000  6842 50
35319.000000  6853 50
35333.000000  6859 50
35353.000000  6868 50
35371.000000  6876 50
35379.000000  6880 50
35397.000000  6888 50
36371.000000  7324 50
36373.000000  7325 50
36405.000000  7340 50
36429.000000  7350 50
36451.000000  7360 50
36451.000000  7360 50
36471.000000  7369 50
36491.000000  7378 50
36517.000000  7390 50
36559.000000  7409 50
36563.000000  7410 50
36563.000000  7410 50
36587.000000  7421 50
36607.000000  7430 50
36683.000000  7464 50
36705.000000  7474 50
36729.000000  7485 50
36743.000000  7491 50
36799.000000  7516 50
36857.000000  7542 50
36891.000000  7557 50
36923.000000  7572 50
36923.000000  7572 50
36923.000000  7572 50
36923.000000  7572 50
37015.000000  7613 50
37045.000000  7627 50
37101.000000  7651 50
37101.000000  7651 50
37117.000000  7659 50
37205.000000  7698 50
37205.000000  7698 50
37291.000000  7737 50
37391.000000  7782 50
37473.000000  7818 50
37549.000000  7852 50
37623.000000  7886 50
37623.000000  7886 50
37679.000000  7911 50
37703.000000  7921 50
37735.000000  7936 50
37781.000000  7957 50
37801.000000  7965 50
37827.000000  7977 50
37873.000000  7998 50
37903.000000  8011 50
37917.000000  8017 50
37935.000000  8025 50
37965.000000  8039 50
37997.000000  8053 50
38015.000000  8061 50
38031.000000  8069 50
38063.000000  8083 50
38097.000000  8098 50
38121.000000  8109 50
38153.000000  8123 50
38175.000000  8133 50
38175.000000  8133 50
38193.000000  -1 50
38193.000000  -1 50
38253.000000  8168 50
38267.000000  8174 50
38297.000000  8188 50
38321.000000  8199 50
38353.000000  8213 50
38371.000000  8221 50
38385.000000  8227 50
38393.000000  8231 50
38405.000000  8236 50
38417.000000  8242 50
38435.000000  8250 50
38435.000000  8250 50
38465.000000  8263 50
38465.000000  8263 50
38489.000000  8274 50
38515.000000  8285 50
38545.000000  8299 50
38593.000000  8321 50
38609.000000  8328 50
38625.000000  8335 50
38651.000000  8347 50
38651.000000  8347 50
38677.000000  8358 50
38687.000000  8363 50
38743.000000  8388 50
38777.000000  8403 50
38799.000000  8413 50
38833.000000  8428 50
38855.000000  8438 50
38857.000000  8439 50
38889.000000  8453 50
38917.000000  8466 50
38951.000000  8481 50
38975.000000  8492 50
38977.000000  8493 50
39009.000000  8507 50
39035.000000  8519 50
39073.000000  8536 50
39105.000000  8550 50
39107.000000  8551 50
39137.000000  8564 50
39159.000000  8574 50
39173.000000  8581 50
39201.000000  8593 50
39225.000000  8604 50
39239.000000  8610 50
39261.000000  8620 50
39261.000000  8620 50
39293.000000  8634 50
39319.000000  8646 50
39333.000000  8652 50
39345.000000  8658 50
39427.000000  8694 50
39461.000000  8710 50
39491.000000  8723 50
39553.000000  8751 50
39555.000000  8752 50
39567.000000  8757 50
39587.000000  8766 50
39597.000000  8771 50
39611.000000  8777 50
39635.000000  8788 50
39671.000000  8804 50
39679.000000  8807 50
39679.000000  8807 50
39697.000000  8815 50
39709.000000  8821 50
39763.000000  8845 50
39765.000000  8846 50
39791.000000  8857 50
39793.000000  8858 50
39809.000000  8866 50
39827.000000  8874 50
39835.000000  8877 50
39859.000000  8888 50
39867.000000  8892 50
39875.000000  8895 50
39875.000000  8895 50
39905.000000  8909 50
39913.000000  8912 50
39921.000000  8916 50
39951.000000  8929 50
39953.000000  8930 50
39969.000000  8937 50
40049.000000  8973 50
40077.000000  8986 50
40133.000000  9011 50
40167.000000  9026 50
40189.000000  9036 50
40249.000000  9063 50
40283.000000  9078 50
40283.000000  9078 50
40283.000000  9078 50
40315.000000  9092 50
40353.000000  9109 50
40393.000000  9127 50
40393.000000  9127 50
40393.000000  9127 50
40393.000000  9127 50
40433.000000  9145 50
40481.000000  9167 50
40493.000000  9172 50
40513.000000  9181 50
40527.000000  9187 50
40551.000000  9198 50
40565.000000  9205 50
40583.000000  9213 50
40597.000000  9219 50
40631.000000  9234 50
40659.000000  9247 50
40661.000000  9247 50
40695.000000  9263 50
40697.000000  9264 50
40717.000000  9273 50
40749.000000  9287 50
40773.000000  9298 50
40837.000000  9327 50
40871.000000  9342 50
40901.000000  9355 50
40903.000000  9356 50
40949.000000  9377 50
40985.000000  9393 50
40985.000000  9393 50
41025.000000  9411 50
41061.000000  9427 50
41061.000000  9427 50
41083.000000  9437 50
41103.000000  9446 50
41111.000000  9449 50
41135.000000  9460 50
41137.000000  9461 50
41187.000000  9483 50
41189.000000  9484 50
41205.000000  9491 50
41221.000000  9499 50
41221.000000  9499 50
41239.000000  9507 50
41275.000000  9523 50
41277.000000  9524 50
41297.000000  9533 50
41313.000000  9540 50
41371.000000  9566 50
41373.000000  9567 50
41401.000000  9579 50
41425.000000  9590 50
41433.000000  9594 50
41467.000000  9609 50
41495.000000  9621 50
41497.000000  9622 50
41531.000000  9637 50
41533.000000  9638 50
41551.000000  9646 50
41551.000000  9646 50
41589.000000  9663 50
41591.000000  9664 50
41623.000000  9679 50
41651.000000  9691 50
41685.000000  9707 50
41809.000000  9762 50
41811.000000  9763 50
41827.000000  9770 50
41851.000000  9781 50
41851.000000  9781 50
41873.000000  9791 50
41939.000000  9820 50
41995.000000  9845 50
42027.000000  9860 50
42051.000000  9871 50
42107.000000  9896 50
42141.000000  9911 50
42173.000000  9925 50
42229.000000  9951 50
42231.000000  9951 50
42275.000000  9971 50
42335.000000  9998 50
42361.000000  10009 50
42409.000000  10031 50
42447.000000  10048 50
42471.000000  10059 50
42497.000000  10071 50
42511.000000  10077 50
42543.000000  10091 50
42567.000000  10102 50
42583.000000  10109 50
42613.000000  10123 50
42613.000000  10123 50
42667.000000  10147 50
42695.000000  10159 50
42695.000000  10159 50
42695.000000  10159 50
42727.000000  10174 50
42751.000000  10185 50
42761.000000  10189 50
42793.000000  10203 50
42825.000000  10218 50
42825.000000  10218 50
42825.000000  10218 50
42835.000000  10222 50
42835.000000  10222 50
42845.000000  10227 50
42845.000000  10227 50
42873.000000  10239 50
42879.000000  10242 50
42881.000000  10243 50
42903.000000  10253 50
42947.000000  10272 50
42969.000000  10282 50
43029.000000  10309 50
43031.000000  10310 50
43041.000000  10315 50
43063.000000  10324 50
43097.000000  10340 50
43113.000000  10347 50
43151.000000  10364 50
43167.000000  10371 50
43189.000000  10381 50
43223.000000  10396 50
43251.000000  10409 50
43253.000000  10410 50
43283.000000  10423 50
43285.000000  10424 50
43337.000000  10447 50
43339.000000  10448 50
43359.000000  10457 50
43373.000000  10463 50
43403.000000  10477 50
43431.000000  10489 50
43431.000000  10489 50
43431.000000  10489 50
43467.000000  10505 50
43469.000000  10506 50
43513.000000  10526 50
43537.000000  10537 50
43553.000000  10544 50
43573.000000  10553 50
43609.000000  10569 50
43641.000000  10583 50
43641.000000  10583 50
43677.000000  10600 50
43701.000000  10610 50
43727.000000  10622 50
43773.000000  10643 50
43791.000000  10651 50
43791.000000  10651 50
43807.000000  10658 50
43821.000000  10664 50
43821.000000  10664 50
43873.000000  10687 50
43927.000000  10712 50
43949.000000  10721 50
43963.000000  10728 50
43989.000000  10739 50
44021.000000  10754 50
44045.000000  10765 50
44077.000000  10779 50
44103.000000  10791 50
44137.000000  10806 50
44163.000000  10817 50
44165.000000  10818 50
44175.000000  10823 50
44209.000000  10838 50
44259.000000  10861 50
44279.000000  10869 50
44303.000000  10880 50
44319.000000  10887 50
44367.000000  10909 50
44389.000000  10919 50
44403.000000  10925 50
44435.000000  10939 50
44467.000000  10954 50
44491.000000  10965 50
44523.000000  10979 50
44523.000000  10979 50
44547.000000  10990 50
44581.000000  11005 50
44609.000000  11017 50
44645.000000  11034 50
44647.000000  11035 50
44667.000000  11043 50
44701.000000  11059 50
44703.000000  11060 50
44803.000000  11104 50
44849.000000  11125 50
44849.000000  11125 50
44863.000000  11131 50
44927.000000  11160 50
44951.000000  11171 50
44951.000000  11171 50
44973.000000  11181 50
45021.000000  11202 50
45057.000000  11218 50
45107.000000  11241 50
45109.000000  11242 50
45141.000000  11256 50
45171.000000  11269 50
45185.000000  11276 50
45215.000000  11289 50
45247.000000  11303 50
45249.000000  11304 50
45269.000000  11313 50
45303.000000  11329 50
45305.000000  11329 50
45325.000000  11339 50
45333.000000  11342 50
45335.000000  11343 50
45367.000000  11357 50
45423.000000  11382 50
45439.000000  11390 50
45439.000000  11390 50
45467.000000  11402 50
45479.000000  11407 50
45497.000000  11416 50
45513.000000  11423 50
45529.000000  11430 50
45551.000000  11440 50
45569.000000  11448 50
45601.000000  11462 50
45649.000000  11484 50
45661.000000  11489 50
45675.000000  11495 50
45677.000000  11496 50
45711.000000  11512 50
45711.000000  11512 50
45727.000000  11519 50
45745.000000  11527 50
45767.000000  11537 50
45819.000000  11560 50
45819.000000  11560 50
45935.000000  11612 50
45937.000000  11613 50
45967.000000  11626 50
45989.000000  11636 50
46023.000000  11651 50
46071.000000  11673 50
46091.000000  11682 50
46091.000000  11682 50
46107.000000  11689 50
46117.000000  11693 50
46139.000000  11703 50
46205.000000  11733 50
46235.000000  11747 50
46305.000000  11778 50
46305.000000  11778 50
46331.000000  11789 50
46405.000000  11823 50
46407.000000  11824 50
46437.000000  11837 50
46461.000000  11848 50
46493.000000  11862 50
46493.000000  11862 50
46519.000000  11874 50
46533.000000  11880 50
46565.000000  11894 50
46589.000000  11905 50
46621.000000  11919 50
46651.000000  11933 50
46653.000000  11934 50
46685.000000  11948 50
46693.000000  11952 50
46719.000000  11963 50
46727.000000  11967 50
46765.000000  11984 50
46765.000000  11984 50
46789.000000  11995 50
46815.000000  12006 50
46861.000000  12027 50
46915.000000  12051 50
46937.000000  12061 50
46961.000000  12072 50
47017.000000  12097 50
47025.000000  12101 50
47041.000000  12108 50
47049.000000  12111 50
47077.000000  12124 50
47091.000000  12130 50
47123.000000  12145 50
47151.000000  12157 50
47165.000000  12163 50
47189.000000  12174 50
47221.000000  12189 50
47245.000000  12199 50
47253.000000  12203 50
47269.000000  12210 50
47295.000000  12222 50
47325.000000  12235 50
47345.000000  12244 50
47371.000000  12256 50
47405.000000  12271 50
47419.000000  12277 50
47437.000000  12285 50
47451.000000  12292 50
47467.000000  12299 50
47495.000000  12311 50
47509.000000  12318 50
47525.000000  12325 50
47551.000000  12336 50
47579.000000  12349 50
47603.000000  12360 50
47693.000000  12400 50
47747.000000  12424 50
47775.000000  12437 50
47831.000000  12462 50
47863.000000  12476 50
47863.000000  12476 50
47897.000000  12491 50
47951.000000  12516 50
47977.000000  12527 50
47993.000000  12535 50
48051.000000  12561 50
48089.000000  12577 50
48089.000000  12577 50
48113.000000  12588 50
48141.000000  12601 50
48155.000000  12607 50
48185.000000  12621 50
48201.000000  12628 50
48201.000000  12628 50
48225.000000  12639 50
48245.000000  12647 50
48263.000000  12656 50
48281.000000  12664 50
48305.000000  12674 50
48337.000000  12689 50
48367.000000  12702 50
48373.000000  12705 50
48373.000000  12705 50
48373.000000  12705 50
48391.000000  12713 50
48421.000000  12726 50
48453.000000  12741 50
48453.000000  12741 50
48529.000000  12775 50
48563.000000  12790 50
48563.000000  12790 50
48607.000000  12810 50
48631.000000  12821 50
48631.000000  12821 50
48655.000000  12831 50
48703.000000  12853 50
48725.000000  12863 50
48757.000000  12877 50
48767.000000  12881 50
48843.000000  12916 50
48863.000000  12925 50
48913.000000  12947 50
48921.000000  12951 50
48939.000000  12959 50
48969.000000  12972 50
48971.000000  12973 50
48973.000000  12974 50
48989.000000  12981 50
49015.000000  12993 50
49045.000000  13006 50
49047.000000  13007 50
49067.000000  13016 50
49071.000000  13018 50
49103.000000  13032 50
49105.000000  13033 50
49137.000000  13047 50
49169.000000  13062 50
49171.000000  13063 50
49205.000000  13078 50
49261.000000  13103 50
49299.000000  13120 50
49319.000000  13129 50
49333.000000  13135 50
49349.000000  13142 50
49363.000000  13149 50
49385.000000  13159 50
49395.000000  13163 50
49409.000000  13169 50
49409.000000  13169 50
49435.000000  13181 50
49461.000000  13193 50
49463.000000  13194 50
49493.000000  13207 50
49519.000000  13219 50
49567.000000  13240 50
49581.000000  13246 50
49613.000000  13261 50
49613.000000  13261 50
49667.000000  13285 50
49691.000000  13296 50
49723.000000  13310 50
49725.000000  13311 50
49747.000000  13321 50
49783.000000  13337 50
49785.000000  13338 50
49805.000000  13347 50
49845.000000  13365 50
49869.000000  13375 50
49879.000000  13380 50
49911.000000  13394 50
49925.000000  13401 50
49925.000000  13401 50
49935.000000  13405 50
49953.000000  13413 50
49969.000000  13420 50
49995.000000  13432 50
50009.000000  13438 50
50029.000000  13447 50
50043.000000  13454 50
50067.000000  13464 50
50075.000000  13468 50
50077.000000  13469 50
50105.000000  13481 50
50131.000000  13493 50
50151.000000  13502 50
50167.000000  13509 50
50199.000000  13523 50
50199.000000  13523 50
50219.000000  13532 50
50229.000000  13537 50
50231.000000  13538 50
50251.000000  13547 50
50253.000000  13548 50
50285.000000  13562 50
50285.000000  13562 50
50285.000000  13562 50
50309.000000  13573 50
50363.000000  13597 50
50427.000000  13626 50
50429.000000  13627 50
50457.000000  13639 50
50485.000000  13652 50
50487.000000  13653 50
50499.000000  13658 50
50523.000000  13669 50
50537.000000  13675 50
50561.000000  13686 50
50589.000000  13698 50
50589.000000  13698 50
50589.000000  13698 50
50595.000000  13701 50
50597.000000  13702 50
50629.000000  13716 50
50641.000000  13722 50
50667.000000  13733 50
50675.000000  13737 50
50699.000000  13748 50
50713.000000  13754 50
50733.000000  13763 50
50755.000000  13773 50
50773.000000  13781 50
50775.000000  13782 50
50797.000000  13791 50
50825.000000  13804 50
51747.000000  14217 50
51769.000000  14227 50
51811.000000  14246 50
51813.000000  14247 50
51869.000000  14272 50
51883.000000  14278 50
51899.000000  14286 50
51931.000000  14300 50
51941.000000  14304 50
51971.000000  14318 50
51973.000000  14319 50
52041.000000  14349 50
52089.000000  14371 50
52115.000000  14383 50
52127.000000  14388 50
52161.000000  14403 50
52223.000000  14431 50
52225.000000  14432 50
52253.000000  14444 50
52253.000000  14444 50
52253.000000  14444 50
52253.000000  14444 50
52311.000000  14470 50
52333.000000  14480 50
52367.000000  14495 50
52399.000000  14510 50
52415.000000  14517 50
52505.000000  14557 50
52507.000000  14558 50
52537.000000  14572 50
52537.000000  14572 50
52585.000000  14593 50
52585.000000  14593 50
52615.000000  14607 50
52641.000000  14618 50
52689.000000  14640 50
52713.000000  14651 50
52749.000000  14667 50
52783.000000  14682 50
52809.000000  14694 50
52843.000000  14709 50
52865.000000  14719 50
52899.000000  14734 50
52955.000000  14759 50
52979.000000  14770 50
52991.000000  14775 50
53015.000000  14786 50
53047.000000  14800 50
53073.000000  14812 50
53139.000000  14842 50
53139.000000  14842 50
53167.000000  14854 50
53201.000000  14869 50
53237.000000  14885 50
53265.000000  14898 50
53293.000000  14911 50
53325.000000  14925 50
53355.000000  14938 50
53383.000000  14951 50
53423.000000  14969 50
53425.000000  14970 50
53451.000000  14981 50
53515.000000  15010 50
53517.000000  15011 50
53521.000000  15013 50
53529.000000  15017 50
53543.000000  15023 50
53549.000000  15025 50
53571.000000  15035 50
53607.000000  15051 50
53609.000000  15052 50
53635.000000  15064 50
53637.000000  15065 50
53645.000000  15068 50
53645.000000  15068 50
53709.000000  15097 50
53711.000000  15098 50
53735.000000  15109 50
53751.000000  15116 50
53753.000000  15117 50
53763.000000  15121 50
53787.000000  15132 50
53813.000000  15144 50
53845.000000  15158 50
53865.000000  15167 50
53895.000000  15181 50
53921.000000  15192 50
53955.000000  15207 50
54003.000000  15229 50
54035.000000  15243 50
54047.000000  15249 50
54077.000000  15262 50
54109.000000  15277 50
54133.000000  15287 50
54165.000000  15302 50
54193.000000  15314 50
54195.000000  15315 50
54205.000000  15319 50
54237.000000  15334 50
54261.000000  15345 50
54293.000000  15359 50
54317.000000  15370 50
54333.000000  15377 50
54345.000000  15382 50
54371.000000  15394 50
54397.000000  15405 50
54431.000000  15421 50
54439.000000  15424 50
54461.000000  15434 50
54475.000000  15441 50
54501.000000  15452 50
54547.000000  15473 50
54571.000000  15483 50
54597.000000  15495 50
54609.000000  15501 50
54609.000000  15501 50
54667.000000  15527 50
54703.000000  15543 50
54757.000000  15567 50
54809.000000  15590 50
54811.000000  15591 50
54833.000000  15601 50
54835.000000  15602 50
54843.000000  15605 50
54853.000000  15610 50
54865.000000  15615 50
54893.000000  15628 50
54903.000000  15633 50
54929.000000  15644 50
54953.000000  15655 50
54967.000000  15661 50
54979.000000  15666 50
55011.000000  15681 50
55025.000000  15687 50
55047.000000  15697 50
55077.000000  15711 50
55109.000000  15725 50
55125.000000  15732 50
55149.000000  15743 50
55165.000000  15750 50
55191.000000  15761 50
55215.000000  15772 50
55245.000000  15786 50
55259.000000  15792 50
55341.000000  15829 50
55343.000000  15830 50
55365.000000  15839 50
55375.000000  15844 50
55407.000000  15858 50
55431.000000  15869 50
55445.000000  15875 50
55445.000000  15875 50
55463.000000  15883 50
55511.000000  15905 50
55517.000000  15908 50
55573.000000  15933 50
55575.000000  15934 50
55603.000000  15946 50
55605.000000  15947 50
55627.000000  15957 50
55627.000000  15957 50
55679.000000  15980 50
55713.000000  15996 50
55723.000000  16000 50
55739.000000  16007 50
55765.000000  16019 50
55805.000000  16037 50
55825.000000  16046 50
55833.000000  16049 50
55857.000000  16060 50
55879.000000  16070 50
55901.000000  16080 50
55909.000000  16083 50
55911.000000  16084 50
55939.000000  16097 50
55941.000000  16098 50
55949.000000  16101 50
55981.000000  16116 50
55985.000000  16117 50
55985.000000  16117 50
56011.000000  16129 50
56013.000000  16130 50
56025.000000  16135 50
56049.000000  16146 50
56081.000000  16161 50
56111.000000  16174 50
56113.000000  16175 50
56115.000000  16176 50
56115.000000  16176 50
56151.000000  16192 50
56153.000000  16193 50
56183.000000  16206 50
56195.000000  16212 50
56227.000000  16226 50
56249.000000  16236 50
56293.000000  16256 50
56295.000000  16257 50
56309.000000  16263 50
56309.000000  16263 50
56309.000000  16263 50
56309.000000  16263 50
56371.000000  16291 50
56409.000000  16308 50
56411.000000  16309 50
56441.000000  16322 50
56495.000000  16346 50
56511.000000  16353 50
56525.000000  16360 50
56527.000000  16361 50
56543.000000  16368 50
56559.000000  16375 50
56577.000000  16383 50
56577.000000  16383 50
56619.000000  16402 50
56619.000000  16402 50
56619.000000  16402 50
56641.000000  16412 50
56675.000000  16427 50
56675.000000  16427 50
56675.000000  16427 50
56675.000000  16427 50
56675.000000  16427 50
56709.000000  16442 50
56719.000000  16447 50
56721.000000  16447 50
56751.000000  16461 50
56775.000000  16472 50
56807.000000  16486 50
56831.000000  16497 50
56891.000000  16524 50
56893.000000  16525 50
56927.000000  16540 50
56947.000000  16549 50
56947.000000  16549 50
56985.000000  16566 50
57003.000000  16574 50
57051.000000  16595 50
57073.000000  16605 50
57101.000000  16618 50
57103.000000  16619 50
57173.000000  16650 50
57219.000000  16671 50
57285.000000  16700 50
57323.000000  16717 50
57325.000000  16718 50
57347.000000  16728 50
57347.000000  16728 50
57347.000000  16728 50
57357.000000  16733 50
57373.000000  16740 50
57397.000000  16750 50
57421.000000  16761 50
57453.000000  16776 50
57509.000000  16801 50
57511.000000  16802 50
57531.000000  16811 50
57545.000000  16817 50
57567.000000  16827 50
57581.000000  16833 50
57597.000000  16840 50
57597.000000  16840 50
57623.000000  16852 50
57671.000000  16873 50
57671.000000  16873 50
57671.000000  16873 50
57695.000000  16884 50
57721.000000  16896 50
57723.000000  16897 50
57749.000000  16908 50
57767.000000  16916 50
57767.000000  16916 50
57783.000000  16923 50
57813.000000  16937 50
57865.000000  16960 50
57877.000000  16966 50
57909.000000  16980 50
57931.000000  16990 50
57933.000000  16991 50
57943.000000  16995 50
57959.000000  17003 50
58017.000000  17029 50
58019.000000  17029 50
58049.000000  17043 50
58075.000000  17055 50
58081.000000  17057 50
58113.000000  17072 50
58115.000000  17073 50
58147.000000  17087 50
58181.000000  17102 50
58211.000000  17115 50
58213.000000  17116 50
58239.000000  17128 50
58285.000000  17149 50
58287.000000  17150 50
58307.000000  17159 50
58327.000000  17167 50
58327.000000  17167 50
58355.000000  17180 50
58379.000000  17191 50
58379.000000  17191 50
58397.000000  17199 50
58397.000000  17199 50
58413.000000  17206 50
58429.000000  17213 50
58443.000000  17219 50
58457.000000  17226 50
58457.000000  17226 50
58483.000000  17237 50
58491.000000  17241 50
58505.000000  17247 50
58505.000000  17247 50
58521.000000  17255 50
58545.000000  17265 50
58559.000000  17272 50
58577.000000  17279 50
58601.000000  17290 50
58719.000000  17343 50
58721.000000  17344 50
58741.000000  17353 50
58749.000000  17357 50
58771.000000  17367 50
58845.000000  17400 50
58889.000000  17419 50
58945.000000  17445 50
58965.000000  17453 50
58975.000000  17458 50
58993.000000  17466 50
59013.000000  17475 50
59033.000000  17484 50
59069.000000  17500 50
59105.000000  17516 50
59119.000000  17523 50
59151.000000  17537 50
59209.000000  17563 50
59211.000000  17564 50
59243.000000  17578 50
59271.000000  17591 50
59273.000000  17592 50
59279.000000  17594 50
59313.000000  17610 50
59315.000000  17611 50
59317.000000  17611 50
59337.000000  17620 50
59345.000000  17624 50
59379.000000  17639 50
59405.000000  17651 50
59439.000000  17666 50
59519.000000  17702 50
59535.000000  17709 50
59561.000000  17721 50
59587.000000  17732 50
59607.000000  17741 50
59609.000000  17742 50
59617.000000  17746 50
59637.000000  17755 50
59637.000000  17755 50
59685.000000  17776 50
59697.000000  17782 50
59723.000000  17793 50
59733.000000  17798 50
59761.000000  17810 50
59763.000000  17811 50
59787.000000  17822 50
59795.000000  17826 50
59795.000000  17826 50
59829.000000  17841 50
59851.000000  17851 50
59853.000000  17852 50
59885.000000  17866 50
59907.000000  17876 50
59907.000000  17876 50
59943.000000  17892 50
59945.000000  17893 50
59973.000000  17905 50
59985.000000  17911 50
60001.000000  17918 50
60003.000000  17919 50
60031.000000  17931 50
60039.000000  17935 50
60057.000000  17943 50
60079.000000  17953 50
60113.000000  17968 50
60141.000000  17981 50
60163.000000  17991 50
60211.000000  18012 50
60305.000000  18054 50
60379.000000  18088 50
60419.000000  18105 50
60437.000000  18113 50
60461.000000  18124 50
60493.000000  18139 50
60569.000000  18173 50
60695.000000  18229 50
60729.000000  18245 50
60729.000000  18245 50
60783.000000  18269 50
60799.000000  18276 50
60833.000000  18291 50
60835.000000  18292 50
60855.000000  18301 50
60883.000000  18313 50
60883.000000  18313 50
60959.000000  18348 50
60961.000000  18349 50
60981.000000  18357 50
60991.000000  18362 50
61011.000000  18371 50
61035.000000  18382 50
61055.000000  18391 50
61075.000000  18400 50
61107.000000  18414 50
61131.000000  18425 50
61139.000000  18428 50
61149.000000  18433 50
61205.000000  18458 50
61213.000000  18461 50
61245.000000  18476 50
61279.000000  18491 50
61305.000000  18503 50
61339.000000  18518 50
61371.000000  18532 50
61371.000000  18532 50
61415.000000  18552 50
61459.000000  18572 50
61493.000000  18587 50
61505.000000  18592 50
61505.000000  18592 50
61529.000000  18603 50
61563.000000  18618 50
61563.000000  18618 50
61601.000000  18635 50
61615.000000  18642 50
61637.000000  18651 50
61637.000000  18651 50
61653.000000  18659 50
61697.000000  18679 50
61749.000000  18702 50
61805.000000  18727 50
61813.000000  18730 50
61885.000000  18763 50
61947.000000  18791 50
62003.000000  18815 50
62019.000000  18823 50
62047.000000  18835 50
62047.000000  18835 50
62063.000000  18843 50
62083.000000  18851 50
62123.000000  18869 50
62153.000000  18883 50
62171.000000  18891 50
62185.000000  18897 50
62185.000000  18897 50
62259.000000  18930 50
62335.000000  18965 50
62393.000000  18990 50
62461.000000  19021 50
62555.000000  19063 50
62555.000000  19063 50
62629.000000  19096 50
62631.000000  19097 50
62663.000000  19111 50
62711.000000  19133 50
62735.000000  19144 50
62761.000000  19155 50
62785.000000  19166 50
62803.000000  19174 50
62829.000000  19186 50
62865.000000  19202 50
62889.000000  19213 50
62937.000000  19234 50
62979.000000  19253 50
63021.000000  19272 50
63053.000000  19286 50
63107.000000  19311 50
63137.000000  19324 50
63139.000000  19325 50
63171.000000  19339 50
63203.000000  19354 50
63237.000000  19369 50
63265.000000  19381 50
63267.000000  19382 50
63273.000000  19385 50
63309.000000  19401 50
63311.000000  19402 50
63337.000000  19414 50
63383.000000  19434 50
63389.000000  19437 50
63391.000000  19438 50
63417.000000  19449 50
63447.000000  19463 50
63449.000000  19464 50
63467.000000  19472 50
63467.000000  19472 50
63507.000000  19490 50
63515.000000  19493 50
63523.000000  19497 50
63545.000000  19507 50
63567.000000  19517 50
63581.000000  19523 50
63597.000000  19530 50
63599.000000  19531 50
63611.000000  19537 50
63611.000000  19537 50
63669.000000  19563 50
63723.000000  19587 50
63755.000000  19601 50
63865.000000  19650 50
63925.000000  19677 50
63977.000000  19701 50
63977.000000  19701 50
63989.000000  19706 50
64003.000000  19712 50
64059.000000  19737 50
64097.000000  19754 50
64113.000000  19762 50
64129.000000  19769 50
64145.000000  19776 50
64193.000000  19797 50
64221.000000  19810 50
64241.000000  19819 50
64267.000000  19831 50
64269.000000  19831 50
64301.000000  19846 50
64325.000000  19857 50
64357.000000  19871 50
64391.000000  19886 50
64415.000000  19897 50
64429.000000  19903 50
64463.000000  19918 50
64465.000000  19919 50
64493.000000  19932 50
64505.000000  19937 50
64563.000000  19963 50
64595.000000  19978 50
64595.000000  19978 50
64615.000000  19987 50
64617.000000  19987 50
64645.000000  20000 50
64671.000000  20012 50
64695.000000  20023 50
64715.000000  20031 50
64725.000000  20036 50
64761.000000  20052 50
64761.000000  20052 50
64775.000000  20058 50
64813.000000  20075 50
64829.000000  20083 50
64845.000000  20090 50
64871.000000  20101 50
64897.000000  20113 50
64911.000000  20119 50
64945.000000  20135 50
64947.000000  20135 50
64967.000000  20145 50
65001.000000  20160 50
65003.000000  20161 50
65027.000000  20171 50
65027.000000  20171 50
65027.000000  20171 50
65061.000000  20187 50
65115.000000  20211 50
65137.000000  20221 50
65137.000000  20221 50
65147.000000  20225 50
65155.000000  20229 50
65155.000000  20229 50
65173.000000  20237 50
65195.000000  20247 50
65227.000000  20261 50
65251.000000  20272 50
65257.000000  20274 50
65285.000000  20287 50
65333.000000  20309 50
65345.000000  20314 50
65363.000000  20322 50
65363.000000  20322 50
65395.000000  20336 50
65427.000000  20351 50
65441.000000  20357 50
65461.000000  20366 50
65461.000000  20366 50
65461.000000  20366 50
65461.000000  20366 50
65513.000000  20389 50
65539.000000  20401 50
65579.000000  20419 50
65579.000000  20419 50
65613.000000  20434 50
65637.000000  20445 50
65673.000000  20461 50
65675.000000  20462 50
65693.000000  20470 50
65693.000000  20470 50
65749.000000  20495 50
65783.000000  20510 50
65813.000000  20524 50
65849.000000  20540 50
65851.000000  20541 50
65871.000000  20550 50
65901.000000  20563 50
65949.000000  20585 50
65961.000000  20590 50
65983.000000  20600 50
66001.000000  20608 50
66037.000000  20624 50
66067.000000  20637 50
66129.000000  20665 50
66155.000000  20677 50
66173.000000  20685 50
66181.000000  20689 50
66219.000000  20706 50
66243.000000  20716 50
66305.000000  20744 50
66305.000000  20744 50
66305.000000  20744 50
66337.000000  20759 50
66361.000000  20769 50
66393.000000  20784 50
66447.000000  20808 50
66477.000000  20821 50
66531.000000  20846 50
66533.000000  20847 50
66553.000000  20855 50
66553.000000  20855 50
66563.000000  20860 50
66601.000000  20877 50
66601.000000  20877 50
66613.000000  20882 50
66637.000000  20893 50
66673.000000  20909 50
66681.000000  20913 50
66689.000000  20917 50
66705.000000  20924 50
66759.000000  20948 50
66795.000000  20964 50
66807.000000  20969 50
66837.000000  20983 50
66837.000000  20983 50
67651.000000  21348 50
67653.000000  21349 50
67679.000000  21360 50
67681.000000  21361 50
67709.000000  21374 50
67711.000000  21375 50
67789.000000  21410 50
67817.000000  21422 50
67817.000000  21422 50
67827.000000  21427 50
67829.000000  21427 50
67835.000000  21430 50
67835.000000  21430 50
67861.000000  21442 50
67881.000000  21451 50
67885.000000  21453 50
67899.000000  21459 50
67909.000000  21463 50
67933.000000  21474 50
67943.000000  21479 50
67963.000000  21488 50
67977.000000  21494 50
67987.000000  21498 50
68023.000000  21515 50
68051.000000  21527 50
68149.000000  21571 50
68183.000000  21586 50
68207.000000  21597 50
68221.000000  21603 50
68223.000000  21604 50
68239.000000  21611 50
68285.000000  21632 50
68285.000000  21632 50
68311.000000  21644 50
68365.000000  21668 50
68399.000000  21683 50
68429.000000  21697 50
68473.000000  21716 50
68507.000000  21732 50
68507.000000  21732 50
68541.000000  21747 50
68589.000000  21768 50
68627.000000  21785 50
68665.000000  21803 50
68689.000000  21813 50
68737.000000  21835 50
68755.000000  21843 50
68807.000000  21866 50
68843.000000  21882 50
68845.000000  21883 50
68895.000000  21906 50
68921.000000  21917 50
68975.000000  21941 50
69009.000000  21957 50
69031.000000  21967 50
69065.000000  21982 50
69135.000000  22013 50
69157.000000  22023 50
69191.000000  22038 50
69239.000000  22060 50
69257.000000  22068 50
69257.000000  22068 50
69295.000000  22085 50
69303.000000  22089 50
69333.000000  22102 50
69361.000000  22115 50
69379.000000  22123 50
69395.000000  22130 50
69429.000000  22145 50
69431.000000  22146 50
69483.000000  22169 50
69485.000000  22170 50
69507.000000  22180 50
69539.000000  22194 50
69561.000000  22204 50
69605.000000  22224 50
69629.000000  22235 50
69639.000000  22239 50
69661.000000  22249 50
69661.000000  22249 50
69661.000000  22249 50
69691.000000  22263 50
69693.000000  22263 50
69721.000000  22276 50
69755.000000  22291 50
69791.000000  22307 50
69799.000000  22311 50
69837.000000  22328 50
69905.000000  22358 50
69929.000000  22369 50
69945.000000  22376 50
69959.000000  22383 50
69973.000000  22389 50
69991.000000  22397 50
69991.000000  22397 50
70007.000000  22404 50
70037.000000  22417 50
70069.000000  22432 50
70123.000000  22456 50
70125.000000  22457 50
70151.000000  22469 50
70153.000000  22470 50
70179.000000  22481 50
70179.000000  22481 50
70203.000000  22492 50
70259.000000  22517 50
70275.000000  22524 50
70305.000000  22538 50
70305.000000  22538 50
70335.000000  22551 50
70345.000000  22556 50
70369.000000  22566 50
70383.000000  22573 50
70399.000000  22580 50
70447.000000  22601 50
70455.000000  22605 50
70475.000000  22614 50
70485.000000  22618 50
70541.000000  22644 50
70541.000000  22644 50
70565.000000  22654 50
70597.000000  22669 50
70599.000000  22670 50
70621.000000  22679 50
70657.000000  22695 50
70677.000000  22704 50
70755.000000  22740 50
70813.000000  22765 50
70813.000000  22765 50
70847.000000  22781 50
70871.000000  22791 50
70883.000000  22797 50
70911.000000  22809 50
70925.000000  22816 50
70925.000000  22816 50
70941.000000  22823 50
70961.000000  22832 50
70971.000000  22836 50
71013.000000  22855 50
71015.000000  22856 50
71041.000000  22868 50
71075.000000  22883 50
71097.000000  22893 50
71099.000000  22894 50
71109.000000  22898 50
71127.000000  22906 50
71173.000000  22927 50
71187.000000  22933 50
71203.000000  22940 50
71223.000000  22949 50
71223.000000  22949 50
71239.000000  22956 50
71255.000000  22963 50
71291.000000  22980 50
71313.000000  22990 50
71313.000000  22990 50
71347.000000  23005 50
71379.000000  23019 50
71413.000000  23035 50
71441.000000  23047 50
71443.000000  23048 50
71493.000000  23070 50
71493.000000  23070 50
71529.000000  23087 50
71531.000000  23087 50
71551.000000  23096 50
71623.000000  23129 50
71637.000000  23135 50
71653.000000  23142 50
71653.000000  23142 50
71671.000000  23150 50
71701.000000  23163 50
71747.000000  23184 50
71783.000000  23200 50
71783.000000  23200 50
71821.000000  23217 50
71851.000000  23231 50
71871.000000  23240 50
71887.000000  23247 50
71923.000000  23263 50
71955.000000  23277 50
71969.000000  23284 50
71979.000000  23288 50
71979.000000  23288 50
72035.000000  23313 50
72065.000000  23327 50
72099.000000  23342 50
72123.000000  23353 50
72139.000000  23360 50
72149.000000  23365 50
72155.000000  23367 50
72181.000000  23379 50
72195.000000  23385 50
72205.000000  23389 50
72205.000000  23389 50
72231.000000  23401 50
72265.000000  23416 50
72267.000000  23417 50
72291.000000  23428 50
72293.000000  23429 50
72321.000000  23441 50
72323.000000  23442 50
72351.000000  23455 50
72367.000000  23462 50
72383.000000  23469 50
72383.000000  23469 50
72411.000000  23482 50
72421.000000  23486 50
72435.000000  23493 50
72449.000000  23499 50
72475.000000  23511 50
72529.000000  23535 50
72617.000000  23574 50
72641.000000  23585 50
72649.000000  23589 50
72685.000000  23605 50
72687.000000  23606 50
72707.000000  23615 50
72739.000000  23629 50
72741.000000  23630 50
72763.000000  23640 50
72797.000000  23655 50
72821.000000  23665 50
72833.000000  23671 50
72867.000000  23686 50
72929.000000  23714 50
72931.000000  23715 50
72933.000000  23716 50
72941.000000  23719 50
72941.000000  23719 50
72955.000000  23726 50
72981.000000  23737 50
72991.000000  23742 50
73011.000000  23751 50
73025.000000  23757 50
73035.000000  23761 50
73061.000000  23773 50
73111.000000  23796 50
73129.000000  23804 50
73155.000000  23815 50
73171.000000  23823 50
73191.000000  23831 50
73211.000000  23841 50
73237.000000  23852 50
73273.000000  23868 50
73275.000000  23869 50
73345.000000  23901 50
73381.000000  23917 50
73409.000000  23929 50
73411.000000  23930 50
73443.000000  23945 50
73465.000000  23954 50
73499.000000  23970 50
73523.000000  23980 50
73529.000000  23983 50
73545.000000  23990 50
73579.000000  24005 50
73587.000000  24009 50
73599.000000  24015 50
73613.000000  24021 50
73645.000000  24035 50
73657.000000  24040 50
73685.000000  24053 50
73685.000000  24053 50
73749.000000  24082 50
73773.000000  24093 50
73773.000000  24093 50
73789.000000  24100 50
73801.000000  24105 50
73827.000000  24117 50
73829.000000  24117 50
73863.000000  24133 50
73931.000000  24163 50
73991.000000  24190 50
73993.000000  24191 50
74005.000000  24197 50
74025.000000  24205 50
74039.000000  24212 50
74071.000000  24226 50
74095.000000  24237 50
74127.000000  24251 50
74151.000000  24262 50
74231.000000  24298 50
74231.000000  24298 50
74239.000000  24301 50
74265.000000  24313 50
74315.000000  24335 50
74331.000000  24343 50
74361.000000  24356 50
74363.000000  24357 50
74383.000000  24366 50
74383.000000  24366 50
74399.000000  24373 50
74423.000000  24384 50
74423.000000  24384 50
74485.000000  24412 50
74503.000000  24420 50
74505.000000  24421 50
74569.000000  24449 50
74571.000000  24450 50
74575.000000  24452 50
74585.000000  24457 50
74633.000000  24478 50
74663.000000  24491 50
74665.000000  24492 50
74693.000000  24505 50
74723.000000  24518 50
74725.000000  24519 50
74755.000000  24533 50
74783.000000  24545 50
74815.000000  24560 50
74817.000000  24561 50
74841.000000  24571 50
74859.000000  24579 50
74875.000000  24587 50
74875.000000  24587 50
74893.000000  24595 50
74917.000000  24605 50
74959.000000  24624 50
74967.000000  24628 50
74991.000000  24639 50
75005.000000  24645 50
75049.000000  24665 50
75063.000000  24671 50
75063.000000  24671 50
75063.000000  24671 50
75063.000000  24671 50
75141.000000  -1 50
75141.000000  -1 50
75177.000000  24722 50
75201.000000  24733 50
75257.000000  24758 50
75269.000000  24763 50
75269.000000  24763 50
75349.000000  24799 50
75351.000000  24800 50
75383.000000  24814 50
75409.000000  24826 50
75467.000000  24852 50
75487.000000  24861 50
75513.000000  24873 50
75547.000000  24888 50
75577.000000  24901 50
75607.000000  24915 50
75641.000000  24930 50
75655.000000  24936 50
75699.000000  24956 50
75715.000000  24963 50
75731.000000  24970 50
75757.000000  24982 50
75763.000000  24985 50
75791.000000  24997 50
75861.000000  25029 50
75919.000000  25055 50
75979.000000  25081 50
75981.000000  25082 50
76047.000000  25112 50
76111.000000  25141 50
76137.000000  25152 50
76161.000000  25163 50
76195.000000  25178 50
76197.000000  25179 50
76217.000000  25188 50
76275.000000  25214 50
76325.000000  25237 50
76363.000000  25254 50
76375.000000  25259 50
76391.000000  25266 50
76439.000000  25288 50
76475.000000  25304 50
76503.000000  25316 50
76515.000000  25322 50
76531.000000  25329 50
76561.000000  25343 50
76573.000000  25348 50
76583.000000  25352 50
76585.000000  25353 50
76609.000000  25364 50
76637.000000  25377 50
76649.000000  25382 50
76665.000000  25389 50
76693.000000  25402 50
76727.000000  25417 50
76751.000000  25428 50
76783.000000  25442 50
76797.000000  25448 50
76835.000000  25465 50
76871.000000  25481 50
76871.000000  25481 50
76901.000000  25495 50
76931.000000  25508 50
76957.000000  25520 50
76959.000000  25521 50
76979.000000  25530 50
77003.000000  25541 50
77017.000000  25547 50
77017.000000  25547 50
77017.000000  25547 50
77017.000000  25547 50
77053.000000  25563 50
77077.000000  25574 50
77079.000000  25575 50
77111.000000  25589 50
77111.000000  25589 50
77111.000000  25589 50
77133.000000  -1 50
77133.000000  -1 50
77133.000000  -1 50
77133.000000  -1 50
77133.000000  -1 50
77133.000000  -1 50
77211.000000  25634 50
77243.000000  25648 50
77267.000000  25659 50
77269.000000  25660 50
77305.000000  25676 50
77307.000000  25677 50
77327.000000  25686 50
77359.000000  25700 50
77361.000000  25701 50
77391.000000  25715 50
77399.000000  25718 50
77439.000000  25736 50
77475.000000  25752 50
77477.000000  25753 50
77521.000000  25773 50
77523.000000  25774 50
77685.000000  25846 50
77685.000000  25846 50
77685.000000  25846 50
77721.000000  25863 50
77755.000000  25878 50
77785.000000  25891 50
77787.000000  25892 50
77799.000000  25897 50
77801.000000  25898 50
77873.000000  25931 50
77885.000000  25936 50
77919.000000  25951 50
77943.000000  25962 50
77975.000000  25977 50
77975.000000  25977 50
77999.000000  25987 50
78039.000000  26005 50
78067.000000  26018 50
78069.000000  26019 50
78123.000000  26043 50
78139.000000  26050 50
78171.000000  26064 50
78189.000000  26072 50
78211.000000  26082 50
78231.000000  26091 50
78249.000000  26099 50
78265.000000  26106 50
78285.000000  26115 50
78295.000000  26120 50
78321.000000  26131 50
78355.000000  26147 50
78369.000000  26153 50
78395.000000  26165 50
78397.000000  26166 50
78403.000000  26168 50
78419.000000  26175 50
78449.000000  26189 50
78459.000000  26193 50
78493.000000  26209 50
78517.000000  26219 50
78573.000000  26245 50
78629.000000  26270 50
78663.000000  26285 50
78689.000000  26297 50
78707.000000  26305 50
78753.000000  26325 50
78765.000000  26331 50
78785.000000  26340 50
78791.000000  26342 50
78793.000000  26343 50
78821.000000  26356 50
78839.000000  26364 50
78855.000000  26371 50
78871.000000  26378 50
78885.000000  26384 50
78901.000000  26392 50
78915.000000  26398 50
78933.000000  26406 50
78981.000000  26427 50
78981.000000  26427 50
78981.000000  26427 50
78999.000000  26436 50
79025.000000  26447 50
79025.000000  26447 50
79057.000000  26461 50
79091.000000  26477 50
79123.000000  26491 50
79159.000000  26507 50
79187.000000  26520 50
79189.000000  26521 50
79219.000000  26534 50
79241.000000  26544 50
79275.000000  26559 50
79297.000000  26569 50
79299.000000  26570 50
79309.000000  26575 50
79347.000000  26591 50
79397.000000  26614 50
79399.000000  26615 50
79415.000000  26622 50
79439.000000  26633 50
79469.000000  26646 50
79495.000000  26658 50
79503.000000  26661 50
79519.000000  26669 50
79535.000000  26676 50
79549.000000  26682 50
79573.000000  26693 50
79573.000000  26693 50
79585.000000  26698 50
79601.000000  26705 50
79627.000000  26717 50
79633.000000  26720 50
79643.000000  26724 50
79699.000000  26749 50
79699.000000  26749 50
79699.000000  26749 50
79699.000000  26749 50
79699.000000  26749 50
79775.000000  26783 50
79795.000000  26793 50
79809.000000  26799 50
79831.000000  26809 50
79839.000000  26812 50
79873.000000  26827 50
79901.000000  26840 50
79903.000000  26841 50
79953.000000  26863 50
79983.000000  26877 50
80029.000000  26897 50
80049.000000  26906 50
80067.000000  26914 50
80107.000000  26932 50
80121.000000  26939 50
80161.000000  26957 50
80183.000000  26967 50
80183.000000  26967 50
80203.000000  26975 50
80237.000000  26991 50
80287.000000  27013 50
80325.000000  27030 50
80327.000000  27031 50
80347.000000  27040 50
80355.000000  27043 50
80369.000000  27050 50
80401.000000  27064 50
80401.000000  27064 50
80401.000000  27064 50
80431.000000  27078 50
80485.000000  27102 50
80519.000000  27117 50
80547.000000  27130 50
80549.000000  27131 50
80583.000000  27146 50
80585.000000  27147 50
80605.000000  27156 50
80643.000000  27173 50
80657.000000  27179 50
80657.000000  27179 50
80681.000000  27189 50
80729.000000  27211 50
80753.000000  27222 50
80767.000000  27228 50
80787.000000  27237 50
81799.000000  27691 50
81801.000000  27692 50
81831.000000  27705 50
81833.000000  27706 50
81865.000000  27721 50
81867.000000  27721 50
81887.000000  27730 50
81901.000000  27737 50
81927.000000  27748 50
81941.000000  27755 50
81959.000000  27763 50
81975.000000  27770 50
81991.000000  27777 50
82005.000000  27783 50
82017.000000  27789 50
82033.000000  27796 50
82059.000000  27808 50
82059.000000  27808 50
82059.000000  27808 50
82125.000000  27837 50
82171.000000  27858 50
82193.000000  27868 50
82227.000000  27883 50
82279.000000  27906 50
82333.000000  27930 50
82387.000000  27955 50
82443.000000  27980 50
82445.000000  27981 50
82465.000000  27989 50
82521.000000  28015 50
82543.000000  28025 50
82561.000000  28033 50
82599.000000  28050 50
82619.000000  28059 50
82641.000000  28069 50
82671.000000  28082 50
82719.000000  28103 50
82753.000000  28119 50
82753.000000  28119 50
82783.000000  28132 50
82799.000000  28139 50
82813.000000  28146 50
82813.000000  28146 50
82859.000000  28166 50
82887.000000  28179 50
82889.000000  28179 50
82947.000000  28206 50
82949.000000  28207 50
82951.000000  28207 50
82965.000000  28214 50
83049.000000  28251 50
83127.000000  28286 50
83177.000000  28309 50
83223.000000  28329 50
83235.000000  28335 50
83257.000000  28345 50
83277.000000  28353 50
83311.000000  28369 50
83361.000000  28391 50
83387.000000  28403 50
83405.000000  28411 50
83427.000000  28421 50
83441.000000  28427 50
83457.000000  28434 50
83497.000000  28452 50
83529.000000  28467 50
83531.000000  28467 50
83561.000000  28481 50
83561.000000  28481 50
83561.000000  28481 50
83583.000000  28491 50
83583.000000  28491 50
83595.000000  28496 50
83625.000000  28510 50
83627.000000  28511 50
83653.000000  28522 50
83665.000000  28527 50
83697.000000  28542 50
83727.000000  28555 50
83729.000000  28556 50
83735.000000  28559 50
83801.000000  28589 50
83821.000000  28597 50
83839.000000  28605 50
83861.000000  28615 50
83865.000000  28617 50
83899.000000  28632 50
83919.000000  28641 50
83919.000000  28641 50
83919.000000  28641 50
83919.000000  28641 50
84015.000000  28684 50
84035.000000  28693 50
84045.000000  28698 50
84065.000000  28707 50
84079.000000  28713 50
84101.000000  28723 50
84115.000000  28729 50
84145.000000  28743 50
84177.000000  28757 50
84177.000000  28757 50
84195.000000  28765 50
84223.000000  28778 50
84247.000000  28789 50
84261.000000  28795 50
84313.000000  28818 50
84347.000000  28833 50
84371.000000  28844 50
84383.000000  28849 50
84455.000000  28882 50
84493.000000  28899 50
84515.000000  28909 50
84541.000000  28920 50
84557.000000  28927 50
84631.000000  28961 50
84707.000000  28995 50
84715.000000  28998 50
84733.000000  29006 50
84815.000000  29043 50
84873.000000  29069 50
84879.000000  29072 50
84913.000000  29087 50
84941.000000  29100 50
84977.000000  29116 50
84979.000000  29117 50
85003.000000  29127 50
85005.000000  29128 50
85035.000000  29142 50
85037.000000  29143 50
85065.000000  29155 50
85067.000000  29156 50
85093.000000  29168 50
85095.000000  29169 50
85111.000000  29176 50
85111.000000  29176 50
85147.000000  29192 50
85155.000000  29195 50
85175.000000  29205 50
85203.000000  29217 50
85203.000000  29217 50
85219.000000  29224 50
85257.000000  29241 50
85315.000000  29267 50
85335.000000  29276 50
85351.000000  29283 50
85367.000000  29291 50
85387.000000  29299 50
85401.000000  29306 50
85403.000000  29307 50
85433.000000  29320 50
85457.000000  29331 50
85471.000000  29337 50
85473.000000  29338 50
85507.000000  29353 50
85509.000000  29354 50
85587.000000  29389 50
85595.000000  29393 50
85629.000000  29408 50
85653.000000  29419 50
85685.000000  29433 50
85685.000000  29433 50
85717.000000  29447 50
85763.000000  29468 50
85791.000000  29481 50
85817.000000  29492 50
85853.000000  29509 50
85861.000000  29512 50
85861.000000  29512 50
85889.000000  29525 50
85903.000000  29531 50
85919.000000  29538 50
85949.000000  29551 50
85949.000000  29551 50
85973.000000  29562 50
85985.000000  29568 50
85999.000000  29574 50
85999.000000  29574 50
85999.000000  29574 50
85999.000000  29574 50
86097.000000  29618 50
86129.000000  29632 50
86151.000000  29642 50
86185.000000  29657 50
86207.000000  29667 50
86263.000000  29692 50
86277.000000  29699 50
86301.000000  29709 50
86333.000000  29724 50
86365.000000  29738 50
86385.000000  29747 50
86419.000000  29762 50
86419.000000  29762 50
86429.000000  29767 50
86461.000000  29781 50
86481.000000  29790 50
86483.000000  29791 50
86519.000000  29807 50
86533.000000  29813 50
86541.000000  29817 50
86585.000000  29837 50
86611.000000  29848 50
86625.000000  29855 50
86661.000000  29871 50
86661.000000  29871 50
86723.000000  29899 50
86755.000000  29913 50
86757.000000  29914 50
86779.000000  29924 50
86793.000000  29930 50
86817.000000  29941 50
86829.000000  29946 50
86859.000000  29960 50
86869.000000  29964 50
86881.000000  29969 50
86881.000000  29969 50
86907.000000  29981 50
86941.000000  29996 50
86941.000000  29996 50
86941.000000  29996 50
86969.000000  -1 50
86969.000000  -1 50
86969.000000  -1 50
86969.000000  -1 50
86969.000000  -1 50
86969.000000  -1 50
87027.000000  30035 50
87053.000000  30047 50
87067.000000  30053 50
87079.000000  30058 50
87097.000000  30066 50
87097.000000  30066 50
87127.000000  30080 50
87137.000000  30084 50
87145.000000  30088 50
87183.000000  30105 50
87213.000000  30118 50
87233.000000  30127 50
87249.000000  30135 50
87279.000000  30148 50
87325.000000  30168 50
87341.000000  30176 50
87353.000000  30181 50
87377.000000  30192 50
87447.000000  30223 50
87449.000000  30224 50
87477.000000  30237 50
87531.000000  30261 50
87605.000000  30294 50
87635.000000  30307 50
87637.000000  30308 50
87685.000000  30330 50
87721.000000  30346 50
87733.000000  30351 50
87759.000000  30363 50
87793.000000  30378 50
87795.000000  30379 50
87851.000000  30404 50
87851.000000  30404 50
87869.000000  30412 50
87917.000000  30434 50
87929.000000  30439 50
87945.000000  30446 50
87979.000000  30462 50
87981.000000  30463 50
88003.000000  30473 50
88017.000000  30479 50
88027.000000  30483 50
88057.000000  30497 50
88059.000000  30497 50
88135.000000  30531 50
88169.000000  30547 50
88201.000000  30561 50
88237.000000  30577 50
88293.000000  30602 50
88369.000000  30637 50
88421.000000  30660 50
88495.000000  30693 50
88517.000000  30703 50
88541.000000  30714 50
88561.000000  30723 50
88587.000000  30734 50
88595.000000  30738 50
88611.000000  30745 50
88621.000000  30749 50
88645.000000  30760 50
88659.000000  30767 50
88679.000000  30775 50
88679.000000  30775 50
88695.000000  30783 50
88705.000000  30787 50
88731.000000  30799 50
88745.000000  30805 50
88759.000000  30811 50
88783.000000  30822 50
88797.000000  30829 50
88831.000000  30844 50
88831.000000  30844 50
88831.000000  30844 50
88859.000000  30856 50
88895.000000  30872 50
88897.000000  30873 50
88921.000000  30884 50
88923.000000  30885 50
88971.000000  30906 50
88973.000000  30907 50
89009.000000  30923 50
89011.000000  30924 50
89027.000000  30931 50
89037.000000  30936 50
89055.000000  30944 50
89073.000000  30952 50
89129.000000  30977 50
89131.000000  30978 50
89157.000000  30990 50
89205.000000  31011 50
89213.000000  31015 50
89237.000000  31026 50
89251.000000  31032 50
89281.000000  31045 50
89303.000000  31055 50
89305.000000  31056 50
89367.000000  31084 50
89369.000000  31085 50
89399.000000  31098 50
89425.000000  31110 50
89439.000000  31116 50
89473.000000  31131 50
89475.000000  31132 50
89495.000000  31141 50
89527.000000  31156 50
89557.000000  31169 50
89559.000000  31170 50
89589.000000  31183 50
89637.000000  31205 50
89669.000000  31219 50
89735.000000  31249 50
89737.000000  31250 50
89811.000000  31283 50
89833.000000  31293 50
89835.000000  31294 50
89849.000000  31300 50
89859.000000  31305 50
89859.000000  31305 50
89901.000000  31323 50
89903.000000  31324 50
89925.000000  31334 50
89957.000000  31348 50
89981.000000  31359 50
90013.000000  31374 50
90045.000000  31388 50
90047.000000  31389 50
90049.000000  31390 50
90059.000000  31394 50
90079.000000  31403 50
90137.000000  31429 50
90155.000000  31437 50
90189.000000  31453 50
90215.000000  31464 50
90245.000000  31478 50
90247.000000  31479 50
90279.000000  31493 50
90287.000000  31496 50
90307.000000  31505 50
90313.000000  31508 50
90339.000000  31520 50
90401.000000  31548 50
90431.000000  31561 50
90465.000000  31576 50
90537.000000  31608 50
90561.000000  31619 50
90593.000000  31634 50
90647.000000  31658 50
90671.000000  31669 50
90707.000000  31685 50
90709.000000  31685 50
90729.000000  31695 50
90761.000000  31709 50
90815.000000  31733 50
90815.000000  31733 50
90815.000000  31733 50
90845.000000  31747 50
90847.000000  31747 50
90863.000000  31755 50
90883.000000  31764 50
90885.000000  31765 50
90937.000000  31788 50
90937.000000  31788 50
90975.000000  31805 50
91021.000000  31825 50
91037.000000  31833 50
91067.000000  31846 50
91117.000000  31869 50
91119.000000  31869 50
91141.000000  31879 50
91157.000000  31887 50
91189.000000  31901 50
91263.000000  31934 50
91321.000000  31960 50
91337.000000  31967 50
91349.000000  31973 50
91375.000000  31984 50
91377.000000  31985 50
91405.000000  31998 50
91407.000000  31999 50
91415.000000  32002 50
91437.000000  32012 50
91469.000000  32027 50
91495.000000  32038 50
91503.000000  32041 50
91545.000000  32060 50
91565.000000  32069 50
91591.000000  32081 50
91613.000000  32091 50
91627.000000  32097 50
91649.000000  32107 50
91657.000000  32111 50
91657.000000  32111 50
91689.000000  32125 50
91691.000000  32126 50
91707.000000  32133 50
91719.000000  32138 50
91765.000000  32159 50
91805.000000  32177 50
91821.000000  32184 50
91843.000000  32194 50
91853.000000  32199 50
91853.000000  32199 50
91867.000000  32205 50
91889.000000  32215 50
91891.000000  32215 50
91905.000000  32222 50
91917.000000  32227 50
91941.000000  32238 50
91975.000000  32253 50
92131.000000  32323 50
92131.000000  32323 50
92155.000000  32334 50
92165.000000  32338 50
92185.000000  32347 50
92215.000000  32361 50
92261.000000  32381 50
92293.000000  32396 50
92313.000000  32405 50
92387.000000  32438 50
92407.000000  32447 50
92421.000000  32453 50
92461.000000  32471 50
92475.000000  32477 50
92507.000000  32492 50
92581.000000  32525 50
92651.000000  32556 50
92685.000000  32571 50
92713.000000  32584 50
92745.000000  32598 50
92781.000000  32615 50
92837.000000  32640 50
92837.000000  32640 50
92871.000000  32655 50
92885.000000  32661 50
92905.000000  32670 50
92953.000000  32692 50
92983.000000  32705 50
92997.000000  32711 50
92997.000000  32711 50
93015.000000  32720 50
93037.000000  32729 50
93055.000000  32737 50
93079.000000  32748 50
93133.000000  32773 50
93157.000000  32783 50
93189.000000  32798 50
93213.000000  32808 50
93245.000000  32823 50
93247.000000  32824 50
93269.000000  32833 50
93301.000000  32848 50
93301.000000  32848 50
93335.000000  32863 50
93389.000000  32887 50
93409.000000  32896 50
93457.000000  32918 50
93477.000000  32927 50
93541.000000  32955 50
93569.000000  32968 50
93595.000000  32979 50
93611.000000  32987 50
93641.000000  33000 50
93663.000000  33010 50
93677.000000  33016 50
93707.000000  33030 50
93715.000000  33033 50
93751.000000  33049 50
93753.000000  33050 50
93775.000000  33060 50
93785.000000  33065 50
93821.000000  33081 50
93823.000000  33082 50
93843.000000  33091 50
93851.000000  33094 50
93887.000000  33111 50
93889.000000  33111 50
93909.000000  33120 50
93925.000000  33127 50
93935.000000  33132 50
93991.000000  33157 50
94019.000000  33170 50
94021.000000  33171 50
94059.000000  33188 50
94061.000000  33189 50
94107.000000  33209 50
94121.000000  33215 50
94133.000000  33221 50
94149.000000  33228 50
94159.000000  33232 50
94159.000000  33232 50
94207.000000  33254 50
94245.000000  33271 50
94263.000000  33279 50
94287.000000  33290 50
94313.000000  33301 50
94337.000000  33312 50
94357.000000  33321 50
94391.000000  33336 50
94419.000000  33349 50
94421.000000  33350 50
94451.000000  33363 50
94453.000000  33364 50
94505.000000  33387 50
94559.000000  33412 50
94611.000000  33435 50
94639.000000  33448 50
94639.000000  33448 50
94639.000000  33448 50
94659.000000  33457 50
94669.000000  33461 50
94701.000000  33475 50
94703.000000  33476 50
94733.000000  33490 50
94753.000000  33499 50
94771.000000  33507 50
94781.000000  33511 50
94803.000000  33521 50
94817.000000  33527 50
94817.000000  33527 50
94847.000000  33541 50
94855.000000  33545 50
94861.000000  33547 50
94887.000000  33559 50
94903.000000  33566 50
94903.000000  33566 50
94921.000000  33574 50
94921.000000  33574 50
94969.000000  33595 50
95009.000000  33613 50
95069.000000  33640 50
95127.000000  33666 50
95181.000000  33691 50
95181.000000  33691 50
95197.000000  33698 50
95209.000000  33703 50
95237.000000  33716 50
95239.000000  33717 50
95297.000000  33743 50
95299.000000  33743 50
95311.000000  33749 50
95339.000000  33761 50
95347.000000  33765 50
95347.000000  33765 50
95387.000000  33783 50
95419.000000  33797 50
95431.000000  33803 50
95449.000000  33811 50
95463.000000  33817 50
95463.000000  33817 50
95495.000000  33831 50
95509.000000  33838 50
95529.000000  33847 50
95543.000000  33853 50
95561.000000  33861 50
95575.000000  33867 50
95595.000000  33876 50
95623.000000  33889 50
95659.000000  33905 50
95661.000000  33906 50
95681.000000  33915 50
95681.000000  33915 50
95691.000000  33919 50
95705.000000  33926 50
95717.000000  33931 50
96679.000000  34362 50
96681.000000  34363 50
96685.000000  34365 50
96707.000000  34375 50
96737.000000  34388 50
96751.000000  34395 50
96753.000000  34395 50
96775.000000  34405 50
96837.000000  34433 50
96845.000000  34437 50
96867.000000  34447 50
96917.000000  34469 50
96951.000000  34484 50
96973.000000  34494 50
96989.000000  34501 50
97053.000000  34530 50
97087.000000  34545 50
97115.000000  34558 50
97117.000000  34559 50
97199.000000  34595 50
97267.000000  34626 50
97305.000000  34643 50
97383.000000  34678 50
97385.000000  34679 50
97441.000000  34704 50
97483.000000  34723 50
97483.000000  34723 50
97545.000000  34751 50
97603.000000  34777 50
97637.000000  34792 50
97711.000000  34825 50
97771.000000  34852 50
97771.000000  34852 50
97837.000000  34882 50
97875.000000  34899 50
97877.000000  34899 50
97927.000000  34922 50
97991.000000  34951 50
98051.000000  34978 50
98117.000000  35007 50
98149.000000  35021 50
98163.000000  35028 50
98195.000000  35042 50
98209.000000  35048 50
98231.000000  35058 50
