33397.000000  15 30
33397.000000  15 30
33453.000000  29 30
33487.000000  37 30
33553.000000  55 30
33609.000000  69 30
33623.000000  73 30
33689.000000  91 30
33689.000000  91 30
33731.000000  102 30
33753.000000  107 30
33761.000000  110 30
33781.000000  115 30
33827.000000  127 30
33905.000000  148 30
33993.000000  171 30
33995.000000  172 30
34081.000000  195 30
34157.000000  215 30
34215.000000  230 30
34217.000000  231 30
34249.000000  239 30
34279.000000  247 30
34279.000000  247 30
34309.000000  255 30
34317.000000  257 30
34337.000000  263 30
34391.000000  277 30
34403.000000  280 30
34435.000000  289 30
34435.000000  289 30
34459.000000  295 30
34479.000000  301 30
34501.000000  307 30
34517.000000  311 30
34533.000000  315 30
34551.000000  320 30
34567.000000  324 30
34589.000000  330 30
34643.000000  344 30
34651.000000  346 30
34667.000000  351 30
34695.000000  358 30
34719.000000  364 30
34721.000000  365 30
34753.000000  373 30
34753.000000  373 30
34753.000000  373 30
34781.000000  381 30
34783.000000  381 30
34809.000000  388 30
34833.000000  395 30
34847.000000  399 30
34857.000000  401 30
34859.000000  402 30
34893.000000  411 30
34943.000000  424 30
34953.000000  427 30
35493.000000  570 30
35515.000000  576 30
35515.000000  576 30
35563.000000  589 30
35565.000000  589 30
35601.000000  599 30
35631.000000  607 30
35663.000000  615 30
35709.000000  627 30
35709.000000  627 30
35803.000000  652 30
35849.000000  665 30
35891.000000  676 30
35959.000000  694 30
35967.000000  696 30
35969.000000  697 30
36001.000000  705 30
36035.000000  714 30
36069.000000  723 30
36093.000000  729 30
36127.000000  738 30
36127.000000  738 30
36127.000000  738 30
36153.000000  745 30
36155.000000  746 30
36201.000000  758 30
36213.000000  761 30
36313.000000  788 30
36313.000000  788 30
36313.000000  788 30
36313.000000  788 30
36361.000000  801 30
36381.000000  806 30
36389.000000  808 30
36433.000000  820 30
36445.000000  823 30
36465.000000  828 30
36483.000000  833 30
36527.000000  845 30
36529.000000  845 30
36569.000000  856 30
36647.000000  876 30
36681.000000  885 30
36755.000000  905 30
36791.000000  915 30
36821.000000  923 30
36863.000000  934 30
36863.000000  934 30
36863.000000  934 30
36889.000000  941 30
36911.000000  947 30
36925.000000  950 30
36943.000000  955 30
36953.000000  958 30
36997.000000  969 30
37703.000000  1157 30
37705.000000  1157 30
37721.000000  1162 30
37749.000000  1169 30
37771.000000  1175 30
37781.000000  1178 30
37795.000000  1181 30
37827.000000  1190 30
37827.000000  1190 30
37855.000000  0 30
37855.000000  0 30
37855.000000  0 30
37867.000000  1201 30
37881.000000  1204 30
37909.000000  1211 30
37911.000000  1212 30
37941.000000  1220 30
37943.000000  1221 30
37971.000000  1228 30
37973.000000  1229 30
38027.000000  1243 30
38041.000000  1247 30
38065.000000  1253 30
38131.000000  1271 30
38133.000000  1271 30
38173.000000  1282 30
38173.000000  1282 30
38199.000000  1289 30
38219.000000  1294 30
38243.000000  1300 30
38271.000000  1308 30
38303.000000  1316 30
38351.000000  1329 30
38363.000000  1332 30
38409.000000  1344 30
38423.000000  1348 30
38435.000000  1351 30
38517.000000  1373 30
38575.000000  1389 30
38581.000000  1390 30
38597.000000  1394 30
38629.000000  1403 30
38653.000000  1409 30
38667.000000  1413 30
38681.000000  1417 30
38761.000000  1438 30
38763.000000  1438 30
38799.000000  1448 30
38825.000000  1455 30
38825.000000  1455 30
38841.000000  1459 30
38867.000000  1466 30
38889.000000  1472 30
38903.000000  1476 30
38919.000000  1480 30
38939.000000  1485 30
38953.000000  1489 30
38971.000000  1494 30
38997.000000  1501 30
39013.000000  1505 30
39031.000000  1510 30
39047.000000  1514 30
39067.000000  1519 30
39143.000000  1539 30
39155.000000  1543 30
39187.000000  1551 30
39187.000000  1551 30
39215.000000  1559 30
39229.000000  1562 30
39301.000000  1581 30
39327.000000  1588 30
39391.000000  1605 30
39433.000000  1616 30
39459.000000  1623 30
39519.000000  1639 30
39543.000000  1646 30
39549.000000  1647 30
39551.000000  1648 30
39571.000000  1653 30
39571.000000  1653 30
39603.000000  1661 30
39633.000000  1669 30
39687.000000  1684 30
39787.000000  1710 30
39815.000000  1718 30
39815.000000  1718 30
39815.000000  1718 30
39845.000000  1726 30
39899.000000  1740 30
39929.000000  1748 30
39931.000000  1749 30
39957.000000  1756 30
39959.000000  1756 30
39981.000000  1762 30
39981.000000  1762 30
40015.000000  1771 30
40035.000000  1776 30
40049.000000  1780 30
40079.000000  1788 30
40093.000000  1792 30
40093.000000  1792 30
40117.000000  1798 30
40127.000000  1801 30
40145.000000  1805 30
40169.000000  1812 30
40183.000000  1816 30
40221.000000  1826 30
40251.000000  1834 30
40299.000000  1847 30
40325.000000  1853 30
40395.000000  1872 30
40397.000000  1872 30
40457.000000  1888 30
40459.000000  1889 30
40465.000000  1891 30
40479.000000  1894 30
40479.000000  1894 30
40503.000000  1901 30
40545.000000  1912 30
40573.000000  1919 30
40575.000000  1920 30
40635.000000  1936 30
40637.000000  1936 30
40689.000000  1950 30
40777.000000  1973 30
40837.000000  1989 30
40867.000000  1997 30
40961.000000  2022 30
40985.000000  2029 30
41017.000000  2037 30
41019.000000  2038 30
41093.000000  2057 30
41099.000000  2059 30
41099.000000  2059 30
41135.000000  2068 30
41157.000000  2074 30
41173.000000  2079 30
41205.000000  2087 30
41235.000000  2095 30
41237.000000  2096 30
41269.000000  2104 30
41271.000000  2105 30
41301.000000  2113 30
41327.000000  2119 30
41373.000000  2132 30
41373.000000  2132 30
41397.000000  2138 30
41405.000000  2140 30
41425.000000  2145 30
41441.000000  2150 30
41463.000000  2156 30
41523.000000  2171 30
41557.000000  2181 30
41571.000000  2184 30
41599.000000  2192 30
41613.000000  2195 30
41613.000000  2195 30
41647.000000  2205 30
41723.000000  2225 30
41725.000000  2225 30
41781.000000  2240 30
41781.000000  2240 30
41815.000000  2249 30
41889.000000  2269 30
41891.000000  2269 30
41925.000000  2278 30
41951.000000  2285 30
41991.000000  2296 30
41991.000000  2296 30
42015.000000  2302 30
42015.000000  2302 30
42067.000000  2316 30
42069.000000  2317 30
42089.000000  2322 30
42097.000000  2324 30
42127.000000  2332 30
42129.000000  2332 30
42137.000000  2335 30
42157.000000  2340 30
42165.000000  2342 30
42185.000000  2347 30
42185.000000  2347 30
42201.000000  2352 30
42229.000000  2359 30
42259.000000  2367 30
42275.000000  2371 30
42285.000000  2374 30
42315.000000  2382 30
42323.000000  2384 30
42329.000000  2386 30
42361.000000  2394 30
42363.000000  2395 30
42385.000000  2401 30
42415.000000  2408 30
42437.000000  2414 30
42439.000000  2415 30
42471.000000  2423 30
42493.000000  2429 30
42527.000000  2438 30
42549.000000  2444 30
42607.000000  2459 30
42609.000000  2460 30
42657.000000  2473 30
42669.000000  2476 30
42703.000000  2485 30
42705.000000  2485 30
42733.000000  2493 30
42747.000000  2497 30
42815.000000  2515 30
42839.000000  2521 30
42859.000000  2526 30
42879.000000  2532 30
42931.000000  2546 30
42941.000000  2548 30
42955.000000  2552 30
42979.000000  2558 30
43011.000000  2567 30
43039.000000  2574 30
43049.000000  2577 30
43049.000000  2577 30
43095.000000  2589 30
43121.000000  2596 30
43121.000000  2596 30
43157.000000  2605 30
43159.000000  2606 30
43179.000000  2611 30
43211.000000  2620 30
43237.000000  2627 30
43253.000000  2631 30
43253.000000  2631 30
43279.000000  2638 30
43325.000000  2650 30
43341.000000  2654 30
43359.000000  2659 30
43379.000000  2665 30
43387.000000  2667 30
43407.000000  2672 30
43423.000000  2676 30
43439.000000  2680 30
43473.000000  2689 30
43519.000000  2701 30
43519.000000  2701 30
43545.000000  2709 30
43599.000000  2723 30
43655.000000  2738 30
43657.000000  2738 30
43731.000000  2758 30
43769.000000  2768 30
43771.000000  2769 30
43829.000000  2784 30
43853.000000  2790 30
43861.000000  2792 30
43885.000000  2799 30
43933.000000  2812 30
43965.000000  2820 30
44033.000000  2838 30
44063.000000  2846 30
44089.000000  2853 30
44117.000000  2861 30
44163.000000  2873 30
44165.000000  2873 30
44187.000000  2879 30
44259.000000  2898 30
44295.000000  2908 30
44321.000000  2915 30
44335.000000  2918 30
44369.000000  2927 30
44371.000000  2928 30
44401.000000  2936 30
44431.000000  2944 30
44465.000000  2953 30
44493.000000  2960 30
44495.000000  2961 30
44539.000000  2973 30
44577.000000  2983 30
44595.000000  2987 30
44609.000000  2991 30
44625.000000  2995 30
44677.000000  3009 30
44713.000000  3019 30
44739.000000  3026 30
44749.000000  3028 30
44775.000000  3035 30
44795.000000  3041 30
44821.000000  3047 30
44821.000000  3047 30
44831.000000  3050 30
44847.000000  3054 30
44875.000000  3062 30
44875.000000  3062 30
44875.000000  3062 30
44903.000000  3069 30
44935.000000  3078 30
44959.000000  3084 30
45017.000000  3099 30
45075.000000  3115 30
45075.000000  3115 30
45087.000000  3118 30
45143.000000  3133 30
45181.000000  3143 30
45189.000000  3145 30
45211.000000  3151 30
45229.000000  3156 30
45253.000000  3162 30
45267.000000  3166 30
45283.000000  3170 30
45341.000000  3185 30
45369.000000  3193 30
45403.000000  3202 30
45433.000000  3210 30
45453.000000  3215 30
45491.000000  3225 30
45519.000000  3233 30
45529.000000  3235 30
45551.000000  3241 30
45585.000000  3250 30
45661.000000  3270 30
45677.000000  3275 30
45831.000000  3315 30
45907.000000  3336 30
45957.000000  3349 30
46061.000000  3377 30
46149.000000  3400 30
46185.000000  3409 30
46237.000000  3423 30
46261.000000  3429 30
46357.000000  3455 30
46387.000000  3463 30
46389.000000  3463 30
46437.000000  3476 30
46467.000000  3484 30
46503.000000  3494 30
46539.000000  3503 30
46569.000000  3511 30
46619.000000  3525 30
46631.000000  3528 30
46661.000000  3536 30
46675.000000  3539 30
46701.000000  3546 30
46753.000000  3560 30
46787.000000  3569 30
46789.000000  3570 30
46811.000000  3576 30
46853.000000  3587 30
46877.000000  3593 30
46885.000000  3595 30
46901.000000  3599 30
46911.000000  3602 30
46959.000000  3615 30
46959.000000  3615 30
46985.000000  3622 30
47017.000000  3630 30
47069.000000  3644 30
47069.000000  3644 30
47115.000000  3656 30
47129.000000  3660 30
47173.000000  3671 30
47203.000000  3679 30
47217.000000  3683 30
47237.000000  3689 30
47257.000000  3694 30
47281.000000  3700 30
47281.000000  3700 30
47329.000000  3713 30
47359.000000  3721 30
47387.000000  3728 30
47389.000000  3729 30
47423.000000  3738 30
47479.000000  3753 30
47481.000000  3753 30
47511.000000  3761 30
47535.000000  3768 30
47547.000000  3771 30
47549.000000  3771 30
47589.000000  3782 30
47591.000000  3783 30
47625.000000  3791 30
47657.000000  3800 30
47691.000000  3809 30
47715.000000  3815 30
47739.000000  3822 30
47799.000000  3838 30
47807.000000  3840 30
47843.000000  3849 30
47879.000000  3859 30
47899.000000  3864 30
47949.000000  3877 30
47949.000000  3877 30
47949.000000  3877 30
47981.000000  3886 30
47981.000000  3886 30
48005.000000  3893 30
48067.000000  3909 30
48077.000000  3912 30
48111.000000  3921 30
48143.000000  3929 30
48177.000000  3938 30
48201.000000  3944 30
48235.000000  3953 30
48259.000000  3960 30
48273.000000  3963 30
48303.000000  3971 30
48303.000000  3971 30
48329.000000  3978 30
48377.000000  3991 30
48415.000000  4001 30
48427.000000  4005 30
48457.000000  4012 30
48475.000000  4017 30
48499.000000  4023 30
48519.000000  4029 30
48533.000000  4033 30
48535.000000  4033 30
48559.000000  4039 30
48567.000000  4041 30
48587.000000  4047 30
48619.000000  4055 30
48641.000000  4061 30
48667.000000  4068 30
48675.000000  4070 30
48707.000000  4079 30
48751.000000  4090 30
48775.000000  4097 30
48789.000000  4100 30
48801.000000  4104 30
48825.000000  4110 30
48857.000000  4118 30
48881.000000  4125 30
48913.000000  4133 30
48913.000000  4133 30
48943.000000  4141 30
48945.000000  4142 30
48953.000000  4144 30
48987.000000  4153 30
49021.000000  4162 30
49023.000000  4162 30
49049.000000  4169 30
49077.000000  4177 30
49091.000000  4181 30
49167.000000  4201 30
49203.000000  4210 30
49233.000000  4218 30
49233.000000  4218 30
49249.000000  4222 30
49275.000000  4229 30
49297.000000  4235 30
49311.000000  4239 30
49343.000000  4247 30
49371.000000  4255 30
49387.000000  4259 30
49421.000000  4268 30
49457.000000  4278 30
49459.000000  4278 30
49509.000000  4291 30
49509.000000  4291 30
49535.000000  4298 30
49543.000000  4300 30
49577.000000  4309 30
49607.000000  4317 30
49615.000000  4319 30
49615.000000  4319 30
49663.000000  4332 30
49665.000000  4333 30
49667.000000  4333 30
49699.000000  4342 30
49707.000000  4344 30
49783.000000  4364 30
49791.000000  4366 30
49825.000000  4375 30
49837.000000  4378 30
49867.000000  4386 30
49885.000000  4391 30
49907.000000  4397 30
49921.000000  4401 30
50001.000000  4422 30
50037.000000  4431 30
50059.000000  4437 30
50073.000000  4441 30
50075.000000  4442 30
50109.000000  4451 30
50111.000000  4451 30
50131.000000  4456 30
50163.000000  4465 30
50185.000000  4471 30
50187.000000  4471 30
50241.000000  4485 30
50241.000000  4485 30
50255.000000  4489 30
50281.000000  4496 30
50281.000000  4496 30
50327.000000  4508 30
50369.000000  4519 30
50395.000000  4526 30
50423.000000  4534 30
50469.000000  4546 30
50489.000000  4551 30
50517.000000  4559 30
50537.000000  4564 30
50565.000000  4571 30
50643.000000  4592 30
50645.000000  4593 30
50653.000000  4595 30
50655.000000  4595 30
50673.000000  4600 30
50697.000000  4607 30
50717.000000  4612 30
50747.000000  4620 30
50759.000000  4623 30
50793.000000  4632 30
50793.000000  4632 30
50823.000000  4640 30
50825.000000  4641 30
50855.000000  4649 30
50883.000000  4656 30
50885.000000  4656 30
50919.000000  4665 30
50921.000000  4666 30
50941.000000  4671 30
50971.000000  4679 30
50973.000000  4680 30
51007.000000  4689 30
51039.000000  4697 30
51067.000000  4705 30
51099.000000  4713 30
51113.000000  4717 30
51147.000000  4726 30
51171.000000  4732 30
51171.000000  4732 30
51219.000000  4745 30
51253.000000  4754 30
51253.000000  4754 30
51287.000000  4763 30
51343.000000  4778 30
51343.000000  4778 30
51343.000000  4778 30
51367.000000  4784 30
51425.000000  4800 30
51425.000000  4800 30
51425.000000  4800 30
51485.000000  4815 30
51515.000000  4823 30
51545.000000  4831 30
51579.000000  4840 30
51601.000000  4846 30
51601.000000  4846 30
51633.000000  4855 30
51647.000000  4858 30
51677.000000  4866 30
51697.000000  4872 30
51773.000000  4892 30
51793.000000  4897 30
51809.000000  4901 30
51839.000000  4909 30
51847.000000  4912 30
51867.000000  4917 30
51891.000000  4923 30
51891.000000  4923 30
51957.000000  4941 30
51971.000000  4944 30
52007.000000  4954 30
52035.000000  4961 30
52071.000000  4971 30
52073.000000  4972 30
52093.000000  4977 30
52149.000000  4992 30
52163.000000  4995 30
52195.000000  5004 30
52211.000000  5008 30
52243.000000  5017 30
52269.000000  5023 30
52271.000000  5024 30
52299.000000  5031 30
52315.000000  5036 30
52391.000000  5056 30
52393.000000  5056 30
52435.000000  5068 30
52489.000000  5082 30
52507.000000  5087 30
52537.000000  5095 30
52597.000000  5111 30
52597.000000  5111 30
52613.000000  5115 30
52625.000000  5118 30
52675.000000  5131 30
52689.000000  5135 30
52741.000000  5149 30
52741.000000  5149 30
52775.000000  5158 30
52805.000000  5166 30
52805.000000  5166 30
52835.000000  5174 30
52883.000000  5186 30
52913.000000  5194 30
52951.000000  5204 30
52999.000000  5217 30
53075.000000  5237 30
53075.000000  5237 30
53099.000000  5244 30
53143.000000  5255 30
53145.000000  5256 30
53201.000000  5271 30
53215.000000  5275 30
53245.000000  5283 30
53269.000000  5289 30
53329.000000  5305 30
53345.000000  5309 30
53359.000000  5313 30
53385.000000  5320 30
53395.000000  5322 30
53409.000000  5326 30
53409.000000  5326 30
53463.000000  5340 30
53485.000000  5346 30
53521.000000  5356 30
53563.000000  5367 30
53579.000000  5371 30
53627.000000  5384 30
53703.000000  5404 30
53749.000000  5416 30
53749.000000  5416 30
53813.000000  5433 30
53839.000000  5440 30
53911.000000  5459 30
53923.000000  5462 30
53955.000000  5471 30
53979.000000  5477 30
53987.000000  5479 30
54051.000000  5496 30
54051.000000  5496 30
54111.000000  5512 30
54111.000000  5512 30
54159.000000  5525 30
54171.000000  5528 30
54187.000000  5532 30
54187.000000  5532 30
54199.000000  5535 30
54231.000000  5544 30
54243.000000  5547 30
54277.000000  5556 30
54299.000000  5562 30
54333.000000  5571 30
54335.000000  5571 30
54355.000000  5577 30
54379.000000  5583 30
54399.000000  5589 30
54409.000000  5591 30
54445.000000  5601 30
54469.000000  5607 30
54503.000000  5616 30
54505.000000  5617 30
54525.000000  5622 30
54557.000000  5630 30
54581.000000  5637 30
54613.000000  5645 30
54615.000000  5646 30
54857.000000  5710 30
54859.000000  5711 30
54879.000000  5716 30
54915.000000  5725 30
54945.000000  5733 30
54959.000000  5737 30
54975.000000  5741 30
55039.000000  5758 30
55059.000000  5763 30
55073.000000  5767 30
55097.000000  5774 30
55159.000000  5790 30
55171.000000  5793 30
55199.000000  5801 30
55213.000000  5805 30
55275.000000  5821 30
55277.000000  5821 30
55289.000000  5825 30
55349.000000  5840 30
55363.000000  5844 30
55373.000000  5847 30
55407.000000  5856 30
55409.000000  5856 30
55411.000000  5857 30
55431.000000  5862 30
55431.000000  5862 30
55449.000000  5867 30
55465.000000  5871 30
55515.000000  5885 30
55517.000000  5885 30
55533.000000  5889 30
55549.000000  5893 30
55575.000000  5901 30
55591.000000  5905 30
55591.000000  5905 30
55619.000000  5912 30
55633.000000  5916 30
56877.000000  6246 30
56923.000000  6258 30
56947.000000  6264 30
56961.000000  6268 30
56961.000000  6268 30
56989.000000  6275 30
57001.000000  6279 30
57025.000000  6285 30
57087.000000  6301 30
57089.000000  6302 30
57091.000000  6303 30
57103.000000  6306 30
57135.000000  6314 30
57189.000000  6329 30
57197.000000  6331 30
57217.000000  6336 30
57217.000000  6336 30
57225.000000  6338 30
57227.000000  6339 30
57249.000000  6345 30
57307.000000  6360 30
57339.000000  6368 30
57339.000000  6368 30
57367.000000  6376 30
57397.000000  6384 30
57397.000000  6384 30
57429.000000  6392 30
57519.000000  6416 30
57527.000000  6418 30
57547.000000  6424 30
57615.000000  6442 30
57651.000000  6451 30
57703.000000  6465 30
57779.000000  6485 30
57781.000000  6485 30
57801.000000  6491 30
57815.000000  6495 30
57837.000000  6501 30
57893.000000  6515 30
57927.000000  6524 30
57967.000000  6535 30
58025.000000  6550 30
58047.000000  6556 30
58063.000000  6560 30
58091.000000  6568 30
58111.000000  6573 30
58137.000000  6580 30
58147.000000  6583 30
58207.000000  6599 30
58241.000000  6608 30
58295.000000  6622 30
58297.000000  6623 30
58327.000000  6630 30
58351.000000  6637 30
58365.000000  6641 30
58375.000000  6643 30
58429.000000  6657 30
58461.000000  6666 30
58489.000000  6673 30
58491.000000  6674 30
58503.000000  6677 30
58503.000000  6677 30
58525.000000  6683 30
58539.000000  6687 30
58551.000000  6690 30
58577.000000  6697 30
58595.000000  6701 30
58621.000000  6708 30
58649.000000  6716 30
58671.000000  6722 30
58739.000000  6740 30
58799.000000  6755 30
58875.000000  6776 30
58903.000000  6783 30
58959.000000  6798 30
58993.000000  6807 30
59047.000000  6821 30
59069.000000  6827 30
59143.000000  6847 30
59157.000000  6851 30
59183.000000  6857 30
59193.000000  6860 30
59213.000000  6865 30
59271.000000  6881 30
59319.000000  6894 30
59321.000000  6894 30
59363.000000  6905 30
59387.000000  6912 30
59397.000000  6914 30
59423.000000  6921 30
59473.000000  6934 30
59513.000000  6945 30
59529.000000  6949 30
59539.000000  6952 30
59571.000000  6961 30
59575.000000  6962 30
59575.000000  6962 30
59595.000000  6967 30
59627.000000  6975 30
59659.000000  6984 30
59695.000000  6993 30
59697.000000  6994 30
59747.000000  7007 30
59803.000000  7022 30
59805.000000  7022 30
59833.000000  7030 30
59849.000000  7034 30
59879.000000  7042 30
59927.000000  7055 30
59929.000000  7055 30
59935.000000  7057 30
59937.000000  7058 30
59953.000000  7062 30
59965.000000  7065 30
59987.000000  7071 30
60001.000000  7075 30
60037.000000  7084 30
60049.000000  7087 30
60095.000000  7099 30
60095.000000  7099 30
60095.000000  7099 30
60095.000000  7099 30
60173.000000  7120 30
60209.000000  7130 30
60231.000000  7135 30
60231.000000  7135 30
60265.000000  7145 30
60289.000000  7151 30
60321.000000  7159 30
60375.000000  7174 30
60399.000000  7180 30
60413.000000  7184 30
60467.000000  7198 30
60477.000000  7201 30
60491.000000  7204 30
60521.000000  7212 30
60569.000000  7225 30
60585.000000  7229 30
60599.000000  7233 30
60601.000000  7234 30
60623.000000  7239 30
60679.000000  7254 30
60707.000000  7262 30
60757.000000  7275 30
60803.000000  7287 30
60831.000000  7295 30
60833.000000  7295 30
60885.000000  7309 30
60919.000000  7318 30
60941.000000  7324 30
60941.000000  7324 30
60977.000000  7333 30
60979.000000  7334 30
61001.000000  7340 30
61015.000000  7343 30
61049.000000  7352 30
61049.000000  7352 30
61049.000000  7352 30
61071.000000  7358 30
61073.000000  7359 30
61127.000000  7373 30
61141.000000  7377 30
61141.000000  7377 30
61179.000000  7387 30
61205.000000  7394 30
61235.000000  7402 30
61237.000000  7402 30
61255.000000  7407 30
61303.000000  7420 30
61327.000000  7426 30
61327.000000  7426 30
61351.000000  7433 30
61371.000000  7438 30
61425.000000  7452 30
61427.000000  7453 30
61445.000000  7457 30
61455.000000  7460 30
61487.000000  7469 30
61519.000000  7477 30
61553.000000  7486 30
61555.000000  7487 30
61581.000000  7494 30
61581.000000  7494 30
61581.000000  7494 30
61591.000000  7496 30
61623.000000  7505 30
61657.000000  7514 30
61691.000000  7523 30
61715.000000  7529 30
61769.000000  7543 30
61783.000000  7547 30
61809.000000  7554 30
61825.000000  7558 30
61845.000000  7563 30
61859.000000  7567 30
61859.000000  7567 30
61911.000000  7581 30
61961.000000  7594 30
61961.000000  7594 30
62003.000000  7606 30
62019.000000  7610 30
62033.000000  7613 30
62049.000000  7618 30
62107.000000  7633 30
62181.000000  7653 30
62181.000000  7653 30
62219.000000  7663 30
62219.000000  7663 30
62219.000000  7663 30
62273.000000  7677 30
62301.000000  7685 30
62301.000000  7685 30
62301.000000  7685 30
62311.000000  7687 30
62343.000000  7696 30
62345.000000  7696 30
62373.000000  7704 30
62375.000000  7704 30
62381.000000  7706 30
62381.000000  7706 30
62435.000000  7720 30
62459.000000  7726 30
62467.000000  7729 30
62505.000000  7739 30
62505.000000  7739 30
62505.000000  7739 30
62531.000000  7745 30
62545.000000  7749 30
62555.000000  7752 30
62649.000000  7777 30
62651.000000  7777 30
62683.000000  7786 30
62697.000000  7790 30
62715.000000  7794 30
62737.000000  7800 30
62737.000000  7800 30
62771.000000  7809 30
62795.000000  7815 30
62809.000000  7819 30
62839.000000  7827 30
62893.000000  7842 30
62917.000000  7848 30
62949.000000  7856 30
62949.000000  7856 30
62949.000000  7856 30
62949.000000  7856 30
63031.000000  7878 30
63067.000000  7888 30
63083.000000  7892 30
63097.000000  7896 30
63097.000000  7896 30
63153.000000  7911 30
63171.000000  7915 30
63181.000000  7918 30
63201.000000  7923 30
63231.000000  7931 30
63261.000000  7939 30
63263.000000  7940 30
63279.000000  7944 30
63297.000000  7949 30
63311.000000  7953 30
63327.000000  7957 30
63345.000000  7961 30
63383.000000  7972 30
63393.000000  7974 30
63427.000000  7983 30
63453.000000  7990 30
63487.000000  7999 30
63517.000000  8007 30
63573.000000  8022 30
63607.000000  8031 30
63635.000000  8039 30
63637.000000  8039 30
63663.000000  8046 30
63665.000000  8046 30
63687.000000  8052 30
63687.000000  8052 30
63739.000000  8066 30
63747.000000  8068 30
63763.000000  8072 30
63795.000000  8081 30
63797.000000  8081 30
63835.000000  8091 30
63835.000000  8091 30
63845.000000  8094 30
63845.000000  8094 30
63857.000000  8097 30
63877.000000  8103 30
63897.000000  8108 30
63917.000000  8113 30
63917.000000  8113 30
63933.000000  8117 30
63959.000000  8124 30
63985.000000  8131 30
63993.000000  8133 30
64055.000000  8150 30
64083.000000  8157 30
64085.000000  8158 30
64115.000000  8166 30
64117.000000  8166 30
64137.000000  8171 30
64147.000000  8174 30
64179.000000  8183 30
64179.000000  8183 30
64205.000000  8189 30
64219.000000  8193 30
64221.000000  8194 30
64251.000000  8202 30
64275.000000  8208 30
64307.000000  8217 30
64349.000000  8228 30
64349.000000  8228 30
64619.000000  8299 30
64621.000000  8300 30
64643.000000  8306 30
64665.000000  8312 30
64719.000000  8326 30
64753.000000  8335 30
64817.000000  8352 30
64819.000000  8352 30
64821.000000  8353 30
64837.000000  8357 30
64867.000000  8365 30
64869.000000  8366 30
64919.000000  8379 30
64945.000000  8386 30
64977.000000  8394 30
64993.000000  8399 30
65047.000000  8413 30
65095.000000  8426 30
65103.000000  8428 30
65111.000000  8430 30
65147.000000  8439 30
65195.000000  8452 30
65197.000000  8453 30
65213.000000  8457 30
65261.000000  8470 30
65281.000000  8475 30
65327.000000  8487 30
65349.000000  8493 30
65349.000000  8493 30
65361.000000  8496 30
65417.000000  8511 30
65417.000000  8511 30
65435.000000  8516 30
65465.000000  8524 30
65499.000000  8533 30
65533.000000  8542 30
65561.000000  8549 30
65561.000000  8549 30
65561.000000  8549 30
65581.000000  8555 30
65591.000000  8557 30
65615.000000  8564 30
65641.000000  8571 30
65661.000000  8576 30
65675.000000  8579 30
65701.000000  8587 30
65733.000000  8595 30
65741.000000  8597 30
65741.000000  8597 30
65757.000000  8601 30
65795.000000  8611 30
65797.000000  8612 30
65817.000000  8617 30
65843.000000  8624 30
65889.000000  8636 30
65915.000000  8643 30
65941.000000  8650 30
65943.000000  8651 30
65975.000000  8659 30
65997.000000  8665 30
65997.000000  8665 30
66009.000000  8668 30
66065.000000  8683 30
66099.000000  8692 30
66153.000000  8706 30
66183.000000  8714 30
66185.000000  8715 30
66245.000000  8731 30
66247.000000  8731 30
66289.000000  8742 30
66291.000000  8743 30
66323.000000  8751 30
66335.000000  8755 30
66337.000000  8755 30
66351.000000  8759 30
66373.000000  8765 30
66373.000000  8765 30
66389.000000  8769 30
66413.000000  8775 30
66441.000000  8783 30
66455.000000  8786 30
66455.000000  8786 30
66467.000000  8789 30
66487.000000  8795 30
66489.000000  8795 30
66537.000000  8808 30
66563.000000  8815 30
66607.000000  8827 30
66633.000000  8833 30
66641.000000  8836 30
66641.000000  8836 30
66677.000000  8845 30
66679.000000  8846 30
66751.000000  8865 30
66763.000000  8868 30
66827.000000  8885 30
66827.000000  8885 30
66893.000000  8902 30
66939.000000  8915 30
67021.000000  8936 30
67033.000000  8939 30
67055.000000  8945 30
67081.000000  8952 30
67101.000000  8958 30
67163.000000  8974 30
67215.000000  8988 30
67215.000000  8988 30
67251.000000  8997 30
67275.000000  9004 30
67307.000000  9012 30
67331.000000  9019 30
67345.000000  9022 30
67379.000000  9031 30
67405.000000  9038 30
67439.000000  9047 30
67493.000000  9061 30
67495.000000  9062 30
67517.000000  9068 30
67529.000000  9071 30
67559.000000  9079 30
67603.000000  9091 30
67605.000000  9091 30
67625.000000  9097 30
67639.000000  9100 30
67659.000000  9105 30
67669.000000  9108 30
67687.000000  9113 30
67741.000000  9127 30
67765.000000  9134 30
67791.000000  9141 30
67805.000000  9144 30
67807.000000  9145 30
67841.000000  9154 30
67857.000000  9158 30
67859.000000  9159 30
67891.000000  9167 30
67915.000000  9173 30
67947.000000  9182 30
67971.000000  9188 30
67985.000000  9192 30
68039.000000  9206 30
68065.000000  9213 30
68097.000000  9222 30
68131.000000  9231 30
68195.000000  9248 30
68195.000000  9248 30
68231.000000  9257 30
68255.000000  9264 30
68271.000000  9268 30
68287.000000  9272 30
68303.000000  9276 30
68333.000000  9284 30
68333.000000  9284 30
68381.000000  9297 30
68411.000000  9305 30
68441.000000  9313 30
68477.000000  9323 30
68479.000000  9323 30
68497.000000  9328 30
68497.000000  9328 30
68513.000000  9332 30
68543.000000  9340 30
68567.000000  9346 30
68569.000000  9347 30
68577.000000  9349 30
68591.000000  9353 30
68611.000000  9358 30
68625.000000  9362 30
68651.000000  9369 30
68713.000000  9385 30
68715.000000  9386 30
68745.000000  9394 30
68745.000000  9394 30
68745.000000  9394 30
68799.000000  9408 30
68829.000000  9416 30
68831.000000  9416 30
68833.000000  9417 30
68863.000000  9425 30
68907.000000  9437 30
68955.000000  9449 30
68967.000000  9452 30
68987.000000  9458 30
68987.000000  9458 30
69015.000000  9465 30
69029.000000  9469 30
69061.000000  9477 30
69091.000000  9485 30
69123.000000  9494 30
69167.000000  9505 30
69191.000000  9512 30
69223.000000  9520 30
69247.000000  9527 30
69247.000000  9527 30
69283.000000  9536 30
69305.000000  9542 30
69319.000000  9546 30
69331.000000  9549 30
69359.000000  9556 30
69359.000000  9556 30
69383.000000  9563 30
69399.000000  9567 30
69401.000000  9568 30
69429.000000  9575 30
69455.000000  9582 30
69481.000000  9589 30
69511.000000  9597 30
69513.000000  9597 30
69541.000000  9605 30
69555.000000  9608 30
69555.000000  9608 30
69581.000000  9615 30
69699.000000  9647 30
69711.000000  9650 30
69737.000000  9657 30
69737.000000  9657 30
69753.000000  9661 30
69783.000000  9669 30
69797.000000  9673 30
69811.000000  9676 30
69843.000000  9685 30
69865.000000  9691 30
69879.000000  9695 30
69903.000000  9701 30
69935.000000  9709 30
69969.000000  9718 30
69995.000000  9725 30
70011.000000  9729 30
70023.000000  9733 30
70025.000000  9733 30
70077.000000  9747 30
70115.000000  9757 30
70127.000000  9760 30
70149.000000  9766 30
70179.000000  9774 30
70181.000000  9775 30
70225.000000  9786 30
70225.000000  9786 30
70235.000000  9789 30
70235.000000  9789 30
70235.000000  9789 30
70235.000000  9789 30
70289.000000  9803 30
70305.000000  9807 30
70325.000000  9813 30
70343.000000  9817 30
70359.000000  9822 30
70375.000000  9826 30
70405.000000  9834 30
70421.000000  9838 30
70431.000000  9841 30
70509.000000  9861 30
70511.000000  9862 30
70513.000000  9863 30
70559.000000  9875 30
70595.000000  9884 30
70597.000000  9885 30
70647.000000  9898 30
70741.000000  9923 30
70741.000000  9923 30
70821.000000  9944 30
70905.000000  9966 30
70947.000000  9978 30
71005.000000  9993 30
71041.000000  10003 30
71065.000000  10009 30
71127.000000  10025 30
71129.000000  10026 30
71159.000000  10034 30
71161.000000  10035 30
71181.000000  10040 30
71195.000000  10043 30
71227.000000  10052 30
71257.000000  10060 30
71259.000000  10060 30
71309.000000  10074 30
71323.000000  10077 30
71341.000000  10082 30
71341.000000  10082 30
71365.000000  10089 30
71365.000000  10089 30
71365.000000  10089 30
71395.000000  10097 30
71429.000000  10106 30
71437.000000  10108 30
71467.000000  10116 30
71467.000000  10116 30
71493.000000  10123 30
71503.000000  10125 30
71553.000000  10138 30
71565.000000  10142 30
71585.000000  10147 30
71605.000000  10152 30
71627.000000  10158 30
71649.000000  10164 30
71735.000000  10187 30
71737.000000  10187 30
71757.000000  10193 30
71813.000000  10207 30
71847.000000  10216 30
71875.000000  10224 30
71875.000000  10224 30
71891.000000  10228 30
71923.000000  10236 30
71981.000000  10252 30
72013.000000  10260 30
72081.000000  10278 30
72081.000000  10278 30
72125.000000  10290 30
72125.000000  10290 30
72163.000000  10300 30
72183.000000  10305 30
72229.000000  10318 30
72231.000000  10318 30
72279.000000  10331 30
72367.000000  10354 30
72421.000000  10369 30
72445.000000  10375 30
72477.000000  10383 30
72501.000000  10390 30
72509.000000  10392 30
72533.000000  10398 30
72535.000000  10399 30
72559.000000  10405 30
72569.000000  10408 30
72581.000000  10411 30
72581.000000  10411 30
72621.000000  10422 30
72677.000000  10437 30
72677.000000  10437 30
72737.000000  10452 30
72773.000000  10462 30
72783.000000  10465 30
72803.000000  10470 30
72825.000000  10476 30
72831.000000  10477 30
72833.000000  10478 30
72853.000000  10483 30
72885.000000  10492 30
72895.000000  10494 30
72909.000000  10498 30
72921.000000  10501 30
72967.000000  10513 30
72979.000000  10517 30
72993.000000  10520 30
73015.000000  10526 30
73025.000000  10529 30
73045.000000  10534 30
73051.000000  10536 30
73073.000000  10541 30
73073.000000  10541 30
73083.000000  10544 30
73105.000000  10550 30
73129.000000  10556 30
73131.000000  10557 30
73235.000000  10585 30
73257.000000  10590 30
73257.000000  10590 30
73273.000000  10595 30
73295.000000  10600 30
73325.000000  10608 30
73351.000000  10615 30
73393.000000  10626 30
73429.000000  10636 30
73431.000000  10636 30
73447.000000  10641 30
75085.000000  11075 30
75087.000000  11076 30
75089.000000  11076 30
75117.000000  11084 30
75171.000000  11098 30
75195.000000  11105 30
75205.000000  11107 30
75219.000000  11111 30
75235.000000  11115 30
75271.000000  11125 30
75273.000000  11125 30
75309.000000  11135 30
75333.000000  11141 30
75333.000000  11141 30
75343.000000  11144 30
75359.000000  11148 30
75367.000000  11150 30
75395.000000  11157 30
75409.000000  11161 30
75439.000000  11169 30
75487.000000  11182 30
75507.000000  11187 30
75555.000000  11200 30
75589.000000  11209 30
75589.000000  11209 30
75631.000000  11220 30
75655.000000  11227 30
75663.000000  11229 30
75697.000000  11238 30
75773.000000  11258 30
75809.000000  11267 30
75831.000000  11273 30
75889.000000  11289 30
75903.000000  11292 30
75957.000000  11307 30
75993.000000  11316 30
76013.000000  11321 30
76031.000000  11326 30
76089.000000  11341 30
76129.000000  11352 30
76161.000000  11361 30
76299.000000  11397 30
76335.000000  11407 30
76357.000000  11413 30
76357.000000  11413 30
76373.000000  11417 30
76395.000000  11423 30
76427.000000  11431 30
76461.000000  11440 30
76485.000000  11447 30
76513.000000  11454 30
76575.000000  11471 30
76623.000000  11483 30
76659.000000  11493 30
76715.000000  11508 30
76809.000000  11533 30
76861.000000  11547 30
76925.000000  11563 30
76927.000000  11564 30
76929.000000  11565 30
76981.000000  11578 30
77039.000000  11594 30
77041.000000  11594 30
77073.000000  11603 30
77075.000000  11603 30
77151.000000  11623 30
77151.000000  11623 30
77151.000000  11623 30
77197.000000  11636 30
77209.000000  11639 30
77227.000000  11644 30
77275.000000  11656 30
77295.000000  11662 30
77321.000000  11669 30
77369.000000  11681 30
77377.000000  11683 30
77393.000000  11687 30
77423.000000  11695 30
77469.000000  11708 30
77487.000000  11713 30
77517.000000  11721 30
77519.000000  11721 30
77539.000000  11726 30
77553.000000  11730 30
77587.000000  11739 30
77589.000000  11740 30
77611.000000  11745 30
77645.000000  11755 30
77647.000000  11755 30
77675.000000  11763 30
77709.000000  11771 30
77743.000000  11780 30
77781.000000  11790 30
77783.000000  11791 30
77803.000000  11796 30
77849.000000  11809 30
77873.000000  11815 30
77897.000000  11821 30
77899.000000  11822 30
77923.000000  11828 30
77923.000000  11828 30
77945.000000  11834 30
77959.000000  11838 30
77975.000000  11842 30
77991.000000  11846 30
78011.000000  11852 30
78035.000000  11858 30
78051.000000  11862 30
78069.000000  11867 30
78079.000000  11869 30
78129.000000  11883 30
78201.000000  11902 30
78203.000000  11903 30
78213.000000  11905 30
78285.000000  11924 30
78287.000000  11925 30
78311.000000  11931 30
78321.000000  11934 30
78353.000000  11942 30
78383.000000  11950 30
78385.000000  11951 30
78413.000000  11958 30
78415.000000  11959 30
78449.000000  11967 30
78473.000000  11974 30
78485.000000  11977 30
78503.000000  11982 30
78517.000000  11986 30
78541.000000  11992 30
78555.000000  11996 30
78577.000000  12002 30
78617.000000  12012 30
78631.000000  12016 30
78633.000000  12016 30
78675.000000  12028 30
78715.000000  12038 30
78777.000000  12055 30
78801.000000  12061 30
78833.000000  12069 30
78857.000000  12076 30
78889.000000  12084 30
78891.000000  12085 30
78917.000000  12092 30
78917.000000  12092 30
78917.000000  12092 30
78947.000000  12100 30
78977.000000  12108 30
79011.000000  12117 30
79035.000000  12123 30
79067.000000  12131 30
79091.000000  12138 30
79093.000000  12138 30
79133.000000  12149 30
79135.000000  12149 30
79137.000000  12150 30
79153.000000  12154 30
79187.000000  12163 30
79207.000000  12169 30
79215.000000  12171 30
79231.000000  12175 30
79249.000000  12180 30
79265.000000  12184 30
79301.000000  12194 30
79341.000000  12204 30
79341.000000  12204 30
79373.000000  12213 30
79469.000000  12238 30
79469.000000  12238 30
79469.000000  12238 30
79523.000000  12252 30
79547.000000  12259 30
79579.000000  12267 30
79581.000000  12268 30
79603.000000  12274 30
79635.000000  12282 30
79635.000000  12282 30
79661.000000  12289 30
79673.000000  12292 30
79697.000000  12299 30
79747.000000  12312 30
79771.000000  12318 30
79801.000000  12326 30
79849.000000  12339 30
79873.000000  12345 30
79909.000000  12355 30
79937.000000  12362 30
79971.000000  12371 30
80001.000000  12379 30
80021.000000  12385 30
80053.000000  12393 30
80077.000000  12399 30
80085.000000  12401 30
80101.000000  12406 30
80127.000000  12413 30
80181.000000  12427 30
80205.000000  12433 30
80261.000000  12448 30
80295.000000  12457 30
80349.000000  12471 30
80411.000000  12488 30
80431.000000  12493 30
80457.000000  12500 30
80505.000000  12513 30
80537.000000  12521 30
80551.000000  12525 30
80571.000000  12531 30
80605.000000  12539 30
80665.000000  12555 30
80741.000000  12576 30
80751.000000  12578 30
80785.000000  12587 30
80787.000000  12588 30
80807.000000  12593 30
80839.000000  12601 30
80869.000000  12609 30
80905.000000  12619 30
80907.000000  12620 30
80927.000000  12625 30
80943.000000  12629 30
81007.000000  12646 30
81055.000000  12659 30
81071.000000  12663 30
81107.000000  12673 30
81141.000000  12681 30
81231.000000  12705 30
81233.000000  12706 30
81249.000000  12710 30
81287.000000  12720 30
81287.000000  12720 30
81337.000000  12734 30
81339.000000  12734 30
81365.000000  12741 30
81419.000000  12755 30
81471.000000  12769 30
81471.000000  12769 30
81545.000000  12789 30
81547.000000  12789 30
81569.000000  12795 30
81631.000000  12812 30
81645.000000  12815 30
81667.000000  12821 30
81697.000000  12829 30
81709.000000  12832 30
81787.000000  12853 30
81809.000000  12859 30
81831.000000  12865 30
81857.000000  12871 30
81871.000000  12875 30
81893.000000  12881 30
81913.000000  12887 30
81931.000000  12891 30
81947.000000  12895 30
81981.000000  12905 30
82021.000000  12915 30
82031.000000  12918 30
82065.000000  12927 30
82065.000000  12927 30
82065.000000  12927 30
82087.000000  12933 30
82119.000000  12941 30
82143.000000  12947 30
82151.000000  12949 30
82151.000000  12949 30
82187.000000  12959 30
82239.000000  12973 30
82263.000000  12979 30
82279.000000  12984 30
82295.000000  12988 30
82309.000000  12991 30
82339.000000  12999 30
82361.000000  13005 30
82375.000000  13009 30
82405.000000  13017 30
82421.000000  13021 30
82441.000000  13027 30
82461.000000  13032 30
82489.000000  13039 30
82535.000000  13051 30
82535.000000  13051 30
82563.000000  13059 30
82563.000000  13059 30
82605.000000  13070 30
82629.000000  13076 30
82661.000000  13085 30
82685.000000  13091 30
82699.000000  13095 30
82753.000000  13109 30
82753.000000  13109 30
82769.000000  13113 30
82803.000000  13123 30
82857.000000  13137 30
82859.000000  13137 30
82885.000000  13144 30
82887.000000  13145 30
82919.000000  13153 30
82921.000000  13154 30
82949.000000  13161 30
82953.000000  13162 30
82981.000000  13170 30
82983.000000  13170 30
83023.000000  13181 30
83023.000000  13181 30
83085.000000  13197 30
83123.000000  13207 30
83161.000000  13217 30
83199.000000  13227 30
83225.000000  13234 30
83279.000000  13249 30
83313.000000  13258 30
83367.000000  13272 30
83391.000000  13279 30
83413.000000  13284 30
83487.000000  13304 30
83487.000000  13304 30
83505.000000  13309 30
83527.000000  13315 30
83565.000000  13325 30
83585.000000  13330 30
83605.000000  13335 30
83639.000000  13344 30
83671.000000  13353 30
83703.000000  13361 30
83757.000000  13375 30
83789.000000  13384 30
83789.000000  13384 30
83827.000000  13394 30
83863.000000  13403 30
83895.000000  13412 30
83895.000000  13412 30
83921.000000  13419 30
83953.000000  13427 30
84009.000000  13442 30
84011.000000  13443 30
84063.000000  13457 30
84065.000000  13457 30
84087.000000  13463 30
84119.000000  13471 30
84143.000000  13478 30
84203.000000  13494 30
84203.000000  13494 30
84255.000000  13507 30
84285.000000  13515 30
84309.000000  13522 30
84325.000000  13526 30
84371.000000  13538 30
84409.000000  13548 30
84431.000000  13554 30
84445.000000  13558 30
84473.000000  13565 30
84473.000000  13565 30
84495.000000  13571 30
84509.000000  13575 30
84527.000000  13580 30
84549.000000  13585 30
84585.000000  13595 30
84587.000000  13595 30
84619.000000  13604 30
84621.000000  13605 30
84641.000000  13610 30
84655.000000  13614 30
84667.000000  13617 30
84693.000000  13624 30
84707.000000  13628 30
84761.000000  13642 30
84795.000000  13651 30
84825.000000  13659 30
84827.000000  13659 30
84865.000000  13669 30
84867.000000  13670 30
84889.000000  13676 30
84907.000000  13681 30
84935.000000  13688 30
84971.000000  13697 30
84991.000000  13703 30
85011.000000  13708 30
85043.000000  13717 30
85065.000000  13723 30
85097.000000  13731 30
85117.000000  13736 30
85171.000000  13751 30
85207.000000  13760 30
85209.000000  13761 30
85259.000000  13774 30
85287.000000  13781 30
85301.000000  13785 30
85303.000000  13785 30
85335.000000  13794 30
85335.000000  13794 30
85335.000000  13794 30
85357.000000  13800 30
85389.000000  13808 30
85421.000000  13817 30
85455.000000  13826 30
85477.000000  13832 30
85491.000000  13835 30
85529.000000  13845 30
85595.000000  13863 30
85647.000000  13877 30
85677.000000  13885 30
85725.000000  13898 30
85741.000000  13902 30
85767.000000  13909 30
85787.000000  13914 30
85799.000000  13917 30
85857.000000  13932 30
85857.000000  13932 30
85893.000000  13942 30
85925.000000  13951 30
85961.000000  13960 30
85963.000000  13961 30
85983.000000  13966 30
85983.000000  13966 30
85999.000000  13970 30
86055.000000  13985 30
86091.000000  13995 30
86093.000000  13995 30
86121.000000  14003 30
86135.000000  14006 30
86155.000000  14012 30
86203.000000  14024 30
86233.000000  14032 30
86233.000000  14032 30
86271.000000  14042 30
86297.000000  14049 30
86335.000000  14059 30
86383.000000  14072 30
86407.000000  14079 30
86471.000000  14095 30
86485.000000  14099 30
86539.000000  14113 30
86563.000000  14120 30
86595.000000  14128 30
86595.000000  14128 30
86595.000000  14128 30
86595.000000  14128 30
86663.000000  14146 30
86687.000000  14153 30
86719.000000  14161 30
86749.000000  14169 30
86775.000000  14176 30
86811.000000  14186 30
86835.000000  14192 30
86883.000000  14205 30
86895.000000  14208 30
86911.000000  14212 30
86941.000000  14220 30
86989.000000  14233 30
87013.000000  14239 30
87031.000000  14244 30
87039.000000  14246 30
87049.000000  14249 30
87073.000000  14255 30
87099.000000  14262 30
87127.000000  14269 30
87127.000000  14269 30
87127.000000  14269 30
87161.000000  14279 30
87163.000000  14279 30
87183.000000  14284 30
87195.000000  14287 30
87195.000000  14287 30
87219.000000  14294 30
87273.000000  14308 30
87307.000000  14317 30
87337.000000  14325 30
87339.000000  14326 30
87387.000000  14338 30
87407.000000  14344 30
87445.000000  14354 30
87465.000000  14359 30
87483.000000  14364 30
87497.000000  14368 30
87517.000000  14373 30
87545.000000  14380 30
87599.000000  14395 30
87601.000000  14395 30
87629.000000  14403 30
87629.000000  14403 30
87667.000000  14413 30
87685.000000  14417 30
87701.000000  14422 30
87735.000000  14431 30
87735.000000  14431 30
87763.000000  0 30
87763.000000  0 30
87763.000000  0 30
87793.000000  14446 30
87817.000000  14453 30
87827.000000  14455 30
87843.000000  14459 30
87849.000000  14461 30
87873.000000  14467 30
87873.000000  14467 30
87907.000000  14476 30
87937.000000  14484 30
87939.000000  14485 30
87943.000000  14486 30
87975.000000  14494 30
87977.000000  14495 30
87999.000000  14501 30
87999.000000  14501 30
88011.000000  14504 30
88025.000000  14507 30
88047.000000  14513 30
88069.000000  14519 30
88105.000000  14529 30
88121.000000  14533 30
88149.000000  14541 30
88167.000000  14545 30
88181.000000  14549 30
88181.000000  14549 30
88209.000000  14556 30
88225.000000  14561 30
88241.000000  14565 30
88455.000000  14622 30
88457.000000  14622 30
88461.000000  14623 30
88481.000000  14629 30
88507.000000  14635 30
88531.000000  14642 30
88591.000000  14658 30
88593.000000  14658 30
88599.000000  14660 30
88631.000000  14668 30
88657.000000  14675 30
88691.000000  14684 30
88743.000000  14698 30
88767.000000  14705 30
88801.000000  14714 30
88811.000000  14716 30
88823.000000  14719 30
88843.000000  14725 30
88845.000000  14725 30
88879.000000  14734 30
88913.000000  14743 30
88951.000000  14753 30
89007.000000  14768 30
89009.000000  14769 30
89071.000000  14785 30
89103.000000  14794 30
89127.000000  14800 30
89135.000000  14802 30
89149.000000  14806 30
89205.000000  14821 30
89207.000000  14821 30
89259.000000  14835 30
89283.000000  14841 30
89285.000000  14842 30
89315.000000  14850 30
89335.000000  14855 30
89369.000000  14864 30
89397.000000  14871 30
89431.000000  14881 30
89479.000000  14893 30
89509.000000  14901 30
89525.000000  14905 30
89551.000000  14912 30
89575.000000  14919 30
89591.000000  14923 30
89617.000000  14930 30
89651.000000  14939 30
89683.000000  14947 30
89719.000000  14957 30
89751.000000  14965 30
89751.000000  14965 30
89781.000000  14973 30
89813.000000  14982 30
89837.000000  14988 30
89851.000000  14992 30
89863.000000  14995 30
89895.000000  15004 30
89905.000000  15006 30
89929.000000  15013 30
89961.000000  15021 30
89963.000000  15022 30
89979.000000  15026 30
90011.000000  15034 30
90027.000000  15039 30
90041.000000  15042 30
90061.000000  15048 30
90091.000000  15056 30
90105.000000  15059 30
90123.000000  15064 30
90143.000000  15070 30
90197.000000  15084 30
90197.000000  15084 30
90241.000000  15095 30
90267.000000  15102 30
90323.000000  15117 30
90357.000000  15126 30
90389.000000  15135 30
90425.000000  15144 30
90447.000000  15150 30
90481.000000  15159 30
90503.000000  15165 30
90503.000000  15165 30
90537.000000  15174 30
90605.000000  15192 30
90625.000000  15197 30
90627.000000  15198 30
90655.000000  15205 30
90707.000000  15219 30
90737.000000  15227 30
90785.000000  15240 30
90813.000000  15247 30
90813.000000  15247 30
90833.000000  15253 30
90833.000000  15253 30
90855.000000  15258 30
90865.000000  15261 30
90879.000000  15265 30
90935.000000  15279 30
90959.000000  15286 30
90973.000000  15289 30
90973.000000  15289 30
90995.000000  15295 30
91023.000000  15303 30
91025.000000  15303 30
91041.000000  15308 30
91051.000000  15310 30
91073.000000  15316 30
91087.000000  15320 30
91099.000000  15323 30
91121.000000  15329 30
91129.000000  15331 30
91163.000000  15340 30
91193.000000  15348 30
91195.000000  15348 30
91223.000000  15356 30
91401.000000  15403 30
91403.000000  15404 30
91461.000000  15419 30
91483.000000  15425 30
91497.000000  15429 30
91513.000000  15433 30
91523.000000  15435 30
91543.000000  15441 30
91599.000000  15456 30
91635.000000  15465 30
91637.000000  15466 30
91663.000000  15473 30
91665.000000  15473 30
91679.000000  15477 30
91743.000000  15494 30
91745.000000  15494 30
91765.000000  15500 30
91797.000000  15508 30
91851.000000  15523 30
91927.000000  15543 30
91963.000000  15552 30
92027.000000  15569 30
92027.000000  15569 30
92087.000000  15585 30
92147.000000  15601 30
92147.000000  15601 30
92165.000000  15606 30
92187.000000  15612 30
92199.000000  15615 30
92227.000000  15622 30
92229.000000  15623 30
92259.000000  15631 30
92283.000000  15637 30
92291.000000  15639 30
92299.000000  15641 30
92315.000000  15645 30
92375.000000  15661 30
92397.000000  15667 30
92411.000000  15671 30
92439.000000  15678 30
92469.000000  15686 30
92499.000000  15695 30
92501.000000  15695 30
92505.000000  15696 30
92531.000000  15703 30
92545.000000  15707 30
92565.000000  15712 30
92615.000000  15725 30
92627.000000  15728 30
92653.000000  15735 30
92667.000000  15739 30
92693.000000  15746 30
93859.000000  16055 30
93861.000000  16056 30
93871.000000  16058 30
93897.000000  16065 30
93923.000000  16072 30
93925.000000  16073 30
93951.000000  16080 30
93993.000000  16091 30
93995.000000  16091 30
94027.000000  16100 30
94035.000000  16102 30
94057.000000  16108 30
94125.000000  16126 30
94179.000000  16140 30
94233.000000  16154 30
94287.000000  16169 30
94289.000000  16169 30
94351.000000  16185 30
94353.000000  16186 30
94367.000000  16190 30
94399.000000  16198 30
94429.000000  16206 30
94473.000000  16218 30
94489.000000  16222 30
94533.000000  16234 30
94571.000000  16244 30
94605.000000  16253 30
94651.000000  16265 30
94667.000000  16269 30
94715.000000  16282 30
94777.000000  16299 30
94777.000000  16299 30
94831.000000  16313 30
94831.000000  16313 30
94865.000000  16322 30
94921.000000  16337 30
94955.000000  16346 30
94977.000000  16352 30
95011.000000  16361 30
95033.000000  16366 30
95035.000000  16367 30
95085.000000  16380 30
95107.000000  16386 30
95129.000000  16392 30
95143.000000  16396 30
95143.000000  16396 30
95167.000000  16402 30
95183.000000  16406 30
95235.000000  16420 30
95275.000000  16431 30
95305.000000  16439 30
95325.000000  16444 30
95341.000000  16448 30
95361.000000  16453 30
95409.000000  16466 30
95411.000000  16467 30
95431.000000  16472 30
95465.000000  16481 30
95495.000000  16489 30
95509.000000  16493 30
95533.000000  16499 30
95547.000000  16503 30
95559.000000  16506 30
95615.000000  16521 30
95625.000000  16524 30
95641.000000  16528 30
95671.000000  16536 30
95673.000000  16536 30
95695.000000  16542 30
95715.000000  16547 30
95767.000000  16561 30
95801.000000  16570 30
95817.000000  16575 30
95865.000000  16587 30
95883.000000  16592 30
95903.000000  16597 30
95923.000000  16603 30
95931.000000  16605 30
95931.000000  16605 30
95961.000000  16613 30
95963.000000  16613 30
96007.000000  16625 30
96009.000000  16625 30
96029.000000  16631 30
96029.000000  16631 30
96061.000000  16639 30
96107.000000  16651 30
96107.000000  16651 30
96107.000000  16651 30
96107.000000  16651 30
96129.000000  16657 30
96137.000000  16659 30
96137.000000  16659 30
96163.000000  16666 30
96177.000000  16670 30
96191.000000  16674 30
96241.000000  16687 30
96241.000000  16687 30
96241.000000  16687 30
96265.000000  16693 30
96299.000000  16702 30
96301.000000  16703 30
96321.000000  16708 30
96335.000000  16712 30
96375.000000  16722 30
96377.000000  16723 30
96381.000000  16724 30
96401.000000  16729 30
96415.000000  16733 30
96435.000000  16738 30
96451.000000  16743 30
96473.000000  16749 30
96475.000000  16749 30
96507.000000  16757 30
96535.000000  16765 30
96563.000000  16772 30
96587.000000  16779 30
96617.000000  16787 30
96807.000000  16837 30
96809.000000  16838 30
96829.000000  16843 30
96829.000000  16843 30
96843.000000  16847 30
96917.000000  16866 30
96919.000000  16867 30
96953.000000  16876 30
97047.000000  16901 30
97049.000000  16901 30
97121.000000  16920 30
97139.000000  16925 30
97139.000000  16925 30
97163.000000  16931 30
97165.000000  16932 30
97173.000000  16934 30
97173.000000  16934 30
97193.000000  16939 30
97201.000000  16942 30
97201.000000  16942 30
97201.000000  16942 30
97201.000000  16942 30
97231.000000  16950 30
97259.000000  16957 30
97273.000000  16961 30
97273.000000  16961 30
97297.000000  16967 30
97311.000000  16971 30
97323.000000  16974 30
97355.000000  16983 30
97357.000000  16983 30
97381.000000  16989 30
97421.000000  17000 30
97421.000000  17000 30
97447.000000  17007 30
97461.000000  17011 30
97461.000000  17011 30
97485.000000  17017 30
97495.000000  17019 30
97509.000000  17023 30
97529.000000  17029 30
97529.000000  17029 30
97545.000000  17033 30
97567.000000  17039 30
97575.000000  17041 30
97591.000000  17045 30
97623.000000  17053 30
97647.000000  17060 30
97693.000000  17072 30
97701.000000  17074 30
97835.000000  17110 30
97849.000000  17113 30
97849.000000  17113 30
97861.000000  17117 30
97863.000000  17117 30
97887.000000  17123 30
97913.000000  17131 30
97947.000000  17139 30
97979.000000  17148 30
98007.000000  17155 30
98009.000000  17156 30
98059.000000  17169 30
98059.000000  17169 30
98075.000000  17173 30
98139.000000  17190 30
98141.000000  17191 30
98173.000000  17199 30
98197.000000  17206 30
98229.000000  17214 30
98261.000000  17223 30
98287.000000  17230 30
98309.000000  17236 30
98345.000000  17245 30
98395.000000  17258 30
98427.000000  17267 30
98441.000000  17271 30
98459.000000  17275 30
98489.000000  17283 30
98489.000000  17283 30
98537.000000  17296 30
98537.000000  17296 30
98559.000000  17302 30
98585.000000  17309 30
98641.000000  17324 30
98675.000000  17333 30
98701.000000  17339 30
98735.000000  17349 30
98757.000000  17354 30
98767.000000  17357 30
98801.000000  17366 30
98803.000000  17367 30
98829.000000  17373 30
98831.000000  17374 30
98839.000000  17376 30
98855.000000  17380 30
98877.000000  17386 30
98923.000000  17399 30
98923.000000  17399 30
98955.000000  17407 30
98983.000000  17414 30
98997.000000  17418 30
99043.000000  17430 30
99081.000000  17440 30
99107.000000  17447 30
99135.000000  17455 30
99181.000000  17467 30
99213.000000  17475 30
99249.000000  17485 30
99251.000000  17485 30
99301.000000  17499 30
99325.000000  17505 30
99335.000000  17508 30
99367.000000  17516 30
99389.000000  17522 30
99389.000000  17522 30
99423.000000  17531 30
99449.000000  17538 30
99479.000000  17546 30
99503.000000  17552 30
99511.000000  17554 30
99561.000000  17568 30
99571.000000  17570 30
99607.000000  17580 30
99631.000000  17586 30
99655.000000  17593 30
99669.000000  17596 30
99691.000000  17602 30
99709.000000  17607 30
99709.000000  17607 30
99741.000000  17615 30
99753.000000  17619 30
99769.000000  17623 30
99769.000000  17623 30
99787.000000  17628 30
99797.000000  17630 30
99843.000000  17643 30
99843.000000  17643 30
99867.000000  17649 30
99955.000000  17672 30
99963.000000  17674 30
99995.000000  17683 30
100049.000000  17697 30
100073.000000  17703 30
100105.000000  17712 30
100135.000000  17720 30
100137.000000  17720 30
100189.000000  17734 30
100243.000000  17749 30
100265.000000  17754 30
100285.000000  17760 30
100285.000000  17760 30
100305.000000  17765 30
100365.000000  17781 30
100391.000000  17788 30
100483.000000  17812 30
100495.000000  17815 30
100529.000000  17824 30
100551.000000  17830 30
100567.000000  17835 30
100583.000000  17839 30
100583.000000  17839 30
100615.000000  17847 30
100617.000000  17848 30
100643.000000  17855 30
100675.000000  17863 30
100735.000000  17879 30
100771.000000  17889 30
100773.000000  17889 30
100825.000000  17903 30
100827.000000  17903 30
100849.000000  17909 30
100867.000000  17914 30
100883.000000  17918 30
100929.000000  17931 30
100947.000000  17935 30
100983.000000  17945 30
101003.000000  17950 30
101021.000000  17955 30
101035.000000  17959 30
101053.000000  17963 30
101063.000000  17966 30
101083.000000  17971 30
101103.000000  17977 30
101117.000000  17980 30
101117.000000  17980 30
101141.000000  17987 30
101203.000000  18003 30
101261.000000  18019 30
101277.000000  18023 30
101309.000000  18031 30
101337.000000  18039 30
101339.000000  18039 30
101351.000000  18043 30
101351.000000  18043 30
101381.000000  18051 30
101383.000000  18051 30
101417.000000  18060 30
101419.000000  18061 30
101439.000000  18066 30
101477.000000  18076 30
101485.000000  18078 30
101503.000000  18083 30
101513.000000  18085 30
101535.000000  18091 30
101551.000000  18095 30
101567.000000  18100 30
101581.000000  18103 30
101597.000000  18108 30
101605.000000  18110 30
101631.000000  18117 30
101633.000000  18117 30
101641.000000  18119 30
101643.000000  18120 30
101657.000000  18124 30
101681.000000  18130 30
101739.000000  18145 30
101765.000000  18152 30
101805.000000  18163 30
101835.000000  18171 30
101837.000000  18171 30
101891.000000  18186 30
101893.000000  18186 30
101903.000000  18189 30
101921.000000  18194 30
101943.000000  18199 30
101979.000000  18209 30
101981.000000  18209 30
102005.000000  18216 30
102013.000000  18218 30
102033.000000  18223 30
102063.000000  18231 30
102065.000000  18232 30
102073.000000  18234 30
102099.000000  18241 30
102123.000000  18247 30
102147.000000  18253 30
102147.000000  18253 30
102147.000000  18253 30
102147.000000  18253 30
102211.000000  18270 30
102235.000000  18277 30
102261.000000  18284 30
102271.000000  18286 30
102291.000000  18292 30
102311.000000  18297 30
102321.000000  18300 30
102341.000000  18305 30
102363.000000  18311 30
102373.000000  18313 30
102399.000000  18320 30
102429.000000  18328 30
102545.000000  18359 30
102569.000000  18365 30
102629.000000  18381 30
102629.000000  18381 30
102629.000000  18381 30
102645.000000  18386 30
102707.000000  18402 30
102709.000000  18403 30
102761.000000  18416 30
102809.000000  18429 30
102835.000000  18436 30
102855.000000  18441 30
102903.000000  18454 30
102903.000000  18454 30
102947.000000  18466 30
102997.000000  18479 30
103021.000000  18485 30
103041.000000  18491 30
103057.000000  18495 30
103073.000000  18499 30
103075.000000  18500 30
103101.000000  18507 30
103163.000000  18523 30
103165.000000  18523 30
103173.000000  18526 30
103195.000000  18531 30
103195.000000  18531 30
103229.000000  18540 30
103251.000000  18546 30
103251.000000  18546 30
103307.000000  18561 30
103341.000000  18570 30
103363.000000  18576 30
103403.000000  18587 30
103421.000000  18591 30
103501.000000  18613 30
103525.000000  18619 30
103525.000000  18619 30
103573.000000  18632 30
103573.000000  18632 30
103599.000000  18639 30
103627.000000  18646 30
103649.000000  18652 30
103649.000000  18652 30
103665.000000  18656 30
103727.000000  18673 30
103727.000000  18673 30
103781.000000  18687 30
103781.000000  18687 30
103837.000000  18702 30
103891.000000  18716 30
103925.000000  18725 30
103939.000000  18729 30
103967.000000  18736 30
103969.000000  18737 30
103975.000000  18738 30
103989.000000  18742 30
104015.000000  18749 30
104039.000000  18755 30
104063.000000  18762 30
104073.000000  18764 30
104099.000000  18771 30
104099.000000  18771 30
104133.000000  18780 30
104163.000000  18788 30
104171.000000  18790 30
104195.000000  18797 30
104221.000000  18803 30
104239.000000  18808 30
104247.000000  18810 30
104269.000000  18816 30
104293.000000  18823 30
104327.000000  18832 30
104349.000000  18837 30
104355.000000  18839 30
104369.000000  18843 30
104395.000000  18850 30
104425.000000  18858 30
104457.000000  18866 30
104493.000000  18876 30
104527.000000  18885 30
104581.000000  18899 30
104603.000000  18905 30
104617.000000  18909 30
104671.000000  18923 30
104707.000000  18933 30
104761.000000  18947 30
104799.000000  18957 30
104829.000000  18965 30
104829.000000  18965 30
104863.000000  18974 30
104895.000000  18982 30
104913.000000  18987 30
104927.000000  18991 30
104949.000000  18997 30
104975.000000  19003 30
105031.000000  19018 30
105047.000000  19023 30
105063.000000  19027 30
105065.000000  19027 30
105089.000000  19034 30
105125.000000  19043 30
105127.000000  19044 30
105177.000000  19057 30
105211.000000  19066 30
105247.000000  19075 30
105249.000000  19076 30
105279.000000  19084 30
105317.000000  19094 30
105339.000000  19100 30
105363.000000  19106 30
105383.000000  19112 30
105407.000000  19118 30
105453.000000  19130 30
105453.000000  19130 30
105477.000000  19137 30
105491.000000  19140 30
105551.000000  19156 30
105565.000000  19160 30
105565.000000  19160 30
105647.000000  19181 30
105701.000000  19196 30
105775.000000  19216 30
105777.000000  19216 30
105809.000000  19225 30
105865.000000  19239 30
105887.000000  19245 30
105921.000000  19254 30
105947.000000  19261 30
105973.000000  19268 30
106015.000000  19279 30
106017.000000  19280 30
106019.000000  19280 30
106045.000000  19287 30
106045.000000  19287 30
106061.000000  19291 30
106081.000000  19297 30
106109.000000  19304 30
106109.000000  19304 30
106139.000000  19312 30
106147.000000  19314 30
106177.000000  19322 30
106203.000000  19329 30
106231.000000  19336 30
106259.000000  19344 30
106273.000000  19348 30
106275.000000  19348 30
106305.000000  19356 30
106347.000000  19367 30
106349.000000  19368 30
106375.000000  19375 30
106401.000000  19382 30
106435.000000  19391 30
106487.000000  19404 30
106489.000000  19405 30
106513.000000  19411 30
106545.000000  19420 30
106653.000000  19448 30
106671.000000  19453 30
106695.000000  19460 30
106709.000000  19463 30
106709.000000  19463 30
106725.000000  19468 30
106769.000000  19479 30
106777.000000  19481 30
106799.000000  19487 30
106799.000000  19487 30
106827.000000  19495 30
106875.000000  19507 30
106911.000000  19517 30
106945.000000  19526 30
106977.000000  19534 30
106979.000000  19535 30
106985.000000  19537 30
107017.000000  19545 30
107081.000000  19562 30
107139.000000  19577 30
107147.000000  19579 30
107147.000000  19579 30
107209.000000  19596 30
107219.000000  19599 30
107255.000000  19608 30
107287.000000  19616 30
107301.000000  19620 30
107331.000000  19628 30
107345.000000  19632 30
107363.000000  19637 30
107389.000000  19644 30
107391.000000  19644 30
107437.000000  19657 30
107489.000000  19670 30
107489.000000  19670 30
107537.000000  19683 30
107539.000000  19683 30
107573.000000  19692 30
107627.000000  19707 30
107649.000000  19713 30
107649.000000  19713 30
107663.000000  19716 30
107743.000000  19737 30
107745.000000  19738 30
107813.000000  19756 30
107845.000000  19765 30
107869.000000  19771 30
107895.000000  19778 30
107895.000000  19778 30
107903.000000  19780 30
107937.000000  19789 30
107937.000000  19789 30
107979.000000  19800 30
108009.000000  19808 30
108025.000000  19812 30
108025.000000  19812 30
108083.000000  19828 30
108085.000000  19828 30
108107.000000  19834 30
108139.000000  19843 30
108147.000000  19845 30
108149.000000  19845 30
108171.000000  19851 30
108209.000000  19861 30
108235.000000  19868 30
108235.000000  19868 30
108235.000000  19868 30
108269.000000  19877 30
108271.000000  19877 30
108291.000000  19883 30
108323.000000  19891 30
108347.000000  19898 30
108361.000000  19901 30
108415.000000  19916 30
108415.000000  19916 30
108451.000000  19925 30
108473.000000  19931 30
108487.000000  19935 30
108503.000000  19939 30
108511.000000  19941 30
108533.000000  19947 30
108545.000000  19950 30
108587.000000  19961 30
108587.000000  19961 30
108587.000000  19961 30
108619.000000  19970 30
108633.000000  19973 30
108649.000000  19978 30
108697.000000  19991 30
108727.000000  19999 30
108783.000000  20013 30
108807.000000  20020 30
108827.000000  20025 30
108861.000000  20034 30
108863.000000  20035 30
108883.000000  20040 30
108943.000000  20056 30
108997.000000  20070 30
109011.000000  20074 30
109035.000000  20080 30
109091.000000  20095 30
109101.000000  20098 30
109135.000000  20107 30
109181.000000  20119 30
109213.000000  20127 30
109261.000000  20140 30
109293.000000  20149 30
109309.000000  20153 30
109329.000000  20158 30
109343.000000  20162 30
109361.000000  20167 30
109375.000000  20170 30
109393.000000  20175 30
109407.000000  20179 30
109419.000000  20182 30
109437.000000  20187 30
109455.000000  20191 30
109469.000000  20195 30
109491.000000  20201 30
109493.000000  20202 30
109523.000000  20210 30
109547.000000  20216 30
109561.000000  20220 30
109593.000000  20228 30
109617.000000  20235 30
109631.000000  20238 30
109647.000000  20242 30
109673.000000  20249 30
109675.000000  20250 30
109695.000000  20255 30
109709.000000  20259 30
109763.000000  20273 30
109797.000000  20282 30
109827.000000  20290 30
109867.000000  20301 30
109925.000000  20316 30
109955.000000  20324 30
110003.000000  20337 30
110005.000000  20337 30
110027.000000  20343 30
110037.000000  20346 30
110055.000000  20351 30
110069.000000  20354 30
110089.000000  20360 30
110153.000000  20377 30
110167.000000  20381 30
110177.000000  20383 30
110201.000000  20389 30
110211.000000  20392 30
110225.000000  20396 30
110279.000000  20410 30
110309.000000  20418 30
110311.000000  20419 30
110323.000000  20422 30
110345.000000  20428 30
110345.000000  20428 30
110345.000000  20428 30
110365.000000  20433 30
110375.000000  20435 30
110399.000000  20442 30
110411.000000  20445 30
110413.000000  20446 30
110437.000000  20452 30
110453.000000  20456 30
110469.000000  20461 30
110503.000000  20470 30
110529.000000  20477 30
110563.000000  20485 30
110605.000000  20497 30
110617.000000  20500 30
110619.000000  20500 30
110629.000000  20503 30
111567.000000  20752 30
111579.000000  20755 30
111585.000000  20757 30
111607.000000  20763 30
111625.000000  20767 30
111641.000000  20771 30
111665.000000  20778 30
111701.000000  20787 30
111703.000000  20788 30
111741.000000  20798 30
111759.000000  20803 30
111809.000000  20816 30
111829.000000  20821 30
111863.000000  20830 30
111877.000000  20834 30
111945.000000  20852 30
111993.000000  20865 30
112055.000000  20881 30
112079.000000  20887 30
112093.000000  20891 30
112109.000000  20895 30
112169.000000  20911 30
112193.000000  20918 30
112225.000000  20926 30
112249.000000  20933 30
112305.000000  20947 30
112337.000000  20956 30
112337.000000  20956 30
112363.000000  20963 30
112393.000000  20971 30
112427.000000  20980 30
112429.000000  20980 30
112445.000000  20985 30
112467.000000  20990 30
112523.000000  21005 30
112525.000000  21006 30
112577.000000  21020 30
112651.000000  21039 30
112663.000000  21042 30
112663.000000  21042 30
112683.000000  21048 30
112707.000000  21054 30
112707.000000  21054 30
112751.000000  21066 30
112785.000000  21075 30
112809.000000  21081 30
112841.000000  21090 30
112897.000000  21105 30
112899.000000  21105 30
112931.000000  21113 30
112965.000000  21123 30
112989.000000  21129 30
113039.000000  21142 30
113087.000000  21155 30
113127.000000  21166 30
113219.000000  21190 30
113265.000000  21202 30
113307.000000  21213 30
113307.000000  21213 30
113361.000000  21227 30
113385.000000  21234 30
113397.000000  21237 30
113429.000000  21246 30
113483.000000  21260 30
113537.000000  21274 30
113549.000000  21277 30
113565.000000  21282 30
113577.000000  21285 30
113599.000000  21291 30
113637.000000  21301 30
113655.000000  21306 30
113695.000000  21316 30
113731.000000  21326 30
113777.000000  21338 30
113801.000000  21344 30
113849.000000  21357 30
113875.000000  21364 30
113967.000000  21388 30
113979.000000  21391 30
114037.000000  21407 30
114093.000000  21422 30
114127.000000  21431 30
114205.000000  21451 30
114207.000000  21452 30
114275.000000  21470 30
114277.000000  21471 30
114297.000000  21476 30
114325.000000  21483 30
114351.000000  21490 30
114373.000000  21496 30
114391.000000  21501 30
114447.000000  21515 30
114473.000000  21523 30
114521.000000  21535 30
114561.000000  21546 30
114611.000000  21559 30
114669.000000  21575 30
114701.000000  21583 30
114755.000000  21597 30
114809.000000  21611 30
114863.000000  21626 30
114885.000000  21632 30
114885.000000  21632 30
114923.000000  21642 30
114955.000000  21650 30
114969.000000  21654 30
115019.000000  21667 30
115019.000000  21667 30
115037.000000  21672 30
115049.000000  21675 30
115075.000000  21682 30
115109.000000  21691 30
115123.000000  21695 30
115125.000000  21695 30
115155.000000  21703 30
115161.000000  21705 30
115181.000000  21710 30
115203.000000  21716 30
115211.000000  21718 30
115233.000000  21724 30
115257.000000  21730 30
115287.000000  21738 30
115321.000000  21747 30
115345.000000  21754 30
115351.000000  21755 30
115427.000000  21775 30
115487.000000  21791 30
115521.000000  21800 30
115577.000000  21815 30
115609.000000  21824 30
115623.000000  21827 30
115641.000000  21832 30
115651.000000  21835 30
115671.000000  21840 30
115699.000000  21848 30
115729.000000  21856 30
115753.000000  21862 30
115783.000000  21870 30
