59753.000000  56 100
59815.000000  105 100
59891.000000  169 100
59943.000000  213 100
60061.000000  315 100
60117.000000  363 100
60259.000000  486 100
60349.000000  564 100
60451.000000  653 100
60451.000000  653 100
60519.000000  712 100
60553.000000  741 100
60589.000000  772 100
60603.000000  784 100
60653.000000  828 100
60703.000000  871 100
60721.000000  887 100
60735.000000  899 100
60867.000000  1013 100
60961.000000  1095 100
60963.000000  1096 100
61043.000000  1166 100
61069.000000  1188 100
61091.000000  1207 100
61139.000000  1249 100
61141.000000  1251 100
61185.000000  1289 100
61197.000000  1299 100
61213.000000  1313 100
61259.000000  1353 100
61287.000000  1377 100
61339.000000  1422 100
61357.000000  1438 100
61359.000000  1439 100
61373.000000  1452 100
61403.000000  1478 100
61405.000000  1479 100
61439.000000  1509 100
61441.000000  1511 100
61461.000000  1528 100
61493.000000  1556 100
61599.000000  1647 100
61601.000000  1649 100
61623.000000  1668 100
61637.000000  1680 100
61669.000000  1708 100
61707.000000  1741 100
61707.000000  1741 100
61725.000000  1757 100
61773.000000  1798 100
61789.000000  1812 100
61803.000000  1824 100
61819.000000  1838 100
61829.000000  1847 100
61849.000000  1864 100
61861.000000  1875 100
61861.000000  1875 100
61947.000000  1949 100
61955.000000  1956 100
61977.000000  1975 100
61991.000000  1987 100
62047.000000  2036 100
62057.000000  2045 100
62071.000000  2057 100
62081.000000  2065 100
62107.000000  2088 100
62289.000000  2246 100
62291.000000  2247 100
62351.000000  2299 100
62353.000000  2301 100
62389.000000  2332 100
62403.000000  2344 100
62421.000000  2360 100
62453.000000  2388 100
62453.000000  2388 100
62485.000000  2416 100
62571.000000  2490 100
62573.000000  2492 100
62595.000000  2511 100
62617.000000  2530 100
62645.000000  2555 100
62677.000000  2582 100
62731.000000  2629 100
62757.000000  2652 100
62793.000000  2683 100
62795.000000  2685 100
62851.000000  2733 100
62851.000000  2733 100
62881.000000  2759 100
62883.000000  2761 100
63061.000000  2915 100
63061.000000  2915 100
63061.000000  2915 100
63067.000000  2920 100
63155.000000  2997 100
63173.000000  3012 100
63173.000000  3012 100
63191.000000  3028 100
63191.000000  3028 100
63219.000000  3052 100
63237.000000  3068 100
63247.000000  3077 100
63311.000000  3132 100
63335.000000  3153 100
63367.000000  3181 100
63391.000000  3201 100
63423.000000  3229 100
63601.000000  3383 100
63601.000000  3383 100
63785.000000  3543 100
63793.000000  3550 100
63823.000000  3576 100
63825.000000  3578 100
63853.000000  3602 100
63905.000000  3647 100
63953.000000  3689 100
63955.000000  3691 100
64037.000000  3762 100
64115.000000  3830 100
64151.000000  3861 100
64225.000000  3925 100
64253.000000  3949 100
64255.000000  3951 100
64315.000000  4003 100
64327.000000  4013 100
64415.000000  4090 100
64417.000000  4092 100
64467.000000  4135 100
64495.000000  4159 100
64531.000000  4191 100
64597.000000  4248 100
64633.000000  4279 100
64655.000000  4298 100
64671.000000  4312 100
64727.000000  4361 100
64761.000000  4390 100
64761.000000  4390 100
64761.000000  4390 100
64783.000000  4409 100
64783.000000  4409 100
64797.000000  4421 100
64821.000000  4442 100
64835.000000  4454 100
64891.000000  4503 100
65017.000000  4612 100
65033.000000  4626 100
65035.000000  4628 100
65053.000000  4643 100
65053.000000  4643 100
65101.000000  4685 100
65141.000000  4720 100
65141.000000  4720 100
65165.000000  4741 100
65195.000000  4767 100
65317.000000  4873 100
65317.000000  4873 100
65385.000000  4932 100
65387.000000  4934 100
65451.000000  4989 100
65475.000000  5010 100
65511.000000  5041 100
65513.000000  5043 100
65581.000000  5102 100
65615.000000  5131 100
65665.000000  5175 100
65743.000000  5243 100
65767.000000  5264 100
65787.000000  5281 100
65813.000000  5304 100
65873.000000  5356 100
65873.000000  5356 100
65909.000000  5387 100
65933.000000  5408 100
65965.000000  5436 100
65987.000000  5455 100
66043.000000  5503 100
66045.000000  5505 100
66103.000000  5556 100
66103.000000  5556 100
66103.000000  5556 100
66135.000000  5583 100
66135.000000  5583 100
66189.000000  5630 100
66211.000000  5649 100
66229.000000  5665 100
66255.000000  5688 100
66279.000000  5709 100
66327.000000  5750 100
66345.000000  5766 100
66361.000000  5780 100
66389.000000  5804 100
66389.000000  5804 100
66407.000000  5820 100
66455.000000  5861 100
66473.000000  5877 100
68541.000000  7675 100
68545.000000  7678 100
68581.000000  7709 100
68689.000000  7803 100
68731.000000  7839 100
68739.000000  7846 100
68759.000000  7864 100
68791.000000  7891 100
68793.000000  7893 100
68815.000000  7913 100
68829.000000  7925 100
68845.000000  7939 100
68847.000000  7940 100
68857.000000  7949 100
68883.000000  7971 100
68885.000000  7973 100
68895.000000  7982 100
68931.000000  8013 100
68931.000000  8013 100
68953.000000  8032 100
68953.000000  8032 100
68953.000000  8032 100
68953.000000  8032 100
68983.000000  8058 100
69007.000000  8079 100
69063.000000  8128 100
69063.000000  8128 100
69125.000000  8182 100
69159.000000  8211 100
69187.000000  8235 100
69187.000000  8235 100
69187.000000  8235 100
69239.000000  8281 100
69273.000000  8310 100
69297.000000  8331 100
69329.000000  8359 100
69353.000000  8379 100
69379.000000  8402 100
69379.000000  8402 100
69423.000000  8440 100
69457.000000  8469 100
69487.000000  8496 100
69507.000000  8513 100
69641.000000  8629 100
69667.000000  8652 100
69675.000000  8659 100
69709.000000  8688 100
69737.000000  8713 100
69739.000000  8714 100
69745.000000  8720 100
69799.000000  8767 100
69857.000000  8817 100
69889.000000  8845 100
69965.000000  8911 100
69999.000000  8940 100
70051.000000  8985 100
70107.000000  9034 100
70125.000000  9049 100
70149.000000  9070 100
70149.000000  9070 100
70165.000000  9084 100
70183.000000  9099 100
70261.000000  9167 100
70371.000000  9263 100
70371.000000  9263 100
70371.000000  9263 100
70377.000000  9268 100
70377.000000  9268 100
70389.000000  9279 100
70515.000000  9388 100
70531.000000  9402 100
70565.000000  9431 100
70593.000000  9455 100
70595.000000  9457 100
70625.000000  9483 100
70627.000000  9485 100
70653.000000  9507 100
70655.000000  9509 100
70697.000000  9546 100
70723.000000  9568 100
70747.000000  9589 100
70795.000000  9631 100
70825.000000  9657 100
70841.000000  9671 100
70895.000000  9718 100
70921.000000  9740 100
70969.000000  9782 100
71049.000000  9852 100
71105.000000  9900 100
71121.000000  9914 100
71137.000000  9928 100
71137.000000  9928 100
71163.000000  9951 100
71195.000000  9979 100
71197.000000  9980 100
71251.000000  10027 100
71253.000000  10029 100
71273.000000  10046 100
71317.000000  10084 100
71347.000000  10110 100
71347.000000  10110 100
71347.000000  10110 100
71371.000000  10131 100
71437.000000  10188 100
71475.000000  10221 100
71487.000000  10232 100
71503.000000  10245 100
71561.000000  10296 100
71573.000000  10307 100
71581.000000  10313 100
71581.000000  10313 100
71593.000000  10324 100
71619.000000  10346 100
71619.000000  10346 100
71635.000000  10360 100
71645.000000  10369 100
71699.000000  10416 100
71701.000000  10417 100
71751.000000  10461 100
71751.000000  10461 100
71781.000000  10487 100
71791.000000  10496 100
71877.000000  10570 100
71935.000000  10621 100
71949.000000  10633 100
71973.000000  10654 100
71975.000000  10655 100
72003.000000  10680 100
72017.000000  10692 100
72037.000000  10709 100
72069.000000  10737 100
72069.000000  10737 100
72167.000000  10822 100
72167.000000  10822 100
72209.000000  10859 100
72243.000000  10888 100
72275.000000  10916 100
72277.000000  10918 100
72299.000000  10937 100
72331.000000  10965 100
72331.000000  10965 100
72331.000000  10965 100
72331.000000  10965 100
72389.000000  11015 100
72413.000000  11036 100
72445.000000  11064 100
72447.000000  11065 100
72477.000000  11091 100
72641.000000  11234 100
72707.000000  11291 100
72729.000000  11310 100
72743.000000  11322 100
72743.000000  11322 100
72769.000000  11345 100
72823.000000  11392 100
72831.000000  11399 100
72849.000000  11415 100
72915.000000  11472 100
72949.000000  11501 100
72973.000000  11522 100
73007.000000  11552 100
73009.000000  11553 100
73029.000000  11571 100
73041.000000  11581 100
73065.000000  11602 100
73211.000000  11729 100
73211.000000  11729 100
73211.000000  11729 100
73245.000000  11758 100
73263.000000  11774 100
73265.000000  11776 100
73325.000000  11828 100
73361.000000  11859 100
73365.000000  11863 100
73387.000000  11882 100
73413.000000  11904 100
73463.000000  11948 100
73479.000000  11962 100
73479.000000  11962 100
73495.000000  11975 100
73521.000000  11998 100
73579.000000  12048 100
73579.000000  12048 100
73579.000000  12048 100
73599.000000  12066 100
73657.000000  12116 100
73659.000000  12118 100
73685.000000  12140 100
73713.000000  12165 100
73729.000000  12179 100
73743.000000  12191 100
73773.000000  12217 100
73775.000000  12219 100
73803.000000  12243 100
73805.000000  12245 100
73875.000000  12305 100
73921.000000  12345 100
73957.000000  12377 100
73981.000000  12397 100
73995.000000  12409 100
74033.000000  12443 100
74063.000000  12469 100
74077.000000  12481 100
74121.000000  12519 100
74123.000000  12521 100
74159.000000  12552 100
74193.000000  12582 100
74227.000000  12611 100
74241.000000  12623 100
74241.000000  12623 100
74267.000000  12646 100
74323.000000  12695 100
74383.000000  12747 100
74385.000000  12748 100
74397.000000  12759 100
74423.000000  12781 100
74587.000000  12924 100
74671.000000  12997 100
74725.000000  13044 100
74781.000000  13092 100
74829.000000  13134 100
74887.000000  13185 100
74889.000000  13186 100
74941.000000  13231 100
74951.000000  13240 100
74985.000000  13270 100
74987.000000  13271 100
75059.000000  13334 100
75095.000000  13365 100
75119.000000  13386 100
75127.000000  13393 100
75157.000000  13419 100
75197.000000  13454 100
75217.000000  13471 100
75241.000000  13492 100
75251.000000  13501 100
75271.000000  13518 100
75291.000000  13536 100
75315.000000  13557 100
75347.000000  13584 100
75361.000000  13597 100
75377.000000  13611 100
75411.000000  13640 100
75427.000000  13654 100
75445.000000  13670 100
75501.000000  13719 100
75535.000000  13748 100
75559.000000  13769 100
75573.000000  13781 100
75595.000000  13800 100
75657.000000  13854 100
75659.000000  13856 100
75763.000000  13946 100
75763.000000  13946 100
75783.000000  13964 100
75803.000000  13981 100
75827.000000  14002 100
75851.000000  14023 100
75875.000000  14044 100
75899.000000  14065 100
75991.000000  14145 100
76017.000000  14168 100
76063.000000  14208 100
76063.000000  14208 100
76075.000000  14218 100
76093.000000  14234 100
76115.000000  14253 100
76147.000000  14281 100
76175.000000  14305 100
76229.000000  14352 100
76229.000000  14352 100
76301.000000  14415 100
76317.000000  14429 100
76401.000000  14502 100
76465.000000  14558 100
76467.000000  14559 100
76483.000000  14573 100
76557.000000  14638 100
76557.000000  14638 100
76583.000000  14660 100
76605.000000  14679 100
76621.000000  14693 100
76649.000000  14718 100
76679.000000  14744 100
76679.000000  14744 100
76753.000000  14808 100
76755.000000  14810 100
76777.000000  14829 100
76791.000000  14841 100
76823.000000  14869 100
76897.000000  14934 100
76961.000000  14989 100
76963.000000  14991 100
76973.000000  15000 100
76991.000000  15016 100
76993.000000  15017 100
77057.000000  15073 100
77063.000000  15078 100
77063.000000  15078 100
77071.000000  15085 100
77097.000000  15108 100
77113.000000  15122 100
77133.000000  15139 100
77153.000000  15157 100
77163.000000  15165 100
77193.000000  15191 100
77209.000000  15205 100
77211.000000  15207 100
77243.000000  15235 100
77269.000000  15258 100
77271.000000  15259 100
77293.000000  15279 100
77307.000000  15291 100
77307.000000  15291 100
77335.000000  15315 100
77365.000000  15341 100
77419.000000  15388 100
77453.000000  15418 100
77477.000000  15439 100
77539.000000  15493 100
77541.000000  15495 100
77545.000000  15498 100
77603.000000  15549 100
77635.000000  15577 100
77659.000000  15597 100
77693.000000  15627 100
77717.000000  15648 100
77725.000000  15655 100
77761.000000  15686 100
77787.000000  15709 100
77801.000000  15721 100
77883.000000  15793 100
77901.000000  15808 100
77927.000000  15831 100
77943.000000  15845 100
77973.000000  15871 100
77997.000000  15892 100
78053.000000  15941 100
78087.000000  15971 100
78111.000000  15991 100
78125.000000  16004 100
78147.000000  16023 100
78179.000000  16051 100
78203.000000  16072 100
78217.000000  16084 100
78217.000000  16084 100
78229.000000  16094 100
78257.000000  16119 100
78261.000000  16122 100
78281.000000  16139 100
78313.000000  16167 100
78337.000000  16188 100
78351.000000  16200 100
78371.000000  16218 100
78415.000000  16256 100
78435.000000  16273 100
78437.000000  16275 100
78453.000000  16289 100
78469.000000  16303 100
78487.000000  16319 100
78507.000000  16336 100
78531.000000  16357 100
78531.000000  16357 100
78603.000000  16420 100
78629.000000  16442 100
78643.000000  16455 100
78645.000000  16456 100
78831.000000  16618 100
78937.000000  16710 100
78971.000000  16740 100
78971.000000  16740 100
79041.000000  16801 100
79077.000000  16832 100
79123.000000  16872 100
79161.000000  16905 100
79239.000000  16973 100
79255.000000  16987 100
79255.000000  16987 100
79271.000000  17001 100
79309.000000  17034 100
79341.000000  17062 100
79341.000000  17062 100
79373.000000  17090 100
79375.000000  17092 100
79433.000000  17142 100
79435.000000  17144 100
79465.000000  17170 100
79467.000000  17172 100
79517.000000  17216 100
79517.000000  17216 100
79571.000000  17263 100
79595.000000  17283 100
79605.000000  17292 100
79621.000000  17306 100
79637.000000  17320 100
79721.000000  17393 100
79741.000000  17411 100
79765.000000  17432 100
79811.000000  17472 100
79851.000000  17507 100
79853.000000  17508 100
79873.000000  17526 100
79943.000000  17587 100
79997.000000  17634 100
80085.000000  17710 100
80109.000000  17731 100
80117.000000  17738 100
80117.000000  17738 100
80151.000000  -1 100
80151.000000  -1 100
80241.000000  17846 100
80311.000000  17907 100
80323.000000  17918 100
80333.000000  17926 100
80343.000000  17935 100
80377.000000  17965 100
80407.000000  17991 100
80411.000000  17994 100
80435.000000  18015 100
80435.000000  18015 100
80485.000000  18059 100
80541.000000  18108 100
80595.000000  18155 100
80597.000000  18157 100
80599.000000  18158 100
80605.000000  18163 100
80639.000000  18193 100
80641.000000  18195 100
80659.000000  18211 100
80661.000000  18212 100
80693.000000  18240 100
80723.000000  18266 100
80725.000000  18268 100
80727.000000  18270 100
80727.000000  18270 100
80761.000000  18299 100
80815.000000  18346 100
80817.000000  18348 100
80847.000000  18374 100
80849.000000  18376 100
80875.000000  18399 100
80899.000000  18419 100
80935.000000  18451 100
80961.000000  18473 100
80979.000000  18489 100
81051.000000  18552 100
81089.000000  18585 100
81113.000000  18606 100
81147.000000  18635 100
81171.000000  18656 100
81181.000000  18665 100
81237.000000  18714 100
81271.000000  18743 100
81303.000000  18771 100
81339.000000  18803 100
81391.000000  18848 100
81421.000000  18874 100
81515.000000  18956 100
81531.000000  18970 100
81613.000000  19041 100
81615.000000  19043 100
81637.000000  19062 100
81683.000000  19102 100
81683.000000  19102 100
81683.000000  19102 100
81737.000000  19149 100
81753.000000  19163 100
81825.000000  19226 100
81849.000000  19247 100
81905.000000  19296 100
81981.000000  19362 100
81983.000000  19364 100
82025.000000  19401 100
82025.000000  19401 100
82025.000000  19401 100
82057.000000  19429 100
82083.000000  19451 100
82097.000000  19463 100
82159.000000  19517 100
82161.000000  19519 100
82191.000000  19545 100
82209.000000  19561 100
82233.000000  19582 100
82269.000000  19613 100
82283.000000  19625 100
82285.000000  19627 100
82303.000000  19643 100
82311.000000  19650 100
82331.000000  19667 100
82341.000000  19676 100
82365.000000  19697 100
82387.000000  19716 100
82443.000000  19765 100
82443.000000  19765 100
82475.000000  19793 100
82507.000000  19821 100
82529.000000  19840 100
82529.000000  19840 100
82545.000000  19854 100
82579.000000  19883 100
82581.000000  19885 100
82609.000000  19909 100
82673.000000  19965 100
82675.000000  19967 100
82785.000000  20063 100
82787.000000  20065 100
82809.000000  20084 100
82811.000000  20085 100
82837.000000  20108 100
82845.000000  20115 100
82867.000000  20134 100
82889.000000  20153 100
82889.000000  20153 100
82907.000000  20169 100
82907.000000  20169 100
82939.000000  20197 100
82939.000000  20197 100
83021.000000  20269 100
83033.000000  20279 100
83049.000000  20293 100
83079.000000  20319 100
83081.000000  20321 100
83321.000000  20530 100
83323.000000  20531 100
83325.000000  20533 100
83333.000000  20540 100
83353.000000  20558 100
83445.000000  20637 100
83447.000000  20639 100
83449.000000  20641 100
83471.000000  20660 100
83613.000000  20784 100
83633.000000  20801 100
83665.000000  20829 100
83721.000000  20878 100
83743.000000  20897 100
83759.000000  20911 100
83793.000000  20941 100
83925.000000  21055 100
83949.000000  21076 100
83957.000000  21083 100
83993.000000  21114 100
83995.000000  21116 100
84015.000000  21133 100
84047.000000  21161 100
84069.000000  21180 100
84069.000000  21180 100
84109.000000  21215 100
84111.000000  21217 100
84139.000000  21241 100
84189.000000  21285 100
84245.000000  21333 100
84303.000000  21384 100
84305.000000  21385 100
84367.000000  21439 100
84451.000000  21513 100
84467.000000  21527 100
84603.000000  21645 100
84605.000000  21647 100
84609.000000  21650 100
84611.000000  21652 100
84637.000000  21674 100
84671.000000  21704 100
84699.000000  21728 100
84701.000000  21730 100
84743.000000  21767 100
84743.000000  21767 100
84743.000000  21767 100
84751.000000  21773 100
84765.000000  21786 100
84777.000000  21796 100
84793.000000  21810 100
84809.000000  21824 100
84823.000000  21836 100
84823.000000  21836 100
84853.000000  21862 100
84865.000000  21873 100
84891.000000  21895 100
84927.000000  21927 100
84953.000000  21949 100
84985.000000  21977 100
85009.000000  21998 100
85039.000000  22024 100
85039.000000  22024 100
85073.000000  22054 100
85105.000000  22082 100
85107.000000  22083 100
85111.000000  22087 100
85119.000000  22094 100
85365.000000  22308 100
85379.000000  22320 100
85397.000000  22336 100
85397.000000  22336 100
85427.000000  22362 100
85437.000000  22371 100
85463.000000  22393 100
85499.000000  22425 100
85529.000000  22451 100
85543.000000  22463 100
85543.000000  22463 100
85633.000000  22542 100
85645.000000  22552 100
85655.000000  22561 100
85655.000000  22561 100
85679.000000  22582 100
85705.000000  22605 100
85729.000000  22625 100
85763.000000  22655 100
85763.000000  22655 100
85763.000000  22655 100
85789.000000  22677 100
85791.000000  22679 100
85853.000000  22733 100
85867.000000  22745 100
85877.000000  22754 100
85877.000000  22754 100
85931.000000  22801 100
85959.000000  22825 100
85959.000000  22825 100
85959.000000  22825 100
85959.000000  22825 100
85959.000000  22825 100
86089.000000  22939 100
86129.000000  22973 100
86153.000000  22994 100
86215.000000  23048 100
86227.000000  23059 100
86245.000000  23074 100
86273.000000  23099 100
86293.000000  23116 100
86307.000000  23128 100
86309.000000  23130 100
86331.000000  23149 100
86397.000000  23207 100
86397.000000  23207 100
86477.000000  23276 100
86509.000000  23304 100
86617.000000  23398 100
86649.000000  23426 100
86765.000000  23527 100
86767.000000  23528 100
86789.000000  23547 100
86797.000000  23554 100
86875.000000  23622 100
86903.000000  23647 100
86913.000000  23655 100
86933.000000  23673 100
86947.000000  23685 100
87033.000000  23760 100
87035.000000  23762 100
87055.000000  23779 100
87055.000000  23779 100
87069.000000  23791 100
87069.000000  23791 100
87093.000000  23812 100
87165.000000  23875 100
87167.000000  23877 100
87173.000000  23882 100
87183.000000  23891 100
87185.000000  23892 100
87207.000000  23911 100
87231.000000  23932 100
87239.000000  23939 100
87239.000000  23939 100
87291.000000  23985 100
87317.000000  24007 100
87331.000000  24019 100
87351.000000  24037 100
87369.000000  24053 100
87389.000000  24070 100
87647.000000  24295 100
87707.000000  24347 100
87707.000000  24347 100
87721.000000  24359 100
87723.000000  24361 100
87751.000000  24385 100
87759.000000  24393 100
87759.000000  24393 100
87793.000000  24422 100
87817.000000  24443 100
87831.000000  24455 100
87863.000000  24483 100
87917.000000  24530 100
88031.000000  24629 100
88047.000000  24643 100
88057.000000  24652 100
88077.000000  24669 100
88109.000000  24697 100
88117.000000  24704 100
88137.000000  24722 100
88157.000000  24739 100
88157.000000  24739 100
88185.000000  24763 100
88185.000000  24763 100
88217.000000  24791 100
88283.000000  24849 100
88319.000000  24880 100
88321.000000  24882 100
88345.000000  24903 100
88345.000000  24903 100
88345.000000  24903 100
88411.000000  24960 100
88423.000000  24971 100
88455.000000  24999 100
88485.000000  25025 100
88487.000000  25027 100
88543.000000  25075 100
88577.000000  25105 100
88579.000000  25107 100
88601.000000  25126 100
88635.000000  25155 100
88637.000000  25157 100
90461.000000  26748 100
90463.000000  26749 100
90491.000000  26774 100
90493.000000  26775 100
90499.000000  26781 100
90537.000000  26814 100
90569.000000  26842 100
90577.000000  26849 100
90579.000000  26850 100
90603.000000  26871 100
90619.000000  26885 100
90635.000000  26899 100
90681.000000  26939 100
90721.000000  26974 100
90729.000000  26981 100
90749.000000  26998 100
90769.000000  27016 100
90827.000000  27066 100
90861.000000  27096 100
90883.000000  27115 100
90939.000000  27164 100
91001.000000  27218 100
91003.000000  27219 100
91033.000000  27246 100
91087.000000  27293 100
91115.000000  27317 100
91149.000000  27347 100
91185.000000  27378 100
91235.000000  27422 100
91295.000000  27474 100
91315.000000  27491 100
91317.000000  27493 100
91335.000000  27509 100
91335.000000  27509 100
91485.000000  27640 100
91625.000000  27762 100
91701.000000  27828 100
91767.000000  27885 100
91843.000000  27952 100
91845.000000  27954 100
91943.000000  28039 100
92057.000000  28139 100
92083.000000  28161 100
92137.000000  28209 100
92153.000000  28222 100
92185.000000  28250 100
92207.000000  28269 100
92217.000000  28278 100
92281.000000  28334 100
92283.000000  28336 100
92315.000000  28363 100
92339.000000  28385 100
92425.000000  28459 100
92439.000000  28471 100
92455.000000  28485 100
92455.000000  28485 100
92483.000000  28510 100
92531.000000  28552 100
92561.000000  28578 100
92597.000000  28609 100
92613.000000  28623 100
92633.000000  28641 100
92651.000000  28657 100
92713.000000  28711 100
92751.000000  28744 100
92753.000000  28746 100
92771.000000  28761 100
92771.000000  28761 100
92831.000000  28814 100
92833.000000  28815 100
92865.000000  28843 100
92939.000000  28908 100
92939.000000  28908 100
93009.000000  28969 100
93059.000000  29012 100
93077.000000  29028 100
93093.000000  29042 100
93159.000000  29100 100
93193.000000  29129 100
93207.000000  29141 100
93229.000000  29161 100
93263.000000  29190 100
93277.000000  29203 100
93295.000000  29218 100
93297.000000  29220 100
93311.000000  29232 100
93347.000000  29264 100
93387.000000  29299 100
93389.000000  29300 100
93409.000000  29318 100
93427.000000  29333 100
93431.000000  29337 100
93485.000000  29384 100
93517.000000  29412 100
93549.000000  29440 100
93551.000000  29442 100
93555.000000  29445 100
93581.000000  29468 100
93611.000000  29494 100
93643.000000  29522 100
93643.000000  29522 100
93665.000000  29541 100
93665.000000  29541 100
93711.000000  29581 100
93731.000000  29599 100
93739.000000  29606 100
93739.000000  29606 100
93763.000000  29627 100
93903.000000  29749 100
93961.000000  29799 100
94049.000000  29876 100
94051.000000  29878 100
94081.000000  29904 100
94111.000000  29930 100
94251.000000  30052 100
94279.000000  30077 100
94279.000000  30077 100
94279.000000  30077 100
94307.000000  30101 100
94307.000000  30101 100
94411.000000  30192 100
94453.000000  30228 100
94603.000000  30359 100
94687.000000  30433 100
94745.000000  30483 100
94805.000000  30535 100
94805.000000  30535 100
94805.000000  30535 100
94831.000000  30558 100
94867.000000  30589 100
94869.000000  30591 100
94897.000000  30616 100
94899.000000  30617 100
94923.000000  30638 100
94951.000000  30663 100
94979.000000  30687 100
95009.000000  30713 100
95037.000000  30737 100
95055.000000  30753 100
95055.000000  30753 100
95085.000000  30779 100
95099.000000  30791 100
95147.000000  30833 100
95177.000000  30859 100
95193.000000  30873 100
95223.000000  30900 100
95247.000000  30921 100
95269.000000  30940 100
95303.000000  30969 100
95303.000000  30969 100
95329.000000  30992 100
95341.000000  31003 100
95365.000000  31023 100
95397.000000  31051 100
95397.000000  31051 100
95425.000000  31076 100
95453.000000  31100 100
95453.000000  31100 100
95479.000000  31123 100
95539.000000  31175 100
95541.000000  31177 100
95623.000000  31248 100
95675.000000  31294 100
95695.000000  31311 100
95725.000000  31337 100
95733.000000  31344 100
95735.000000  31346 100
95755.000000  31364 100
95775.000000  31381 100
95799.000000  31402 100
95815.000000  31416 100
95815.000000  31416 100
95849.000000  31446 100
95897.000000  31487 100
96003.000000  31580 100
96005.000000  31582 100
96065.000000  31634 100
96067.000000  31636 100
96129.000000  31690 100
96185.000000  31739 100
96245.000000  31791 100
96265.000000  31809 100
96319.000000  31856 100
96319.000000  31856 100
96355.000000  31887 100
96355.000000  31887 100
96375.000000  31905 100
96389.000000  31917 100
96415.000000  31939 100
96445.000000  31965 100
96469.000000  31987 100
96493.000000  32007 100
96557.000000  32063 100
96593.000000  32095 100
96593.000000  32095 100
96593.000000  32095 100
96625.000000  32123 100
96661.000000  32154 100
96683.000000  32173 100
96699.000000  32187 100
96715.000000  32201 100
96803.000000  32278 100
96839.000000  32309 100
96869.000000  32335 100
96871.000000  32337 100
96881.000000  32346 100
96899.000000  32362 100
96941.000000  32398 100
96989.000000  32440 100
97047.000000  32491 100
97065.000000  32507 100
97079.000000  32519 100
97095.000000  32533 100
97097.000000  32535 100
97111.000000  32547 100
97147.000000  32578 100
97159.000000  32589 100
97169.000000  32597 100
97195.000000  32620 100
97253.000000  32671 100
97255.000000  32673 100
97261.000000  32678 100
97275.000000  32690 100
97329.000000  32737 100
97353.000000  32758 100
97365.000000  32768 100
97395.000000  32795 100
97427.000000  32822 100
97533.000000  32915 100
97533.000000  32915 100
97533.000000  32915 100
97559.000000  32937 100
97589.000000  32963 100
97607.000000  32979 100
97629.000000  32998 100
97677.000000  33040 100
97793.000000  33142 100
97797.000000  33145 100
97835.000000  33178 100
97869.000000  33208 100
97893.000000  33229 100
97925.000000  33257 100
97949.000000  33278 100
97957.000000  33285 100
97991.000000  33315 100
98043.000000  33360 100
98045.000000  33362 100
98069.000000  33383 100
98083.000000  33395 100
98141.000000  33446 100
98153.000000  33456 100
98211.000000  33507 100
98223.000000  33517 100
98223.000000  33517 100
98253.000000  33543 100
98279.000000  33566 100
98289.000000  33575 100
98325.000000  33606 100
98351.000000  33629 100
98351.000000  33629 100
98363.000000  33640 100
98389.000000  33662 100
98427.000000  33695 100
98473.000000  33736 100
98585.000000  33833 100
98679.000000  33915 100
98679.000000  33915 100
98715.000000  33947 100
98739.000000  33968 100
98773.000000  33998 100
98773.000000  33998 100
98773.000000  33998 100
98869.000000  34081 100
98917.000000  34123 100
98949.000000  34151 100
98997.000000  34193 100
99083.000000  34268 100
99099.000000  34282 100
99113.000000  34294 100
99115.000000  34296 100
99147.000000  34324 100
99171.000000  34345 100
99203.000000  34373 100
99229.000000  34395 100
99263.000000  34425 100
99285.000000  34444 100
99285.000000  34444 100
99345.000000  34497 100
99359.000000  34509 100
99361.000000  34511 100
99381.000000  34528 100
99383.000000  34530 100
99383.000000  34530 100
99403.000000  34547 100
99459.000000  34596 100
99461.000000  34598 100
99471.000000  34607 100
99525.000000  34654 100
99579.000000  34701 100
99605.000000  34724 100
99633.000000  34748 100
99783.000000  34879 100
99783.000000  34879 100
99811.000000  34904 100
99813.000000  34905 100
99841.000000  34930 100
99875.000000  34959 100
99909.000000  34989 100
99963.000000  35036 100
99997.000000  35066 100
99999.000000  35067 100
100073.000000  35132 100
100095.000000  35151 100
100109.000000  35163 100
100151.000000  35200 100
100171.000000  35217 100
100171.000000  35217 100
100221.000000  35261 100
100251.000000  35287 100
100265.000000  35299 100
100363.000000  35385 100
100477.000000  35485 100
100625.000000  35613 100
100627.000000  35615 100
100659.000000  35643 100
100695.000000  35675 100
100787.000000  35755 100
100811.000000  35776 100
100811.000000  35776 100
100929.000000  35879 100
100931.000000  35881 100
100951.000000  35898 100
100953.000000  35900 100
100983.000000  35926 100
101063.000000  35996 100
101117.000000  36043 100
101139.000000  36062 100
101175.000000  36093 100
101177.000000  36095 100
101201.000000  36116 100
101201.000000  36116 100
101201.000000  36116 100
101217.000000  36130 100
101239.000000  36149 100
101241.000000  36151 100
101271.000000  36177 100
101301.000000  36203 100
101303.000000  36205 100
101331.000000  36229 100
101353.000000  36249 100
101377.000000  36269 100
101403.000000  36292 100
101413.000000  36301 100
101485.000000  36364 100
101561.000000  36430 100
101633.000000  36493 100
101649.000000  36507 100
101663.000000  36519 100
101679.000000  36533 100
101771.000000  36613 100
101793.000000  36633 100
101793.000000  36633 100
101811.000000  36648 100
101827.000000  36662 100
101831.000000  36666 100
101851.000000  36683 100
101851.000000  36683 100
101887.000000  36715 100
101889.000000  36716 100
101959.000000  36777 100
101961.000000  36779 100
102041.000000  36849 100
102043.000000  36851 100
102069.000000  36873 100
102127.000000  36924 100
102169.000000  36960 100
102169.000000  36960 100
102183.000000  36973 100
102201.000000  36988 100
102211.000000  36997 100
102225.000000  37009 100
102225.000000  37009 100
102245.000000  37027 100
102265.000000  37044 100
102313.000000  37086 100
102315.000000  37088 100
102377.000000  37142 100
102379.000000  37143 100
102413.000000  37173 100
102413.000000  37173 100
102413.000000  37173 100
102443.000000  37199 100
102529.000000  37274 100
102565.000000  37306 100
102567.000000  37307 100
102591.000000  37329 100
102591.000000  37329 100
102591.000000  37329 100
102603.000000  37339 100
102625.000000  37358 100
102639.000000  37370 100
102659.000000  37388 100
102673.000000  37400 100
102809.000000  37519 100
102811.000000  37521 100
102827.000000  37535 100
102883.000000  37583 100
102963.000000  37653 100
102975.000000  37664 100
103009.000000  37693 100
103009.000000  37693 100
103009.000000  37693 100
103043.000000  37723 100
103071.000000  37747 100
103073.000000  37749 100
103155.000000  37821 100
103179.000000  37842 100
103337.000000  37979 100
103355.000000  37995 100
103373.000000  38011 100
103389.000000  38025 100
103409.000000  38042 100
103443.000000  38072 100
103453.000000  38081 100
103473.000000  38098 100
103499.000000  38121 100
103565.000000  38178 100
103565.000000  38178 100
103589.000000  38199 100
103707.000000  38302 100
103759.000000  38348 100
103759.000000  38348 100
103785.000000  38371 100
103855.000000  38431 100
103855.000000  38431 100
103891.000000  38463 100
103935.000000  38501 100
103935.000000  38501 100
103991.000000  38550 100
104019.000000  38575 100
104035.000000  38589 100
104071.000000  38620 100
104099.000000  38645 100
104119.000000  38662 100
104133.000000  38674 100
104169.000000  38706 100
104171.000000  38707 100
104217.000000  38748 100
104265.000000  38790 100
104301.000000  38821 100
104329.000000  38845 100
104329.000000  38845 100
104329.000000  38845 100
104383.000000  38893 100
104551.000000  39039 100
104597.000000  39079 100
104663.000000  39137 100
104721.000000  39187 100
104749.000000  39212 100
104777.000000  39236 100
104783.000000  39242 100
104805.000000  39261 100
104835.000000  39287 100
104871.000000  39319 100
104903.000000  39347 100
104905.000000  39348 100
104927.000000  39367 100
104937.000000  39376 100
104967.000000  39402 100
104991.000000  39423 100
105023.000000  39451 100
105023.000000  39451 100
105061.000000  39484 100
105093.000000  39512 100
105093.000000  39512 100
105123.000000  39538 100
105125.000000  39540 100
105155.000000  39566 100
105179.000000  39587 100
105227.000000  39629 100
105275.000000  39671 100
105275.000000  39671 100
105275.000000  39671 100
105275.000000  39671 100
105379.000000  39762 100
105455.000000  39828 100
105455.000000  39828 100
105477.000000  39847 100
105499.000000  39867 100
105571.000000  39929 100
105577.000000  39935 100
105599.000000  39954 100
105621.000000  39973 100
105645.000000  39994 100
105659.000000  40006 100
105713.000000  40053 100
105715.000000  40055 100
105735.000000  40073 100
105745.000000  40081 100
105767.000000  40101 100
105771.000000  40104 100
105823.000000  40149 100
105851.000000  40174 100
105851.000000  40174 100
105867.000000  40188 100
105881.000000  40200 100
105923.000000  40237 100
105935.000000  40247 100
105963.000000  40272 100
105963.000000  40272 100
105979.000000  40286 100
106005.000000  40308 100
106025.000000  40326 100
106117.000000  40406 100
106133.000000  40420 100
106143.000000  40429 100
106163.000000  40446 100
106519.000000  40757 100
106625.000000  40850 100
106625.000000  40850 100
106657.000000  40878 100
106729.000000  40941 100
106755.000000  40964 100
106827.000000  41027 100
106859.000000  41055 100
106947.000000  41131 100
106969.000000  41151 100
106983.000000  41163 100
107013.000000  41189 100
107015.000000  41191 100
107041.000000  41213 100
107073.000000  41241 100
107101.000000  41266 100
107103.000000  41267 100
107135.000000  41295 100
107199.000000  41351 100
107239.000000  41386 100
107305.000000  41444 100
107307.000000  41445 100
107323.000000  41460 100
107335.000000  41470 100
107357.000000  41489 100
107369.000000  41500 100
107435.000000  41557 100
107451.000000  41571 100
107535.000000  41645 100
107663.000000  41756 100
107813.000000  41887 100
107837.000000  41908 100
107855.000000  41924 100
107869.000000  41936 100
107869.000000  41936 100
107919.000000  41980 100
107921.000000  41982 100
107959.000000  42015 100
107983.000000  42036 100
108015.000000  42064 100
108047.000000  42092 100
108083.000000  42124 100
108137.000000  42171 100
108165.000000  42195 100
108179.000000  42208 100
108255.000000  42274 100
108271.000000  42288 100
108293.000000  42307 100
108329.000000  42339 100
108331.000000  42341 100
108351.000000  42358 100
108383.000000  42386 100
108413.000000  42412 100
108415.000000  42414 100
108435.000000  42431 100
108437.000000  42433 100
108471.000000  42463 100
108499.000000  42487 100
108541.000000  42524 100
108575.000000  42553 100
108595.000000  42571 100
108609.000000  42583 100
108637.000000  42607 100
108637.000000  42607 100
108653.000000  42621 100
108669.000000  42635 100
108727.000000  42686 100
108729.000000  42688 100
108765.000000  42719 100
108789.000000  42740 100
108855.000000  42798 100
108869.000000  42810 100
108927.000000  42861 100
108929.000000  42863 100
108979.000000  42906 100
109013.000000  42936 100
109043.000000  42962 100
109075.000000  42990 100
109089.000000  43003 100
109125.000000  43034 100
109169.000000  43073 100
109231.000000  43127 100
109253.000000  43146 100
109267.000000  43158 100
109283.000000  43172 100
109285.000000  43174 100
109293.000000  43181 100
109311.000000  43197 100
109325.000000  43209 100
109345.000000  43227 100
109413.000000  43286 100
109415.000000  43288 100
109417.000000  43290 100
109449.000000  43317 100
109475.000000  43340 100
109511.000000  43372 100
109615.000000  43463 100
109639.000000  43483 100
109709.000000  43545 100
109765.000000  43593 100
109793.000000  43618 100
109817.000000  43639 100
109857.000000  43674 100
109885.000000  43698 100
109909.000000  43719 100
109931.000000  43739 100
109931.000000  43739 100
109979.000000  43781 100
109987.000000  43788 100
110007.000000  43805 100
110029.000000  43824 100
110063.000000  43854 100
110117.000000  43901 100
110139.000000  43921 100
112135.000000  45666 100
112137.000000  45668 100
112139.000000  45670 100
112167.000000  45694 100
112195.000000  45719 100
112197.000000  45720 100
112259.000000  45775 100
112275.000000  45789 100
112307.000000  45816 100
112371.000000  45872 100
112371.000000  45872 100
112395.000000  45893 100
112421.000000  45916 100
112441.000000  45934 100
112479.000000  45967 100
112547.000000  46026 100
112605.000000  46077 100
112639.000000  46107 100
112667.000000  46131 100
112673.000000  46136 100
112741.000000  46196 100
112773.000000  46224 100
112773.000000  46224 100
112805.000000  46252 100
112807.000000  46253 100
112841.000000  46283 100
112865.000000  46304 100
112965.000000  46391 100
112965.000000  46391 100
112987.000000  46411 100
113003.000000  46425 100
113035.000000  46453 100
113081.000000  46493 100
113111.000000  46519 100
113111.000000  46519 100
113139.000000  46544 100
113171.000000  46572 100
113225.000000  46619 100
113261.000000  46650 100
113263.000000  46652 100
113407.000000  46778 100
113431.000000  46799 100
113463.000000  46827 100
113465.000000  46829 100
113497.000000  46857 100
113665.000000  47003 100
113667.000000  47005 100
113725.000000  47056 100
113753.000000  47080 100
113777.000000  47101 100
113795.000000  47117 100
113959.000000  47260 100
113997.000000  47293 100
113999.000000  47295 100
114027.000000  47319 100
114029.000000  47321 100
114059.000000  47347 100
114059.000000  47347 100
114085.000000  47370 100
114099.000000  47382 100
114163.000000  47438 100
114223.000000  47491 100
114255.000000  47519 100
114303.000000  47561 100
114335.000000  47589 100
114357.000000  47608 100
114429.000000  47671 100
114453.000000  47692 100
114469.000000  47706 100
114485.000000  47720 100
114579.000000  47802 100
114581.000000  47804 100
114633.000000  47849 100
114661.000000  47874 100
114663.000000  47875 100
114669.000000  47881 100
114683.000000  47893 100
114705.000000  47912 100
114713.000000  47919 100
114729.000000  47933 100
114761.000000  47961 100
114763.000000  47963 100
114793.000000  47989 100
114835.000000  48025 100
114837.000000  48027 100
114839.000000  48029 100
114839.000000  48029 100
114879.000000  48064 100
114881.000000  48066 100
114883.000000  48067 100
114899.000000  48081 100
114923.000000  48102 100
114971.000000  48144 100
115015.000000  48183 100
115015.000000  48183 100
115039.000000  48204 100
115065.000000  48227 100
115085.000000  48244 100
115107.000000  48263 100
115143.000000  48295 100
115145.000000  48297 100
115171.000000  48319 100
115171.000000  48319 100
115171.000000  48319 100
115225.000000  48366 100
115239.000000  48379 100
115271.000000  48407 100
115273.000000  48408 100
115313.000000  48443 100
115343.000000  48469 100
115419.000000  48536 100
115435.000000  48550 100
115483.000000  48592 100
115585.000000  48681 100
115587.000000  48683 100
115625.000000  48716 100
115641.000000  48730 100
115661.000000  48747 100
115675.000000  48760 100
115727.000000  48805 100
115761.000000  48835 100
115773.000000  48845 100
115807.000000  48875 100
115865.000000  48926 100
115879.000000  48938 100
115891.000000  48948 100
115925.000000  48978 100
115949.000000  48999 100
115957.000000  49006 100
116021.000000  49062 100
116023.000000  49063 100
116025.000000  49065 100
116179.000000  49200 100
116207.000000  49224 100
116301.000000  49306 100
116321.000000  49324 100
116349.000000  49348 100
116375.000000  49371 100
116397.000000  49390 100
116433.000000  49422 100
116459.000000  49445 100
116461.000000  49446 100
116491.000000  49473 100
116493.000000  49474 100
116523.000000  49501 100
116539.000000  49514 100
116585.000000  49555 100
116599.000000  49567 100
116623.000000  49588 100
116639.000000  49602 100
116649.000000  49611 100
116675.000000  49633 100
116699.000000  49654 100
116699.000000  49654 100
116739.000000  49689 100
116747.000000  49696 100
116767.000000  49714 100
116767.000000  49714 100
116783.000000  49728 100
116801.000000  49743 100
116815.000000  49756 100
116827.000000  49766 100
116843.000000  49780 100
116861.000000  49796 100
116863.000000  49797 100
116885.000000  49817 100
116887.000000  49819 100
117015.000000  49931 100
117015.000000  49931 100
117015.000000  49931 100
117039.000000  49951 100
117069.000000  49978 100
117095.000000  50001 100
117109.000000  50013 100
117135.000000  50035 100
117169.000000  50065 100
117169.000000  50065 100
117203.000000  50095 100
117277.000000  50159 100
117277.000000  50159 100
117345.000000  50219 100
117359.000000  50231 100
117359.000000  50231 100
117401.000000  50268 100
117425.000000  50289 100
117481.000000  50338 100
117493.000000  50348 100
117561.000000  50408 100
117561.000000  50408 100
117573.000000  50418 100
117597.000000  50439 100
117609.000000  50450 100
117623.000000  50462 100
117641.000000  50478 100
117661.000000  50495 100
117685.000000  50516 100
117717.000000  50544 100
117743.000000  50567 100
117777.000000  50597 100
117803.000000  50620 100
117839.000000  50651 100
117841.000000  50653 100
117861.000000  50670 100
117895.000000  50700 100
117895.000000  50700 100
117895.000000  50700 100
117951.000000  50749 100
117953.000000  50751 100
118109.000000  50887 100
118127.000000  50903 100
118141.000000  50915 100
118161.000000  50932 100
118161.000000  50932 100
118179.000000  50948 100
118207.000000  50973 100
118259.000000  51018 100
118261.000000  51020 100
118367.000000  51113 100
118405.000000  51146 100
118407.000000  51148 100
118459.000000  51193 100
118461.000000  51195 100
118481.000000  51212 100
118547.000000  51270 100
118547.000000  51270 100
118611.000000  51326 100
118647.000000  51357 100
118647.000000  51357 100
118679.000000  51385 100
118803.000000  51494 100
118831.000000  51518 100
118863.000000  51546 100
118911.000000  51588 100
118941.000000  51615 100
119013.000000  51677 100
119015.000000  51679 100
119021.000000  51685 100
119021.000000  51685 100
119041.000000  51702 100
119041.000000  51702 100
119067.000000  51725 100
119079.000000  51735 100
119079.000000  51735 100
119103.000000  51756 100
119117.000000  51768 100
119135.000000  51784 100
119163.000000  51809 100
119177.000000  51821 100
119237.000000  51873 100
119237.000000  51873 100
119237.000000  51873 100
119251.000000  51885 100
119269.000000  51901 100
119293.000000  51922 100
119315.000000  51941 100
119345.000000  51967 100
119359.000000  51980 100
119385.000000  52002 100
119411.000000  52025 100
119425.000000  52037 100
119441.000000  52051 100
119471.000000  52077 100
119623.000000  52211 100
119655.000000  52239 100
119669.000000  52251 100
119745.000000  52317 100
119779.000000  52347 100
119809.000000  52373 100
120135.000000  52658 100
120135.000000  52658 100
120181.000000  52699 100
120267.000000  52774 100
120269.000000  52776 100
120285.000000  52790 100
120315.000000  52816 100
120315.000000  52816 100
120315.000000  52816 100
120357.000000  52853 100
120425.000000  52912 100
120427.000000  52914 100
120457.000000  52940 100
120481.000000  52961 100
120585.000000  53053 100
120601.000000  53066 100
120609.000000  53073 100
120611.000000  53075 100
120631.000000  53093 100
120661.000000  53119 100
120675.000000  53131 100
120675.000000  53131 100
120691.000000  53145 100
120749.000000  53196 100
120761.000000  53207 100
120777.000000  53221 100
120785.000000  53228 100
120805.000000  53245 100
120815.000000  53254 100
120833.000000  53270 100
120833.000000  53270 100
120843.000000  53279 100
120867.000000  53300 100
120869.000000  53301 100
120883.000000  53314 100
120895.000000  53324 100
120925.000000  53350 100
120959.000000  53380 100
120959.000000  53380 100
120983.000000  53401 100
121059.000000  53468 100
121143.000000  53541 100
121159.000000  53555 100
121193.000000  53585 100
121255.000000  53639 100
121339.000000  53713 100
121351.000000  53723 100
121391.000000  53759 100
121409.000000  53775 100
121409.000000  53775 100
121459.000000  53818 100
121471.000000  53829 100
121473.000000  53831 100
121495.000000  53850 100
121549.000000  53897 100
121585.000000  53929 100
121587.000000  53930 100
121611.000000  53951 100
121613.000000  53953 100
121663.000000  53997 100
121681.000000  54013 100
121683.000000  54015 100
121697.000000  54027 100
121723.000000  54049 100
121723.000000  54049 100
121723.000000  54049 100
121743.000000  54067 100
121753.000000  54076 100
121803.000000  54120 100
121825.000000  54139 100
121841.000000  54153 100
121859.000000  54169 100
121859.000000  54169 100
121869.000000  54177 100
121883.000000  54190 100
121901.000000  54205 100
121969.000000  54265 100
121995.000000  54288 100
122009.000000  54300 100
122025.000000  54314 100
122039.000000  54327 100
122223.000000  54488 100
122225.000000  54489 100
122229.000000  54493 100
122229.000000  54493 100
122253.000000  54514 100
122267.000000  54526 100
122287.000000  54544 100
122287.000000  54544 100
122349.000000  54598 100
122411.000000  54652 100
122467.000000  54701 100
122467.000000  54701 100
122495.000000  54726 100
122541.000000  54766 100
122567.000000  54789 100
122569.000000  54790 100
122583.000000  54803 100
122595.000000  54813 100
122611.000000  54827 100
122611.000000  54827 100
122611.000000  54827 100
122611.000000  54827 100
122675.000000  54883 100
122677.000000  54885 100
122699.000000  54904 100
122731.000000  54932 100
122745.000000  54944 100
122757.000000  54955 100
122777.000000  54972 100
122779.000000  54974 100
122803.000000  54995 100
122803.000000  54995 100
122819.000000  55009 100
122837.000000  55025 100
122867.000000  55051 100
122879.000000  55061 100
122893.000000  55074 100
122927.000000  55103 100
122955.000000  55128 100
122967.000000  55138 100
122977.000000  55147 100
122979.000000  55149 100
123013.000000  55179 100
123015.000000  55180 100
123069.000000  55227 100
123071.000000  55229 100
123099.000000  55254 100
123129.000000  55280 100
123131.000000  55282 100
123137.000000  55287 100
123153.000000  55301 100
123241.000000  55378 100
123265.000000  55399 100
123295.000000  55425 100
123339.000000  55464 100
123361.000000  55483 100
123387.000000  55506 100
123389.000000  55508 100
123439.000000  55552 100
123473.000000  55581 100
123529.000000  55631 100
123531.000000  55632 100
123551.000000  55650 100
123583.000000  55678 100
123661.000000  55746 100
123661.000000  55746 100
123661.000000  55746 100
123679.000000  55762 100
123815.000000  55884 100
123839.000000  55906 100
123847.000000  55913 100
123895.000000  55957 100
123917.000000  55978 100
123931.000000  55991 100
123931.000000  55991 100
123959.000000  56016 100
123961.000000  56018 100
124061.000000  56110 100
124115.000000  56159 100
124117.000000  56161 100
124119.000000  56163 100
124149.000000  56191 100
124149.000000  56191 100
124259.000000  56291 100
124283.000000  56313 100
124283.000000  56313 100
124341.000000  56366 100
124373.000000  56395 100
124419.000000  56438 100
124479.000000  56493 100
124581.000000  56586 100
124605.000000  56608 100
124641.000000  56641 100
124673.000000  56670 100
124765.000000  56755 100
124781.000000  56769 100
124835.000000  56819 100
124835.000000  56819 100
124869.000000  56850 100
124903.000000  56881 100
124933.000000  56908 100
124939.000000  56914 100
124953.000000  56927 100
124977.000000  56949 100
124977.000000  56949 100
124993.000000  56963 100
125005.000000  56974 100
125033.000000  57000 100
125041.000000  57007 100
125041.000000  57007 100
125051.000000  57016 100
125107.000000  57067 100
125111.000000  57071 100
125133.000000  57091 100
125189.000000  57143 100
125239.000000  57189 100
125247.000000  57196 100
125267.000000  57214 100
125267.000000  57214 100
125285.000000  57231 100
125305.000000  57249 100
125319.000000  57262 100
125347.000000  57287 100
125437.000000  57370 100
125461.000000  57392 100
125493.000000  57421 100
125571.000000  57493 100
125573.000000  57495 100
125607.000000  57526 100
125609.000000  57527 100
125629.000000  57546 100
125663.000000  57577 100
125665.000000  57579 100
125703.000000  57613 100
125719.000000  57628 100
125733.000000  57641 100
125769.000000  57674 100
125805.000000  57707 100
125839.000000  57738 100
125891.000000  57786 100
125893.000000  57787 100
125919.000000  57811 100
125921.000000  57813 100
125955.000000  57844 100
125971.000000  57859 100
126027.000000  57910 100
126059.000000  57939 100
126059.000000  57939 100
126135.000000  58009 100
126211.000000  58078 100
126267.000000  58129 100
126299.000000  58159 100
126299.000000  58159 100
126763.000000  58583 100
126765.000000  58585 100
126837.000000  58651 100
126873.000000  58684 100
126895.000000  58705 100
126909.000000  58717 100
126941.000000  58747 100
126955.000000  58759 100
126971.000000  58774 100
127007.000000  58807 100
127035.000000  58833 100
127085.000000  58879 100
127111.000000  58903 100
127127.000000  58917 100
127129.000000  58919 100
127175.000000  58961 100
127177.000000  58963 100
127225.000000  59007 100
127227.000000  59009 100
127243.000000  59024 100
127259.000000  59038 100
127305.000000  59081 100
127335.000000  59108 100
127337.000000  59110 100
127363.000000  59134 100
127415.000000  59181 100
127415.000000  59181 100
127441.000000  59205 100
127495.000000  59255 100
127619.000000  59368 100
127661.000000  59407 100
127671.000000  59416 100
127685.000000  59429 100
127757.000000  59495 100
127791.000000  59526 100
127829.000000  59561 100
127843.000000  59574 100
127861.000000  59590 100
127885.000000  59612 100
127917.000000  59641 100
127953.000000  59675 100
127955.000000  59676 100
127973.000000  59693 100
127973.000000  59693 100
128041.000000  59755 100
128077.000000  59788 100
128079.000000  59790 100
128101.000000  59810 100
128159.000000  59863 100
128195.000000  59896 100
128197.000000  59898 100
128247.000000  59943 100
128257.000000  59953 100
128299.000000  59991 100
128325.000000  60015 100
128401.000000  60085 100
128423.000000  60105 100
128437.000000  60117 100
128437.000000  60117 100
128463.000000  60141 100
128463.000000  60141 100
128489.000000  60165 100
128499.000000  60174 100
128535.000000  60207 100
128571.000000  60240 100
128579.000000  60247 100
128601.000000  60268 100
128603.000000  60269 100
128627.000000  60291 100
128685.000000  60345 100
128699.000000  60357 100
128733.000000  60388 100
128763.000000  60416 100
128775.000000  60427 100
128789.000000  60440 100
128825.000000  60473 100
128861.000000  60505 100
128861.000000  60505 100
128861.000000  60505 100
128885.000000  60527 100
128939.000000  60577 100
128941.000000  60579 100
128981.000000  60615 100
129011.000000  60643 100
129037.000000  60667 100
129071.000000  60698 100
129111.000000  60734 100
129129.000000  60751 100
129145.000000  60765 100
129175.000000  60793 100
129175.000000  60793 100
129195.000000  60811 100
129211.000000  60826 100
129243.000000  60855 100
129267.000000  60877 100
129269.000000  60879 100
129281.000000  60890 100
129281.000000  60890 100
129299.000000  60906 100
129301.000000  60908 100
129379.000000  60979 100
129437.000000  61032 100
129495.000000  61085 100
129575.000000  61159 100
129587.000000  61169 100
129629.000000  61208 100
129675.000000  61250 100
129731.000000  61301 100
129731.000000  61301 100
129749.000000  61318 100
129785.000000  61351 100
129823.000000  61385 100
129835.000000  61397 100
129939.000000  61492 100
129963.000000  61514 100
129999.000000  61547 100
130001.000000  61549 100
130021.000000  61567 100
130075.000000  61616 100
130147.000000  61682 100
130177.000000  61709 100
130179.000000  61711 100
130193.000000  61724 100
130215.000000  61744 100
130247.000000  61774 100
130249.000000  61775 100
130291.000000  61814 100
130303.000000  61825 100
130333.000000  61852 100
130333.000000  61852 100
130359.000000  61876 100
130387.000000  61902 100
130399.000000  61913 100
130419.000000  61931 100
130437.000000  61947 100
130439.000000  61949 100
130465.000000  61973 100
130533.000000  62035 100
130605.000000  62101 100
130607.000000  62103 100
130639.000000  62133 100
130667.000000  62158 100
130669.000000  62160 100
130729.000000  62215 100
130731.000000  62217 100
130761.000000  62245 100
130795.000000  62276 100
130815.000000  62294 100
130823.000000  62301 100
132729.000000  64047 100
132795.000000  64107 100
132821.000000  64131 100
132867.000000  64173 100
132943.000000  64243 100
132963.000000  64261 100
133065.000000  64354 100
133119.000000  64404 100
133143.000000  64426 100
133145.000000  64427 100
133259.000000  64532 100
133275.000000  64547 100
133385.000000  64647 100
133419.000000  64678 100
133441.000000  64698 100
133549.000000  64797 100
133551.000000  64799 100
133567.000000  64814 100
133597.000000  64841 100
133621.000000  64863 100
133641.000000  64881 100
133689.000000  64925 100
133747.000000  64979 100
133819.000000  65045 100
133831.000000  65056 100
133903.000000  65122 100
133905.000000  65123 100
133961.000000  65175 100
134021.000000  65230 100
134031.000000  65239 100
134077.000000  65281 100
134085.000000  65288 100
134131.000000  65330 100
134163.000000  65360 100
134163.000000  65360 100
134163.000000  65360 100
134163.000000  65360 100
134195.000000  65389 100
134215.000000  65407 100
134247.000000  65437 100
134293.000000  65479 100
134331.000000  65513 100
134331.000000  65513 100
134391.000000  65569 100
134423.000000  65598 100
134447.000000  65620 100
134479.000000  65649 100
134533.000000  65699 100
134587.000000  65748 100
134613.000000  65772 100
134615.000000  65773 100
134681.000000  65834 100
134747.000000  65895 100
134755.000000  65902 100
134807.000000  65949 100
134823.000000  65964 100
134825.000000  65966 100
134881.000000  66017 100
134909.000000  66043 100
134961.000000  66090 100
134995.000000  66121 100
134995.000000  66121 100
135027.000000  66151 100
135029.000000  66153 100
135061.000000  66182 100
135083.000000  66202 100
135083.000000  66202 100
135119.000000  66235 100
135121.000000  66237 100
135141.000000  66255 100
135173.000000  66284 100
135197.000000  66306 100
135233.000000  66339 100
135235.000000  66341 100
135285.000000  66387 100
135285.000000  66387 100
135285.000000  66387 100
135315.000000  66414 100
135333.000000  66431 100
135367.000000  66462 100
135367.000000  66462 100
135367.000000  66462 100
135367.000000  66462 100
135451.000000  66539 100
135499.000000  66583 100
135589.000000  66665 100
135607.000000  66682 100
135621.000000  66695 100
135645.000000  66717 100
135645.000000  66717 100
135677.000000  66746 100
135677.000000  66746 100
135737.000000  66801 100
135739.000000  66803 100
135745.000000  66808 100
135779.000000  66839 100
135781.000000  66841 100
135801.000000  66859 100
135867.000000  66920 100
135881.000000  66933 100
135917.000000  66966 100
135919.000000  66967 100
135987.000000  67030 100
136037.000000  67075 100
136049.000000  67087 100
136069.000000  67105 100
136083.000000  67118 100
136101.000000  67134 100
136127.000000  67158 100
136161.000000  67189 100
136181.000000  67207 100
136195.000000  67220 100
136211.000000  67235 100
136235.000000  67257 100
136271.000000  67290 100
136273.000000  67292 100
136297.000000  67314 100
136299.000000  67315 100
136325.000000  67339 100
136325.000000  67339 100
136351.000000  67363 100
136383.000000  67392 100
136445.000000  67449 100
136447.000000  67451 100
136475.000000  67477 100
136509.000000  67507 100
136601.000000  67592 100
136617.000000  67606 100
136655.000000  67641 100
136657.000000  67643 100
136711.000000  67693 100
136733.000000  67713 100
136733.000000  67713 100
136757.000000  67735 100
136823.000000  67795 100
136843.000000  67813 100
136845.000000  67815 100
136859.000000  67828 100
136885.000000  67852 100
136917.000000  67881 100
136917.000000  67881 100
136941.000000  67903 100
136973.000000  67932 100
136999.000000  67956 100
137077.000000  68027 100
137111.000000  68059 100
137111.000000  68059 100
137111.000000  68059 100
137143.000000  68088 100
137161.000000  68104 100
137191.000000  68132 100
137391.000000  68315 100
137391.000000  68315 100
137391.000000  68315 100
137399.000000  68322 100
137401.000000  68324 100
137423.000000  68344 100
137485.000000  68401 100
137523.000000  68436 100
137539.000000  68451 100
137551.000000  68462 100
137573.000000  68482 100
137585.000000  68493 100
137585.000000  68493 100
137611.000000  68517 100
137623.000000  68528 100
137677.000000  68577 100
137711.000000  68608 100
137771.000000  68663 100
137773.000000  68665 100
137803.000000  68692 100
137855.000000  68740 100
137893.000000  68775 100
137929.000000  68808 100
137931.000000  68810 100
137939.000000  68817 100
137955.000000  68832 100
137971.000000  68846 100
137999.000000  68872 100
137999.000000  68872 100
138071.000000  68938 100
138101.000000  68965 100
138151.000000  69011 100
138153.000000  69013 100
138169.000000  69028 100
138197.000000  69053 100
138211.000000  69066 100
138211.000000  69066 100
138245.000000  69097 100
138269.000000  69119 100
138289.000000  69137 100
138311.000000  69158 100
138347.000000  69191 100
138349.000000  69192 100
138369.000000  69211 100
138401.000000  69240 100
138425.000000  69262 100
138425.000000  69262 100
138435.000000  69271 100
138459.000000  69293 100
138461.000000  69295 100
138487.000000  69319 100
138541.000000  69368 100
138571.000000  69395 100
138573.000000  69397 100
138579.000000  69403 100
138601.000000  69423 100
138633.000000  69452 100
138659.000000  69476 100
138709.000000  69522 100
138725.000000  69537 100
138739.000000  69549 100
138767.000000  69575 100
138839.000000  69641 100
138867.000000  69667 100
138923.000000  69718 100
138925.000000  69719 100
138957.000000  69749 100
138985.000000  69774 100
138987.000000  69776 100
138999.000000  69787 100
139087.000000  69868 100
139087.000000  69868 100
139123.000000  69901 100
139153.000000  69928 100
139203.000000  69974 100
139203.000000  69974 100
139223.000000  69992 100
139249.000000  70016 100
139267.000000  70032 100
139307.000000  70069 100
139323.000000  70083 100
139323.000000  70083 100
139339.000000  70098 100
139381.000000  70137 100
139411.000000  70164 100
139505.000000  70250 100
139579.000000  70318 100
139611.000000  70347 100
139613.000000  70349 100
139615.000000  70351 100
139643.000000  70376 100
139671.000000  70402 100
139673.000000  70404 100
139723.000000  70449 100
139759.000000  70483 100
139791.000000  70512 100
139839.000000  70556 100
139919.000000  70629 100
139955.000000  70662 100
140015.000000  70717 100
140039.000000  70739 100
140039.000000  70739 100
140055.000000  70753 100
140073.000000  70770 100
140105.000000  70799 100
140105.000000  70799 100
140129.000000  70821 100
140169.000000  70858 100
140199.000000  70885 100
140201.000000  70887 100
140229.000000  70913 100
140231.000000  70914 100
140255.000000  70936 100
140261.000000  70942 100
140263.000000  70944 100
140297.000000  70975 100
140351.000000  71024 100
140373.000000  71044 100
140373.000000  71044 100
140389.000000  71059 100
140401.000000  71070 100
140435.000000  71101 100
140461.000000  71125 100
140489.000000  71150 100
140581.000000  71235 100
140601.000000  71253 100
140647.000000  71295 100
140677.000000  71322 100
140749.000000  71388 100
140773.000000  71410 100
140833.000000  71465 100
140835.000000  71467 100
140843.000000  71474 100
140879.000000  71507 100
140901.000000  71527 100
140911.000000  71536 100
140943.000000  71566 100
140975.000000  71595 100
140991.000000  71609 100
141003.000000  71621 100
141029.000000  71644 100
141057.000000  71670 100
141067.000000  71679 100
141099.000000  71708 100
141121.000000  71729 100
141169.000000  71772 100
141281.000000  71875 100
141311.000000  71902 100
141357.000000  71944 100
141391.000000  71975 100
141391.000000  71975 100
141417.000000  71999 100
141487.000000  72063 100
141551.000000  72122 100
141611.000000  72177 100
141647.000000  72209 100
141647.000000  72209 100
141647.000000  72209 100
141731.000000  72286 100
141733.000000  72288 100
141735.000000  72290 100
141775.000000  72327 100
141777.000000  72328 100
141803.000000  72352 100
141827.000000  72374 100
141859.000000  72403 100
141867.000000  72411 100
141883.000000  72425 100
141927.000000  72466 100
141939.000000  72477 100
141963.000000  72499 100
141983.000000  72517 100
141985.000000  72519 100
142001.000000  72533 100
142037.000000  72566 100
142039.000000  72568 100
142143.000000  72663 100
142187.000000  72703 100
142187.000000  72703 100
142187.000000  72703 100
142187.000000  72703 100
142219.000000  72733 100
142221.000000  72735 100
142243.000000  72755 100
142257.000000  72767 100
142315.000000  72820 100
142325.000000  72830 100
142377.000000  72877 100
142401.000000  72899 100
142411.000000  72908 100
142431.000000  72927 100
142449.000000  72943 100
142491.000000  72981 100
142527.000000  73014 100
142583.000000  73066 100
142613.000000  73093 100
142615.000000  73095 100
142669.000000  73144 100
142703.000000  73175 100
142727.000000  73197 100
142787.000000  73252 100
142789.000000  73254 100
142849.000000  73309 100
142851.000000  73311 100
142933.000000  73386 100
142959.000000  73410 100
142975.000000  73424 100
142989.000000  73437 100
142989.000000  73437 100
143043.000000  73486 100
143045.000000  73488 100
143057.000000  73499 100
143255.000000  73680 100
143257.000000  73682 100
143259.000000  73684 100
143283.000000  73706 100
143297.000000  73719 100
143331.000000  73750 100
143331.000000  73750 100
143331.000000  73750 100
143355.000000  73772 100
143369.000000  73785 100
143461.000000  73869 100
143495.000000  73900 100
143497.000000  73902 100
143529.000000  73931 100
143557.000000  73957 100
143559.000000  73959 100
143593.000000  73989 100
143615.000000  74010 100
143671.000000  74061 100
143783.000000  74163 100
143785.000000  74165 100
143801.000000  74180 100
143817.000000  74195 100
143837.000000  74213 100
143867.000000  74240 100
143883.000000  74255 100
143939.000000  74306 100
143955.000000  74321 100
143977.000000  74341 100
143991.000000  74354 100
144117.000000  74469 100
144145.000000  74495 100
144147.000000  74496 100
144177.000000  74524 100
144177.000000  74524 100
144177.000000  74524 100
144231.000000  74573 100
144257.000000  74597 100
144283.000000  74621 100
144321.000000  74656 100
144359.000000  74691 100
144359.000000  74691 100
144407.000000  74735 100
144487.000000  74808 100
144489.000000  74810 100
144583.000000  74897 100
144585.000000  74899 100
144607.000000  74919 100
144639.000000  74948 100
144667.000000  74974 100
144669.000000  74975 100
144697.000000  75001 100
144721.000000  75023 100
144753.000000  75053 100
144807.000000  75102 100
144831.000000  75124 100
144863.000000  75154 100
144893.000000  75181 100
144919.000000  75205 100
144949.000000  75232 100
144949.000000  75232 100
144977.000000  75258 100
145013.000000  75291 100
145015.000000  75293 100
145065.000000  75339 100
145079.000000  75352 100
145079.000000  75352 100
145111.000000  75381 100
145125.000000  75394 100
145147.000000  75414 100
145161.000000  75427 100
145197.000000  75460 100
145209.000000  75471 100
145271.000000  75527 100
145273.000000  75529 100
145323.000000  75575 100
145325.000000  75577 100
145331.000000  75583 100
145367.000000  75615 100
145369.000000  75617 100
145389.000000  75636 100
145421.000000  75665 100
145451.000000  75692 100
145453.000000  75694 100
145487.000000  75725 100
145539.000000  75773 100
145539.000000  75773 100
145577.000000  75808 100
145607.000000  75835 100
145621.000000  75848 100
145639.000000  75864 100
145639.000000  75864 100
145673.000000  75896 100
145675.000000  75897 100
145709.000000  75929 100
145709.000000  75929 100
145761.000000  75976 100
145773.000000  75987 100
145789.000000  76002 100
145803.000000  76015 100
145867.000000  76073 100
145869.000000  76075 100
145941.000000  76141 100
146001.000000  76196 100
146035.000000  76227 100
146087.000000  76274 100
146087.000000  76274 100
146123.000000  76307 100
146173.000000  76353 100
146205.000000  76383 100
146269.000000  76441 100
146327.000000  76494 100
146367.000000  76531 100
146369.000000  76533 100
146389.000000  76551 100
146433.000000  76591 100
146451.000000  76608 100
146461.000000  76617 100
146481.000000  76635 100
146549.000000  76697 100
146585.000000  76730 100
146587.000000  76732 100
146611.000000  76754 100
146611.000000  76754 100
146611.000000  76754 100
146677.000000  76815 100
146711.000000  76846 100
146745.000000  76877 100
146779.000000  76908 100
146803.000000  76930 100
146817.000000  76943 100
146833.000000  76957 100
146849.000000  76972 100
146861.000000  76983 100
146885.000000  77005 100
146887.000000  77007 100
146907.000000  77025 100
146915.000000  77032 100
146931.000000  77047 100
146943.000000  77058 100
146963.000000  77076 100
146977.000000  77089 100
147107.000000  77208 100
147109.000000  77210 100
147127.000000  77226 100
147229.000000  77320 100
147253.000000  77342 100
147331.000000  77413 100
147365.000000  77444 100
147393.000000  77470 100
147395.000000  77471 100
147425.000000  77499 100
147447.000000  77519 100
147507.000000  77574 100
147573.000000  77634 100
147573.000000  77634 100
147599.000000  77658 100
147671.000000  77724 100
147715.000000  77764 100
147733.000000  77781 100
147735.000000  77783 100
147753.000000  77799 100
147787.000000  77830 100
147787.000000  77830 100
147787.000000  77830 100
147841.000000  77879 100
147877.000000  77912 100
147879.000000  77914 100
147891.000000  77925 100
147953.000000  77982 100
147955.000000  77984 100
147983.000000  78009 100
148007.000000  78031 100
148041.000000  78062 100
148043.000000  78064 100
148073.000000  78091 100
148073.000000  78091 100
148099.000000  78115 100
148147.000000  78159 100
148209.000000  78216 100
148279.000000  78280 100
148291.000000  78291 100
148317.000000  78315 100
148319.000000  78317 100
148329.000000  78326 100
148359.000000  78353 100
148359.000000  78353 100
148501.000000  78483 100
148503.000000  78485 100
148555.000000  78532 100
148587.000000  78562 100
148621.000000  78593 100
148621.000000  78593 100
148621.000000  78593 100
148647.000000  78617 100
148681.000000  78647 100
148715.000000  78679 100
148743.000000  78704 100
148783.000000  78741 100
148807.000000  78763 100
148829.000000  78783 100
148829.000000  78783 100
148865.000000  78816 100
148911.000000  78858 100
148937.000000  78882 100
149015.000000  78953 100
149023.000000  78961 100
149025.000000  78962 100
149045.000000  78981 100
149059.000000  78993 100
149111.000000  79041 100
149165.000000  79091 100
149219.000000  79140 100
149247.000000  79165 100
149261.000000  79178 100
149333.000000  79244 100
149361.000000  79269 100
149363.000000  79271 100
149373.000000  79281 100
149399.000000  79304 100
149417.000000  79321 100
149445.000000  79346 100
149447.000000  79348 100
149473.000000  79372 100
149573.000000  79463 100
149589.000000  79478 100
149591.000000  79480 100
149605.000000  79493 100
149629.000000  79515 100
149677.000000  79559 100
149737.000000  79614 100
149771.000000  79645 100
149793.000000  79665 100
149827.000000  79696 100
149891.000000  79755 100
149913.000000  79775 100
149923.000000  79784 100
149957.000000  79815 100
149957.000000  79815 100
149957.000000  79815 100
149957.000000  79815 100
149957.000000  79815 100
149991.000000  79846 100
150005.000000  79859 100
150037.000000  79888 100
150059.000000  79908 100
150113.000000  79957 100
150113.000000  79957 100
150113.000000  79957 100
150113.000000  79957 100
150173.000000  80012 100
150187.000000  80025 100
150203.000000  80040 100
150213.000000  80049 100
150213.000000  80049 100
150235.000000  80069 100
150253.000000  80085 100
150267.000000  80098 100
150267.000000  80098 100
150289.000000  80118 100
150307.000000  80135 100
150323.000000  80149 100
150351.000000  80175 100
150353.000000  80177 100
150385.000000  80206 100
150413.000000  80232 100
150415.000000  80234 100
150427.000000  80245 100
150429.000000  80246 100
150447.000000  80263 100
150591.000000  80395 100
150593.000000  80396 100
150647.000000  80446 100
150649.000000  80447 100
150679.000000  80475 100
150697.000000  80491 100
150849.000000  80630 100
150851.000000  80632 100
150871.000000  80651 100
150893.000000  80671 100
150923.000000  80698 100
150925.000000  80700 100
150945.000000  80718 100
150945.000000  80718 100
151005.000000  80773 100
151061.000000  80825 100
151061.000000  80825 100
151097.000000  80857 100
151097.000000  80857 100
151097.000000  80857 100
151097.000000  80857 100
151097.000000  80857 100
151131.000000  80889 100
151167.000000  80921 100
151169.000000  80923 100
151243.000000  80991 100
151243.000000  80991 100
151283.000000  81027 100
151285.000000  81029 100
151313.000000  81055 100
151371.000000  81108 100
151387.000000  81123 100
151407.000000  81141 100
151421.000000  81154 100
151457.000000  81187 100
151473.000000  81201 100
151559.000000  81280 100
151587.000000  81306 100
151647.000000  81361 100
151659.000000  81372 100
151765.000000  81469 100
151793.000000  81494 100
151807.000000  81507 100
151819.000000  81518 100
151847.000000  81544 100
151875.000000  81569 100
151935.000000  81624 100
151937.000000  81626 100
151963.000000  81650 100
151999.000000  81683 100
152029.000000  81710 100
152029.000000  81710 100
152045.000000  81725 100
152063.000000  81741 100
152097.000000  81772 100
152109.000000  81783 100
152129.000000  81802 100
152129.000000  81802 100
152129.000000  81802 100
152129.000000  81802 100
152165.000000  81835 100
152189.000000  81857 100
152189.000000  81857 100
152263.000000  81924 100
152287.000000  81946 100
152319.000000  81975 100
152355.000000  82008 100
152385.000000  82036 100
152385.000000  82036 100
152421.000000  82069 100
152421.000000  82069 100
152421.000000  82069 100
152443.000000  82089 100
152477.000000  82120 100
152477.000000  82120 100
152477.000000  82120 100
152577.000000  82212 100
152601.000000  82234 100
152627.000000  82258 100
152683.000000  82309 100
152685.000000  82311 100
152711.000000  82335 100
152739.000000  82360 100
152765.000000  82384 100
152779.000000  82397 100
152795.000000  82412 100
152825.000000  82439 100
152825.000000  82439 100
152835.000000  82448 100
152855.000000  82467 100
152869.000000  82479 100
152943.000000  82547 100
152959.000000  82562 100
152983.000000  82584 100
153015.000000  82613 100
153039.000000  82635 100
153075.000000  82668 100
153077.000000  82670 100
155769.000000  85137 100
155785.000000  85152 100
155785.000000  85152 100
155841.000000  85203 100
155841.000000  85203 100
155851.000000  85212 100
155867.000000  85227 100
155883.000000  85241 100
155897.000000  85254 100
155897.000000  85254 100
155937.000000  85291 100
155957.000000  85309 100
155975.000000  85326 100
156001.000000  85349 100
156011.000000  85359 100
156049.000000  85393 100
156093.000000  85434 100
156127.000000  85465 100
156181.000000  85514 100
156183.000000  85516 100
156205.000000  85536 100
156219.000000  85549 100
156243.000000  85571 100
156299.000000  85622 100
156361.000000  85679 100
156363.000000  85681 100
156373.000000  85690 100
156405.000000  85719 100
156439.000000  85750 100
156473.000000  85781 100
156649.000000  85943 100
156697.000000  85987 100
156745.000000  86031 100
156779.000000  86062 100
156803.000000  86084 100
156859.000000  86135 100
156915.000000  86186 100
156971.000000  86238 100
156985.000000  86251 100
157009.000000  86273 100
157021.000000  86283 100
157023.000000  86285 100
157067.000000  86326 100
157069.000000  86327 100
157099.000000  86355 100
157129.000000  86383 100
157129.000000  86383 100
157147.000000  86399 100
157163.000000  86414 100
157177.000000  86427 100
157223.000000  86469 100
157245.000000  86489 100
157281.000000  86522 100
157311.000000  86549 100
157349.000000  86584 100
157363.000000  86597 100
157387.000000  86619 100
157419.000000  86648 100
157445.000000  86672 100
157445.000000  86672 100
157631.000000  86842 100
157637.000000  86848 100
157637.000000  86848 100
157671.000000  86879 100
157761.000000  86961 100
157777.000000  86976 100
157791.000000  86989 100
157807.000000  87003 100
157837.000000  87031 100
157853.000000  87045 100
157879.000000  87069 100
157891.000000  87080 100
157907.000000  87095 100
157933.000000  87119 100
157963.000000  87146 100
157973.000000  87155 100
157993.000000  87174 100
158003.000000  87183 100
158017.000000  87196 100
158017.000000  87196 100
