40222.000000  31 70
40222.000000  31 70
40330.000000  91 70
40354.000000  105 70
40368.000000  113 70
40472.000000  175 70
40496.000000  190 70
40514.000000  201 70
40574.000000  237 70
40668.000000  293 70
40694.000000  309 70
40756.000000  346 70
40782.000000  362 70
40796.000000  371 70
40796.000000  371 70
40848.000000  402 70
40880.000000  421 70
40902.000000  434 70
40936.000000  455 70
40990.000000  487 70
40992.000000  489 70
41026.000000  509 70
41084.000000  544 70
41116.000000  563 70
41116.000000  563 70
41164.000000  592 70
41210.000000  620 70
41242.000000  639 70
41302.000000  676 70
41334.000000  695 70
41386.000000  726 70
41398.000000  733 70
41440.000000  759 70
41556.000000  829 70
41614.000000  864 70
41648.000000  885 70
41672.000000  899 70
41730.000000  934 70
41764.000000  954 70
41794.000000  973 70
41832.000000  995 70
41844.000000  1003 70
41882.000000  1026 70
41916.000000  1046 70
41932.000000  1056 70
41988.000000  1090 70
42024.000000  1111 70
42050.000000  1127 70
42098.000000  1156 70
42110.000000  1163 70
42174.000000  1202 70
42234.000000  1238 70
42234.000000  1238 70
42234.000000  1238 70
42482.000000  1388 70
42484.000000  1389 70
42608.000000  1464 70
42686.000000  1511 70
42712.000000  1527 70
42766.000000  1560 70
42802.000000  1581 70
42804.000000  1583 70
42828.000000  1597 70
42862.000000  1618 70
42916.000000  1650 70
42970.000000  1683 70
43024.000000  1715 70
43046.000000  1729 70
43094.000000  1758 70
43094.000000  1758 70
43130.000000  1779 70
43164.000000  1800 70
43164.000000  1800 70
43196.000000  1819 70
43210.000000  1828 70
43230.000000  1840 70
43252.000000  1853 70
43268.000000  1863 70
43284.000000  1873 70
43300.000000  1882 70
43346.000000  1910 70
43346.000000  1910 70
43382.000000  1932 70
43438.000000  1966 70
43472.000000  1986 70
43552.000000  2035 70
43552.000000  2035 70
43588.000000  2056 70
43622.000000  2077 70
43636.000000  2085 70
43692.000000  2119 70
43724.000000  2139 70
43758.000000  2159 70
43814.000000  2193 70
43822.000000  2198 70
43862.000000  2222 70
43902.000000  2246 70
43928.000000  2262 70
43972.000000  2288 70
43984.000000  2296 70
44002.000000  2307 70
44042.000000  2331 70
44064.000000  2344 70
44064.000000  2344 70
44160.000000  2403 70
44162.000000  2404 70
44182.000000  2416 70
44192.000000  2423 70
44224.000000  2443 70
44248.000000  2458 70
44262.000000  2467 70
44264.000000  2468 70
44320.000000  2503 70
44380.000000  2541 70
44410.000000  2560 70
44446.000000  2583 70
44454.000000  2588 70
44514.000000  2626 70
44564.000000  2658 70
44594.000000  2677 70
44646.000000  2710 70
44658.000000  2718 70
44694.000000  2740 70
44768.000000  2787 70
44848.000000  2838 70
44918.000000  2882 70
44932.000000  2891 70
44958.000000  2908 70
44998.000000  2933 70
45000.000000  2934 70
45028.000000  2952 70
45048.000000  2965 70
45070.000000  2979 70
45126.000000  3014 70
45142.000000  3024 70
45190.000000  3055 70
45208.000000  3066 70
45224.000000  3076 70
45238.000000  3085 70
45240.000000  3086 70
45288.000000  3117 70
45324.000000  3139 70
45376.000000  3173 70
45430.000000  3207 70
45454.000000  3222 70
45462.000000  3227 70
45476.000000  3236 70
45530.000000  3270 70
45558.000000  3288 70
45560.000000  3289 70
45610.000000  3321 70
45656.000000  3350 70
45722.000000  3392 70
45776.000000  3426 70
45812.000000  3449 70
45812.000000  3449 70
45838.000000  3465 70
45854.000000  3475 70
45882.000000  3493 70
45932.000000  3525 70
45934.000000  3526 70
45944.000000  3532 70
45958.000000  3541 70
46028.000000  3586 70
46028.000000  3586 70
46094.000000  3627 70
46096.000000  3629 70
46100.000000  3631 70
46106.000000  3635 70
46106.000000  3635 70
46162.000000  3670 70
46196.000000  3692 70
46250.000000  3726 70
46274.000000  3741 70
46274.000000  3741 70
46290.000000  3751 70
46364.000000  3799 70
46400.000000  3821 70
46468.000000  3864 70
46468.000000  3864 70
46492.000000  3879 70
46542.000000  3911 70
46558.000000  3921 70
46568.000000  3927 70
46624.000000  3963 70
46634.000000  3969 70
46666.000000  3990 70
46666.000000  3990 70
46720.000000  4024 70
46752.000000  4044 70
46864.000000  4115 70
46876.000000  4123 70
46914.000000  4147 70
46962.000000  4177 70
46964.000000  4179 70
47004.000000  4204 70
47004.000000  4204 70
47016.000000  4211 70
47038.000000  4225 70
47046.000000  4230 70
47066.000000  4243 70
47116.000000  4275 70
47172.000000  4310 70
47192.000000  4323 70
47206.000000  4332 70
47208.000000  4333 70
47242.000000  4355 70
47266.000000  4370 70
47300.000000  4391 70
47302.000000  4393 70
47322.000000  4405 70
47356.000000  4427 70
47358.000000  4428 70
47380.000000  4442 70
47434.000000  4476 70
47466.000000  4496 70
47466.000000  4496 70
47520.000000  4531 70
47546.000000  4547 70
47558.000000  4555 70
47558.000000  4555 70
47580.000000  4569 70
47598.000000  4580 70
47628.000000  4599 70
47674.000000  4628 70
47694.000000  4641 70
47696.000000  4642 70
47710.000000  4651 70
47732.000000  4665 70
47794.000000  4704 70
47856.000000  4743 70
47918.000000  4783 70
47920.000000  4784 70
47934.000000  4793 70
47956.000000  4807 70
48012.000000  4842 70
48026.000000  4851 70
48086.000000  4889 70
48088.000000  4890 70
48120.000000  4911 70
48174.000000  4945 70
48204.000000  4964 70
48230.000000  4980 70
48252.000000  4994 70
48266.000000  5003 70
48288.000000  5017 70
48316.000000  5035 70
48372.000000  5070 70
48384.000000  5078 70
48400.000000  5088 70
48432.000000  5108 70
48454.000000  5122 70
48454.000000  5122 70
48476.000000  5136 70
48520.000000  5164 70
48552.000000  5184 70
48558.000000  5188 70
48560.000000  5189 70
48592.000000  5209 70
48592.000000  5209 70
48618.000000  5226 70
48628.000000  5232 70
48660.000000  5253 70
48714.000000  5287 70
48748.000000  5308 70
48762.000000  5317 70
48792.000000  5336 70
48814.000000  5350 70
48814.000000  5350 70
48842.000000  5368 70
48856.000000  5377 70
48884.000000  5394 70
48884.000000  5394 70
48932.000000  5425 70
48960.000000  5442 70
48974.000000  5451 70
49010.000000  5474 70
49040.000000  5493 70
49052.000000  5501 70
49054.000000  5502 70
49074.000000  5515 70
49074.000000  5515 70
49120.000000  5544 70
49170.000000  5575 70
49172.000000  5577 70
49202.000000  5596 70
49202.000000  5596 70
49232.000000  5615 70
49252.000000  5627 70
49284.000000  5647 70
49298.000000  5656 70
49298.000000  5656 70
49354.000000  5692 70
49356.000000  5693 70
49366.000000  5699 70
49396.000000  5718 70
49396.000000  5718 70
49424.000000  5736 70
49438.000000  5745 70
49472.000000  5767 70
49514.000000  5793 70
49550.000000  5816 70
49584.000000  5837 70
49584.000000  5837 70
49622.000000  5862 70
49644.000000  5875 70
49644.000000  5875 70
49692.000000  5906 70
49724.000000  5926 70
49740.000000  5936 70
49740.000000  5936 70
49752.000000  5944 70
49770.000000  5955 70
49778.000000  5961 70
49836.000000  5997 70
49870.000000  6019 70
49892.000000  6033 70
49928.000000  6055 70
49930.000000  6057 70
49950.000000  6069 70
49982.000000  6089 70
50036.000000  6124 70
50038.000000  6125 70
50068.000000  6144 70
50068.000000  6144 70
50104.000000  6167 70
50142.000000  6191 70
50182.000000  6216 70
50230.000000  6247 70
50242.000000  6254 70
50262.000000  6267 70
50294.000000  6287 70
50342.000000  6317 70
50344.000000  6319 70
50370.000000  6335 70
50384.000000  6344 70
50468.000000  6397 70
50470.000000  6399 70
50504.000000  6420 70
50528.000000  6435 70
50582.000000  6469 70
50638.000000  6505 70
50672.000000  6527 70
50700.000000  6544 70
50702.000000  6545 70
50734.000000  6566 70
50760.000000  6582 70
50762.000000  6583 70
50768.000000  6587 70
50804.000000  6610 70
50846.000000  6637 70
50868.000000  6651 70
50904.000000  6673 70
50934.000000  6693 70
50934.000000  6693 70
50970.000000  6715 70
50984.000000  6724 70
51012.000000  6742 70
51082.000000  6786 70
51084.000000  6787 70
51108.000000  6803 70
51122.000000  6811 70
51154.000000  6832 70
51176.000000  6846 70
51210.000000  6867 70
51232.000000  6881 70
51242.000000  6887 70
51256.000000  6896 70
51320.000000  6937 70
51330.000000  6943 70
51386.000000  6979 70
51434.000000  7009 70
51452.000000  7020 70
51482.000000  7039 70
51534.000000  7072 70
51560.000000  7089 70
51560.000000  7089 70
51608.000000  7119 70
51634.000000  7136 70
51668.000000  7157 70
51724.000000  7193 70
51732.000000  7198 70
51764.000000  7218 70
51818.000000  7252 70
51842.000000  7267 70
51874.000000  7288 70
51904.000000  7307 70
51934.000000  7326 70
51936.000000  7327 70
51986.000000  7359 70
52014.000000  7376 70
52014.000000  7376 70
52014.000000  7376 70
52064.000000  7408 70
52080.000000  7418 70
52110.000000  7437 70
52110.000000  7437 70
52126.000000  7447 70
52142.000000  7457 70
52190.000000  7488 70
52202.000000  7495 70
52234.000000  7516 70
52262.000000  7533 70
52292.000000  7552 70
52328.000000  7575 70
52364.000000  7598 70
52386.000000  7612 70
52420.000000  7633 70
52442.000000  7647 70
52476.000000  7669 70
52506.000000  7688 70
52540.000000  7709 70
52564.000000  7724 70
52572.000000  7729 70
52606.000000  7751 70
52630.000000  7766 70
52666.000000  7789 70
52680.000000  7798 70
52720.000000  7823 70
52754.000000  7845 70
52782.000000  7862 70
52802.000000  7875 70
52836.000000  7897 70
52838.000000  7898 70
52852.000000  7907 70
52854.000000  7908 70
52892.000000  7932 70
52928.000000  7955 70
52958.000000  7974 70
53026.000000  8017 70
53036.000000  8023 70
53092.000000  8059 70
53126.000000  8080 70
53148.000000  8094 70
53204.000000  8129 70
53238.000000  8151 70
53292.000000  8185 70
53326.000000  8207 70
53372.000000  8236 70
53408.000000  8259 70
53440.000000  8279 70
53470.000000  8298 70
53470.000000  8298 70
53494.000000  8313 70
53496.000000  8315 70
53514.000000  8326 70
53524.000000  8332 70
53540.000000  8342 70
53562.000000  8356 70
53598.000000  8379 70
53626.000000  8397 70
53666.000000  8422 70
53694.000000  8440 70
53694.000000  8440 70
53694.000000  8440 70
53748.000000  8474 70
53762.000000  8483 70
53818.000000  8518 70
53884.000000  8560 70
53886.000000  8561 70
53916.000000  8580 70
53918.000000  8582 70
53940.000000  8596 70
53986.000000  8625 70
54010.000000  8640 70
54010.000000  8640 70
54058.000000  8670 70
54074.000000  8680 70
54104.000000  8699 70
54126.000000  8713 70
54150.000000  8729 70
54170.000000  8741 70
54170.000000  8741 70
54180.000000  8748 70
54212.000000  8768 70
54240.000000  8786 70
54304.000000  8826 70
54316.000000  8834 70
54348.000000  8854 70
54378.000000  8873 70
54378.000000  8873 70
54414.000000  8896 70
54448.000000  8917 70
54480.000000  8938 70
54516.000000  8960 70
54556.000000  8986 70
54558.000000  8987 70
54588.000000  9006 70
54626.000000  9030 70
54642.000000  9040 70
54668.000000  9057 70
54682.000000  9065 70
54714.000000  9086 70
54740.000000  9102 70
54740.000000  9102 70
54768.000000  9120 70
54792.000000  9135 70
54806.000000  9144 70
54846.000000  9169 70
54868.000000  9183 70
54900.000000  9204 70
54930.000000  9223 70
54954.000000  9238 70
54986.000000  9258 70
54988.000000  9259 70
55016.000000  9277 70
55018.000000  9278 70
55034.000000  9289 70
55044.000000  9295 70
55070.000000  9311 70
55082.000000  9319 70
55082.000000  9319 70
55114.000000  9339 70
55142.000000  9357 70
55156.000000  9366 70
55174.000000  9377 70
55202.000000  9395 70
56766.000000  10385 70
56768.000000  10387 70
56788.000000  10399 70
56854.000000  10441 70
56862.000000  10446 70
56882.000000  10459 70
56906.000000  10474 70
56908.000000  10475 70
56930.000000  10489 70
56944.000000  10498 70
56968.000000  10513 70
56978.000000  10520 70
57012.000000  10541 70
57044.000000  10561 70
57078.000000  10583 70
57102.000000  10598 70
57152.000000  10630 70
57166.000000  10639 70
57168.000000  10640 70
57196.000000  10658 70
57208.000000  10665 70
57238.000000  10684 70
57270.000000  10705 70
57270.000000  10705 70
57270.000000  10705 70
57270.000000  10705 70
57270.000000  10705 70
57270.000000  10705 70
57270.000000  10705 70
57410.000000  10793 70
57432.000000  10807 70
57484.000000  10840 70
57516.000000  10860 70
57572.000000  10896 70
57600.000000  10913 70
57602.000000  10915 70
57632.000000  10933 70
57632.000000  10933 70
57660.000000  10951 70
57718.000000  10988 70
57732.000000  10997 70
57766.000000  11018 70
57798.000000  11039 70
57836.000000  11063 70
57854.000000  11074 70
57856.000000  11075 70
57902.000000  11104 70
57930.000000  11122 70
57932.000000  11123 70
57940.000000  11128 70
57960.000000  11141 70
57992.000000  11161 70
58028.000000  11184 70
58062.000000  11206 70
58094.000000  11226 70
58104.000000  11232 70
58120.000000  11243 70
58172.000000  11275 70
58200.000000  11293 70
58200.000000  11293 70
58200.000000  11293 70
58208.000000  11298 70
58240.000000  11318 70
58264.000000  11334 70
58306.000000  11360 70
58330.000000  11375 70
58362.000000  11396 70
58392.000000  11415 70
58426.000000  11436 70
58472.000000  11465 70
58484.000000  11473 70
58518.000000  11494 70
58546.000000  11512 70
58562.000000  11522 70
58594.000000  11543 70
58636.000000  11569 70
58642.000000  11573 70
58668.000000  11589 70
58704.000000  11612 70
58734.000000  11631 70
58768.000000  11653 70
58802.000000  11674 70
58836.000000  11696 70
58838.000000  11697 70
58860.000000  11711 70
58892.000000  11731 70
58894.000000  11733 70
58946.000000  11766 70
58982.000000  11788 70
58992.000000  11795 70
59048.000000  11830 70
59076.000000  11848 70
59102.000000  11864 70
59116.000000  11873 70
59146.000000  11892 70
59176.000000  11911 70
59204.000000  11929 70
59252.000000  11959 70
59284.000000  11980 70
59332.000000  12010 70
59354.000000  12024 70
59376.000000  12038 70
59410.000000  12059 70
59438.000000  12077 70
59438.000000  12077 70
59438.000000  12077 70
59438.000000  12077 70
59552.000000  12149 70
59554.000000  12151 70
59610.000000  12186 70
59644.000000  12207 70
59678.000000  12229 70
59718.000000  12254 70
59730.000000  12262 70
59764.000000  12283 70
59764.000000  12283 70
59772.000000  12289 70
59778.000000  12292 70
59802.000000  12307 70
59802.000000  12307 70
59818.000000  12318 70
59820.000000  12319 70
59850.000000  12338 70
59852.000000  12339 70
59860.000000  12344 70
59866.000000  12348 70
59890.000000  12363 70
59904.000000  12372 70
59930.000000  12388 70
59960.000000  12407 70
59988.000000  12425 70
60018.000000  12444 70
60032.000000  12453 70
60062.000000  12472 70
60092.000000  12491 70
60126.000000  12513 70
60150.000000  12528 70
60150.000000  12528 70
60186.000000  12550 70
60214.000000  12568 70
60214.000000  12568 70
60228.000000  12577 70
60262.000000  12599 70
60316.000000  12633 70
60340.000000  12648 70
60348.000000  12653 70
60380.000000  12673 70
60406.000000  12689 70
60424.000000  12701 70
60444.000000  12714 70
60476.000000  12734 70
60506.000000  12753 70
60540.000000  12775 70
60586.000000  12803 70
60624.000000  12828 70
60626.000000  12829 70
60648.000000  12843 70
60664.000000  12853 70
60720.000000  12888 70
60748.000000  12906 70
60754.000000  12910 70
60788.000000  12931 70
60792.000000  12934 70
60812.000000  12947 70
60884.000000  12992 70
60942.000000  13029 70
60976.000000  13050 70
60994.000000  13062 70
61032.000000  13086 70
61044.000000  13093 70
61064.000000  13106 70
61072.000000  13111 70
61090.000000  13122 70
61092.000000  13124 70
61100.000000  13129 70
61122.000000  13143 70
61158.000000  13165 70
61174.000000  13176 70
61224.000000  13207 70
61264.000000  13233 70
61290.000000  13249 70
61292.000000  13250 70
61348.000000  13286 70
61382.000000  13307 70
61406.000000  13323 70
61412.000000  13326 70
61446.000000  13348 70
61470.000000  13363 70
61476.000000  13367 70
61510.000000  13388 70
61546.000000  13411 70
61548.000000  13412 70
61562.000000  13421 70
61586.000000  13436 70
61638.000000  13469 70
61656.000000  13481 70
61688.000000  13501 70
61710.000000  13515 70
61710.000000  13515 70
61772.000000  13554 70
61822.000000  13586 70
61858.000000  13609 70
61860.000000  13610 70
61890.000000  13629 70
61890.000000  13629 70
61890.000000  13629 70
61890.000000  13629 70
61972.000000  -1 70
61972.000000  -1 70
61972.000000  -1 70
61972.000000  -1 70
62030.000000  13717 70
62052.000000  13731 70
62112.000000  13769 70
62114.000000  13771 70
62142.000000  13788 70
62142.000000  13788 70
62218.000000  13836 70
62252.000000  13858 70
62252.000000  13858 70
62288.000000  13881 70
62288.000000  13881 70
62288.000000  13881 70
62288.000000  13881 70
62320.000000  13901 70
62322.000000  13902 70
62344.000000  13916 70
62380.000000  13939 70
62416.000000  13962 70
62430.000000  13971 70
62464.000000  13992 70
62498.000000  14014 70
62528.000000  14033 70
62560.000000  14053 70
62602.000000  14079 70
62628.000000  14096 70
62642.000000  14105 70
62676.000000  14126 70
62688.000000  14134 70
62720.000000  14154 70
62742.000000  14168 70
62752.000000  14175 70
62774.000000  14189 70
62798.000000  14204 70
62824.000000  14220 70
62880.000000  14256 70
62890.000000  14262 70
62922.000000  14282 70
62936.000000  14291 70
62970.000000  14313 70
62994.000000  14328 70
63024.000000  14347 70
63050.000000  14364 70
63080.000000  14383 70
63126.000000  14412 70
63146.000000  14425 70
63196.000000  14456 70
63198.000000  14457 70
63220.000000  14471 70
63220.000000  14471 70
63234.000000  14480 70
63256.000000  14494 70
63296.000000  14520 70
63326.000000  14539 70
63328.000000  14540 70
63384.000000  14575 70
63386.000000  14577 70
63420.000000  14598 70
63442.000000  14612 70
63442.000000  14612 70
63458.000000  14623 70
63474.000000  14633 70
63474.000000  14633 70
63532.000000  14669 70
63558.000000  14686 70
63594.000000  14709 70
63624.000000  14728 70
63654.000000  14747 70
63688.000000  14768 70
63722.000000  14790 70
63754.000000  14810 70
63802.000000  14841 70
63816.000000  14849 70
63816.000000  14849 70
63854.000000  14873 70
63886.000000  14894 70
63914.000000  14911 70
63914.000000  14911 70
63914.000000  14911 70
63942.000000  14929 70
63942.000000  14929 70
63998.000000  14965 70
64000.000000  14966 70
64026.000000  14983 70
64028.000000  14984 70
64084.000000  15019 70
64122.000000  15043 70
64124.000000  15045 70
64176.000000  15078 70
64200.000000  15093 70
64200.000000  15093 70
64234.000000  15114 70
64250.000000  15125 70
64266.000000  15135 70
64300.000000  15156 70
64300.000000  15156 70
64316.000000  15166 70
64340.000000  15181 70
64368.000000  15199 70
64398.000000  15218 70
64446.000000  15249 70
64458.000000  15256 70
64488.000000  15275 70
64552.000000  15316 70
64588.000000  15339 70
64616.000000  15357 70
64618.000000  15358 70
64674.000000  15393 70
64706.000000  15414 70
64760.000000  15448 70
64784.000000  15463 70
64834.000000  15495 70
64872.000000  15519 70
64884.000000  15527 70
64884.000000  15527 70
64914.000000  15545 70
64944.000000  15565 70
64996.000000  15597 70
65024.000000  15615 70
65072.000000  15646 70
65088.000000  15656 70
65134.000000  15685 70
65134.000000  15685 70
65170.000000  15708 70
65204.000000  15729 70
65228.000000  15745 70
65286.000000  15781 70
65344.000000  15818 70
65376.000000  15839 70
65406.000000  15857 70
65440.000000  15879 70
65478.000000  15903 70
65538.000000  15941 70
65578.000000  15967 70
65578.000000  15967 70
65606.000000  15984 70
65636.000000  16003 70
65666.000000  16022 70
65666.000000  16022 70
65700.000000  16044 70
65700.000000  16044 70
65734.000000  16065 70
65780.000000  16095 70
65816.000000  16117 70
65838.000000  16131 70
65852.000000  16140 70
65886.000000  16162 70
65918.000000  16182 70
65952.000000  16204 70
65988.000000  16226 70
66022.000000  16248 70
66024.000000  16249 70
66056.000000  16269 70
66090.000000  16291 70
66132.000000  16318 70
66174.000000  16344 70
66210.000000  16367 70
66250.000000  16392 70
66296.000000  16421 70
66320.000000  16437 70
66344.000000  16452 70
66358.000000  16461 70
66358.000000  16461 70
66380.000000  16475 70
66380.000000  16475 70
66398.000000  16486 70
66420.000000  16500 70
66442.000000  16514 70
66476.000000  16535 70
66498.000000  16549 70
66508.000000  16556 70
66540.000000  16576 70
66562.000000  16590 70
66596.000000  16612 70
66702.000000  16679 70
66702.000000  16679 70
66702.000000  16679 70
66728.000000  16695 70
66774.000000  16725 70
66774.000000  16725 70
66832.000000  16761 70
66868.000000  16784 70
66868.000000  16784 70
66902.000000  16806 70
66920.000000  16817 70
66948.000000  16835 70
66970.000000  16849 70
66986.000000  16859 70
67010.000000  16874 70
67010.000000  16874 70
67034.000000  16889 70
67064.000000  16908 70
67078.000000  16917 70
67110.000000  16937 70
67134.000000  16953 70
67200.000000  16995 70
67220.000000  17007 70
67220.000000  17007 70
67220.000000  17007 70
67236.000000  17017 70
67258.000000  17031 70
67290.000000  17051 70
67344.000000  17086 70
67368.000000  17101 70
67400.000000  17121 70
67444.000000  17149 70
67472.000000  17167 70
67506.000000  17189 70
67568.000000  17228 70
67580.000000  17235 70
67600.000000  17248 70
67602.000000  17249 70
67624.000000  17263 70
67638.000000  17272 70
67638.000000  17272 70
67666.000000  17290 70
67666.000000  17290 70
67674.000000  17295 70
67696.000000  17309 70
67704.000000  17314 70
67736.000000  17334 70
67762.000000  17351 70
67778.000000  17361 70
67812.000000  17382 70
67844.000000  17403 70
67858.000000  17411 70
67912.000000  17446 70
67926.000000  17455 70
67958.000000  17475 70
67992.000000  17496 70
68014.000000  17510 70
68044.000000  17529 70
68070.000000  17546 70
68106.000000  17569 70
68106.000000  17569 70
68134.000000  17586 70
68168.000000  17608 70
68206.000000  17632 70
68236.000000  17651 70
68282.000000  17680 70
68308.000000  17697 70
68328.000000  17709 70
68342.000000  17718 70
68364.000000  17732 70
68424.000000  17770 70
68426.000000  17771 70
68480.000000  17806 70
68488.000000  17811 70
68488.000000  17811 70
68520.000000  17831 70
68548.000000  17849 70
68612.000000  17889 70
68614.000000  17891 70
68648.000000  17912 70
68648.000000  17912 70
68648.000000  17912 70
68696.000000  17943 70
68746.000000  17974 70
68794.000000  18005 70
68796.000000  18006 70
68818.000000  18020 70
68834.000000  18030 70
68878.000000  18058 70
68938.000000  18096 70
68964.000000  18112 70
68978.000000  18121 70
68980.000000  18123 70
68994.000000  18131 70
69016.000000  18145 70
69048.000000  18166 70
69072.000000  18181 70
69082.000000  18187 70
69114.000000  18207 70
69144.000000  18227 70
69176.000000  18247 70
69206.000000  18266 70
69208.000000  18267 70
69234.000000  18283 70
69268.000000  18305 70
69304.000000  18328 70
69306.000000  18329 70
69336.000000  18348 70
69336.000000  18348 70
69372.000000  18371 70
69406.000000  18393 70
69430.000000  18408 70
69458.000000  18425 70
69484.000000  18442 70
69538.000000  18476 70
69572.000000  18497 70
69616.000000  18525 70
69628.000000  18533 70
69662.000000  18555 70
69686.000000  18570 70
69722.000000  18593 70
69724.000000  18594 70
69744.000000  18607 70
69778.000000  18628 70
69780.000000  18629 70
69808.000000  18647 70
69820.000000  18655 70
69874.000000  18689 70
69908.000000  18710 70
69930.000000  18724 70
69930.000000  18724 70
69980.000000  18756 70
69980.000000  18756 70
69996.000000  18766 70
70068.000000  18812 70
70108.000000  18837 70
70156.000000  18867 70
70188.000000  18888 70
70204.000000  18898 70
70212.000000  18903 70
70240.000000  18921 70
70242.000000  18922 70
70280.000000  18946 70
70310.000000  18965 70
70322.000000  18973 70
70354.000000  18993 70
70378.000000  19008 70
70410.000000  19028 70
70434.000000  19043 70
70448.000000  19052 70
70478.000000  19071 70
70478.000000  19071 70
70504.000000  19088 70
70536.000000  19108 70
70566.000000  19127 70
70588.000000  19141 70
70590.000000  19142 70
70614.000000  19157 70
70632.000000  19169 70
70658.000000  19185 70
70668.000000  19192 70
70684.000000  19202 70
70698.000000  19211 70
70698.000000  19211 70
70994.000000  19398 70
70996.000000  19399 70
71028.000000  19420 70
71082.000000  19454 70
71110.000000  19471 70
71122.000000  19479 70
71180.000000  19516 70
71212.000000  19536 70
71214.000000  19537 70
71238.000000  19553 70
71256.000000  19564 70
71286.000000  19583 70
71314.000000  19601 70
71374.000000  19639 70
71402.000000  19657 70
71448.000000  19686 70
71448.000000  19686 70
71466.000000  19697 70
71490.000000  19712 70
71584.000000  19772 70
71592.000000  19777 70
71626.000000  19798 70
71648.000000  19812 70
71662.000000  19821 70
71760.000000  19883 70
71762.000000  19884 70
71776.000000  19893 70
71798.000000  19907 70
71856.000000  19944 70
71856.000000  19944 70
71872.000000  19954 70
71924.000000  19987 70
71972.000000  20017 70
72004.000000  20038 70
72036.000000  20058 70
72072.000000  20081 70
72104.000000  20101 70
72130.000000  20118 70
72178.000000  20148 70
72194.000000  20158 70
72204.000000  20165 70
72230.000000  20181 70
72264.000000  20203 70
72266.000000  20204 70
72294.000000  20221 70
72296.000000  20223 70
72332.000000  20246 70
72334.000000  20247 70
72356.000000  20261 70
72388.000000  20281 70
72388.000000  20281 70
72444.000000  20317 70
72446.000000  20318 70
72472.000000  20334 70
72474.000000  20336 70
72530.000000  20371 70
72530.000000  20371 70
72530.000000  20371 70
72564.000000  20393 70
72586.000000  20407 70
72600.000000  20415 70
72636.000000  20438 70
72666.000000  20457 70
72666.000000  20457 70
72714.000000  20487 70
72744.000000  20507 70
72842.000000  20569 70
72844.000000  20570 70
72874.000000  20589 70
72876.000000  20590 70
72886.000000  20597 70
72918.000000  20617 70
72918.000000  20617 70
72948.000000  20636 70
72950.000000  20637 70
72976.000000  20654 70
73004.000000  20671 70
73038.000000  20693 70
73072.000000  20715 70
73086.000000  20723 70
73086.000000  20723 70
73116.000000  20742 70
73142.000000  20759 70
73174.000000  20779 70
73206.000000  20799 70
73234.000000  20817 70
73284.000000  20849 70
73286.000000  20850 70
73302.000000  20860 70
73332.000000  20879 70
73368.000000  20902 70
73400.000000  20922 70
73430.000000  20941 70
73444.000000  20950 70
73446.000000  20951 70
73466.000000  20964 70
73486.000000  20977 70
73518.000000  20997 70
73554.000000  21020 70
73586.000000  21040 70
73588.000000  21041 70
73598.000000  21048 70
73630.000000  21068 70
73662.000000  21088 70
73696.000000  21110 70
73806.000000  21179 70
73822.000000  21189 70
73852.000000  21208 70
73898.000000  21237 70
73916.000000  21249 70
73916.000000  21249 70
73964.000000  21279 70
74022.000000  21316 70
74060.000000  21340 70
74060.000000  21340 70
74102.000000  21367 70
74118.000000  21377 70
74146.000000  21395 70
74230.000000  21448 70
74230.000000  21448 70
74290.000000  21486 70
74358.000000  21529 70
74392.000000  21550 70
74422.000000  21569 70
74454.000000  21589 70
74468.000000  21598 70
74488.000000  21611 70
74518.000000  21630 70
74538.000000  21643 70
74548.000000  21649 70
74570.000000  21663 70
74584.000000  21672 70
74604.000000  21684 70
74618.000000  21693 70
74634.000000  21703 70
74642.000000  21709 70
74658.000000  21719 70
74686.000000  21736 70
74686.000000  21736 70
74706.000000  21749 70
74720.000000  21758 70
74720.000000  21758 70
74720.000000  21758 70
74720.000000  21758 70
74720.000000  21758 70
74720.000000  21758 70
74720.000000  21758 70
74862.000000  21848 70
74886.000000  21863 70
74918.000000  21883 70
74918.000000  21883 70
74952.000000  21905 70
75008.000000  21940 70
75042.000000  21962 70
75076.000000  21983 70
75076.000000  21983 70
75124.000000  22013 70
75126.000000  22015 70
75136.000000  22021 70
75160.000000  22036 70
75208.000000  22067 70
75232.000000  22082 70
75242.000000  22088 70
75260.000000  22100 70
75274.000000  22109 70
75274.000000  22109 70
75302.000000  22126 70
75350.000000  22157 70
75382.000000  22177 70
75396.000000  22186 70
75420.000000  22201 70
75452.000000  22221 70
75482.000000  22240 70
75540.000000  22277 70
75542.000000  22278 70
75576.000000  22300 70
75598.000000  22314 70
75632.000000  22335 70
75666.000000  22357 70
75700.000000  22378 70
75726.000000  22395 70
75756.000000  22414 70
75756.000000  22414 70
75790.000000  22435 70
75824.000000  22457 70
75854.000000  22476 70
75880.000000  22492 70
75928.000000  22523 70
75950.000000  22537 70
76000.000000  22568 70
76000.000000  22568 70
76000.000000  22568 70
76060.000000  22606 70
76128.000000  22649 70
76162.000000  22671 70
76186.000000  22686 70
76186.000000  22686 70
76222.000000  22709 70
76258.000000  22732 70
76294.000000  22755 70
76328.000000  22776 70
76374.000000  22805 70
76374.000000  22805 70
76394.000000  22818 70
76444.000000  22849 70
76446.000000  22851 70
76552.000000  22918 70
76564.000000  22925 70
76582.000000  22937 70
76590.000000  22942 70
76614.000000  22957 70
76628.000000  22966 70
76652.000000  22981 70
76668.000000  22991 70
76728.000000  23029 70
76730.000000  23031 70
76786.000000  23066 70
76880.000000  23126 70
76882.000000  23127 70
76902.000000  23140 70
76902.000000  23140 70
76972.000000  23184 70
77008.000000  23207 70
77044.000000  23230 70
77062.000000  23241 70
77070.000000  23246 70
77070.000000  23246 70
77104.000000  23268 70
77200.000000  23329 70
77208.000000  23334 70
77234.000000  23350 70
77288.000000  23384 70
77354.000000  23426 70
77368.000000  23435 70
77392.000000  23450 70
77404.000000  23458 70
77434.000000  23477 70
77446.000000  23484 70
77576.000000  23567 70
77638.000000  23606 70
77684.000000  23635 70
77686.000000  23636 70
77848.000000  23739 70
77866.000000  23750 70
77866.000000  23750 70
77866.000000  23750 70
77866.000000  23750 70
77866.000000  23750 70
77866.000000  23750 70
77976.000000  23820 70
78010.000000  23841 70
78196.000000  23959 70
78232.000000  23982 70
78254.000000  23996 70
78284.000000  24015 70
78360.000000  24063 70
78376.000000  24073 70
78384.000000  24078 70
78384.000000  24078 70
78416.000000  24098 70
78418.000000  24100 70
78452.000000  24121 70
78452.000000  24121 70
78468.000000  24131 70
78646.000000  24244 70
78682.000000  24267 70
78704.000000  24281 70
78930.000000  24424 70
78932.000000  24425 70
78938.000000  24429 70
78964.000000  24445 70
78978.000000  24454 70
79028.000000  24486 70
79074.000000  24515 70
79298.000000  24657 70
79298.000000  24657 70
79298.000000  24657 70
79404.000000  -1 70
79404.000000  -1 70
79500.000000  24784 70
79584.000000  24838 70
79600.000000  24848 70
79686.000000  24902 70
79720.000000  24924 70
79756.000000  24947 70
79792.000000  24969 70
79792.000000  24969 70
79880.000000  -1 70
79880.000000  -1 70
79916.000000  25048 70
80054.000000  25135 70
80070.000000  25145 70
80134.000000  25186 70
80190.000000  25221 70
80192.000000  25223 70
80218.000000  25239 70
80394.000000  25351 70
80406.000000  25358 70
80522.000000  25432 70
80690.000000  25538 70
80836.000000  25630 70
80924.000000  25686 70
81048.000000  25765 70
81124.000000  25813 70
81208.000000  25866 70
81216.000000  25871 70
81372.000000  25970 70
81636.000000  26137 70
81820.000000  26253 70
81820.000000  26253 70
81954.000000  26338 70
82088.000000  26423 70
82168.000000  26474 70
82188.000000  26486 70
82196.000000  26491 70
82196.000000  26491 70
82216.000000  26504 70
82218.000000  26505 70
82338.000000  26581 70
82492.000000  26679 70
82650.000000  26779 70
82650.000000  26779 70
82752.000000  26843 70
82908.000000  26942 70
83042.000000  27027 70
83044.000000  27028 70
83176.000000  27112 70
83200.000000  27127 70
83210.000000  27133 70
83242.000000  27154 70
83266.000000  27169 70
83338.000000  27214 70
83396.000000  27251 70
83398.000000  27252 70
83430.000000  27273 70
83448.000000  27284 70
83480.000000  27304 70
83530.000000  27336 70
83530.000000  27336 70
83554.000000  27351 70
83572.000000  27363 70
83620.000000  27393 70
83646.000000  27409 70
83684.000000  27433 70
83698.000000  27442 70
83752.000000  27477 70
83786.000000  27498 70
83808.000000  27512 70
83822.000000  27521 70
83850.000000  27539 70
83852.000000  27540 70
83910.000000  27577 70
83948.000000  27601 70
83950.000000  27602 70
83970.000000  27615 70
84002.000000  27635 70
84026.000000  27650 70
84034.000000  27655 70
84064.000000  27674 70
84092.000000  27692 70
84092.000000  27692 70
84130.000000  27716 70
84154.000000  27731 70
84184.000000  27750 70
85176.000000  28378 70
85202.000000  28395 70
85202.000000  28395 70
85236.000000  28416 70
85260.000000  28431 70
85330.000000  28476 70
85368.000000  28500 70
85388.000000  28513 70
85440.000000  28545 70
85440.000000  28545 70
85464.000000  28561 70
85474.000000  28567 70
85528.000000  28601 70
85560.000000  28621 70
85582.000000  28635 70
85582.000000  28635 70
85620.000000  28659 70
85634.000000  28668 70
85656.000000  28682 70
85712.000000  28717 70
85720.000000  28723 70
85720.000000  28723 70
85756.000000  28745 70
85758.000000  28747 70
85834.000000  28795 70
85892.000000  28831 70
85958.000000  28873 70
85960.000000  28875 70
85962.000000  28876 70
85968.000000  28880 70
85984.000000  28890 70
86004.000000  28902 70
86012.000000  28907 70
86032.000000  28920 70
86032.000000  28920 70
86050.000000  28931 70
86070.000000  28944 70
86106.000000  28967 70
86154.000000  28997 70
86190.000000  29020 70
86238.000000  29051 70
86262.000000  29066 70
86286.000000  29081 70
86342.000000  29116 70
86374.000000  29137 70
86374.000000  29137 70
86402.000000  29154 70
86434.000000  29175 70
86434.000000  29175 70
86488.000000  29209 70
86562.000000  29255 70
86590.000000  29273 70
86674.000000  29326 70
86682.000000  29331 70
86696.000000  29340 70
86714.000000  29352 70
86724.000000  29358 70
86750.000000  29375 70
86752.000000  29376 70
86768.000000  29386 70
86780.000000  29393 70
86796.000000  29404 70
86796.000000  29404 70
86812.000000  29414 70
86812.000000  29414 70
86828.000000  29424 70
86848.000000  29437 70
86944.000000  29497 70
86952.000000  29502 70
86968.000000  29513 70
86994.000000  29529 70
87028.000000  29551 70
87050.000000  29564 70
87084.000000  29586 70
87114.000000  29605 70
87116.000000  29606 70
87124.000000  29611 70
87146.000000  29625 70
87148.000000  29627 70
87162.000000  29635 70
87224.000000  29675 70
87226.000000  29676 70
87234.000000  29681 70
87258.000000  29696 70
87282.000000  29711 70
87282.000000  29711 70
87298.000000  29721 70
87316.000000  29733 70
87330.000000  29742 70
87346.000000  29752 70
87404.000000  29789 70
87442.000000  29813 70
87444.000000  29814 70
87460.000000  29824 70
87476.000000  29834 70
87594.000000  29909 70
87632.000000  29933 70
87634.000000  29934 70
87656.000000  29948 70
87664.000000  29953 70
87678.000000  29962 70
87680.000000  29963 70
87734.000000  29997 70
87736.000000  29999 70
87758.000000  30013 70
87818.000000  30051 70
87820.000000  30052 70
87918.000000  30114 70
87936.000000  30125 70
87966.000000  30144 70
88012.000000  30173 70
88046.000000  30195 70
88070.000000  30210 70
88084.000000  30219 70
88102.000000  30231 70
88150.000000  30261 70
88188.000000  30285 70
88222.000000  30307 70
88244.000000  30321 70
88278.000000  30342 70
88306.000000  30360 70
88308.000000  30361 70
88336.000000  30379 70
88366.000000  30398 70
88400.000000  30419 70
88430.000000  30438 70
88464.000000  30460 70
88556.000000  30518 70
88572.000000  30528 70
88574.000000  30529 70
88588.000000  30538 70
88600.000000  30546 70
88620.000000  30559 70
88628.000000  30564 70
88646.000000  30575 70
88646.000000  30575 70
88672.000000  30591 70
88686.000000  30600 70
88686.000000  30600 70
88708.000000  30614 70
88724.000000  30625 70
88740.000000  30635 70
88754.000000  30643 70
88766.000000  30651 70
88782.000000  30661 70
88800.000000  30673 70
88870.000000  30717 70
88872.000000  30718 70
88882.000000  30725 70
88934.000000  30757 70
88934.000000  30757 70
88934.000000  30757 70
89010.000000  30805 70
89018.000000  30810 70
89032.000000  30819 70
89056.000000  30834 70
89090.000000  30856 70
89090.000000  30856 70
89090.000000  30856 70
89090.000000  30856 70
89090.000000  30856 70
89164.000000  30903 70
89182.000000  30914 70
89208.000000  30931 70
89214.000000  30934 70
89230.000000  30945 70
89306.000000  30993 70
89306.000000  30993 70
89324.000000  31004 70
89350.000000  31021 70
89364.000000  31029 70
89364.000000  31029 70
89390.000000  31046 70
89422.000000  31066 70
89456.000000  31088 70
89470.000000  31096 70
89496.000000  31113 70
89498.000000  31114 70
89528.000000  31133 70
89584.000000  31169 70
89586.000000  31170 70
89606.000000  31183 70
89640.000000  31204 70
89640.000000  31204 70
89640.000000  31204 70
89666.000000  31221 70
89680.000000  31229 70
89734.000000  31264 70
89734.000000  31264 70
89734.000000  31264 70
89790.000000  31299 70
89806.000000  31309 70
89854.000000  31339 70
89866.000000  31347 70
89928.000000  31386 70
89940.000000  31394 70
89956.000000  31404 70
89958.000000  31405 70
89982.000000  31421 70
90010.000000  31438 70
90042.000000  31459 70
90076.000000  31480 70
90122.000000  31509 70
90124.000000  31511 70
90144.000000  31523 70
90198.000000  31557 70
90232.000000  31579 70
90262.000000  31598 70
90276.000000  31607 70
90330.000000  31641 70
90360.000000  31660 70
90424.000000  31701 70
90438.000000  31709 70
90510.000000  31755 70
90566.000000  31791 70
90566.000000  31791 70
90600.000000  31812 70
90646.000000  31841 70
90670.000000  31857 70
90726.000000  31892 70
90762.000000  31915 70
90794.000000  31935 70
90830.000000  31958 70
90884.000000  31992 70
91000.000000  32065 70
91000.000000  32065 70
91000.000000  32065 70
91000.000000  32065 70
91034.000000  32087 70
91056.000000  32101 70
91072.000000  32111 70
91092.000000  32124 70
91106.000000  32133 70
91288.000000  32248 70
91310.000000  32262 70
91320.000000  32268 70
91352.000000  32289 70
91402.000000  32320 70
91402.000000  32320 70
91436.000000  32342 70
91462.000000  32358 70
91496.000000  32380 70
91522.000000  32396 70
91528.000000  32400 70
91564.000000  32423 70
91566.000000  32424 70
91590.000000  32439 70
91646.000000  32475 70
91656.000000  32481 70
91688.000000  32501 70
91728.000000  32527 70
91778.000000  32558 70
91778.000000  32558 70
91812.000000  32580 70
91814.000000  32581 70
91828.000000  32590 70
91854.000000  32606 70
91906.000000  32639 70
91958.000000  32672 70
92092.000000  32757 70
92100.000000  32762 70
92136.000000  32785 70
92138.000000  32786 70
92210.000000  32832 70
92222.000000  32839 70
92240.000000  32851 70
92266.000000  32867 70
92292.000000  32884 70
92324.000000  32904 70
92354.000000  32923 70
92372.000000  32934 70
92406.000000  32956 70
92460.000000  32990 70
92482.000000  33004 70
92522.000000  33029 70
92522.000000  33029 70
92624.000000  33094 70
92644.000000  33107 70
92680.000000  33129 70
92710.000000  33148 70
92712.000000  33150 70
92888.000000  33261 70
92984.000000  33322 70
93020.000000  33345 70
93062.000000  33371 70
93106.000000  33399 70
93158.000000  33432 70
93270.000000  33503 70
93424.000000  33600 70
93482.000000  33637 70
93562.000000  33688 70
93566.000000  33690 70
93596.000000  33709 70
93598.000000  33710 70
93638.000000  33736 70
93714.000000  33784 70
93760.000000  33813 70
93772.000000  33821 70
93814.000000  33847 70
93874.000000  33885 70
93908.000000  33907 70
93960.000000  33940 70
94124.000000  34044 70
94146.000000  34058 70
94180.000000  34079 70
94234.000000  34113 70
94234.000000  34113 70
94234.000000  34113 70
94258.000000  34129 70
94268.000000  34135 70
94284.000000  34145 70
94304.000000  34158 70
94396.000000  34216 70
94600.000000  34345 70
94600.000000  34345 70
94696.000000  34406 70
94732.000000  34429 70
94756.000000  34444 70
94788.000000  34465 70
95100.000000  34662 70
95142.000000  34689 70
95242.000000  34753 70
95296.000000  34787 70
95296.000000  34787 70
95430.000000  34871 70
95432.000000  34873 70
95462.000000  34892 70
95486.000000  34907 70
95644.000000  35007 70
95728.000000  35060 70
95746.000000  35072 70
95802.000000  35107 70
95818.000000  35117 70
95842.000000  35133 70
95924.000000  35185 70
95934.000000  35191 70
95990.000000  35226 70
96024.000000  35248 70
96108.000000  35301 70
96214.000000  35368 70
96274.000000  35406 70
96370.000000  35467 70
96406.000000  35490 70
96418.000000  35498 70
96432.000000  35506 70
96432.000000  35506 70
96466.000000  35528 70
96480.000000  35537 70
96542.000000  35576 70
96704.000000  35679 70
96738.000000  35700 70
96774.000000  35723 70
96796.000000  35737 70
96900.000000  35803 70
96932.000000  35823 70
96936.000000  35825 70
96938.000000  35827 70
97034.000000  35888 70
97068.000000  35909 70
97116.000000  35939 70
97196.000000  35990 70
97220.000000  36005 70
97252.000000  36026 70
97330.000000  36075 70
97398.000000  36118 70
97408.000000  36125 70
97442.000000  36146 70
97474.000000  36166 70
97582.000000  36235 70
97604.000000  36249 70
97620.000000  36259 70
97642.000000  36273 70
97676.000000  36294 70
97726.000000  36326 70
97726.000000  36326 70
97766.000000  36351 70
97782.000000  36361 70
97886.000000  36427 70
97940.000000  36461 70
98044.000000  36527 70
98080.000000  36550 70
98106.000000  36567 70
98160.000000  36601 70
98162.000000  36602 70
98192.000000  36621 70
98310.000000  36696 70
98340.000000  36715 70
98362.000000  36729 70
98364.000000  36730 70
98388.000000  36745 70
98404.000000  36755 70
98446.000000  36782 70
98478.000000  36802 70
98502.000000  36817 70
98560.000000  36854 70
98622.000000  36893 70
98678.000000  36929 70
98712.000000  36950 70
98762.000000  36982 70
98820.000000  37019 70
98842.000000  37033 70
98890.000000  37063 70
98940.000000  37095 70
98972.000000  37115 70
98998.000000  37131 70
98998.000000  37131 70
99046.000000  37162 70
99084.000000  37186 70
99086.000000  37187 70
99106.000000  37200 70
99138.000000  37220 70
99190.000000  37253 70
99192.000000  37254 70
99226.000000  37276 70
99260.000000  37297 70
99284.000000  37312 70
99320.000000  37335 70
99322.000000  37336 70
99588.000000  37505 70
99838.000000  37663 70
100146.000000  37858 70
100146.000000  37858 70
100160.000000  37867 70
100362.000000  37995 70
100590.000000  38139 70
100590.000000  38139 70
100666.000000  38187 70
100736.000000  38232 70
100802.000000  38273 70
100906.000000  38339 70
100928.000000  38353 70
101092.000000  38457 70
101108.000000  38467 70
101144.000000  38490 70
101146.000000  38491 70
101196.000000  38523 70
101220.000000  38539 70
101220.000000  38539 70
101230.000000  38545 70
101264.000000  38566 70
101266.000000  38568 70
101286.000000  38580 70
101312.000000  38597 70
101360.000000  38627 70
101382.000000  38641 70
101384.000000  38643 70
101394.000000  38649 70
101416.000000  38663 70
101442.000000  38679 70
101478.000000  38702 70
101478.000000  38702 70
101548.000000  38747 70
101560.000000  38754 70
101582.000000  38768 70
101608.000000  38785 70
101622.000000  38793 70
101636.000000  38802 70
101660.000000  38817 70
101692.000000  38838 70
101746.000000  38872 70
101774.000000  38890 70
101776.000000  38891 70
101808.000000  38911 70
101832.000000  38927 70
101846.000000  38935 70
101848.000000  38937 70
101868.000000  38949 70
101890.000000  38963 70
101922.000000  38984 70
101996.000000  39031 70
102008.000000  39038 70
102024.000000  39048 70
102040.000000  39058 70
102078.000000  39082 70
102128.000000  39114 70
102172.000000  39142 70
102192.000000  39155 70
102194.000000  39156 70
102204.000000  39162 70
102226.000000  39176 70
102252.000000  39193 70
102266.000000  39201 70
102298.000000  39222 70
102326.000000  39239 70
102354.000000  39257 70
102378.000000  39273 70
102390.000000  39280 70
102390.000000  39280 70
102446.000000  39315 70
102500.000000  39350 70
102574.000000  39397 70
102608.000000  39418 70
102688.000000  39469 70
102716.000000  39487 70
102834.000000  39561 70
102840.000000  39565 70
103048.000000  39697 70
103070.000000  39711 70
103126.000000  39746 70
103160.000000  39768 70
103214.000000  39802 70
103322.000000  39871 70
103386.000000  39911 70
103424.000000  39935 70
103448.000000  39951 70
103448.000000  39951 70
103486.000000  39975 70
103512.000000  39991 70
103526.000000  40000 70
103526.000000  40000 70
103548.000000  40014 70
103568.000000  40027 70
103568.000000  40027 70
103584.000000  40037 70
103616.000000  40057 70
103618.000000  40058 70
103702.000000  40112 70
103760.000000  40148 70
103774.000000  40157 70
103836.000000  40196 70
103838.000000  40198 70
103882.000000  40226 70
103900.000000  40237 70
103916.000000  40247 70
103946.000000  40266 70
103960.000000  40275 70
103984.000000  40290 70
103998.000000  40299 70
104016.000000  40310 70
104042.000000  40327 70
104076.000000  40349 70
104122.000000  40378 70
104154.000000  40398 70
104206.000000  40431 70
104238.000000  40451 70
104262.000000  40466 70
104276.000000  40475 70
104278.000000  40476 70
104310.000000  40497 70
104310.000000  40497 70
104364.000000  40531 70
104392.000000  40549 70
104424.000000  40569 70
104456.000000  40589 70
104458.000000  40591 70
104508.000000  40622 70
104508.000000  40622 70
104520.000000  40630 70
104566.000000  40659 70
104566.000000  40659 70
104646.000000  40710 70
104672.000000  40726 70
104814.000000  40816 70
104872.000000  40853 70
105014.000000  40943 70
105040.000000  40959 70
105366.000000  41166 70
105596.000000  41311 70
105702.000000  41379 70
106244.000000  41722 70
106372.000000  41803 70
106372.000000  41803 70
106372.000000  41803 70
106382.000000  41809 70
106414.000000  41829 70
106434.000000  41842 70
106456.000000  41856 70
106478.000000  41870 70
106508.000000  41889 70
106508.000000  41889 70
106648.000000  41978 70
106722.000000  42025 70
106858.000000  42111 70
106984.000000  42190 70
107040.000000  42226 70
107042.000000  42227 70
107080.000000  42251 70
107282.000000  42379 70
107284.000000  42380 70
107300.000000  42391 70
107316.000000  42401 70
107340.000000  42416 70
107410.000000  42460 70
107484.000000  42507 70
107582.000000  42569 70
107590.000000  42574 70
107614.000000  42589 70
107638.000000  42605 70
107662.000000  42619 70
107670.000000  42625 70
107702.000000  42645 70
107730.000000  42663 70
107766.000000  42685 70
107808.000000  42712 70
107834.000000  42729 70
107834.000000  42729 70
107882.000000  42759 70
107916.000000  42781 70
108012.000000  42841 70
108078.000000  42883 70
108080.000000  42885 70
108092.000000  42892 70
108114.000000  42906 70
108146.000000  42926 70
108178.000000  42947 70
108236.000000  42983 70
108270.000000  43005 70
108324.000000  43039 70
108348.000000  43054 70
108350.000000  43055 70
108368.000000  43067 70
108404.000000  43090 70
108450.000000  43119 70
108482.000000  43139 70
108516.000000  43161 70
108586.000000  43205 70
108610.000000  43220 70
108656.000000  43249 70
108694.000000  43273 70
108696.000000  43275 70
108718.000000  43289 70
108830.000000  43360 70
108996.000000  43465 70
109126.000000  43547 70
109166.000000  43573 70
109182.000000  43583 70
109276.000000  43642 70
109324.000000  43673 70
109406.000000  43725 70
109440.000000  43746 70
109440.000000  43746 70
109466.000000  43763 70
109500.000000  43784 70
109500.000000  43784 70
109528.000000  43802 70
109560.000000  43822 70
109560.000000  43822 70
109584.000000  43837 70
109636.000000  43870 70
109650.000000  43879 70
109700.000000  43911 70
109750.000000  43942 70
109774.000000  43957 70
109808.000000  43979 70
109808.000000  43979 70
109838.000000  43998 70
109840.000000  43999 70
109864.000000  44015 70
109864.000000  44015 70
109886.000000  44029 70
109920.000000  44050 70
109960.000000  44075 70
109984.000000  44091 70
110016.000000  44111 70
110038.000000  44125 70
110038.000000  44125 70
110072.000000  44146 70
110102.000000  44165 70
110104.000000  44167 70
110108.000000  44169 70
110166.000000  44206 70
110168.000000  44207 70
110230.000000  44246 70
110272.000000  44273 70
110274.000000  44274 70
110284.000000  44281 70
110362.000000  44330 70
110420.000000  44367 70
110452.000000  44387 70
110466.000000  44396 70
110496.000000  44415 70
110516.000000  44428 70
110534.000000  44439 70
110556.000000  44453 70
110578.000000  44467 70
110612.000000  44489 70
110634.000000  44503 70
110674.000000  44528 70
110698.000000  44543 70
110730.000000  44563 70
110732.000000  44565 70
110754.000000  44579 70
110788.000000  44600 70
110820.000000  44620 70
110882.000000  44660 70
110884.000000  44661 70
110930.000000  44690 70
110966.000000  44713 70
110996.000000  44732 70
111052.000000  44767 70
111110.000000  44804 70
111134.000000  44819 70
111152.000000  44831 70
111172.000000  44843 70
111220.000000  44874 70
111478.000000  45037 70
111480.000000  45038 70
111490.000000  45045 70
111546.000000  45080 70
111562.000000  45090 70
111614.000000  45123 70
111652.000000  45147 70
111652.000000  45147 70
111716.000000  45188 70
111744.000000  45206 70
111766.000000  45220 70
111822.000000  45255 70
111822.000000  45255 70
111892.000000  45299 70
111946.000000  45333 70
111974.000000  45351 70
112008.000000  45373 70
112082.000000  45420 70
112120.000000  45444 70
112122.000000  45445 70
112142.000000  45458 70
112174.000000  45478 70
112200.000000  45494 70
112220.000000  45507 70
112242.000000  45521 70
112282.000000  45546 70
112282.000000  45546 70
112334.000000  45579 70
112394.000000  45617 70
112396.000000  45619 70
112424.000000  45636 70
112424.000000  45636 70
112446.000000  45650 70
112492.000000  45679 70
112576.000000  45733 70
112614.000000  45757 70
112616.000000  45758 70
112634.000000  45769 70
112634.000000  45769 70
112670.000000  45792 70
112672.000000  45793 70
112760.000000  45849 70
112762.000000  45850 70
112792.000000  45869 70
112826.000000  45891 70
112866.000000  45916 70
112916.000000  45948 70
112950.000000  45969 70
113002.000000  46003 70
113002.000000  46003 70
113002.000000  46003 70
113040.000000  46027 70
113066.000000  46043 70
113126.000000  46081 70
113142.000000  46091 70
113166.000000  46107 70
113180.000000  46115 70
113196.000000  46125 70
113256.000000  46163 70
113290.000000  46185 70
113324.000000  46207 70
113354.000000  46226 70
113410.000000  46261 70
113444.000000  46283 70
113468.000000  46298 70
113490.000000  46312 70
113584.000000  46371 70
113604.000000  46384 70
113624.000000  46397 70
113674.000000  46428 70
113688.000000  46437 70
113726.000000  46461 70
113744.000000  46473 70
113800.000000  46508 70
113818.000000  46519 70
113850.000000  46540 70
113852.000000  46541 70
113890.000000  46565 70
113906.000000  46575 70
113906.000000  46575 70
113932.000000  46592 70
113964.000000  46612 70
113994.000000  46631 70
114028.000000  46653 70
114062.000000  46674 70
114090.000000  46692 70
114092.000000  46693 70
114110.000000  46705 70
114128.000000  46716 70
114130.000000  46717 70
114138.000000  46722 70
114154.000000  46733 70
114172.000000  46744 70
114220.000000  46774 70
114250.000000  46793 70
114272.000000  46807 70
114332.000000  46845 70
114332.000000  46845 70
114382.000000  46877 70
114384.000000  46878 70
114416.000000  46899 70
114470.000000  46933 70
114506.000000  46956 70
114530.000000  46971 70
114562.000000  46991 70
114586.000000  47006 70
114620.000000  47028 70
114650.000000  47047 70
114652.000000  47048 70
114656.000000  47051 70
114668.000000  47058 70
114688.000000  47071 70
114748.000000  47109 70
114748.000000  47109 70
114748.000000  47109 70
114780.000000  47129 70
114784.000000  47132 70
114806.000000  47146 70
116060.000000  47940 70
116086.000000  47957 70
116088.000000  47958 70
116096.000000  47963 70
116124.000000  47981 70
116124.000000  47981 70
116142.000000  47992 70
116144.000000  47993 70
116154.000000  47999 70
116176.000000  48013 70
116200.000000  48029 70
116208.000000  48034 70
116208.000000  48034 70
116236.000000  48051 70
116246.000000  48058 70
116264.000000  48069 70
116264.000000  48069 70
116284.000000  48082 70
116292.000000  48087 70
116318.000000  48103 70
116320.000000  48105 70
116340.000000  48117 70
116366.000000  48134 70
116380.000000  48143 70
116414.000000  48164 70
116416.000000  48165 70
116450.000000  48187 70
116464.000000  48196 70
116464.000000  48196 70
116492.000000  48213 70
116548.000000  48249 70
116558.000000  48255 70
116572.000000  48264 70
116624.000000  48297 70
116648.000000  48312 70
116672.000000  48327 70
116694.000000  48341 70
116724.000000  48361 70
116742.000000  48372 70
116770.000000  48390 70
116852.000000  48442 70
116854.000000  48443 70
116940.000000  48497 70
116962.000000  48511 70
117002.000000  48537 70
117004.000000  48538 70
117024.000000  48551 70
117038.000000  48559 70
117038.000000  48559 70
117044.000000  48563 70
117056.000000  48571 70
117104.000000  48601 70
117200.000000  48662 70
117234.000000  48683 70
117258.000000  48699 70
117290.000000  48719 70
117292.000000  48720 70
117358.000000  48762 70
117382.000000  48777 70
117402.000000  48790 70
117452.000000  48822 70
117452.000000  48822 70
117484.000000  48842 70
117486.000000  48843 70
117568.000000  48895 70
117584.000000  48905 70
117592.000000  48910 70
117612.000000  48923 70
117674.000000  48962 70
117680.000000  48966 70
117738.000000  49003 70
117886.000000  49096 70
117888.000000  49098 70
117938.000000  49129 70
117958.000000  49142 70
117990.000000  49162 70
118020.000000  49181 70
118052.000000  49201 70
118082.000000  49220 70
118114.000000  49241 70
118114.000000  49241 70
118150.000000  49263 70
118168.000000  49275 70
118202.000000  49297 70
118254.000000  49330 70
118256.000000  49331 70
118266.000000  49337 70
118320.000000  49371 70
118380.000000  49409 70
118382.000000  49411 70
118410.000000  49428 70
118466.000000  49464 70
118490.000000  49479 70
118524.000000  49501 70
118548.000000  49516 70
118550.000000  49517 70
118584.000000  49539 70
118610.000000  49555 70
118612.000000  49556 70
118626.000000  49565 70
118658.000000  49585 70
118684.000000  49602 70
118718.000000  49623 70
118796.000000  49673 70
118814.000000  49685 70
118874.000000  49722 70
118922.000000  49753 70
118922.000000  49753 70
118936.000000  49762 70
118938.000000  49763 70
118972.000000  49785 70
118996.000000  49800 70
119028.000000  49820 70
119052.000000  49835 70
119064.000000  49843 70
119076.000000  49851 70
119156.000000  49901 70
119190.000000  49923 70
119214.000000  49938 70
119262.000000  49969 70
119352.000000  50025 70
119402.000000  50057 70
119422.000000  50070 70
119458.000000  50093 70
119520.000000  50132 70
119538.000000  50143 70
119594.000000  50179 70
119602.000000  50184 70
119602.000000  50184 70
119626.000000  50199 70
119648.000000  50213 70
119672.000000  50228 70
119704.000000  50249 70
119734.000000  50268 70
119736.000000  50269 70
119788.000000  50302 70
119822.000000  50323 70
119844.000000  50337 70
119844.000000  50337 70
119896.000000  50370 70
119950.000000  50404 70
120008.000000  50441 70
120056.000000  50471 70
120078.000000  50485 70
120080.000000  50487 70
120114.000000  50508 70
120138.000000  50523 70
120152.000000  50532 70
120172.000000  50545 70
120206.000000  50567 70
120260.000000  50601 70
120284.000000  50616 70
120316.000000  50636 70
120316.000000  50636 70
120340.000000  50651 70
120380.000000  50677 70
120382.000000  50678 70
120406.000000  50693 70
120440.000000  50715 70
120468.000000  50732 70
120470.000000  50734 70
120496.000000  50750 70
120498.000000  50751 70
120568.000000  50796 70
120598.000000  50815 70
120620.000000  50829 70
120636.000000  50839 70
120668.000000  50859 70
120702.000000  50881 70
120734.000000  50901 70
120736.000000  50902 70
120782.000000  50931 70
120798.000000  50941 70
120868.000000  50986 70
120870.000000  50987 70
120898.000000  51005 70
120928.000000  51024 70
120930.000000  51025 70
120936.000000  51029 70
120970.000000  51050 70
120994.000000  51065 70
120996.000000  51067 70
121008.000000  51075 70
121032.000000  51089 70
121064.000000  51110 70
121098.000000  51131 70
121110.000000  51139 70
121156.000000  51168 70
121158.000000  51169 70
121184.000000  51186 70
121210.000000  51202 70
121232.000000  51216 70
121252.000000  51229 70
121270.000000  51240 70
121294.000000  51255 70
121294.000000  51255 70
121328.000000  51277 70
121354.000000  51294 70
121370.000000  51304 70
121386.000000  51314 70
121406.000000  51327 70
121416.000000  51333 70
121438.000000  51347 70
121504.000000  51389 70
121506.000000  51390 70
121538.000000  51410 70
121572.000000  51432 70
121636.000000  51472 70
121638.000000  51473 70
121712.000000  51520 70
121776.000000  51561 70
121802.000000  51577 70
121820.000000  51589 70
121836.000000  51599 70
121878.000000  51625 70
121912.000000  51647 70
121924.000000  51655 70
121952.000000  51673 70
122000.000000  51703 70
122020.000000  51715 70
122046.000000  51732 70
122080.000000  51754 70
122144.000000  51794 70
122152.000000  51799 70
122154.000000  51801 70
122186.000000  51821 70
122208.000000  51835 70
122242.000000  51856 70
122296.000000  51890 70
122326.000000  51909 70
122392.000000  51951 70
122440.000000  51982 70
122464.000000  51997 70
122494.000000  52016 70
122524.000000  52035 70
122586.000000  52074 70
122620.000000  52096 70
122648.000000  52113 70
122674.000000  52130 70
122676.000000  52131 70
122686.000000  52138 70
122688.000000  52139 70
122710.000000  52153 70
122764.000000  52187 70
122798.000000  52209 70
122824.000000  52225 70
122856.000000  52245 70
122910.000000  52279 70
122932.000000  52293 70
123002.000000  52338 70
123004.000000  52339 70
123032.000000  52357 70
123068.000000  52379 70
123112.000000  52407 70
123152.000000  52433 70
123154.000000  52434 70
123170.000000  52444 70
123186.000000  52454 70
123202.000000  52464 70
123238.000000  52487 70
123276.000000  52511 70
123304.000000  52529 70
123318.000000  52538 70
123350.000000  52558 70
123364.000000  52567 70
123364.000000  52567 70
123402.000000  52591 70
123426.000000  52606 70
123458.000000  52626 70
123488.000000  52645 70
123488.000000  52645 70
123524.000000  52668 70
123600.000000  52716 70
123602.000000  52717 70
123634.000000  52738 70
123688.000000  52772 70
123714.000000  52789 70
123744.000000  52808 70
123778.000000  52829 70
123780.000000  52830 70
123788.000000  52835 70
123808.000000  52848 70
123824.000000  52858 70
123840.000000  52868 70
123902.000000  52908 70
123938.000000  52931 70
123944.000000  52934 70
123944.000000  52934 70
124002.000000  52971 70
124022.000000  52984 70
124056.000000  53005 70
124078.000000  53019 70
124134.000000  53055 70
124136.000000  53056 70
124168.000000  53076 70
124192.000000  53091 70
124204.000000  53099 70
124236.000000  53119 70
124260.000000  53135 70
124294.000000  53156 70
124316.000000  53170 70
124350.000000  53192 70
124374.000000  53207 70
124406.000000  53227 70
124438.000000  53247 70
124472.000000  53269 70
124486.000000  53278 70
124564.000000  53327 70
124588.000000  53342 70
124644.000000  53378 70
124704.000000  53416 70
124760.000000  53451 70
124816.000000  53487 70
124818.000000  53488 70
124826.000000  53493 70
124880.000000  53527 70
124880.000000  53527 70
124942.000000  53567 70
124944.000000  53568 70
124974.000000  53587 70
125020.000000  53616 70
125058.000000  53640 70
125070.000000  53648 70
125096.000000  53664 70
125130.000000  53686 70
125130.000000  53686 70
125162.000000  53706 70
125210.000000  53737 70
125240.000000  53755 70
125254.000000  53764 70
125270.000000  53774 70
125286.000000  53785 70
125302.000000  53795 70
125334.000000  53815 70
125358.000000  53830 70
125372.000000  53839 70
125384.000000  53847 70
125416.000000  53867 70
125416.000000  53867 70
125440.000000  53882 70
125474.000000  53904 70
125506.000000  53924 70
125548.000000  53951 70
125550.000000  53952 70
125552.000000  53953 70
125578.000000  53969 70
125610.000000  53990 70
125642.000000  54010 70
125656.000000  54019 70
125700.000000  54047 70
125736.000000  54069 70
125772.000000  54092 70
125794.000000  54106 70
125822.000000  54124 70
125848.000000  54141 70
125882.000000  54162 70
125908.000000  54179 70
125922.000000  54187 70
125970.000000  54218 70
125984.000000  54227 70
126018.000000  54248 70
126020.000000  54249 70
126040.000000  54262 70
126040.000000  54262 70
126054.000000  54271 70
126084.000000  54290 70
126096.000000  54298 70
126130.000000  54319 70
126154.000000  54334 70
126186.000000  54355 70
126186.000000  54355 70
126218.000000  -1 70
126218.000000  -1 70
126270.000000  54408 70
126302.000000  54428 70
126328.000000  54445 70
126360.000000  54465 70
126406.000000  54494 70
126418.000000  54502 70
126442.000000  54517 70
126486.000000  54545 70
126488.000000  54546 70
126556.000000  54589 70
126566.000000  54595 70
126602.000000  54618 70
126604.000000  54620 70
126632.000000  54637 70
126664.000000  54658 70
126692.000000  54675 70
126694.000000  54677 70
126706.000000  54684 70
126708.000000  54685 70
126758.000000  54717 70
126788.000000  54736 70
126844.000000  54772 70
126858.000000  54781 70
126860.000000  54782 70
126872.000000  54789 70
126926.000000  54824 70
126958.000000  54844 70
127010.000000  54877 70
127012.000000  54878 70
127034.000000  54892 70
127048.000000  54901 70
127074.000000  54917 70
127108.000000  54939 70
127126.000000  54950 70
127142.000000  54961 70
127158.000000  54971 70
127202.000000  54999 70
127202.000000  54999 70
127226.000000  55014 70
127236.000000  55020 70
127270.000000  55042 70
127304.000000  55063 70
127340.000000  55086 70
127392.000000  55119 70
127394.000000  55120 70
127418.000000  55135 70
127426.000000  55140 70
127460.000000  55162 70
127482.000000  55176 70
127542.000000  55214 70
127542.000000  55214 70
127542.000000  55214 70
127542.000000  55214 70
127542.000000  55214 70
127610.000000  55257 70
127630.000000  55270 70
127698.000000  55313 70
127720.000000  55327 70
127762.000000  55353 70
127776.000000  55362 70
127818.000000  55389 70
127834.000000  55399 70
127858.000000  55414 70
127872.000000  55423 70
127882.000000  55429 70
127882.000000  55429 70
127938.000000  55465 70
128032.000000  55524 70
128050.000000  55536 70
128064.000000  55545 70
128180.000000  55618 70
128226.000000  55647 70
128340.000000  55719 70
128414.000000  55766 70
128902.000000  56076 70
128956.000000  56110 70
129042.000000  56164 70
129086.000000  56192 70
129106.000000  56205 70
129122.000000  56215 70
129164.000000  56242 70
129196.000000  56262 70
129198.000000  56263 70
129220.000000  56277 70
129220.000000  56277 70
129276.000000  56313 70
129310.000000  56334 70
129394.000000  56387 70
129394.000000  56387 70
129430.000000  56410 70
129458.000000  56428 70
129478.000000  56441 70
129606.000000  56522 70
129618.000000  56529 70
129636.000000  56541 70
129662.000000  56557 70
129682.000000  56570 70
129704.000000  56584 70
129778.000000  56631 70
129778.000000  56631 70
129838.000000  56669 70
129870.000000  56689 70
129924.000000  56723 70
129978.000000  56758 70
129980.000000  56759 70
129990.000000  56765 70
130022.000000  56786 70
130022.000000  56786 70
130052.000000  56805 70
130054.000000  56806 70
130084.000000  56825 70
130162.000000  56874 70
130200.000000  56899 70
130230.000000  56917 70
130230.000000  56917 70
130264.000000  56939 70
130288.000000  56954 70
130302.000000  56963 70
130328.000000  56980 70
130330.000000  56981 70
130350.000000  56994 70
130370.000000  57006 70
130388.000000  57018 70
130414.000000  57034 70
130484.000000  57079 70
130548.000000  57119 70
130550.000000  57121 70
130580.000000  57139 70
130582.000000  57141 70
130602.000000  57153 70
130634.000000  57174 70
130670.000000  57197 70
130744.000000  57243 70
130778.000000  57265 70
130798.000000  57278 70
130828.000000  57297 70
130840.000000  57304 70
130878.000000  57328 70
130904.000000  57345 70
130914.000000  57351 70
130952.000000  57375 70
130992.000000  57401 70
131034.000000  57427 70
131048.000000  57436 70
131080.000000  57457 70
131106.000000  57473 70
131166.000000  57511 70
131168.000000  57512 70
131196.000000  57530 70
131198.000000  57531 70
131220.000000  57545 70
131220.000000  57545 70
131220.000000  57545 70
131220.000000  57545 70
131278.000000  57582 70
131334.000000  57617 70
131370.000000  57640 70
131372.000000  57641 70
131400.000000  57659 70
131446.000000  57688 70
131458.000000  57696 70
131470.000000  57704 70
131518.000000  57734 70
131548.000000  57753 70
131594.000000  57782 70
131610.000000  57793 70
131610.000000  57793 70
131648.000000  57817 70
131650.000000  57818 70
131676.000000  57834 70
131750.000000  57881 70
131750.000000  57881 70
131810.000000  57919 70
131842.000000  57939 70
131842.000000  57939 70
131866.000000  57955 70
131900.000000  57976 70
131954.000000  58011 70
131956.000000  58012 70
131988.000000  58032 70
132034.000000  58061 70
132036.000000  58063 70
132076.000000  58088 70
132106.000000  58107 70
132152.000000  58136 70
132184.000000  58156 70
132232.000000  58187 70
132254.000000  58201 70
132256.000000  58202 70
132280.000000  58217 70
132280.000000  58217 70
132296.000000  58227 70
132328.000000  58248 70
132382.000000  58282 70
132418.000000  58305 70
132442.000000  58320 70
132456.000000  58329 70
132486.000000  58348 70
132510.000000  58363 70
132546.000000  58386 70
132548.000000  58387 70
132586.000000  58411 70
132640.000000  58445 70
132666.000000  58462 70
132680.000000  58471 70
132724.000000  58499 70
132754.000000  58518 70
132768.000000  58527 70
132770.000000  58528 70
132806.000000  58551 70
132826.000000  58563 70
132844.000000  58575 70
132858.000000  58584 70
132860.000000  58585 70
132872.000000  58593 70
132900.000000  58610 70
132900.000000  58610 70
132920.000000  58623 70
132928.000000  58628 70
132928.000000  58628 70
132950.000000  58642 70
132982.000000  58662 70
133016.000000  58684 70
133018.000000  58685 70
133044.000000  58701 70
133046.000000  58703 70
133062.000000  58713 70
133072.000000  58719 70
133126.000000  58753 70
133150.000000  58769 70
133182.000000  58789 70
133220.000000  58813 70
133234.000000  58822 70
133268.000000  58843 70
133270.000000  58845 70
133306.000000  58868 70
133308.000000  58869 70
133330.000000  58883 70
133332.000000  58884 70
133360.000000  58902 70
133408.000000  58932 70
133428.000000  58945 70
133458.000000  58964 70
133506.000000  58995 70
133598.000000  59053 70
133614.000000  59063 70
133672.000000  59100 70
133706.000000  59121 70
133760.000000  59155 70
133762.000000  59157 70
133814.000000  59190 70
133838.000000  59205 70
133870.000000  59225 70
133924.000000  59259 70
133950.000000  59276 70
133986.000000  59299 70
133996.000000  59305 70
133998.000000  59306 70
134038.000000  59332 70
134064.000000  59348 70
134098.000000  59370 70
134134.000000  59393 70
134176.000000  59419 70
134202.000000  59436 70
134240.000000  59460 70
134262.000000  59474 70
134316.000000  59508 70
134318.000000  59509 70
134340.000000  59523 70
134398.000000  59560 70
134400.000000  59561 70
134430.000000  59580 70
134452.000000  59594 70
134524.000000  59640 70
134526.000000  59641 70
134528.000000  59642 70
134554.000000  59659 70
134578.000000  59674 70
134594.000000  59684 70
134632.000000  59708 70
134632.000000  59708 70
134672.000000  59734 70
134674.000000  59735 70
134714.000000  59760 70
134726.000000  59768 70
134764.000000  59792 70
134802.000000  59816 70
134816.000000  59825 70
134848.000000  59845 70
134878.000000  59864 70
134920.000000  59891 70
134942.000000  59905 70
134978.000000  59928 70
134980.000000  59929 70
135000.000000  59942 70
135054.000000  59976 70
135088.000000  59997 70
135116.000000  60015 70
135168.000000  60048 70
135202.000000  60070 70
135248.000000  60099 70
135300.000000  60132 70
135348.000000  60162 70
135384.000000  60185 70
135398.000000  60194 70
135400.000000  60195 70
135452.000000  60228 70
135484.000000  60249 70
135502.000000  60260 70
135562.000000  60298 70
135564.000000  60299 70
135580.000000  60309 70
135606.000000  60326 70
135630.000000  60341 70
135630.000000  60341 70
135642.000000  60349 70
135674.000000  60369 70
135698.000000  60384 70
135706.000000  60389 70
135738.000000  60409 70
135760.000000  60423 70
135760.000000  60423 70
135760.000000  60423 70
135760.000000  60423 70
135832.000000  60469 70
135866.000000  60491 70
135898.000000  60511 70
135922.000000  60526 70
135948.000000  60543 70
135998.000000  60574 70
135998.000000  60574 70
136022.000000  60589 70
136044.000000  60603 70
136058.000000  60612 70
136058.000000  60612 70
136084.000000  60629 70
136094.000000  60635 70
136124.000000  60654 70
136156.000000  60675 70
136170.000000  60683 70
136202.000000  60704 70
136226.000000  60719 70
136258.000000  60739 70
136280.000000  60753 70
136280.000000  60753 70
136296.000000  60763 70
136328.000000  60783 70
136356.000000  60801 70
136358.000000  60803 70
136392.000000  60824 70
136394.000000  60825 70
136414.000000  60838 70
136446.000000  60858 70
136502.000000  60894 70
136578.000000  60942 70
136594.000000  60952 70
136618.000000  60967 70
136664.000000  60996 70
136680.000000  61007 70
136728.000000  61037 70
136752.000000  61052 70
136754.000000  61053 70
136776.000000  61067 70
136790.000000  61076 70
136810.000000  61089 70
136810.000000  61089 70
136844.000000  61111 70
136898.000000  61145 70
136922.000000  61160 70
136976.000000  61194 70
136976.000000  61194 70
137010.000000  61216 70
137046.000000  61239 70
137074.000000  61256 70
137076.000000  61257 70
137106.000000  61277 70
137108.000000  61278 70
137128.000000  61291 70
137176.000000  61321 70
137224.000000  61351 70
137244.000000  61364 70
137292.000000  61395 70
137322.000000  61413 70
137342.000000  61426 70
137376.000000  61448 70
