25738.400000 0.000000 40
25834.000000 0.010000 40
25905.200000 0.020000 40
25994.000000 0.030000 40
26052.800000 0.040000 40
26094.800000 0.050000 40
26160.400000 0.060000 40
26228.400000 0.070000 40
26283.600000 0.080000 40
26352.400000 0.090000 40
26371.600000 0.100000 40
26441.600000 0.110000 40
26489.200000 0.120000 40
26544.000000 0.130000 40
26562.800000 0.140000 40
26615.600000 0.150000 40
26668.000000 0.160000 40
26692.400000 0.170000 40
26716.800000 0.180000 40
26775.600000 0.190000 40
26804.800000 0.200000 40
26841.600000 0.210000 40
26885.200000 0.220000 40
26911.200000 0.230000 40
26968.400000 0.240000 40
26992.000000 0.250000 40
27012.000000 0.260000 40
27059.200000 0.270000 40
27158.000000 0.280000 40
27200.000000 0.290000 40
27238.000000 0.300000 40
27379.600000 0.310000 40
27474.800000 0.320000 40
27520.800000 0.330000 40
27652.000000 0.340000 40
27753.200000 0.350000 40
27888.800000 0.360000 40
27974.800000 0.370000 40
28008.000000 0.380000 40
28064.400000 0.390000 40
28209.200000 0.400000 40
28308.000000 0.410000 40
28330.000000 0.420000 40
28382.400000 0.430000 40
28423.200000 0.440000 40
28457.600000 0.450000 40
28507.600000 0.460000 40
28538.400000 0.470000 40
28590.800000 0.480000 40
28632.000000 0.490000 40
28672.800000 0.500000 40
28706.000000 0.510000 40
28731.600000 0.520000 40
28787.200000 0.530000 40
28838.000000 0.540000 40
28853.200000 0.550000 40
28873.600000 0.560000 40
28901.200000 0.570000 40
28933.600000 0.580000 40
28978.400000 0.590000 40
29044.400000 0.600000 40
29074.400000 0.610000 40
29103.600000 0.620000 40
29125.200000 0.630000 40
29163.200000 0.640000 40
29192.000000 0.650000 40
29234.000000 0.660000 40
29312.400000 0.670000 40
29391.200000 0.680000 40
29409.200000 0.690000 40
29428.000000 0.700000 40
29451.600000 0.710000 40
29494.400000 0.720000 40
29530.800000 0.730000 40
29570.800000 0.740000 40
29609.200000 0.750000 40
29645.200000 0.760000 40
29677.600000 0.770000 40
29710.400000 0.780000 40
29757.200000 0.790000 40
29788.800000 0.800000 40
29817.200000 0.810000 40
29867.200000 0.820000 40
29903.600000 0.830000 40
29944.800000 0.840000 40
29981.200000 0.850000 40
30011.200000 0.860000 40
30040.400000 0.870000 40
30078.000000 0.880000 40
30097.600000 0.890000 40
30137.600000 0.900000 40
30176.800000 0.910000 40
30199.600000 0.920000 40
30211.200000 0.930000 40
30253.200000 0.940000 40
30304.400000 0.950000 40
30342.000000 0.960000 40
30367.600000 0.970000 40
30418.800000 0.980000 40
30472.000000 0.990000 40
30505.200000 1.000000 40
30536.000000 1.010000 40
30588.000000 1.020000 40
30635.200000 1.030000 40
30670.400000 1.040000 40
30708.400000 1.050000 40
30736.800000 1.060000 40
30804.400000 1.070000 40
30850.000000 1.080000 40
30901.600000 1.090000 40
31148.800000 1.100000 40
31205.600000 1.110000 40
31247.600000 1.120000 40
31265.200000 1.130000 40
31320.400000 1.140000 40
31352.400000 1.150000 40
31373.200000 1.160000 40
31424.800000 1.170000 40
31464.000000 1.180000 40
31496.800000 1.190000 40
31536.400000 1.200000 40
31564.800000 1.210000 40
31578.800000 1.220000 40
31600.400000 1.230000 40
31642.800000 1.240000 40
31664.000000 1.250000 40
31681.600000 1.260000 40
31715.200000 1.270000 40
31742.800000 1.280000 40
31789.200000 1.290000 40
31843.200000 1.300000 40
31895.200000 1.310000 40
31985.600000 1.320000 40
32012.400000 1.330000 40
32036.000000 1.340000 40
32084.000000 1.350000 40
32140.000000 1.360000 40
32174.800000 1.370000 40
32199.200000 1.380000 40
32228.400000 1.390000 40
32254.000000 1.400000 40
32300.400000 1.410000 40
32326.400000 1.420000 40
32401.600000 1.430000 40
32459.600000 1.440000 40
32512.800000 1.450000 40
32550.000000 1.460000 40
32570.800000 1.470000 40
32595.200000 1.480000 40
32634.000000 1.490000 40
32660.400000 1.500000 40
32686.800000 1.510000 40
32715.600000 1.520000 40
32730.000000 1.530000 40
32760.400000 1.540000 40
32789.200000 1.550000 40
32834.400000 1.560000 40
32861.200000 1.570000 40
32902.000000 1.580000 40
32930.000000 1.590000 40
33002.800000 1.600000 40
33036.800000 1.610000 40
33062.800000 1.620000 40
33095.200000 1.630000 40
33114.000000 1.640000 40
33144.800000 1.650000 40
33295.600000 1.660000 40
33328.400000 1.670000 40
33353.200000 1.680000 40
33374.400000 1.690000 40
33412.000000 1.700000 40
33442.800000 1.710000 40
33472.400000 1.720000 40
33491.200000 1.730000 40
33514.800000 1.740000 40
33536.800000 1.750000 40
33559.200000 1.760000 40
33596.800000 1.770000 40
33630.000000 1.780000 40
33660.000000 1.790000 40
33700.800000 1.800000 40
33738.000000 1.810000 40
33786.400000 1.820000 40
33814.400000 1.830000 40
33850.800000 1.840000 40
33888.000000 1.850000 40
33915.200000 1.860000 40
33995.600000 1.870000 40
34021.200000 1.880000 40
34049.200000 1.890000 40
34078.800000 1.900000 40
34150.800000 1.910000 40
34194.000000 1.920000 40
34259.200000 1.930000 40
34445.600000 1.940000 40
34469.600000 1.950000 40
34514.000000 1.960000 40
34552.800000 1.970000 40
34588.400000 1.980000 40
34616.000000 1.990000 40
34638.400000 2.000000 40
34661.200000 2.010000 40
34698.400000 2.020000 40
34724.000000 2.030000 40
34750.800000 2.040000 40
34799.200000 2.050000 40
34820.800000 2.060000 40
34857.600000 2.070000 40
34898.400000 2.080000 40
34937.200000 2.090000 40
34995.600000 2.100000 40
35029.200000 2.110000 40
35064.800000 2.120000 40
35110.400000 2.130000 40
35158.000000 2.140000 40
35232.000000 2.150000 40
35348.800000 2.160000 40
35366.000000 2.170000 40
35418.000000 2.180000 40
35480.400000 2.190000 40
35504.800000 2.200000 40
35538.800000 2.210000 40
35560.000000 2.220000 40
35598.000000 2.230000 40
35629.600000 2.240000 40
35662.400000 2.250000 40
35688.800000 2.260000 40
35737.600000 2.270000 40
35760.000000 2.280000 40
35818.800000 2.290000 40
35916.000000 2.300000 40
35947.200000 2.310000 40
35960.800000 2.320000 40
35996.400000 2.330000 40
36016.800000 2.340000 40
36046.800000 2.350000 40
36079.200000 2.360000 40
36144.400000 2.370000 40
36198.000000 2.380000 40
36238.000000 2.390000 40
36247.600000 2.400000 40
36294.000000 2.410000 40
36340.400000 2.420000 40
36877.200000 2.430000 40
36926.000000 2.440000 40
36939.600000 2.450000 40
36959.200000 2.460000 40
36983.600000 2.470000 40
37040.400000 2.480000 40
37126.400000 2.490000 40
37157.200000 2.500000 40
37202.000000 2.510000 40
37221.600000 2.520000 40
37284.000000 2.530000 40
37312.400000 2.540000 40
37384.800000 2.550000 40
37432.000000 2.560000 40
37460.800000 2.570000 40
37522.400000 2.580000 40
37567.200000 2.590000 40
37596.400000 2.600000 40
37626.800000 2.610000 40
37654.400000 2.620000 40
37693.200000 2.630000 40
37740.400000 2.640000 40
37825.200000 2.650000 40
37840.000000 2.660000 40
37897.600000 2.670000 40
37920.400000 2.680000 40
38000.000000 2.690000 40
38042.400000 2.700000 40
38106.800000 2.710000 40
38156.800000 2.720000 40
38219.200000 2.730000 40
38256.400000 2.740000 40
38304.400000 2.750000 40
38351.600000 2.760000 40
38378.800000 2.770000 40
38457.200000 2.780000 40
38502.800000 2.790000 40
38532.400000 2.800000 40
38555.200000 2.810000 40
38595.600000 2.820000 40
38634.000000 2.830000 40
38659.600000 2.840000 40
38726.400000 2.850000 40
38796.800000 2.860000 40
38842.000000 2.870000 40
38865.600000 2.880000 40
38923.600000 2.890000 40
38966.400000 2.900000 40
39007.200000 2.910000 40
39039.600000 2.920000 40
39097.200000 2.930000 40
39161.600000 2.940000 40
39203.600000 2.950000 40
39242.000000 2.960000 40
39301.600000 2.970000 40
39348.400000 2.980000 40
39388.000000 2.990000 40
39414.000000 3.000000 40
39456.800000 3.010000 40
39526.000000 3.020000 40
39558.400000 3.030000 40
39585.200000 3.040000 40
39677.600000 3.050000 40
39716.800000 3.060000 40
39799.600000 3.070000 40
39844.400000 3.080000 40
39942.400000 3.090000 40
40018.800000 3.100000 40
40044.800000 3.110000 40
40086.000000 3.120000 40
40149.200000 3.130000 40
40211.200000 3.140000 40
40246.000000 3.150000 40
40262.400000 3.160000 40
40346.000000 3.170000 40
40377.200000 3.180000 40
40406.000000 3.190000 40
40440.800000 3.200000 40
40460.400000 3.210000 40
40483.200000 3.220000 40
40503.200000 3.230000 40
40529.200000 3.240000 40
40557.200000 3.250000 40
40572.400000 3.260000 40
40626.800000 3.270000 40
40667.200000 3.280000 40
40704.800000 3.290000 40
40733.200000 3.300000 40
40777.600000 3.310000 40
40800.800000 3.320000 40
40842.800000 3.330000 40
40863.200000 3.340000 40
40893.200000 3.350000 40
40928.800000 3.360000 40
40951.600000 3.370000 40
41003.600000 3.380000 40
41019.200000 3.390000 40
41046.800000 3.400000 40
41078.400000 3.410000 40
41119.200000 3.420000 40
41157.200000 3.430000 40
41199.200000 3.440000 40
41253.200000 3.450000 40
41296.400000 3.460000 40
41326.000000 3.470000 40
41339.600000 3.480000 40
41390.000000 3.490000 40
41400.400000 3.500000 40
41468.800000 3.510000 40
41488.000000 3.520000 40
41516.800000 3.530000 40
41552.000000 3.540000 40
41600.400000 3.550000 40
41620.000000 3.560000 40
41642.000000 3.570000 40
41667.600000 3.580000 40
41702.000000 3.590000 40
41737.600000 3.600000 40
41773.200000 3.610000 40
41810.800000 3.620000 40
41842.800000 3.630000 40
41880.000000 3.640000 40
41914.000000 3.650000 40
41941.600000 3.660000 40
41968.800000 3.670000 40
41990.400000 3.680000 40
42030.000000 3.690000 40
42062.400000 3.700000 40
42183.600000 3.710000 40
42236.000000 3.720000 40
42277.600000 3.730000 40
42326.000000 3.740000 40
42367.200000 3.750000 40
42402.800000 3.760000 40
42418.400000 3.770000 40
42443.600000 3.780000 40
42471.200000 3.790000 40
42499.200000 3.800000 40
42518.400000 3.810000 40
42534.000000 3.820000 40
42581.200000 3.830000 40
42592.800000 3.840000 40
42630.000000 3.850000 40
42661.200000 3.860000 40
42694.800000 3.870000 40
42716.000000 3.880000 40
42766.400000 3.890000 40
42810.000000 3.900000 40
42816.800000 3.910000 40
42879.200000 3.920000 40
42900.000000 3.930000 40
42948.400000 3.940000 40
42997.600000 3.950000 40
43040.800000 3.960000 40
43063.200000 3.970000 40
43118.000000 3.980000 40
43162.000000 3.990000 40
43182.800000 4.000000 40
43198.800000 4.010000 40
43250.800000 4.020000 40
43321.200000 4.030000 40
43372.400000 4.040000 40
43398.000000 4.050000 40
43433.600000 4.060000 40
43468.000000 4.070000 40
43488.400000 4.080000 40
43515.600000 4.090000 40
43536.000000 4.100000 40
43561.600000 4.110000 40
43605.200000 4.120000 40
43636.800000 4.130000 40
43658.800000 4.140000 40
43678.400000 4.150000 40
43712.000000 4.160000 40
43740.400000 4.170000 40
43766.800000 4.180000 40
43835.200000 4.190000 40
43854.000000 4.200000 40
43900.400000 4.210000 40
43909.600000 4.220000 40
43951.200000 4.230000 40
43988.800000 4.240000 40
44042.800000 4.250000 40
44061.600000 4.260000 40
44095.200000 4.270000 40
44122.400000 4.280000 40
44153.600000 4.290000 40
44183.600000 4.300000 40
44206.800000 4.310000 40
44246.800000 4.320000 40
44274.400000 4.330000 40
44324.000000 4.340000 40
44358.400000 4.350000 40
44384.800000 4.360000 40
44426.000000 4.370000 40
44452.800000 4.380000 40
44482.000000 4.390000 40
44524.000000 4.400000 40
44568.000000 4.410000 40
44590.400000 4.420000 40
44630.000000 4.430000 40
44668.400000 4.440000 40
44713.200000 4.450000 40
44759.600000 4.460000 40
44798.400000 4.470000 40
44842.800000 4.480000 40
44879.600000 4.490000 40
44916.000000 4.500000 40
44956.800000 4.510000 40
45003.600000 4.520000 40
45049.600000 4.530000 40
45080.400000 4.540000 40
45114.800000 4.550000 40
45150.800000 4.560000 40
45200.800000 4.570000 40
45230.400000 4.580000 40
45268.400000 4.590000 40
45288.000000 4.600000 40
45341.600000 4.610000 40
45367.200000 4.620000 40
45422.000000 4.630000 40
45491.200000 4.640000 40
45551.200000 4.650000 40
45593.600000 4.660000 40
45654.400000 4.670000 40
45718.400000 4.680000 40
45789.200000 4.690000 40
45844.000000 4.700000 40
45904.400000 4.710000 40
45961.600000 4.720000 40
45987.600000 4.730000 40
46031.200000 4.740000 40
46081.600000 4.750000 40
46112.800000 4.760000 40
46167.200000 4.770000 40
46204.000000 4.780000 40
46234.800000 4.790000 40
46254.400000 4.800000 40
46283.200000 4.810000 40
46296.000000 4.820000 40
46323.600000 4.830000 40
46362.800000 4.840000 40
46387.200000 4.850000 40
46412.000000 4.860000 40
46434.800000 4.870000 40
46463.200000 4.880000 40
46527.200000 4.890000 40
46567.600000 4.900000 40
46646.400000 4.910000 40
46688.400000 4.920000 40
46750.000000 4.930000 40
46802.400000 4.940000 40
46825.600000 4.950000 40
46852.000000 4.960000 40
46906.400000 4.970000 40
46980.000000 4.980000 40
47023.600000 4.990000 40
47077.600000 5.000000 40
47120.800000 5.010000 40
47154.000000 5.020000 40
47202.400000 5.030000 40
47246.000000 5.040000 40
47288.000000 5.050000 40
47338.800000 5.060000 40
47384.400000 5.070000 40
47405.200000 5.080000 40
47450.000000 5.090000 40
47468.000000 5.100000 40
47495.200000 5.110000 40
47529.600000 5.120000 40
47563.600000 5.130000 40
47598.800000 5.140000 40
47627.200000 5.150000 40
47653.200000 5.160000 40
47685.600000 5.170000 40
47713.200000 5.180000 40
47845.600000 5.190000 40
47875.200000 5.200000 40
47916.400000 5.210000 40
47951.600000 5.220000 40
47995.200000 5.230000 40
48066.400000 5.240000 40
48094.800000 5.250000 40
48135.200000 5.260000 40
48186.800000 5.270000 40
48263.600000 5.280000 40
48323.200000 5.290000 40
48342.800000 5.300000 40
48377.600000 5.310000 40
48403.600000 5.320000 40
48442.000000 5.330000 40
48503.600000 5.340000 40
48540.400000 5.350000 40
48578.400000 5.360000 40
48626.000000 5.370000 40
48659.200000 5.380000 40
48758.400000 5.390000 40
48787.600000 5.400000 40
48843.200000 5.410000 40
48905.200000 5.420000 40
48939.600000 5.430000 40
49001.600000 5.440000 40
49035.200000 5.450000 40
49085.600000 5.460000 40
49101.200000 5.470000 40
49152.400000 5.480000 40
49196.800000 5.490000 40
49232.800000 5.500000 40
49298.000000 5.510000 40
49348.000000 5.520000 40
49393.600000 5.530000 40
49442.000000 5.540000 40
49490.400000 5.550000 40
49544.800000 5.560000 40
49578.000000 5.570000 40
49670.400000 5.580000 40
49688.800000 5.590000 40
49712.800000 5.600000 40
49761.200000 5.610000 40
49815.200000 5.620000 40
49890.800000 5.630000 40
49948.000000 5.640000 40
49972.400000 5.650000 40
50059.600000 5.660000 40
50087.600000 5.670000 40
50105.200000 5.680000 40
50146.000000 5.690000 40
50188.800000 5.700000 40
50219.200000 5.710000 40
50270.800000 5.720000 40
50314.800000 5.730000 40
50358.400000 5.740000 40
50400.000000 5.750000 40
50438.800000 5.760000 40
50507.600000 5.770000 40
50551.600000 5.780000 40
50589.600000 5.790000 40
50637.600000 5.800000 40
50663.600000 5.810000 40
50694.000000 5.820000 40
50744.400000 5.830000 40
50776.400000 5.840000 40
50814.400000 5.850000 40
50843.200000 5.860000 40
50897.200000 5.870000 40
50912.400000 5.880000 40
50976.800000 5.890000 40
51040.000000 5.900000 40
51085.600000 5.910000 40
51144.000000 5.920000 40
51172.000000 5.930000 40
51236.800000 5.940000 40
51262.000000 5.950000 40
51302.400000 5.960000 40
51337.600000 5.970000 40
51368.800000 5.980000 40
51433.200000 5.990000 40
51502.000000 6.000000 40
51549.200000 6.010000 40
51620.000000 6.020000 40
51663.600000 6.030000 40
51694.800000 6.040000 40
51729.200000 6.050000 40
51751.600000 6.060000 40
51795.600000 6.070000 40
51834.800000 6.080000 40
51925.600000 6.090000 40
52004.800000 6.100000 40
52075.200000 6.110000 40
52143.200000 6.120000 40
52175.200000 6.130000 40
52263.600000 6.140000 40
52311.600000 6.150000 40
52335.600000 6.160000 40
52395.600000 6.170000 40
52443.600000 6.180000 40
52534.400000 6.190000 40
52646.400000 6.200000 40
52762.000000 6.210000 40
52858.000000 6.220000 40
52949.600000 6.230000 40
53029.200000 6.240000 40
53081.600000 6.250000 40
53119.200000 6.260000 40
53186.000000 6.270000 40
53264.400000 6.280000 40
53294.000000 6.290000 40
53322.800000 6.300000 40
53392.000000 6.310000 40
53435.600000 6.320000 40
53452.000000 6.330000 40
53466.000000 6.340000 40
53533.600000 6.350000 40
53543.600000 6.360000 40
53588.000000 6.370000 40
53624.800000 6.380000 40
53666.400000 6.390000 40
53686.800000 6.400000 40
53712.400000 6.410000 40
53739.200000 6.420000 40
53775.600000 6.430000 40
53805.200000 6.440000 40
53842.000000 6.450000 40
53872.000000 6.460000 40
53907.200000 6.470000 40
53942.000000 6.480000 40
53964.400000 6.490000 40
54032.000000 6.500000 40
54050.000000 6.510000 40
54075.200000 6.520000 40
54102.000000 6.530000 40
54225.200000 6.540000 40
54240.400000 6.550000 40
54250.000000 6.560000 40
54280.000000 6.570000 40
54312.000000 6.580000 40
54332.400000 6.590000 40
54395.600000 6.600000 40
54442.400000 6.610000 40
54480.800000 6.620000 40
54539.600000 6.630000 40
54600.000000 6.640000 40
54630.000000 6.650000 40
54660.400000 6.660000 40
54698.400000 6.670000 40
54760.000000 6.680000 40
54808.400000 6.690000 40
54842.400000 6.700000 40
54914.000000 6.710000 40
54968.400000 6.720000 40
55002.000000 6.730000 40
55016.000000 6.740000 40
55036.800000 6.750000 40
55079.200000 6.760000 40
55118.400000 6.770000 40
55125.600000 6.780000 40
55201.200000 6.790000 40
55222.400000 6.800000 40
55266.800000 6.810000 40
55318.000000 6.820000 40
55370.400000 6.830000 40
55400.400000 6.840000 40
55458.800000 6.850000 40
55511.200000 6.860000 40
55538.800000 6.870000 40
55617.200000 6.880000 40
55668.800000 6.890000 40
55698.000000 6.900000 40
55724.000000 6.910000 40
55763.600000 6.920000 40
55818.800000 6.930000 40
55850.400000 6.940000 40
55903.200000 6.950000 40
55929.200000 6.960000 40
55957.600000 6.970000 40
56006.800000 6.980000 40
56042.000000 6.990000 40
56049.200000 7.000000 40
56181.600000 7.010000 40
56223.600000 7.020000 40
56270.000000 7.030000 40
56310.000000 7.040000 40
56366.800000 7.050000 40
56400.000000 7.060000 40
56422.400000 7.070000 40
56452.800000 7.080000 40
56473.600000 7.090000 40
56494.400000 7.100000 40
56520.000000 7.110000 40
56566.400000 7.120000 40
56584.400000 7.130000 40
56628.000000 7.140000 40
56654.000000 7.150000 40
56695.600000 7.160000 40
56748.400000 7.170000 40
56802.000000 7.180000 40
56846.000000 7.190000 40
56902.400000 7.200000 40
56986.800000 7.210000 40
57083.200000 7.220000 40
57122.800000 7.230000 40
57149.600000 7.240000 40
57212.400000 7.250000 40
57258.000000 7.260000 40
57317.200000 7.270000 40
57338.800000 7.280000 40
57426.800000 7.290000 40
57490.800000 7.300000 40
57532.800000 7.310000 40
57587.600000 7.320000 40
57645.600000 7.330000 40
57687.200000 7.340000 40
57713.600000 7.350000 40
57806.800000 7.360000 40
57844.800000 7.370000 40
57898.400000 7.380000 40
57970.800000 7.390000 40
58013.600000 7.400000 40
58039.600000 7.410000 40
58106.800000 7.420000 40
58151.600000 7.430000 40
58214.000000 7.440000 40
58263.200000 7.450000 40
58315.200000 7.460000 40
58347.200000 7.470000 40
58384.000000 7.480000 40
58419.600000 7.490000 40
58447.600000 7.500000 40
58478.000000 7.510000 40
58506.400000 7.520000 40
58536.800000 7.530000 40
58570.800000 7.540000 40
58614.800000 7.550000 40
58634.400000 7.560000 40
58646.800000 7.570000 40
58676.000000 7.580000 40
58766.000000 7.590000 40
58796.800000 7.600000 40
58851.600000 7.610000 40
58880.400000 7.620000 40
58899.200000 7.630000 40
58933.600000 7.640000 40
58960.800000 7.650000 40
59001.600000 7.660000 40
59065.200000 7.670000 40
59100.000000 7.680000 40
59178.000000 7.690000 40
59224.800000 7.700000 40
59308.000000 7.710000 40
59362.400000 7.720000 40
59429.200000 7.730000 40
59456.400000 7.740000 40
59481.200000 7.750000 40
59521.600000 7.760000 40
59570.400000 7.770000 40
59628.800000 7.780000 40
59676.400000 7.790000 40
59728.000000 7.800000 40
59801.200000 7.810000 40
59849.200000 7.820000 40
59890.400000 7.830000 40
59905.200000 7.840000 40
59934.400000 7.850000 40
59970.800000 7.860000 40
60038.800000 7.870000 40
60064.000000 7.880000 40
60101.200000 7.890000 40
60152.400000 7.900000 40
60172.400000 7.910000 40
60242.800000 7.920000 40
60269.200000 7.930000 40
60302.800000 7.940000 40
60337.600000 7.950000 40
60379.600000 7.960000 40
60416.000000 7.970000 40
60481.600000 7.980000 40
60569.600000 7.990000 40
60614.800000 8.000000 40
60704.800000 8.010000 40
60715.200000 8.020000 40
60793.600000 8.030000 40
60873.600000 8.040000 40
60984.800000 8.050000 40
60999.200000 8.060000 40
61072.400000 8.070000 40
61095.200000 8.080000 40
61136.400000 8.090000 40
61173.200000 8.100000 40
61217.600000 8.110000 40
61250.000000 8.120000 40
61312.400000 8.130000 40
61340.800000 8.140000 40
61392.000000 8.150000 40
61436.400000 8.160000 40
61483.200000 8.170000 40
61545.200000 8.180000 40
61598.800000 8.190000 40
61652.800000 8.200000 40
61704.400000 8.210000 40
61743.600000 8.220000 40
61797.600000 8.230000 40
61856.400000 8.240000 40
61910.800000 8.250000 40
61954.400000 8.260000 40
62077.600000 8.270000 40
62116.800000 8.280000 40
62182.000000 8.290000 40
62222.400000 8.300000 40
62300.800000 8.310000 40
62415.600000 8.320000 40
62436.800000 8.330000 40
62523.200000 8.340000 40
62632.400000 8.350000 40
62673.200000 8.360000 40
62702.000000 8.370000 40
62784.000000 8.380000 40
62840.400000 8.390000 40
62874.400000 8.400000 40
62911.200000 8.410000 40
62962.000000 8.420000 40
62991.600000 8.430000 40
63036.400000 8.440000 40
63132.000000 8.450000 40
63216.000000 8.460000 40
63272.000000 8.470000 40
63358.000000 8.480000 40
63425.200000 8.490000 40
63490.000000 8.500000 40
63562.800000 8.510000 40
63702.000000 8.520000 40
63767.200000 8.530000 40
63810.800000 8.540000 40
63849.600000 8.550000 40
63944.800000 8.560000 40
63994.000000 8.570000 40
64022.800000 8.580000 40
64065.200000 8.590000 40
64143.600000 8.600000 40
64202.800000 8.610000 40
64336.000000 8.620000 40
64371.600000 8.630000 40
64448.000000 8.640000 40
64469.600000 8.650000 40
64526.000000 8.660000 40
64545.200000 8.670000 40
64587.600000 8.680000 40
64638.800000 8.690000 40
64689.600000 8.700000 40
64811.600000 8.710000 40
64934.000000 8.720000 40
65002.800000 8.730000 40
65058.000000 8.740000 40
65139.200000 8.750000 40
65177.200000 8.760000 40
65230.800000 8.770000 40
65312.000000 8.780000 40
65410.000000 8.790000 40
65442.400000 8.800000 40
65479.600000 8.810000 40
65568.000000 8.820000 40
65616.000000 8.830000 40
65678.400000 8.840000 40
65707.600000 8.850000 40
65778.000000 8.860000 40
65792.800000 8.870000 40
65850.000000 8.880000 40
65859.600000 8.890000 40
65868.000000 8.900000 40
65891.600000 8.910000 40
65929.600000 8.920000 40
65977.600000 8.930000 40
66070.400000 8.940000 40
66084.000000 8.950000 40
66108.400000 8.960000 40
66120.800000 8.970000 40
66178.800000 8.980000 40
66224.800000 8.990000 40
66282.000000 9.000000 40
66337.600000 9.010000 40
66423.200000 9.020000 40
66494.800000 9.030000 40
66548.000000 9.040000 40
66615.600000 9.050000 40
66675.200000 9.060000 40
66696.400000 9.070000 40
66748.800000 9.080000 40
66824.400000 9.090000 40
66885.200000 9.100000 40
68050.800000 9.110000 40
68070.000000 9.120000 40
68157.600000 9.130000 40
68239.200000 9.140000 40
68278.400000 9.150000 40
68339.600000 9.160000 40
68362.000000 9.170000 40
68436.800000 9.180000 40
68482.800000 9.190000 40
68506.400000 9.200000 40
68542.400000 9.210000 40
68572.000000 9.220000 40
68640.000000 9.230000 40
68657.200000 9.240000 40
68684.000000 9.250000 40
68722.000000 9.260000 40
68756.000000 9.270000 40
68806.000000 9.280000 40
68829.200000 9.290000 40
68894.000000 9.300000 40
69003.200000 9.310000 40
69062.800000 9.320000 40
69092.400000 9.330000 40
69149.600000 9.340000 40
69224.800000 9.350000 40
69250.400000 9.360000 40
69263.200000 9.370000 40
69296.400000 9.380000 40
69325.200000 9.390000 40
69360.800000 9.400000 40
69396.400000 9.410000 40
69416.000000 9.420000 40
69454.000000 9.430000 40
69475.200000 9.440000 40
69519.200000 9.450000 40
69540.400000 9.460000 40
69570.800000 9.470000 40
69601.600000 9.480000 40
69674.400000 9.490000 40
69684.800000 9.500000 40
69728.800000 9.510000 40
69743.600000 9.520000 40
69792.800000 9.530000 40
69835.200000 9.540000 40
69866.800000 9.550000 40
69898.000000 9.560000 40
69915.200000 9.570000 40
69944.000000 9.580000 40
70011.600000 9.590000 40
70044.400000 9.600000 40
70077.600000 9.610000 40
70130.400000 9.620000 40
70133.200000 9.630000 40
70162.000000 9.640000 40
70202.800000 9.650000 40
70239.600000 9.660000 40
70275.200000 9.670000 40
70315.600000 9.680000 40
70342.400000 9.690000 40
70393.600000 9.700000 40
70428.000000 9.710000 40
70461.600000 9.720000 40
70504.800000 9.730000 40
70541.200000 9.740000 40
70607.200000 9.750000 40
70644.000000 9.760000 40
70678.800000 9.770000 40
70711.600000 9.780000 40
70755.600000 9.790000 40
70804.000000 9.800000 40
70814.800000 9.810000 40
70854.800000 9.820000 40
70890.400000 9.830000 40
70933.200000 9.840000 40
70960.800000 9.850000 40
71024.000000 9.860000 40
71114.000000 9.870000 40
71159.200000 9.880000 40
71208.000000 9.890000 40
71302.000000 9.900000 40
71378.800000 9.910000 40
71463.600000 9.920000 40
71500.800000 9.930000 40
71553.600000 9.940000 40
71620.400000 9.950000 40
71669.200000 9.960000 40
71707.200000 9.970000 40
71773.200000 9.980000 40
71842.400000 9.990000 40
71919.600000 10.000000 40
71941.200000 10.010000 40
72036.400000 10.020000 40
72113.600000 10.030000 40
72170.800000 10.040000 40
72208.000000 10.050000 40
72253.600000 10.060000 40
72276.800000 10.070000 40
72322.400000 10.080000 40
72371.600000 10.090000 40
72400.400000 10.100000 40
72465.200000 10.110000 40
72505.600000 10.120000 40
72563.600000 10.130000 40
72608.800000 10.140000 40
72649.600000 10.150000 40
72686.800000 10.160000 40
72707.200000 10.170000 40
72816.800000 10.180000 40
72890.400000 10.190000 40
72926.800000 10.200000 40
72991.600000 10.210000 40
73017.600000 10.220000 40
73056.800000 10.230000 40
73110.400000 10.240000 40
73180.400000 10.250000 40
73233.200000 10.260000 40
73307.600000 10.270000 40
73382.800000 10.280000 40
73406.000000 10.290000 40
73450.800000 10.300000 40
73485.600000 10.310000 40
73524.800000 10.320000 40
73640.800000 10.330000 40
73710.400000 10.340000 40
73783.200000 10.350000 40
73808.400000 10.360000 40
73870.000000 10.370000 40
73919.600000 10.380000 40
74005.200000 10.390000 40
74076.000000 10.400000 40
74088.800000 10.410000 40
74118.400000 10.420000 40
74144.400000 10.430000 40
74184.400000 10.440000 40
74215.200000 10.450000 40
74295.600000 10.460000 40
74347.600000 10.470000 40
74388.400000 10.480000 40
74447.600000 10.490000 40
74494.800000 10.500000 40
74532.800000 10.510000 40
74594.000000 10.520000 40
74673.600000 10.530000 40
74720.000000 10.540000 40
74738.400000 10.550000 40
74825.600000 10.560000 40
74864.400000 10.570000 40
74987.200000 10.580000 40
75082.800000 10.590000 40
75152.400000 10.600000 40
75233.600000 10.610000 40
75316.000000 10.620000 40
75442.400000 10.630000 40
75490.400000 10.640000 40
75587.200000 10.650000 40
75678.400000 10.660000 40
75691.600000 10.670000 40
75780.400000 10.680000 40
75821.200000 10.690000 40
75870.400000 10.700000 40
75902.000000 10.710000 40
75933.600000 10.720000 40
75982.800000 10.730000 40
76017.600000 10.740000 40
76122.000000 10.750000 40
76150.000000 10.760000 40
76193.200000 10.770000 40
76284.000000 10.780000 40
76310.800000 10.790000 40
76388.800000 10.800000 40
76462.000000 10.810000 40
76510.000000 10.820000 40
76545.200000 10.830000 40
76601.600000 10.840000 40
76644.400000 10.850000 40
76679.200000 10.860000 40
76742.000000 10.870000 40
76881.200000 10.880000 40
76990.400000 10.890000 40
77050.000000 10.900000 40
77069.200000 10.910000 40
77122.400000 10.920000 40
77180.400000 10.930000 40
77222.000000 10.940000 40
77231.200000 10.950000 40
77264.800000 10.960000 40
77292.000000 10.970000 40
77337.200000 10.980000 40
77382.400000 10.990000 40
77428.800000 11.000000 40
77468.800000 11.010000 40
77487.600000 11.020000 40
77540.800000 11.030000 40
77564.000000 11.040000 40
77644.800000 11.050000 40
77799.200000 11.060000 40
77830.400000 11.070000 40
77892.400000 11.080000 40
77968.000000 11.090000 40
78003.600000 11.100000 40
78033.600000 11.110000 40
78048.800000 11.120000 40
78101.600000 11.130000 40
78132.800000 11.140000 40
78154.000000 11.150000 40
78190.800000 11.160000 40
78234.000000 11.170000 40
78297.200000 11.180000 40
78317.600000 11.190000 40
78342.400000 11.200000 40
78372.800000 11.210000 40
78417.600000 11.220000 40
78435.200000 11.230000 40
78473.200000 11.240000 40
78510.800000 11.250000 40
78556.000000 11.260000 40
78610.000000 11.270000 40
78632.400000 11.280000 40
78718.400000 11.290000 40
78736.000000 11.300000 40
78757.600000 11.310000 40
78773.200000 11.320000 40
78812.000000 11.330000 40
78856.000000 11.340000 40
78872.000000 11.350000 40
78933.600000 11.360000 40
78950.800000 11.370000 40
78972.800000 11.380000 40
79015.600000 11.390000 40
79060.000000 11.400000 40
79091.200000 11.410000 40
79138.800000 11.420000 40
79183.600000 11.430000 40
79269.200000 11.440000 40
79355.200000 11.450000 40
79393.600000 11.460000 40
79401.200000 11.470000 40
79438.000000 11.480000 40
79779.200000 11.490000 40
79802.800000 11.500000 40
79836.000000 11.510000 40
79868.400000 11.520000 40
79907.200000 11.530000 40
79950.000000 11.540000 40
80026.400000 11.550000 40
80056.800000 11.560000 40
80081.200000 11.570000 40
80103.600000 11.580000 40
80138.000000 11.590000 40
80159.600000 11.600000 40
80213.200000 11.610000 40
80242.800000 11.620000 40
80305.600000 11.630000 40
80338.000000 11.640000 40
80370.800000 11.650000 40
80411.200000 11.660000 40
80443.600000 11.670000 40
80464.400000 11.680000 40
80507.200000 11.690000 40
80523.600000 11.700000 40
80553.200000 11.710000 40
80582.000000 11.720000 40
80614.400000 11.730000 40
80616.000000 11.740000 40
80659.600000 11.750000 40
80682.000000 11.760000 40
80740.800000 11.770000 40
80794.000000 11.780000 40
80844.000000 11.790000 40
80937.600000 11.800000 40
80978.400000 11.810000 40
81079.200000 11.820000 40
81136.800000 11.830000 40
81189.200000 11.840000 40
81222.800000 11.850000 40
81260.000000 11.860000 40
81297.200000 11.870000 40
81736.400000 11.880000 40
81788.000000 11.890000 40
81837.600000 11.900000 40
81890.000000 11.910000 40
81911.600000 11.920000 40
81974.400000 11.930000 40
82056.800000 11.940000 40
82100.800000 11.950000 40
82140.000000 11.960000 40
82178.000000 11.970000 40
82221.200000 11.980000 40
82267.600000 11.990000 40
82333.600000 12.000000 40
82368.400000 12.010000 40
82413.600000 12.020000 40
82461.600000 12.030000 40
82495.600000 12.040000 40
82587.200000 12.050000 40
82662.800000 12.060000 40
82703.200000 12.070000 40
82734.000000 12.080000 40
82797.200000 12.090000 40
82862.000000 12.100000 40
82934.000000 12.110000 40
82981.600000 12.120000 40
83008.000000 12.130000 40
83052.000000 12.140000 40
83217.200000 12.150000 40
83258.400000 12.160000 40
83295.600000 12.170000 40
83339.600000 12.180000 40
83382.800000 12.190000 40
83436.000000 12.200000 40
83456.000000 12.210000 40
83546.800000 12.220000 40
83583.600000 12.230000 40
83618.000000 12.240000 40
83670.800000 12.250000 40
83781.600000 12.260000 40
83831.600000 12.270000 40
83844.000000 12.280000 40
83913.200000 12.290000 40
83947.200000 12.300000 40
84052.400000 12.310000 40
84086.800000 12.320000 40
84132.000000 12.330000 40
84206.800000 12.340000 40
84232.800000 12.350000 40
84289.200000 12.360000 40
84368.000000 12.370000 40
84409.600000 12.380000 40
84476.800000 12.390000 40
84584.800000 12.400000 40
84657.600000 12.410000 40
84695.200000 12.420000 40
85005.600000 12.430000 40
85027.200000 12.440000 40
85070.400000 12.450000 40
85091.600000 12.460000 40
85130.800000 12.470000 40
85144.400000 12.480000 40
85159.600000 12.490000 40
85193.200000 12.500000 40
85234.400000 12.510000 40
85258.400000 12.520000 40
85280.400000 12.530000 40
85339.200000 12.540000 40
85357.200000 12.550000 40
85397.200000 12.560000 40
85436.000000 12.570000 40
85510.000000 12.580000 40
85542.400000 12.590000 40
85601.600000 12.600000 40
85658.400000 12.610000 40
85732.800000 12.620000 40
85798.000000 12.630000 40
85840.000000 12.640000 40
85886.400000 12.650000 40
85909.200000 12.660000 40
85969.200000 12.670000 40
86008.800000 12.680000 40
86070.000000 12.690000 40
86101.600000 12.700000 40
86196.800000 12.710000 40
86239.600000 12.720000 40
86338.800000 12.730000 40
86396.400000 12.740000 40
86462.000000 12.750000 40
86523.600000 12.760000 40
86602.800000 12.770000 40
86636.800000 12.780000 40
86666.800000 12.790000 40
86735.600000 12.800000 40
86782.800000 12.810000 40
86837.200000 12.820000 40
86912.800000 12.830000 40
86966.800000 12.840000 40
86996.400000 12.850000 40
87045.200000 12.860000 40
87096.000000 12.870000 40
87166.800000 12.880000 40
87207.600000 12.890000 40
87238.000000 12.900000 40
87283.600000 12.910000 40
87358.800000 12.920000 40
87405.600000 12.930000 40
87446.400000 12.940000 40
87510.000000 12.950000 40
87534.400000 12.960000 40
87599.200000 12.970000 40
87658.400000 12.980000 40
87704.800000 12.990000 40
87721.200000 13.000000 40
87804.800000 13.010000 40
87824.800000 13.020000 40
87848.400000 13.030000 40
87914.400000 13.040000 40
87956.800000 13.050000 40
87991.200000 13.060000 40
88037.200000 13.070000 40
88081.200000 13.080000 40
88138.800000 13.090000 40
88188.800000 13.100000 40
88228.000000 13.110000 40
88332.000000 13.120000 40
88354.400000 13.130000 40
88394.000000 13.140000 40
88439.200000 13.150000 40
88465.600000 13.160000 40
88514.800000 13.170000 40
88539.600000 13.180000 40
88607.600000 13.190000 40
88634.800000 13.200000 40
88676.400000 13.210000 40
88730.800000 13.220000 40
88788.800000 13.230000 40
88818.800000 13.240000 40
88939.200000 13.250000 40
89016.400000 13.260000 40
89099.200000 13.270000 40
89143.600000 13.280000 40
89174.000000 13.290000 40
89246.400000 13.300000 40
89313.600000 13.310000 40
89374.800000 13.320000 40
89435.600000 13.330000 40
89498.400000 13.340000 40
89553.200000 13.350000 40
89581.200000 13.360000 40
89618.800000 13.370000 40
89653.200000 13.380000 40
89704.000000 13.390000 40
89758.800000 13.400000 40
89789.200000 13.410000 40
89842.400000 13.420000 40
89857.200000 13.430000 40
89882.400000 13.440000 40
89954.000000 13.450000 40
89998.000000 13.460000 40
90021.200000 13.470000 40
90074.800000 13.480000 40
90133.200000 13.490000 40
90162.800000 13.500000 40
90220.800000 13.510000 40
90277.600000 13.520000 40
90327.600000 13.530000 40
90422.400000 13.540000 40
90458.400000 13.550000 40
90480.000000 13.560000 40
90557.600000 13.570000 40
90640.400000 13.580000 40
90678.000000 13.590000 40
90762.400000 13.600000 40
90806.400000 13.610000 40
90891.600000 13.620000 40
90978.400000 13.630000 40
91025.600000 13.640000 40
91074.400000 13.650000 40
91157.200000 13.660000 40
91183.200000 13.670000 40
91232.800000 13.680000 40
91262.800000 13.690000 40
91311.200000 13.700000 40
91461.600000 13.710000 40
91510.800000 13.720000 40
91536.000000 13.730000 40
91570.800000 13.740000 40
91632.000000 13.750000 40
91668.000000 13.760000 40
91728.000000 13.770000 40
91766.800000 13.780000 40
91795.600000 13.790000 40
91833.600000 13.800000 40
91843.600000 13.810000 40
91866.000000 13.820000 40
91944.800000 13.830000 40
91989.200000 13.840000 40
92062.800000 13.850000 40
92092.800000 13.860000 40
92140.400000 13.870000 40
92181.600000 13.880000 40
92216.400000 13.890000 40
92254.000000 13.900000 40
92334.400000 13.910000 40
92389.600000 13.920000 40
92499.200000 13.930000 40
92686.400000 13.940000 40
92746.400000 13.950000 40
92827.200000 13.960000 40
92919.200000 13.970000 40
92950.000000 13.980000 40
92982.800000 13.990000 40
93043.600000 14.000000 40
93092.400000 14.010000 40
93148.400000 14.020000 40
93177.600000 14.030000 40
93232.000000 14.040000 40
93286.400000 14.050000 40
93338.400000 14.060000 40
93421.600000 14.070000 40
93458.000000 14.080000 40
93481.200000 14.090000 40
93513.200000 14.100000 40
93531.600000 14.110000 40
93595.200000 14.120000 40
93625.600000 14.130000 40
93701.600000 14.140000 40
93792.000000 14.150000 40
93898.800000 14.160000 40
93944.400000 14.170000 40
94007.600000 14.180000 40
94064.400000 14.190000 40
94105.600000 14.200000 40
94160.800000 14.210000 40
94185.600000 14.220000 40
94241.600000 14.230000 40
94343.600000 14.240000 40
94393.600000 14.250000 40
94480.800000 14.260000 40
94520.000000 14.270000 40
94546.800000 14.280000 40
94620.000000 14.290000 40
94705.600000 14.300000 40
94842.800000 14.310000 40
94908.000000 14.320000 40
94973.600000 14.330000 40
95066.000000 14.340000 40
95103.600000 14.350000 40
95181.200000 14.360000 40
95249.600000 14.370000 40
95292.400000 14.380000 40
95336.400000 14.390000 40
95398.800000 14.400000 40
95445.200000 14.410000 40
95488.400000 14.420000 40
95497.600000 14.430000 40
95538.800000 14.440000 40
95578.400000 14.450000 40
95610.000000 14.460000 40
95628.800000 14.470000 40
95659.200000 14.480000 40
95795.200000 14.490000 40
95853.200000 14.500000 40
95916.400000 14.510000 40
95938.000000 14.520000 40
96025.600000 14.530000 40
96064.800000 14.540000 40
96098.800000 14.550000 40
96144.000000 14.560000 40
96188.400000 14.570000 40
96214.800000 14.580000 40
96266.000000 14.590000 40
96304.800000 14.600000 40
96377.200000 14.610000 40
96398.800000 14.620000 40
96433.600000 14.630000 40
96473.600000 14.640000 40
96566.400000 14.650000 40
96588.800000 14.660000 40
96640.400000 14.670000 40
96642.800000 14.680000 40
96686.400000 14.690000 40
96725.200000 14.700000 40
96766.800000 14.710000 40
96784.400000 14.720000 40
96814.800000 14.730000 40
96881.600000 14.740000 40
96978.400000 14.750000 40
97022.400000 14.760000 40
97076.000000 14.770000 40
97154.800000 14.780000 40
97192.400000 14.790000 40
97250.400000 14.800000 40
97278.000000 14.810000 40
97364.000000 14.820000 40
97399.600000 14.830000 40
97477.600000 14.840000 40
97521.600000 14.850000 40
97580.400000 14.860000 40
97613.600000 14.870000 40
97637.200000 14.880000 40
97656.000000 14.890000 40
97684.800000 14.900000 40
97731.600000 14.910000 40
97756.800000 14.920000 40
97800.800000 14.930000 40
97826.400000 14.940000 40
97850.800000 14.950000 40
97882.800000 14.960000 40
97990.000000 14.970000 40
98058.000000 14.980000 40
98136.800000 14.990000 40
98204.000000 15.000000 40
98245.200000 15.010000 40
98280.400000 15.020000 40
98343.200000 15.030000 40
98394.000000 15.040000 40
98434.000000 15.050000 40
98485.600000 15.060000 40
98524.400000 15.070000 40
98566.000000 15.080000 40
98642.000000 15.090000 40
98737.600000 15.100000 40
98842.000000 15.110000 40
98878.400000 15.120000 40
98914.400000 15.130000 40
98975.200000 15.140000 40
99031.600000 15.150000 40
99089.200000 15.160000 40
99148.800000 15.170000 40
99168.400000 15.180000 40
99218.000000 15.190000 40
99245.600000 15.200000 40
99281.600000 15.210000 40
99335.600000 15.220000 40
99410.800000 15.230000 40
99426.800000 15.240000 40
99491.600000 15.250000 40
99607.600000 15.260000 40
99622.400000 15.270000 40
99658.000000 15.280000 40
99698.800000 15.290000 40
99722.400000 15.300000 40
99766.400000 15.310000 40
99792.000000 15.320000 40
99872.000000 15.330000 40
99943.200000 15.340000 40
99974.400000 15.350000 40
100024.400000 15.360000 40
100082.000000 15.370000 40
100168.000000 15.380000 40
100195.200000 15.390000 40
100249.600000 15.400000 40
100326.800000 15.410000 40
100360.400000 15.420000 40
100404.800000 15.430000 40
100416.000000 15.440000 40
100452.000000 15.450000 40
100460.800000 15.460000 40
100484.000000 15.470000 40
100529.200000 15.480000 40
100547.200000 15.490000 40
100592.000000 15.500000 40
100634.400000 15.510000 40
100724.000000 15.520000 40
100752.400000 15.530000 40
100799.600000 15.540000 40
100850.000000 15.550000 40
100879.200000 15.560000 40
101120.400000 15.570000 40
101180.000000 15.580000 40
101222.400000 15.590000 40
101545.200000 15.600000 40
101595.200000 15.610000 40
101738.400000 15.620000 40
101773.200000 15.630000 40
101848.800000 15.640000 40
101905.600000 15.650000 40
101943.200000 15.660000 40
102035.600000 15.670000 40
102062.800000 15.680000 40
102096.000000 15.690000 40
102114.000000 15.700000 40
102155.600000 15.710000 40
102179.200000 15.720000 40
102222.800000 15.730000 40
102228.400000 15.740000 40
102262.800000 15.750000 40
102284.800000 15.760000 40
102321.200000 15.770000 40
102366.400000 15.780000 40
102442.800000 15.790000 40
102522.400000 15.800000 40
102541.600000 15.810000 40
102611.600000 15.820000 40
102713.600000 15.830000 40
102762.400000 15.840000 40
102785.600000 15.850000 40
102838.400000 15.860000 40
102896.000000 15.870000 40
102927.200000 15.880000 40
102961.200000 15.890000 40
103063.200000 15.900000 40
103108.400000 15.910000 40
103152.800000 15.920000 40
103172.000000 15.930000 40
103214.400000 15.940000 40
103237.200000 15.950000 40
103300.800000 15.960000 40
103385.600000 15.970000 40
103418.800000 15.980000 40
103446.400000 15.990000 40
103478.000000 16.000000 40
103522.000000 16.010000 40
103601.200000 16.020000 40
103660.000000 16.030000 40
103695.600000 16.040000 40
103767.200000 16.050000 40
103847.600000 16.060000 40
103868.000000 16.070000 40
103893.200000 16.080000 40
103939.600000 16.090000 40
104005.600000 16.100000 40
104069.600000 16.110000 40
104124.400000 16.120000 40
104163.600000 16.130000 40
104274.400000 16.140000 40
104312.800000 16.150000 40
104362.400000 16.160000 40
104378.800000 16.170000 40
104456.000000 16.180000 40
104515.600000 16.190000 40
104571.200000 16.200000 40
104638.400000 16.210000 40
104671.200000 16.220000 40
104742.400000 16.230000 40
104779.600000 16.240000 40
104805.200000 16.250000 40
104849.200000 16.260000 40
104906.400000 16.270000 40
104953.600000 16.280000 40
105031.200000 16.290000 40
105114.000000 16.300000 40
105131.600000 16.310000 40
105208.400000 16.320000 40
105280.000000 16.330000 40
105324.800000 16.340000 40
105380.400000 16.350000 40
105406.000000 16.360000 40
105472.400000 16.370000 40
105506.400000 16.380000 40
105571.200000 16.390000 40
105644.400000 16.400000 40
105717.200000 16.410000 40
105814.800000 16.420000 40
105888.800000 16.430000 40
105942.800000 16.440000 40
105973.600000 16.450000 40
106037.600000 16.460000 40
106137.200000 16.470000 40
106180.000000 16.480000 40
106241.200000 16.490000 40
106314.000000 16.500000 40
106360.800000 16.510000 40
106395.200000 16.520000 40
106426.800000 16.530000 40
106463.600000 16.540000 40
106523.600000 16.550000 40
106578.800000 16.560000 40
106609.600000 16.570000 40
106634.400000 16.580000 40
106660.400000 16.590000 40
106707.200000 16.600000 40
106720.800000 16.610000 40
106757.200000 16.620000 40
106826.400000 16.630000 40
106904.000000 16.640000 40
106963.200000 16.650000 40
107030.400000 16.660000 40
107058.400000 16.670000 40
107164.000000 16.680000 40
107233.600000 16.690000 40
107259.600000 16.700000 40
107302.800000 16.710000 40
107325.600000 16.720000 40
107410.000000 16.730000 40
107468.400000 16.740000 40
107534.800000 16.750000 40
107652.000000 16.760000 40
107773.200000 16.770000 40
107798.800000 16.780000 40
107900.800000 16.790000 40
107978.800000 16.800000 40
108060.800000 16.810000 40
108146.400000 16.820000 40
108200.000000 16.830000 40
108272.000000 16.840000 40
108333.200000 16.850000 40
108399.200000 16.860000 40
108427.200000 16.870000 40
108484.800000 16.880000 40
108507.200000 16.890000 40
108556.400000 16.900000 40
108601.200000 16.910000 40
108686.800000 16.920000 40
108727.600000 16.930000 40
108770.000000 16.940000 40
108783.200000 16.950000 40
108812.800000 16.960000 40
108860.800000 16.970000 40
108892.400000 16.980000 40
108928.400000 16.990000 40
108954.800000 17.000000 40
108979.600000 17.010000 40
109014.000000 17.020000 40
109076.000000 17.030000 40
109118.000000 17.040000 40
109209.200000 17.050000 40
109307.200000 17.060000 40
109356.000000 17.070000 40
109419.600000 17.080000 40
109446.800000 17.090000 40
109508.400000 17.100000 40
109534.800000 17.110000 40
109660.800000 17.120000 40
109782.400000 17.130000 40
109887.200000 17.140000 40
110005.200000 17.150000 40
110127.600000 17.160000 40
110231.600000 17.170000 40
110266.400000 17.180000 40
110292.400000 17.190000 40
110408.800000 17.200000 40
110504.400000 17.210000 40
110568.400000 17.220000 40
110632.000000 17.230000 40
110673.200000 17.240000 40
110720.400000 17.250000 40
110778.800000 17.260000 40
110858.000000 17.270000 40
110964.400000 17.280000 40
111015.200000 17.290000 40
111416.000000 17.300000 40
111463.200000 17.310000 40
111484.000000 17.320000 40
111536.000000 17.330000 40
111605.600000 17.340000 40
111655.600000 17.350000 40
111685.600000 17.360000 40
111721.200000 17.370000 40
111798.000000 17.380000 40
111818.800000 17.390000 40
111866.400000 17.400000 40
111892.800000 17.410000 40
111924.400000 17.420000 40
111940.000000 17.430000 40
111973.200000 17.440000 40
112004.000000 17.450000 40
112041.600000 17.460000 40
112080.400000 17.470000 40
112154.000000 17.480000 40
112187.600000 17.490000 40
112216.400000 17.500000 40
112258.000000 17.510000 40
112278.400000 17.520000 40
112333.600000 17.530000 40
112346.400000 17.540000 40
112388.000000 17.550000 40
112424.000000 17.560000 40
112451.200000 17.570000 40
112482.800000 17.580000 40
112502.000000 17.590000 40
112561.600000 17.600000 40
112602.800000 17.610000 40
112643.200000 17.620000 40
112650.800000 17.630000 40
112681.200000 17.640000 40
112699.200000 17.650000 40
112770.800000 17.660000 40
112821.200000 17.670000 40
112918.400000 17.680000 40
112993.200000 17.690000 40
113018.000000 17.700000 40
113079.200000 17.710000 40
113173.600000 17.720000 40
113185.200000 17.730000 40
113214.000000 17.740000 40
113272.400000 17.750000 40
113297.200000 17.760000 40
113335.200000 17.770000 40
113362.400000 17.780000 40
113434.400000 17.790000 40
113461.600000 17.800000 40
113494.400000 17.810000 40
113524.400000 17.820000 40
113581.600000 17.830000 40
113610.000000 17.840000 40
113688.000000 17.850000 40
113796.400000 17.860000 40
113845.200000 17.870000 40
113886.400000 17.880000 40
113908.000000 17.890000 40
113957.200000 17.900000 40
113983.600000 17.910000 40
114033.600000 17.920000 40
114059.600000 17.930000 40
114096.000000 17.940000 40
114151.600000 17.950000 40
114217.600000 17.960000 40
114286.800000 17.970000 40
114324.000000 17.980000 40
114354.000000 17.990000 40
114426.400000 18.000000 40
114454.400000 18.010000 40
114506.400000 18.020000 40
114549.200000 18.030000 40
114600.800000 18.040000 40
114642.400000 18.050000 40
114679.600000 18.060000 40
114697.600000 18.070000 40
114778.800000 18.080000 40
114878.800000 18.090000 40
114907.600000 18.100000 40
114982.800000 18.110000 40
115037.600000 18.120000 40
115100.800000 18.130000 40
115157.600000 18.140000 40
115177.200000 18.150000 40
115209.600000 18.160000 40
115248.400000 18.170000 40
115316.000000 18.180000 40
115364.800000 18.190000 40
115387.600000 18.200000 40
115425.200000 18.210000 40
115454.800000 18.220000 40
115500.000000 18.230000 40
115547.200000 18.240000 40
115599.600000 18.250000 40
115622.800000 18.260000 40
115657.200000 18.270000 40
115676.400000 18.280000 40
115730.800000 18.290000 40
115758.400000 18.300000 40
115804.400000 18.310000 40
115852.000000 18.320000 40
115890.800000 18.330000 40
115910.400000 18.340000 40
115962.400000 18.350000 40
116012.800000 18.360000 40
116074.800000 18.370000 40
116145.200000 18.380000 40
116192.800000 18.390000 40
116283.600000 18.400000 40
116304.800000 18.410000 40
116355.200000 18.420000 40
116391.200000 18.430000 40
116426.800000 18.440000 40
116452.800000 18.450000 40
116494.000000 18.460000 40
116572.400000 18.470000 40
116619.600000 18.480000 40
116687.200000 18.490000 40
116742.800000 18.500000 40
116762.400000 18.510000 40
116811.200000 18.520000 40
116857.600000 18.530000 40
116866.400000 18.540000 40
116917.600000 18.550000 40
116970.800000 18.560000 40
117002.400000 18.570000 40
117031.600000 18.580000 40
117050.000000 18.590000 40
117067.200000 18.600000 40
117114.400000 18.610000 40
117145.200000 18.620000 40
117164.000000 18.630000 40
117195.600000 18.640000 40
117232.800000 18.650000 40
117286.400000 18.660000 40
117337.200000 18.670000 40
117408.800000 18.680000 40
117436.400000 18.690000 40
117473.600000 18.700000 40
117499.200000 18.710000 40
117545.600000 18.720000 40
117594.400000 18.730000 40
117649.600000 18.740000 40
117692.400000 18.750000 40
117768.400000 18.760000 40
117796.400000 18.770000 40
117840.000000 18.780000 40
117852.000000 18.790000 40
117878.800000 18.800000 40
117956.800000 18.810000 40
117998.000000 18.820000 40
118021.600000 18.830000 40
118061.600000 18.840000 40
118085.600000 18.850000 40
118135.200000 18.860000 40
118156.000000 18.870000 40
118188.800000 18.880000 40
118218.400000 18.890000 40
118252.000000 18.900000 40
118281.600000 18.910000 40
118297.600000 18.920000 40
118324.800000 18.930000 40
118366.000000 18.940000 40
118388.400000 18.950000 40
118436.000000 18.960000 40
118484.000000 18.970000 40
118521.600000 18.980000 40
118562.800000 18.990000 40
118588.000000 19.000000 40
118607.600000 19.010000 40
118654.000000 19.020000 40
118676.400000 19.030000 40
118716.000000 19.040000 40
118757.200000 19.050000 40
118785.600000 19.060000 40
118825.600000 19.070000 40
118844.400000 19.080000 40
118898.800000 19.090000 40
118943.600000 19.100000 40
118998.400000 19.110000 40
119033.200000 19.120000 40
119072.400000 19.130000 40
119094.400000 19.140000 40
119136.000000 19.150000 40
119170.000000 19.160000 40
119209.600000 19.170000 40
119250.400000 19.180000 40
119316.800000 19.190000 40
119346.000000 19.200000 40
119383.200000 19.210000 40
119422.800000 19.220000 40
119519.200000 19.230000 40
119553.200000 19.240000 40
119582.000000 19.250000 40
119611.200000 19.260000 40
119647.200000 19.270000 40
119678.800000 19.280000 40
119721.600000 19.290000 40
119796.000000 19.300000 40
119813.600000 19.310000 40
119844.000000 19.320000 40
119874.800000 19.330000 40
119908.800000 19.340000 40
119962.000000 19.350000 40
120017.200000 19.360000 40
120018.400000 19.370000 40
120058.800000 19.380000 40
120082.400000 19.390000 40
120120.000000 19.400000 40
120140.800000 19.410000 40
120155.200000 19.420000 40
120180.000000 19.430000 40
120212.000000 19.440000 40
120264.800000 19.450000 40
120302.400000 19.460000 40
120356.800000 19.470000 40
120409.600000 19.480000 40
120439.600000 19.490000 40
120483.200000 19.500000 40
120506.800000 19.510000 40
120534.800000 19.520000 40
120546.800000 19.530000 40
120586.000000 19.540000 40
120622.400000 19.550000 40
120654.400000 19.560000 40
120684.400000 19.570000 40
120704.800000 19.580000 40
120738.400000 19.590000 40
120793.600000 19.600000 40
120821.200000 19.610000 40
120859.200000 19.620000 40
120885.600000 19.630000 40
120920.400000 19.640000 40
120985.200000 19.650000 40
121070.400000 19.660000 40
121112.800000 19.670000 40
121159.200000 19.680000 40
121211.600000 19.690000 40
121257.600000 19.700000 40
121290.800000 19.710000 40
121327.200000 19.720000 40
121348.800000 19.730000 40
121413.600000 19.740000 40
121454.000000 19.750000 40
121497.600000 19.760000 40
121534.000000 19.770000 40
121582.800000 19.780000 40
121643.200000 19.790000 40
121666.400000 19.800000 40
121710.400000 19.810000 40
121778.800000 19.820000 40
121817.200000 19.830000 40
121843.200000 19.840000 40
121919.200000 19.850000 40
121951.600000 19.860000 40
121991.200000 19.870000 40
122051.200000 19.880000 40
122079.200000 19.890000 40
122117.600000 19.900000 40
122142.400000 19.910000 40
122162.000000 19.920000 40
122186.400000 19.930000 40
122240.400000 19.940000 40
122378.000000 19.950000 40
122407.200000 19.960000 40
122412.400000 19.970000 40
122537.600000 19.980000 40
122586.000000 19.990000 40
122623.200000 20.000000 40
122678.400000 20.010000 40
122776.800000 20.020000 40
122797.600000 20.030000 40
122834.000000 20.040000 40
122918.800000 20.050000 40
122959.200000 20.060000 40
123011.600000 20.070000 40
123090.000000 20.080000 40
123113.200000 20.090000 40
123134.400000 20.100000 40
123157.600000 20.110000 40
123236.400000 20.120000 40
123307.200000 20.130000 40
123318.000000 20.140000 40
123347.600000 20.150000 40
123442.800000 20.160000 40
123499.200000 20.170000 40
123572.000000 20.180000 40
123668.000000 20.190000 40
123708.400000 20.200000 40
123724.800000 20.210000 40
123786.000000 20.220000 40
123814.400000 20.230000 40
123884.800000 20.240000 40
123934.000000 20.250000 40
123990.400000 20.260000 40
124053.600000 20.270000 40
124124.800000 20.280000 40
124168.400000 20.290000 40
124268.400000 20.300000 40
124294.400000 20.310000 40
124331.600000 20.320000 40
124388.000000 20.330000 40
124461.600000 20.340000 40
124567.200000 20.350000 40
124604.000000 20.360000 40
124617.600000 20.370000 40
124670.000000 20.380000 40
124755.200000 20.390000 40
124803.600000 20.400000 40
124860.800000 20.410000 40
124928.400000 20.420000 40
124990.800000 20.430000 40
125022.000000 20.440000 40
125063.200000 20.450000 40
125093.200000 20.460000 40
125123.200000 20.470000 40
125151.600000 20.480000 40
125184.400000 20.490000 40
125210.800000 20.500000 40
125222.800000 20.510000 40
125308.800000 20.520000 40
125344.000000 20.530000 40
125351.600000 20.540000 40
125402.800000 20.550000 40
125494.400000 20.560000 40
125555.600000 20.570000 40
125596.400000 20.580000 40
125632.800000 20.590000 40
125663.200000 20.600000 40
125706.000000 20.610000 40
125742.000000 20.620000 40
125777.600000 20.630000 40
125797.600000 20.640000 40
125844.400000 20.650000 40
125890.400000 20.660000 40
125963.200000 20.670000 40
125998.000000 20.680000 40
126030.800000 20.690000 40
126065.200000 20.700000 40
126493.200000 20.710000 40
126500.800000 20.720000 40
126523.600000 20.730000 40
126551.600000 20.740000 40
126592.000000 20.750000 40
126641.600000 20.760000 40
126710.400000 20.770000 40
126762.400000 20.780000 40
126790.800000 20.790000 40
126863.600000 20.800000 40
126876.800000 20.810000 40
126914.000000 20.820000 40
126968.400000 20.830000 40
127016.400000 20.840000 40
127070.000000 20.850000 40
127198.000000 20.860000 40
127204.800000 20.870000 40
127260.800000 20.880000 40
127329.200000 20.890000 40
127366.800000 20.900000 40
127405.600000 20.910000 40
127433.200000 20.920000 40
127506.000000 20.930000 40
127564.000000 20.940000 40
127616.400000 20.950000 40
127636.400000 20.960000 40
127667.200000 20.970000 40
127697.600000 20.980000 40
127726.000000 20.990000 40
127750.000000 21.000000 40
127786.800000 21.010000 40
127816.800000 21.020000 40
127894.000000 21.030000 40
127926.000000 21.040000 40
127962.800000 21.050000 40
128012.000000 21.060000 40
128062.400000 21.070000 40
128107.600000 21.080000 40
128144.000000 21.090000 40
128166.000000 21.100000 40
128187.600000 21.110000 40
128220.400000 21.120000 40
128237.200000 21.130000 40
128307.200000 21.140000 40
128350.000000 21.150000 40
128366.000000 21.160000 40
128415.200000 21.170000 40
128466.400000 21.180000 40
128499.200000 21.190000 40
128536.400000 21.200000 40
128571.600000 21.210000 40
128583.200000 21.220000 40
128610.000000 21.230000 40
128641.600000 21.240000 40
128711.200000 21.250000 40
128809.600000 21.260000 40
128880.400000 21.270000 40
128899.200000 21.280000 40
129024.800000 21.290000 40
129044.400000 21.300000 40
129067.600000 21.310000 40
129092.400000 21.320000 40
129117.200000 21.330000 40
129130.400000 21.340000 40
129163.200000 21.350000 40
129195.200000 21.360000 40
129240.000000 21.370000 40
129284.400000 21.380000 40
129346.000000 21.390000 40
129388.400000 21.400000 40
129542.400000 21.410000 40
129571.600000 21.420000 40
129604.800000 21.430000 40
129617.200000 21.440000 40
129645.600000 21.450000 40
129682.800000 21.460000 40
129717.200000 21.470000 40
129753.200000 21.480000 40
129791.600000 21.490000 40
129825.200000 21.500000 40
129840.000000 21.510000 40
129889.200000 21.520000 40
129926.400000 21.530000 40
129942.800000 21.540000 40
129978.000000 21.550000 40
130044.400000 21.560000 40
130065.600000 21.570000 40
130144.800000 21.580000 40
130162.800000 21.590000 40
130180.400000 21.600000 40
130231.600000 21.610000 40
130253.200000 21.620000 40
130268.400000 21.630000 40
130280.800000 21.640000 40
130335.200000 21.650000 40
130373.600000 21.660000 40
130409.200000 21.670000 40
130422.000000 21.680000 40
130500.400000 21.690000 40
130514.000000 21.700000 40
130536.400000 21.710000 40
130562.000000 21.720000 40
130606.800000 21.730000 40
130654.000000 21.740000 40
130684.000000 21.750000 40
130709.200000 21.760000 40
130744.000000 21.770000 40
130780.000000 21.780000 40
130820.800000 21.790000 40
130859.600000 21.800000 40
130885.600000 21.810000 40
130911.600000 21.820000 40
130955.600000 21.830000 40
130975.200000 21.840000 40
131028.400000 21.850000 40
131075.200000 21.860000 40
131114.000000 21.870000 40
131148.400000 21.880000 40
131180.400000 21.890000 40
131230.400000 21.900000 40
131266.800000 21.910000 40
131320.400000 21.920000 40
131339.200000 21.930000 40
131370.800000 21.940000 40
131410.000000 21.950000 40
131466.000000 21.960000 40
131479.200000 21.970000 40
131510.400000 21.980000 40
131580.800000 21.990000 40
131630.800000 22.000000 40
131676.400000 22.010000 40
131730.400000 22.020000 40
131892.800000 22.030000 40
131919.200000 22.040000 40
131975.600000 22.050000 40
132010.800000 22.060000 40
132046.800000 22.070000 40
132094.400000 22.080000 40
132144.800000 22.090000 40
132182.000000 22.100000 40
132229.200000 22.110000 40
132306.000000 22.120000 40
132369.200000 22.130000 40
132397.600000 22.140000 40
132410.000000 22.150000 40
132447.200000 22.160000 40
132551.200000 22.170000 40
132599.200000 22.180000 40
132692.000000 22.190000 40
132723.200000 22.200000 40
132742.800000 22.210000 40
132797.200000 22.220000 40
132824.800000 22.230000 40
132868.800000 22.240000 40
132891.600000 22.250000 40
132944.400000 22.260000 40
132971.600000 22.270000 40
133010.400000 22.280000 40
133074.400000 22.290000 40
133105.200000 22.300000 40
133147.200000 22.310000 40
133183.600000 22.320000 40
133208.800000 22.330000 40
133229.600000 22.340000 40
133254.000000 22.350000 40
133316.400000 22.360000 40
133348.400000 22.370000 40
133389.200000 22.380000 40
133431.600000 22.390000 40
133454.400000 22.400000 40
133471.600000 22.410000 40
133532.400000 22.420000 40
133584.800000 22.430000 40
133667.200000 22.440000 40
133700.800000 22.450000 40
133770.400000 22.460000 40
133794.800000 22.470000 40
133818.800000 22.480000 40
133868.000000 22.490000 40
133901.200000 22.500000 40
133936.000000 22.510000 40
133987.200000 22.520000 40
134134.400000 22.530000 40
134142.000000 22.540000 40
134172.000000 22.550000 40
134198.800000 22.560000 40
134228.000000 22.570000 40
134283.600000 22.580000 40
134346.400000 22.590000 40
134384.800000 22.600000 40
134461.200000 22.610000 40
134490.400000 22.620000 40
134508.000000 22.630000 40
134559.600000 22.640000 40
134628.000000 22.650000 40
134670.800000 22.660000 40
134696.800000 22.670000 40
134715.200000 22.680000 40
134760.800000 22.690000 40
134794.000000 22.700000 40
134824.800000 22.710000 40
134862.000000 22.720000 40
134914.400000 22.730000 40
134947.200000 22.740000 40
135004.000000 22.750000 40
135022.800000 22.760000 40
135048.800000 22.770000 40
135104.400000 22.780000 40
135126.000000 22.790000 40
135183.600000 22.800000 40
135238.000000 22.810000 40
135254.400000 22.820000 40
135288.800000 22.830000 40
135314.400000 22.840000 40
135342.400000 22.850000 40
135386.800000 22.860000 40
135408.000000 22.870000 40
135445.600000 22.880000 40
135485.600000 22.890000 40
135523.600000 22.900000 40
135550.400000 22.910000 40
135598.800000 22.920000 40
135626.400000 22.930000 40
135645.200000 22.940000 40
135685.200000 22.950000 40
135724.800000 22.960000 40
135736.800000 22.970000 40
135796.000000 22.980000 40
135830.000000 22.990000 40
135869.200000 23.000000 40
135907.600000 23.010000 40
135926.000000 23.020000 40
135966.800000 23.030000 40
135991.200000 23.040000 40
136044.000000 23.050000 40
136091.200000 23.060000 40
136121.200000 23.070000 40
136164.400000 23.080000 40
136186.000000 23.090000 40
136222.400000 23.100000 40
136268.800000 23.110000 40
136301.200000 23.120000 40
136350.800000 23.130000 40
136381.200000 23.140000 40
136417.600000 23.150000 40
136470.400000 23.160000 40
136497.600000 23.170000 40
136512.400000 23.180000 40
136543.200000 23.190000 40
136568.400000 23.200000 40
136576.400000 23.210000 40
136618.000000 23.220000 40
136640.400000 23.230000 40
136677.600000 23.240000 40
136716.400000 23.250000 40
136746.000000 23.260000 40
136789.600000 23.270000 40
136815.600000 23.280000 40
136854.800000 23.290000 40
136888.800000 23.300000 40
136944.800000 23.310000 40
136978.000000 23.320000 40
137007.600000 23.330000 40
137050.400000 23.340000 40
137077.200000 23.350000 40
137106.400000 23.360000 40
137144.400000 23.370000 40
137172.800000 23.380000 40
137198.400000 23.390000 40
137240.000000 23.400000 40
137270.800000 23.410000 40
137305.200000 23.420000 40
137332.800000 23.430000 40
137369.600000 23.440000 40
137412.800000 23.450000 40
137438.000000 23.460000 40
137473.600000 23.470000 40
137509.200000 23.480000 40
137529.600000 23.490000 40
137562.800000 23.500000 40
137585.600000 23.510000 40
137600.800000 23.520000 40
137648.000000 23.530000 40
137691.200000 23.540000 40
137704.800000 23.550000 40
137738.800000 23.560000 40
137783.200000 23.570000 40
137824.800000 23.580000 40
137842.800000 23.590000 40
137884.000000 23.600000 40
137902.800000 23.610000 40
137930.400000 23.620000 40
137948.000000 23.630000 40
138004.000000 23.640000 40
138031.600000 23.650000 40
138057.600000 23.660000 40
138072.800000 23.670000 40
138110.800000 23.680000 40
138126.400000 23.690000 40
138170.800000 23.700000 40
138218.000000 23.710000 40
138244.800000 23.720000 40
138262.000000 23.730000 40
138307.600000 23.740000 40
138341.200000 23.750000 40
138364.800000 23.760000 40
138390.400000 23.770000 40
138431.600000 23.780000 40
138472.400000 23.790000 40
138506.000000 23.800000 40
138530.800000 23.810000 40
138568.000000 23.820000 40
138598.800000 23.830000 40
138632.400000 23.840000 40
138690.400000 23.850000 40
138728.000000 23.860000 40
138790.000000 23.870000 40
138834.800000 23.880000 40
138878.000000 23.890000 40
138922.400000 23.900000 40
138952.400000 23.910000 40
139027.200000 23.920000 40
139059.200000 23.930000 40
139081.200000 23.940000 40
139131.200000 23.950000 40
139160.400000 23.960000 40
139193.200000 23.970000 40
139214.400000 23.980000 40
139250.800000 23.990000 40
139307.200000 24.000000 40
139331.600000 24.010000 40
139368.000000 24.020000 40
139394.400000 24.030000 40
139410.400000 24.040000 40
139452.800000 24.050000 40
139473.200000 24.060000 40
139498.400000 24.070000 40
139529.200000 24.080000 40
139569.600000 24.090000 40
139614.800000 24.100000 40
139672.000000 24.110000 40
139693.200000 24.120000 40
139745.200000 24.130000 40
139797.600000 24.140000 40
139834.400000 24.150000 40
139944.800000 24.160000 40
139978.000000 24.170000 40
140023.200000 24.180000 40
140056.000000 24.190000 40
140090.400000 24.200000 40
140132.400000 24.210000 40
140201.600000 24.220000 40
140219.200000 24.230000 40
140254.800000 24.240000 40
140280.800000 24.250000 40
140311.200000 24.260000 40
140375.200000 24.270000 40
140412.800000 24.280000 40
140448.000000 24.290000 40
140472.400000 24.300000 40
140504.800000 24.310000 40
140594.800000 24.320000 40
140638.400000 24.330000 40
140679.600000 24.340000 40
140734.400000 24.350000 40
140820.000000 24.360000 40
140847.200000 24.370000 40
140928.400000 24.380000 40
140951.600000 24.390000 40
141039.200000 24.400000 40
141067.200000 24.410000 40
141150.000000 24.420000 40
141221.200000 24.430000 40
141267.200000 24.440000 40
141316.800000 24.450000 40
141410.800000 24.460000 40
141469.200000 24.470000 40
141477.200000 24.480000 40
141506.000000 24.490000 40
141533.600000 24.500000 40
141574.800000 24.510000 40
141600.400000 24.520000 40
141638.800000 24.530000 40
141681.600000 24.540000 40
141724.400000 24.550000 40
141780.000000 24.560000 40
141800.400000 24.570000 40
141830.400000 24.580000 40
141904.000000 24.590000 40
141967.600000 24.600000 40
141994.800000 24.610000 40
142066.400000 24.620000 40
142087.600000 24.630000 40
142108.800000 24.640000 40
142222.800000 24.650000 40
142244.800000 24.660000 40
142280.400000 24.670000 40
142326.400000 24.680000 40
142350.000000 24.690000 40
142401.200000 24.700000 40
142466.800000 24.710000 40
142503.200000 24.720000 40
142587.600000 24.730000 40
142628.000000 24.740000 40
142642.000000 24.750000 40
142684.400000 24.760000 40
142727.200000 24.770000 40
142779.200000 24.780000 40
142818.400000 24.790000 40
142841.200000 24.800000 40
142883.200000 24.810000 40
142911.600000 24.820000 40
142950.800000 24.830000 40
142979.200000 24.840000 40
143035.600000 24.850000 40
143089.200000 24.860000 40
143129.200000 24.870000 40
143177.200000 24.880000 40
143208.000000 24.890000 40
143261.200000 24.900000 40
143276.400000 24.910000 40
143317.600000 24.920000 40
143410.000000 24.930000 40
143456.000000 24.940000 40
143499.600000 24.950000 40
143542.000000 24.960000 40
143599.200000 24.970000 40
143664.800000 24.980000 40
143693.200000 24.990000 40
143765.600000 25.000000 40
143798.000000 25.010000 40
143877.200000 25.020000 40
143938.000000 25.030000 40
143990.800000 25.040000 40
144069.600000 25.050000 40
144076.800000 25.060000 40
144130.800000 25.070000 40
144205.600000 25.080000 40
144245.200000 25.090000 40
144293.200000 25.100000 40
144352.000000 25.110000 40
144406.800000 25.120000 40
144514.400000 25.130000 40
144674.800000 25.140000 40
144774.400000 25.150000 40
144802.800000 25.160000 40
144869.600000 25.170000 40
145026.800000 25.180000 40
145083.600000 25.190000 40
145143.200000 25.200000 40
145198.000000 25.210000 40
145217.200000 25.220000 40
145241.200000 25.230000 40
145298.800000 25.240000 40
145306.000000 25.250000 40
145349.600000 25.260000 40
145375.600000 25.270000 40
145402.000000 25.280000 40
145463.200000 25.290000 40
145500.800000 25.300000 40
145521.600000 25.310000 40
145805.600000 25.320000 40
145831.200000 25.330000 40
145849.600000 25.340000 40
145882.000000 25.350000 40
145946.400000 25.360000 40
145993.200000 25.370000 40
146080.800000 25.380000 40
146110.800000 25.390000 40
146152.000000 25.400000 40
146190.800000 25.410000 40
146242.400000 25.420000 40
146328.000000 25.430000 40
146418.400000 25.440000 40
146504.000000 25.450000 40
146584.000000 25.460000 40
146596.000000 25.470000 40
146659.600000 25.480000 40
146734.800000 25.490000 40
146821.600000 25.500000 40
146859.600000 25.510000 40
146914.400000 25.520000 40
146976.800000 25.530000 40
147036.000000 25.540000 40
147053.200000 25.550000 40
147114.400000 25.560000 40
147137.200000 25.570000 40
147153.200000 25.580000 40
147207.200000 25.590000 40
147250.800000 25.600000 40
147289.600000 25.610000 40
147345.600000 25.620000 40
147393.200000 25.630000 40
147462.000000 25.640000 40
147487.600000 25.650000 40
147560.400000 25.660000 40
147595.600000 25.670000 40
147638.400000 25.680000 40
147670.800000 25.690000 40
147707.200000 25.700000 40
147772.800000 25.710000 40
147807.600000 25.720000 40
147842.800000 25.730000 40
147868.400000 25.740000 40
147891.600000 25.750000 40
147955.600000 25.760000 40
147983.200000 25.770000 40
148020.000000 25.780000 40
148349.200000 25.790000 40
148461.200000 25.800000 40
148486.800000 25.810000 40
148534.400000 25.820000 40
148628.400000 25.830000 40
148641.600000 25.840000 40
148768.000000 25.850000 40
148793.600000 25.860000 40
148846.400000 25.870000 40
148904.800000 25.880000 40
148984.000000 25.890000 40
149033.600000 25.900000 40
149064.000000 25.910000 40
149108.400000 25.920000 40
149140.800000 25.930000 40
149164.400000 25.940000 40
149267.600000 25.950000 40
149309.600000 25.960000 40
149404.000000 25.970000 40
149479.600000 25.980000 40
149563.200000 25.990000 40
149614.800000 26.000000 40
149691.600000 26.010000 40
149752.800000 26.020000 40
149806.400000 26.030000 40
149879.600000 26.040000 40
149985.600000 26.050000 40
150217.200000 26.060000 40
150255.200000 26.070000 40
150332.400000 26.080000 40
150361.200000 26.090000 40
150378.800000 26.100000 40
150435.600000 26.110000 40
150460.400000 26.120000 40
150486.800000 26.130000 40
150496.800000 26.140000 40
150533.600000 26.150000 40
150560.400000 26.160000 40
150605.200000 26.170000 40
150642.000000 26.180000 40
150728.400000 26.190000 40
150774.000000 26.200000 40
151062.000000 26.210000 40
151137.600000 26.220000 40
151200.800000 26.230000 40
151283.200000 26.240000 40
151347.600000 26.250000 40
151359.200000 26.260000 40
151439.200000 26.270000 40
151560.800000 26.280000 40
151588.000000 26.290000 40
151640.000000 26.300000 40
151692.400000 26.310000 40
151697.600000 26.320000 40
151755.600000 26.330000 40
151835.200000 26.340000 40
151860.000000 26.350000 40
151898.800000 26.360000 40
151942.400000 26.370000 40
151992.000000 26.380000 40
152054.000000 26.390000 40
152132.400000 26.400000 40
152170.800000 26.410000 40
152257.600000 26.420000 40
152285.200000 26.430000 40
152407.200000 26.440000 40
152455.600000 26.450000 40
152495.200000 26.460000 40
152515.200000 26.470000 40
152554.800000 26.480000 40
152612.800000 26.490000 40
152648.800000 26.500000 40
152777.200000 26.510000 40
152805.600000 26.520000 40
153175.200000 26.530000 40
153212.000000 26.540000 40
153220.000000 26.550000 40
153239.600000 26.560000 40
153274.800000 26.570000 40
153340.000000 26.580000 40
153406.400000 26.590000 40
153496.000000 26.600000 40
153566.800000 26.610000 40
153623.200000 26.620000 40
153679.200000 26.630000 40
153838.400000 26.640000 40
153957.200000 26.650000 40
154011.200000 26.660000 40
154117.200000 26.670000 40
154180.000000 26.680000 40
154220.400000 26.690000 40
154244.800000 26.700000 40
154280.000000 26.710000 40
154390.800000 26.720000 40
154490.000000 26.730000 40
154540.000000 26.740000 40
154614.800000 26.750000 40
154706.800000 26.760000 40
154774.800000 26.770000 40
154823.200000 26.780000 40
154898.000000 26.790000 40
154938.000000 26.800000 40
154974.000000 26.810000 40
155069.200000 26.820000 40
155207.200000 26.830000 40
155312.800000 26.840000 40
155387.200000 26.850000 40
155492.800000 26.860000 40
155539.200000 26.870000 40
155598.400000 26.880000 40
155649.200000 26.890000 40
155692.000000 26.900000 40
155710.800000 26.910000 40
155738.000000 26.920000 40
155849.600000 26.930000 40
155899.200000 26.940000 40
155956.800000 26.950000 40
156015.600000 26.960000 40
156083.200000 26.970000 40
156125.200000 26.980000 40
156211.600000 26.990000 40
156272.000000 27.000000 40
156314.000000 27.010000 40
156459.600000 27.020000 40
156560.000000 27.030000 40
156574.400000 27.040000 40
156631.200000 27.050000 40
156682.400000 27.060000 40
156726.800000 27.070000 40
156831.200000 27.080000 40
156919.600000 27.090000 40
156980.000000 27.100000 40
157082.400000 27.110000 40
157213.200000 27.120000 40
157358.800000 27.130000 40
157390.400000 27.140000 40
157531.200000 27.150000 40
157549.600000 27.160000 40
157660.000000 27.170000 40
157735.600000 27.180000 40
157791.600000 27.190000 40
157968.800000 27.200000 40
158016.800000 27.210000 40
158047.600000 27.220000 40
158097.600000 27.230000 40
158173.600000 27.240000 40
158274.400000 27.250000 40
159524.800000 27.260000 40
159591.200000 27.270000 40
159634.800000 27.280000 40
159686.400000 27.290000 40
159777.200000 27.300000 40
159840.400000 27.310000 40
159890.000000 27.320000 40
159922.400000 27.330000 40
159955.600000 27.340000 40
159956.800000 27.350000 40
160018.000000 27.360000 40
160080.800000 27.370000 40
160134.800000 27.380000 40
160147.200000 27.390000 40
160191.600000 27.400000 40
160228.800000 27.410000 40
160289.200000 27.420000 40
160309.600000 27.430000 40
160377.600000 27.440000 40
160413.200000 27.450000 40
160529.200000 27.460000 40
160590.000000 27.470000 40
160669.600000 27.480000 40
160746.000000 27.490000 40
160821.200000 27.500000 40
160918.000000 27.510000 40
161000.400000 27.520000 40
161021.600000 27.530000 40
161138.400000 27.540000 40
161177.200000 27.550000 40
161246.400000 27.560000 40
161265.600000 27.570000 40
161353.600000 27.580000 40
161395.200000 27.590000 40
161433.200000 27.600000 40
161478.400000 27.610000 40
161574.800000 27.620000 40
161660.000000 27.630000 40
161692.000000 27.640000 40
161746.000000 27.650000 40
161768.400000 27.660000 40
161832.800000 27.670000 40
161908.000000 27.680000 40
161977.200000 27.690000 40
162014.000000 27.700000 40
162098.000000 27.710000 40
162124.400000 27.720000 40
162167.200000 27.730000 40
162180.800000 27.740000 40
162245.200000 27.750000 40
162294.800000 27.760000 40
162304.000000 27.770000 40
162334.000000 27.780000 40
162363.200000 27.790000 40
162451.200000 27.800000 40
162539.600000 27.810000 40
162643.600000 27.820000 40
162707.200000 27.830000 40
162721.200000 27.840000 40
162831.600000 27.850000 40
162870.400000 27.860000 40
162909.600000 27.870000 40
162940.800000 27.880000 40
163036.000000 27.890000 40
163053.600000 27.900000 40
163083.200000 27.910000 40
163121.600000 27.920000 40
163165.200000 27.930000 40
163174.800000 27.940000 40
163231.600000 27.950000 40
163279.600000 27.960000 40
163339.600000 27.970000 40
163396.800000 27.980000 40
163496.800000 27.990000 40
163564.400000 28.000000 40
163632.800000 28.010000 40
163666.400000 28.020000 40
163705.600000 28.030000 40
163778.800000 28.040000 40
163826.400000 28.050000 40
163879.200000 28.060000 40
163904.400000 28.070000 40
163937.600000 28.080000 40
164000.000000 28.090000 40
164032.800000 28.100000 40
164059.600000 28.110000 40
164091.600000 28.120000 40
164170.800000 28.130000 40
164215.600000 28.140000 40
164259.200000 28.150000 40
164298.800000 28.160000 40
164382.000000 28.170000 40
164450.800000 28.180000 40
164493.200000 28.190000 40
164529.600000 28.200000 40
164583.200000 28.210000 40
164611.200000 28.220000 40
164683.200000 28.230000 40
164704.800000 28.240000 40
164757.600000 28.250000 40
164833.200000 28.260000 40
164867.200000 28.270000 40
164905.600000 28.280000 40
165041.200000 28.290000 40
165118.400000 28.300000 40
165227.200000 28.310000 40
165307.600000 28.320000 40
165332.000000 28.330000 40
165357.200000 28.340000 40
165384.400000 28.350000 40
165416.400000 28.360000 40
165440.800000 28.370000 40
165458.800000 28.380000 40
165567.600000 28.390000 40
165616.400000 28.400000 40
165717.600000 28.410000 40
165819.200000 28.420000 40
165904.000000 28.430000 40
165992.000000 28.440000 40
166060.000000 28.450000 40
166125.200000 28.460000 40
166177.200000 28.470000 40
166247.600000 28.480000 40
166293.200000 28.490000 40
166373.600000 28.500000 40
166418.800000 28.510000 40
166473.200000 28.520000 40
166534.000000 28.530000 40
166572.800000 28.540000 40
166705.600000 28.550000 40
166796.800000 28.560000 40
166864.800000 28.570000 40
166923.600000 28.580000 40
166968.400000 28.590000 40
167051.600000 28.600000 40
167100.800000 28.610000 40
167163.600000 28.620000 40
167192.400000 28.630000 40
167291.200000 28.640000 40
167339.200000 28.650000 40
167390.800000 28.660000 40
167414.800000 28.670000 40
167453.200000 28.680000 40
167482.400000 28.690000 40
167514.000000 28.700000 40
167548.000000 28.710000 40
167589.600000 28.720000 40
167666.000000 28.730000 40
167710.800000 28.740000 40
167770.800000 28.750000 40
167816.800000 28.760000 40
167843.600000 28.770000 40
167910.000000 28.780000 40
167987.600000 28.790000 40
168045.600000 28.800000 40
168083.600000 28.810000 40
168134.800000 28.820000 40
168159.200000 28.830000 40
168181.600000 28.840000 40
168208.800000 28.850000 40
168270.400000 28.860000 40
168293.200000 28.870000 40
168336.800000 28.880000 40
168376.400000 28.890000 40
168441.600000 28.900000 40
168550.000000 28.910000 40
168598.000000 28.920000 40
168635.200000 28.930000 40
168676.800000 28.940000 40
168692.800000 28.950000 40
168770.000000 28.960000 40
168798.800000 28.970000 40
168874.400000 28.980000 40
168950.800000 28.990000 40
169006.000000 29.000000 40
169057.200000 29.010000 40
169100.800000 29.020000 40
169135.200000 29.030000 40
169162.800000 29.040000 40
169197.600000 29.050000 40
169235.600000 29.060000 40
169303.600000 29.070000 40
169324.400000 29.080000 40
169367.200000 29.090000 40
169410.000000 29.100000 40
169449.200000 29.110000 40
169512.800000 29.120000 40
169540.000000 29.130000 40
169596.400000 29.140000 40
169628.400000 29.150000 40
169721.200000 29.160000 40
169744.800000 29.170000 40
169784.800000 29.180000 40
169798.400000 29.190000 40
169861.600000 29.200000 40
169914.000000 29.210000 40
169924.000000 29.220000 40
169992.000000 29.230000 40
170086.400000 29.240000 40
170140.800000 29.250000 40
170231.200000 29.260000 40
170293.600000 29.270000 40
170335.200000 29.280000 40
170435.600000 29.290000 40
170455.200000 29.300000 40
170563.600000 29.310000 40
170590.400000 29.320000 40
170601.200000 29.330000 40
170673.200000 29.340000 40
170840.400000 29.350000 40
170900.800000 29.360000 40
170993.200000 29.370000 40
171026.000000 29.380000 40
171047.200000 29.390000 40
171090.400000 29.400000 40
171117.600000 29.410000 40
171160.400000 29.420000 40
171190.800000 29.430000 40
171226.800000 29.440000 40
171256.400000 29.450000 40
171275.600000 29.460000 40
171306.000000 29.470000 40
171330.400000 29.480000 40
171379.200000 29.490000 40
171423.200000 29.500000 40
171460.000000 29.510000 40
171498.000000 29.520000 40
171527.600000 29.530000 40
171547.600000 29.540000 40
171600.800000 29.550000 40
171620.800000 29.560000 40
171649.200000 29.570000 40
171699.600000 29.580000 40
171777.200000 29.590000 40
171840.800000 29.600000 40
171868.000000 29.610000 40
171886.800000 29.620000 40
171918.800000 29.630000 40
171966.400000 29.640000 40
171990.800000 29.650000 40
172025.200000 29.660000 40
172076.000000 29.670000 40
172154.800000 29.680000 40
172178.800000 29.690000 40
172231.600000 29.700000 40
172280.400000 29.710000 40
172330.800000 29.720000 40
172352.000000 29.730000 40
172388.800000 29.740000 40
172430.400000 29.750000 40
172481.200000 29.760000 40
172528.800000 29.770000 40
172554.400000 29.780000 40
172600.800000 29.790000 40
172647.600000 29.800000 40
172693.200000 29.810000 40
172773.200000 29.820000 40
172807.600000 29.830000 40
172840.000000 29.840000 40
172869.600000 29.850000 40
172922.400000 29.860000 40
172952.000000 29.870000 40
172990.800000 29.880000 40
173029.200000 29.890000 40
173058.800000 29.900000 40
173132.400000 29.910000 40
173152.000000 29.920000 40
173169.200000 29.930000 40
173211.200000 29.940000 40
173229.200000 29.950000 40
173251.200000 29.960000 40
173299.200000 29.970000 40
173346.000000 29.980000 40
173410.000000 29.990000 40
