21354.000000 0.000000 50
21410.800000 0.010000 50
25136.200000 0.020000 50
25195.000000 0.030000 50
25220.200000 0.040000 50
25283.400000 0.050000 50
25324.200000 0.060000 50
25367.000000 0.070000 50
25427.800000 0.080000 50
25476.600000 0.090000 50
25529.400000 0.100000 50
25575.000000 0.110000 50
25633.000000 0.120000 50
25713.000000 0.130000 50
25762.200000 0.140000 50
25791.400000 0.150000 50
25823.000000 0.160000 50
25858.200000 0.170000 50
25876.600000 0.180000 50
25909.400000 0.190000 50
25975.800000 0.200000 50
26002.200000 0.210000 50
26033.000000 0.220000 50
26071.400000 0.230000 50
26105.000000 0.240000 50
26126.600000 0.250000 50
26156.600000 0.260000 50
26179.000000 0.270000 50
26219.800000 0.280000 50
26280.600000 0.290000 50
26341.400000 0.300000 50
26379.400000 0.310000 50
26426.600000 0.320000 50
26469.000000 0.330000 50
26514.200000 0.340000 50
26535.000000 0.350000 50
26587.000000 0.360000 50
26620.600000 0.370000 50
26647.000000 0.380000 50
26692.600000 0.390000 50
26740.200000 0.400000 50
26753.400000 0.410000 50
26804.200000 0.420000 50
26855.800000 0.430000 50
26877.400000 0.440000 50
26912.200000 0.450000 50
26961.800000 0.460000 50
26986.200000 0.470000 50
27019.000000 0.480000 50
27067.800000 0.490000 50
27103.800000 0.500000 50
27142.600000 0.510000 50
27198.600000 0.520000 50
27221.800000 0.530000 50
27275.000000 0.540000 50
27308.600000 0.550000 50
27345.400000 0.560000 50
27393.400000 0.570000 50
27436.200000 0.580000 50
27470.200000 0.590000 50
27500.600000 0.600000 50
27551.000000 0.610000 50
27602.200000 0.620000 50
27651.800000 0.630000 50
27689.400000 0.640000 50
27747.000000 0.650000 50
27780.200000 0.660000 50
27824.200000 0.670000 50
27853.400000 0.680000 50
27876.200000 0.690000 50
27917.000000 0.700000 50
27959.000000 0.710000 50
27985.000000 0.720000 50
28027.800000 0.730000 50
28048.200000 0.740000 50
28093.800000 0.750000 50
28121.000000 0.760000 50
28137.400000 0.770000 50
28174.200000 0.780000 50
28209.000000 0.790000 50
28242.600000 0.800000 50
28273.000000 0.810000 50
28335.800000 0.820000 50
28371.000000 0.830000 50
28421.400000 0.840000 50
28478.200000 0.850000 50
28504.600000 0.860000 50
28532.600000 0.870000 50
28553.000000 0.880000 50
28605.000000 0.890000 50
28627.400000 0.900000 50
28649.800000 0.910000 50
28654.600000 0.920000 50
28713.800000 0.930000 50
28755.000000 0.940000 50
28797.400000 0.950000 50
28811.000000 0.960000 50
28827.400000 0.970000 50
28859.000000 0.980000 50
28878.200000 0.990000 50
28905.400000 1.000000 50
28923.800000 1.010000 50
28971.000000 1.020000 50
28999.000000 1.030000 50
29036.200000 1.040000 50
29100.600000 1.050000 50
29120.200000 1.060000 50
29140.200000 1.070000 50
29171.000000 1.080000 50
29189.800000 1.090000 50
29224.200000 1.100000 50
29245.400000 1.110000 50
29271.000000 1.120000 50
29305.400000 1.130000 50
29339.000000 1.140000 50
29368.200000 1.150000 50
29404.200000 1.160000 50
29424.200000 1.170000 50
29450.200000 1.180000 50
29469.000000 1.190000 50
29549.800000 1.200000 50
29579.400000 1.210000 50
29613.400000 1.220000 50
29655.400000 1.230000 50
29685.000000 1.240000 50
29724.600000 1.250000 50
29735.000000 1.260000 50
29759.800000 1.270000 50
29781.800000 1.280000 50
29821.400000 1.290000 50
29850.600000 1.300000 50
29869.400000 1.310000 50
29919.800000 1.320000 50
29957.400000 1.330000 50
29979.000000 1.340000 50
30005.400000 1.350000 50
30023.000000 1.360000 50
30049.400000 1.370000 50
30065.400000 1.380000 50
30079.400000 1.390000 50
30095.400000 1.400000 50
30141.400000 1.410000 50
30168.600000 1.420000 50
30194.200000 1.430000 50
30367.400000 1.440000 50
30381.000000 1.450000 50
30399.400000 1.460000 50
30423.000000 1.470000 50
30447.400000 1.480000 50
30469.800000 1.490000 50
30487.000000 1.500000 50
30506.200000 1.510000 50
30534.200000 1.520000 50
30548.200000 1.530000 50
30694.600000 1.540000 50
30715.400000 1.550000 50
30728.200000 1.560000 50
30755.000000 1.570000 50
30770.200000 1.580000 50
30793.400000 1.590000 50
30808.600000 1.600000 50
30831.800000 1.610000 50
30853.400000 1.620000 50
30879.800000 1.630000 50
30914.600000 1.640000 50
30932.200000 1.650000 50
30959.400000 1.660000 50
30985.800000 1.670000 50
31021.000000 1.680000 50
31045.000000 1.690000 50
31083.800000 1.700000 50
31123.800000 1.710000 50
31141.400000 1.720000 50
31166.200000 1.730000 50
31183.800000 1.740000 50
31212.600000 1.750000 50
31248.600000 1.760000 50
31263.000000 1.770000 50
31291.400000 1.780000 50
31326.600000 1.790000 50
31355.000000 1.800000 50
31383.000000 1.810000 50
31417.400000 1.820000 50
31444.600000 1.830000 50
31458.200000 1.840000 50
31477.000000 1.850000 50
31498.200000 1.860000 50
31513.400000 1.870000 50
31533.000000 1.880000 50
31553.000000 1.890000 50
31575.000000 1.900000 50
31602.600000 1.910000 50
31618.600000 1.920000 50
31630.200000 1.930000 50
31653.800000 1.940000 50
31672.600000 1.950000 50
31687.400000 1.960000 50
31703.800000 1.970000 50
31723.800000 1.980000 50
31739.000000 1.990000 50
31783.800000 2.000000 50
31798.600000 2.010000 50
31828.200000 2.020000 50
31849.800000 2.030000 50
31876.600000 2.040000 50
31901.800000 2.050000 50
31907.000000 2.060000 50
31937.400000 2.070000 50
31959.400000 2.080000 50
31997.400000 2.090000 50
32071.800000 2.100000 50
32091.800000 2.110000 50
32112.200000 2.120000 50
32129.800000 2.130000 50
32158.600000 2.140000 50
32171.800000 2.150000 50
32190.600000 2.160000 50
32202.200000 2.170000 50
32214.200000 2.180000 50
32228.600000 2.190000 50
32253.800000 2.200000 50
32285.000000 2.210000 50
32301.400000 2.220000 50
32349.400000 2.230000 50
32382.200000 2.240000 50
32398.200000 2.250000 50
32420.200000 2.260000 50
32443.400000 2.270000 50
32454.600000 2.280000 50
32477.800000 2.290000 50
32495.000000 2.300000 50
32523.400000 2.310000 50
32545.800000 2.320000 50
32585.400000 2.330000 50
32599.800000 2.340000 50
32629.000000 2.350000 50
32652.600000 2.360000 50
32680.200000 2.370000 50
32702.200000 2.380000 50
32721.800000 2.390000 50
32741.000000 2.400000 50
32773.800000 2.410000 50
32807.000000 2.420000 50
32829.400000 2.430000 50
32863.400000 2.440000 50
32895.800000 2.450000 50
32925.800000 2.460000 50
32954.200000 2.470000 50
32972.200000 2.480000 50
33014.600000 2.490000 50
33032.600000 2.500000 50
33049.400000 2.510000 50
33073.800000 2.520000 50
33101.000000 2.530000 50
33127.400000 2.540000 50
33139.400000 2.550000 50
33194.200000 2.560000 50
33213.800000 2.570000 50
33234.600000 2.580000 50
33254.200000 2.590000 50
33285.000000 2.600000 50
33303.800000 2.610000 50
33339.000000 2.620000 50
33378.600000 2.630000 50
33406.200000 2.640000 50
33446.600000 2.650000 50
33461.800000 2.660000 50
33498.200000 2.670000 50
33535.800000 2.680000 50
33572.200000 2.690000 50
33621.400000 2.700000 50
33641.800000 2.710000 50
33676.600000 2.720000 50
33702.600000 2.730000 50
33729.000000 2.740000 50
33753.800000 2.750000 50
33790.600000 2.760000 50
33815.800000 2.770000 50
33832.600000 2.780000 50
33855.800000 2.790000 50
33891.400000 2.800000 50
33915.400000 2.810000 50
33935.000000 2.820000 50
33965.800000 2.830000 50
33986.600000 2.840000 50
34017.000000 2.850000 50
34053.400000 2.860000 50
34078.200000 2.870000 50
34101.000000 2.880000 50
34141.400000 2.890000 50
34169.800000 2.900000 50
34199.400000 2.910000 50
34230.200000 2.920000 50
34243.000000 2.930000 50
34260.600000 2.940000 50
34285.400000 2.950000 50
34301.000000 2.960000 50
34320.200000 2.970000 50
34347.400000 2.980000 50
34378.200000 2.990000 50
34397.800000 3.000000 50
34424.600000 3.010000 50
34443.400000 3.020000 50
34480.200000 3.030000 50
34501.000000 3.040000 50
34523.800000 3.050000 50
34554.200000 3.060000 50
34578.200000 3.070000 50
34615.000000 3.080000 50
34650.200000 3.090000 50
34674.200000 3.100000 50
34691.000000 3.110000 50
34716.200000 3.120000 50
34734.200000 3.130000 50
34762.200000 3.140000 50
34798.600000 3.150000 50
34843.400000 3.160000 50
34890.600000 3.170000 50
34922.200000 3.180000 50
34939.000000 3.190000 50
34957.400000 3.200000 50
34973.400000 3.210000 50
35006.600000 3.220000 50
35037.400000 3.230000 50
35065.400000 3.240000 50
35101.800000 3.250000 50
35129.000000 3.260000 50
35148.600000 3.270000 50
35186.600000 3.280000 50
35220.600000 3.290000 50
35241.800000 3.300000 50
35280.600000 3.310000 50
35300.600000 3.320000 50
35316.200000 3.330000 50
35343.000000 3.340000 50
35364.600000 3.350000 50
35393.000000 3.360000 50
35417.800000 3.370000 50
35439.400000 3.380000 50
35459.000000 3.390000 50
35475.000000 3.400000 50
35491.000000 3.410000 50
35523.400000 3.420000 50
35562.600000 3.430000 50
35593.000000 3.440000 50
35621.400000 3.450000 50
35663.800000 3.460000 50
35709.000000 3.470000 50
35731.000000 3.480000 50
35767.800000 3.490000 50
35794.200000 3.500000 50
35826.200000 3.510000 50
35846.200000 3.520000 50
35876.600000 3.530000 50
35891.400000 3.540000 50
35925.800000 3.550000 50
35937.800000 3.560000 50
35959.800000 3.570000 50
35978.600000 3.580000 50
36001.400000 3.590000 50
36041.000000 3.600000 50
36077.800000 3.610000 50
36096.200000 3.620000 50
36112.200000 3.630000 50
36160.200000 3.640000 50
36185.000000 3.650000 50
36202.600000 3.660000 50
36245.400000 3.670000 50
36291.400000 3.680000 50
36329.400000 3.690000 50
36343.800000 3.700000 50
36362.600000 3.710000 50
36393.000000 3.720000 50
36423.000000 3.730000 50
36447.400000 3.740000 50
36477.000000 3.750000 50
36495.400000 3.760000 50
36515.000000 3.770000 50
36535.400000 3.780000 50
36553.000000 3.790000 50
36580.600000 3.800000 50
36590.200000 3.810000 50
36608.200000 3.820000 50
36641.400000 3.830000 50
36665.000000 3.840000 50
36673.400000 3.850000 50
36689.000000 3.860000 50
36699.800000 3.870000 50
36735.000000 3.880000 50
36752.200000 3.890000 50
36769.800000 3.900000 50
36810.600000 3.910000 50
36823.400000 3.920000 50
36840.200000 3.930000 50
36873.000000 3.940000 50
36887.400000 3.950000 50
36915.000000 3.960000 50
36943.800000 3.970000 50
36969.400000 3.980000 50
37000.200000 3.990000 50
37038.200000 4.000000 50
37060.200000 4.010000 50
37100.200000 4.020000 50
37127.000000 4.030000 50
37191.800000 4.040000 50
37220.600000 4.050000 50
37235.000000 4.060000 50
37297.000000 4.070000 50
37319.400000 4.080000 50
37370.200000 4.090000 50
37386.600000 4.100000 50
37418.200000 4.110000 50
37443.400000 4.120000 50
37474.600000 4.130000 50
37490.200000 4.140000 50
37513.400000 4.150000 50
37543.400000 4.160000 50
37588.600000 4.170000 50
37598.200000 4.180000 50
37623.800000 4.190000 50
37672.200000 4.200000 50
37709.800000 4.210000 50
37756.600000 4.220000 50
37788.200000 4.230000 50
37823.000000 4.240000 50
37857.000000 4.250000 50
37886.600000 4.260000 50
37935.800000 4.270000 50
37943.400000 4.280000 50
37976.200000 4.290000 50
37992.200000 4.300000 50
38022.600000 4.310000 50
38036.600000 4.320000 50
38064.200000 4.330000 50
38095.800000 4.340000 50
38322.600000 4.350000 50
38343.000000 4.360000 50
38369.800000 4.370000 50
38389.000000 4.380000 50
38403.400000 4.390000 50
38427.400000 4.400000 50
38453.400000 4.410000 50
38479.800000 4.420000 50
38505.000000 4.430000 50
38523.000000 4.440000 50
38549.000000 4.450000 50
38561.400000 4.460000 50
38586.600000 4.470000 50
38620.600000 4.480000 50
38659.400000 4.490000 50
38691.400000 4.500000 50
38709.400000 4.510000 50
38726.200000 4.520000 50
38756.200000 4.530000 50
38770.600000 4.540000 50
38800.200000 4.550000 50
38833.000000 4.560000 50
38857.400000 4.570000 50
38890.600000 4.580000 50
38907.800000 4.590000 50
38932.200000 4.600000 50
38963.000000 4.610000 50
38983.800000 4.620000 50
39009.400000 4.630000 50
39019.400000 4.640000 50
39046.200000 4.650000 50
39064.600000 4.660000 50
39096.600000 4.670000 50
39114.200000 4.680000 50
39137.000000 4.690000 50
39160.200000 4.700000 50
39177.800000 4.710000 50
39208.200000 4.720000 50
39229.800000 4.730000 50
39251.000000 4.740000 50
39275.800000 4.750000 50
39316.600000 4.760000 50
39355.000000 4.770000 50
39385.000000 4.780000 50
39421.400000 4.790000 50
39441.000000 4.800000 50
39461.400000 4.810000 50
39481.000000 4.820000 50
39523.000000 4.830000 50
39534.200000 4.840000 50
39557.400000 4.850000 50
39591.800000 4.860000 50
39619.800000 4.870000 50
39636.600000 4.880000 50
39667.800000 4.890000 50
39700.600000 4.900000 50
39719.400000 4.910000 50
39745.400000 4.920000 50
39761.400000 4.930000 50
39778.600000 4.940000 50
39790.200000 4.950000 50
39832.600000 4.960000 50
39863.800000 4.970000 50
39889.800000 4.980000 50
39909.400000 4.990000 50
39931.800000 5.000000 50
39952.600000 5.010000 50
39975.400000 5.020000 50
40004.200000 5.030000 50
40039.400000 5.040000 50
40073.000000 5.050000 50
40111.800000 5.060000 50
40135.800000 5.070000 50
40164.600000 5.080000 50
40194.600000 5.090000 50
40222.200000 5.100000 50
40236.600000 5.110000 50
40269.000000 5.120000 50
40287.400000 5.130000 50
40309.400000 5.140000 50
40337.800000 5.150000 50
40360.600000 5.160000 50
40378.600000 5.170000 50
40395.800000 5.180000 50
40424.600000 5.190000 50
40446.600000 5.200000 50
40472.600000 5.210000 50
40501.000000 5.220000 50
40523.400000 5.230000 50
40544.600000 5.240000 50
40567.000000 5.250000 50
40585.000000 5.260000 50
40633.400000 5.270000 50
40654.200000 5.280000 50
40679.000000 5.290000 50
40695.400000 5.300000 50
40717.800000 5.310000 50
40743.400000 5.320000 50
40788.600000 5.330000 50
40811.800000 5.340000 50
40832.200000 5.350000 50
40850.200000 5.360000 50
40871.000000 5.370000 50
40899.800000 5.380000 50
40933.000000 5.390000 50
40953.800000 5.400000 50
40969.000000 5.410000 50
40995.000000 5.420000 50
41012.600000 5.430000 50
41033.800000 5.440000 50
41065.800000 5.450000 50
41093.000000 5.460000 50
41117.800000 5.470000 50
41129.000000 5.480000 50
41147.000000 5.490000 50
41358.600000 5.500000 50
41372.200000 5.510000 50
41410.200000 5.520000 50
41444.600000 5.530000 50
41461.800000 5.540000 50
41478.200000 5.550000 50
41504.600000 5.560000 50
41527.800000 5.570000 50
41544.600000 5.580000 50
41560.600000 5.590000 50
41584.200000 5.600000 50
41600.600000 5.610000 50
41626.200000 5.620000 50
41646.600000 5.630000 50
41679.800000 5.640000 50
41703.000000 5.650000 50
41733.400000 5.660000 50
41747.000000 5.670000 50
41778.600000 5.680000 50
41802.200000 5.690000 50
41824.200000 5.700000 50
41850.600000 5.710000 50
41882.200000 5.720000 50
41904.200000 5.730000 50
41945.800000 5.740000 50
41989.800000 5.750000 50
41999.000000 5.760000 50
42025.800000 5.770000 50
42035.400000 5.780000 50
42055.000000 5.790000 50
42091.000000 5.800000 50
42108.600000 5.810000 50
42139.400000 5.820000 50
42187.400000 5.830000 50
42222.600000 5.840000 50
42258.200000 5.850000 50
42297.000000 5.860000 50
42305.800000 5.870000 50
42344.200000 5.880000 50
42371.000000 5.890000 50
42394.200000 5.900000 50
42435.000000 5.910000 50
42453.800000 5.920000 50
42467.000000 5.930000 50
42495.800000 5.940000 50
42525.400000 5.950000 50
42549.800000 5.960000 50
42579.000000 5.970000 50
42603.800000 5.980000 50
42634.200000 5.990000 50
42676.600000 6.000000 50
42701.800000 6.010000 50
42731.800000 6.020000 50
42777.800000 6.030000 50
42809.400000 6.040000 50
42834.600000 6.050000 50
42862.200000 6.060000 50
42877.400000 6.070000 50
42901.000000 6.080000 50
42914.600000 6.090000 50
42949.400000 6.100000 50
42970.200000 6.110000 50
42982.600000 6.120000 50
43001.000000 6.130000 50
43053.000000 6.140000 50
43082.600000 6.150000 50
43102.600000 6.160000 50
43117.000000 6.170000 50
43147.000000 6.180000 50
43169.800000 6.190000 50
43183.000000 6.200000 50
43201.400000 6.210000 50
43227.800000 6.220000 50
43244.600000 6.230000 50
43273.400000 6.240000 50
43531.400000 6.250000 50
43548.600000 6.260000 50
43586.600000 6.270000 50
43614.200000 6.280000 50
43647.000000 6.290000 50
43685.800000 6.300000 50
43695.800000 6.310000 50
43719.000000 6.320000 50
43735.000000 6.330000 50
43772.200000 6.340000 50
43790.200000 6.350000 50
43825.800000 6.360000 50
43843.800000 6.370000 50
43869.400000 6.380000 50
43894.200000 6.390000 50
43925.000000 6.400000 50
43964.600000 6.410000 50
43987.000000 6.420000 50
44012.600000 6.430000 50
44036.200000 6.440000 50
44056.200000 6.450000 50
44084.600000 6.460000 50
44109.000000 6.470000 50
44121.000000 6.480000 50
44143.400000 6.490000 50
44159.800000 6.500000 50
44191.400000 6.510000 50
44203.000000 6.520000 50
44237.000000 6.530000 50
44262.200000 6.540000 50
44289.400000 6.550000 50
44299.400000 6.560000 50
44316.200000 6.570000 50
44335.800000 6.580000 50
44383.400000 6.590000 50
44407.800000 6.600000 50
44422.600000 6.610000 50
44465.000000 6.620000 50
44488.600000 6.630000 50
44516.600000 6.640000 50
44558.200000 6.650000 50
44583.800000 6.660000 50
44618.200000 6.670000 50
44635.400000 6.680000 50
44653.000000 6.690000 50
44672.600000 6.700000 50
44694.200000 6.710000 50
44720.200000 6.720000 50
44727.800000 6.730000 50
44758.600000 6.740000 50
44764.600000 6.750000 50
44777.000000 6.760000 50
44808.200000 6.770000 50
44841.800000 6.780000 50
44856.600000 6.790000 50
44879.400000 6.800000 50
44912.600000 6.810000 50
44925.000000 6.820000 50
44958.200000 6.830000 50
44967.000000 6.840000 50
44987.400000 6.850000 50
45006.600000 6.860000 50
45019.400000 6.870000 50
45040.200000 6.880000 50
45066.600000 6.890000 50
45092.600000 6.900000 50
45113.000000 6.910000 50
45144.600000 6.920000 50
45173.000000 6.930000 50
45220.200000 6.940000 50
45242.600000 6.950000 50
45287.400000 6.960000 50
45317.000000 6.970000 50
45336.200000 6.980000 50
45359.400000 6.990000 50
45382.200000 7.000000 50
45406.600000 7.010000 50
45432.200000 7.020000 50
45462.200000 7.030000 50
45491.800000 7.040000 50
45525.400000 7.050000 50
45551.000000 7.060000 50
45558.200000 7.070000 50
45589.400000 7.080000 50
45613.400000 7.090000 50
45645.800000 7.100000 50
45674.200000 7.110000 50
45697.000000 7.120000 50
45717.800000 7.130000 50
45740.600000 7.140000 50
45760.600000 7.150000 50
45775.400000 7.160000 50
45794.600000 7.170000 50
45812.200000 7.180000 50
45832.600000 7.190000 50
45849.400000 7.200000 50
45880.600000 7.210000 50
45897.800000 7.220000 50
45918.200000 7.230000 50
45937.800000 7.240000 50
45963.800000 7.250000 50
45996.600000 7.260000 50
46013.000000 7.270000 50
46041.400000 7.280000 50
46066.600000 7.290000 50
46087.800000 7.300000 50
46105.400000 7.310000 50
46121.800000 7.320000 50
46149.800000 7.330000 50
46173.400000 7.340000 50
46194.600000 7.350000 50
46209.000000 7.360000 50
46227.400000 7.370000 50
46251.400000 7.380000 50
46270.600000 7.390000 50
46291.800000 7.400000 50
46328.600000 7.410000 50
46346.600000 7.420000 50
46364.200000 7.430000 50
46438.600000 7.440000 50
46463.400000 7.450000 50
46490.600000 7.460000 50
46525.400000 7.470000 50
46567.800000 7.480000 50
46586.600000 7.490000 50
46626.200000 7.500000 50
46668.200000 7.510000 50
46681.800000 7.520000 50
46705.800000 7.530000 50
46721.400000 7.540000 50
46745.800000 7.550000 50
46763.800000 7.560000 50
46801.400000 7.570000 50
46813.400000 7.580000 50
46831.800000 7.590000 50
46855.800000 7.600000 50
46877.400000 7.610000 50
46901.400000 7.620000 50
46952.600000 7.630000 50
46974.600000 7.640000 50
46996.200000 7.650000 50
47014.200000 7.660000 50
47045.800000 7.670000 50
47074.200000 7.680000 50
47089.000000 7.690000 50
47106.600000 7.700000 50
47131.800000 7.710000 50
47140.200000 7.720000 50
47166.600000 7.730000 50
47200.200000 7.740000 50
47227.000000 7.750000 50
47260.600000 7.760000 50
47283.800000 7.770000 50
47325.800000 7.780000 50
47338.600000 7.790000 50
47368.200000 7.800000 50
47396.200000 7.810000 50
47408.600000 7.820000 50
47435.400000 7.830000 50
47458.200000 7.840000 50
47486.600000 7.850000 50
47514.200000 7.860000 50
47551.800000 7.870000 50
47562.200000 7.880000 50
47585.800000 7.890000 50
47608.600000 7.900000 50
47633.400000 7.910000 50
47662.600000 7.920000 50
47683.000000 7.930000 50
47701.800000 7.940000 50
47727.000000 7.950000 50
47749.800000 7.960000 50
47776.600000 7.970000 50
47795.800000 7.980000 50
47823.800000 7.990000 50
47855.800000 8.000000 50
47880.600000 8.010000 50
47900.200000 8.020000 50
47916.200000 8.030000 50
47936.200000 8.040000 50
47948.600000 8.050000 50
47969.800000 8.060000 50
47980.200000 8.070000 50
47999.000000 8.080000 50
48007.800000 8.090000 50
48027.000000 8.100000 50
48055.000000 8.110000 50
48071.400000 8.120000 50
48093.800000 8.130000 50
48116.200000 8.140000 50
48175.400000 8.150000 50
48199.400000 8.160000 50
48231.400000 8.170000 50
48243.000000 8.180000 50
48265.800000 8.190000 50
48299.800000 8.200000 50
48319.800000 8.210000 50
48646.200000 8.220000 50
48666.200000 8.230000 50
48696.600000 8.240000 50
48704.200000 8.250000 50
48729.800000 8.260000 50
48764.600000 8.270000 50
48787.400000 8.280000 50
48813.400000 8.290000 50
48840.600000 8.300000 50
48871.400000 8.310000 50
48885.800000 8.320000 50
48903.400000 8.330000 50
48928.200000 8.340000 50
48942.600000 8.350000 50
48968.600000 8.360000 50
48988.600000 8.370000 50
48996.600000 8.380000 50
49015.800000 8.390000 50
49039.400000 8.400000 50
49061.400000 8.410000 50
49082.200000 8.420000 50
49096.200000 8.430000 50
49115.800000 8.440000 50
49139.400000 8.450000 50
49169.800000 8.460000 50
49185.800000 8.470000 50
49197.000000 8.480000 50
49229.000000 8.490000 50
49246.200000 8.500000 50
49265.800000 8.510000 50
49292.600000 8.520000 50
49320.200000 8.530000 50
49346.200000 8.540000 50
49376.600000 8.550000 50
49393.800000 8.560000 50
49426.200000 8.570000 50
49459.400000 8.580000 50
49487.800000 8.590000 50
49526.200000 8.600000 50
49543.400000 8.610000 50
49564.600000 8.620000 50
49581.400000 8.630000 50
49620.600000 8.640000 50
49650.600000 8.650000 50
49673.400000 8.660000 50
49686.600000 8.670000 50
49711.000000 8.680000 50
49724.600000 8.690000 50
49764.200000 8.700000 50
49798.600000 8.710000 50
49849.000000 8.720000 50
49869.000000 8.730000 50
49889.800000 8.740000 50
49911.000000 8.750000 50
49923.000000 8.760000 50
49958.600000 8.770000 50
50001.800000 8.780000 50
50036.200000 8.790000 50
50057.000000 8.800000 50
50104.200000 8.810000 50
50119.800000 8.820000 50
50131.000000 8.830000 50
50151.400000 8.840000 50
50173.000000 8.850000 50
50225.400000 8.860000 50
50251.800000 8.870000 50
50272.200000 8.880000 50
50295.000000 8.890000 50
50321.800000 8.900000 50
50369.800000 8.910000 50
50400.600000 8.920000 50
50422.600000 8.930000 50
50452.200000 8.940000 50
50489.400000 8.950000 50
50510.200000 8.960000 50
50533.000000 8.970000 50
50561.000000 8.980000 50
50589.800000 8.990000 50
50636.600000 9.000000 50
50675.000000 9.010000 50
50709.400000 9.020000 50
50737.400000 9.030000 50
50759.000000 9.040000 50
50787.400000 9.050000 50
50807.400000 9.060000 50
50832.200000 9.070000 50
50843.800000 9.080000 50
50858.600000 9.090000 50
50871.400000 9.100000 50
50897.800000 9.110000 50
50918.200000 9.120000 50
50935.000000 9.130000 50
50956.200000 9.140000 50
50989.400000 9.150000 50
51213.000000 9.160000 50
51228.600000 9.170000 50
51253.000000 9.180000 50
51281.800000 9.190000 50
51294.200000 9.200000 50
51325.400000 9.210000 50
51349.400000 9.220000 50
51360.600000 9.230000 50
51397.400000 9.240000 50
51416.600000 9.250000 50
51450.600000 9.260000 50
51472.600000 9.270000 50
51499.000000 9.280000 50
51519.000000 9.290000 50
51552.600000 9.300000 50
51581.000000 9.310000 50
51604.600000 9.320000 50
51623.000000 9.330000 50
51659.400000 9.340000 50
51677.000000 9.350000 50
51729.800000 9.360000 50
51731.800000 9.370000 50
51779.000000 9.380000 50
51797.000000 9.390000 50
51837.000000 9.400000 50
51866.600000 9.410000 50
51891.800000 9.420000 50
51918.200000 9.430000 50
51939.800000 9.440000 50
51957.800000 9.450000 50
51989.000000 9.460000 50
52014.600000 9.470000 50
52035.800000 9.480000 50
52082.600000 9.490000 50
52105.800000 9.500000 50
52185.000000 9.510000 50
52199.800000 9.520000 50
52215.000000 9.530000 50
52245.800000 9.540000 50
52265.800000 9.550000 50
52295.000000 9.560000 50
52320.200000 9.570000 50
52347.000000 9.580000 50
52363.400000 9.590000 50
52395.400000 9.600000 50
52438.600000 9.610000 50
52469.800000 9.620000 50
52498.600000 9.630000 50
52529.400000 9.640000 50
52571.800000 9.650000 50
52619.400000 9.660000 50
52645.400000 9.670000 50
52677.400000 9.680000 50
52697.000000 9.690000 50
52710.200000 9.700000 50
52738.200000 9.710000 50
52759.000000 9.720000 50
52792.600000 9.730000 50
52816.600000 9.740000 50
52856.600000 9.750000 50
52894.200000 9.760000 50
52917.400000 9.770000 50
52946.200000 9.780000 50
52974.600000 9.790000 50
52985.000000 9.800000 50
53005.000000 9.810000 50
53016.200000 9.820000 50
53023.000000 9.830000 50
53036.200000 9.840000 50
53060.200000 9.850000 50
53081.800000 9.860000 50
53103.000000 9.870000 50
53145.000000 9.880000 50
53158.600000 9.890000 50
53186.600000 9.900000 50
53202.600000 9.910000 50
53225.400000 9.920000 50
53243.400000 9.930000 50
53273.800000 9.940000 50
53291.400000 9.950000 50
53315.800000 9.960000 50
53377.800000 9.970000 50
53388.600000 9.980000 50
53396.200000 9.990000 50
53417.800000 10.000000 50
53433.400000 10.010000 50
53453.800000 10.020000 50
53483.800000 10.030000 50
53511.000000 10.040000 50
53537.800000 10.050000 50
53551.000000 10.060000 50
53570.600000 10.070000 50
53620.600000 10.080000 50
53652.200000 10.090000 50
53677.400000 10.100000 50
53702.200000 10.110000 50
53727.800000 10.120000 50
53763.800000 10.130000 50
53781.000000 10.140000 50
53807.800000 10.150000 50
53827.800000 10.160000 50
53839.800000 10.170000 50
53863.000000 10.180000 50
53905.000000 10.190000 50
53918.600000 10.200000 50
53944.200000 10.210000 50
53969.000000 10.220000 50
53999.000000 10.230000 50
54034.200000 10.240000 50
54051.800000 10.250000 50
54065.000000 10.260000 50
54086.200000 10.270000 50
54109.000000 10.280000 50
54127.400000 10.290000 50
54150.600000 10.300000 50
54185.400000 10.310000 50
54440.200000 10.320000 50
54463.400000 10.330000 50
54479.000000 10.340000 50
54493.800000 10.350000 50
54512.200000 10.360000 50
54548.200000 10.370000 50
54565.800000 10.380000 50
54597.400000 10.390000 50
54627.400000 10.400000 50
54675.000000 10.410000 50
54695.800000 10.420000 50
54725.000000 10.430000 50
54754.600000 10.440000 50
54786.200000 10.450000 50
54802.200000 10.460000 50
54825.400000 10.470000 50
54842.200000 10.480000 50
54858.600000 10.490000 50
54903.400000 10.500000 50
54923.400000 10.510000 50
54954.200000 10.520000 50
54965.400000 10.530000 50
54992.600000 10.540000 50
55021.000000 10.550000 50
55049.400000 10.560000 50
55072.200000 10.570000 50
55082.200000 10.580000 50
55096.200000 10.590000 50
55111.800000 10.600000 50
55127.400000 10.610000 50
55164.600000 10.620000 50
55179.400000 10.630000 50
55201.000000 10.640000 50
55220.200000 10.650000 50
55242.600000 10.660000 50
55261.800000 10.670000 50
55280.200000 10.680000 50
55295.000000 10.690000 50
55313.400000 10.700000 50
55351.800000 10.710000 50
55380.600000 10.720000 50
55411.000000 10.730000 50
55429.400000 10.740000 50
55455.000000 10.750000 50
55473.400000 10.760000 50
55497.800000 10.770000 50
55540.600000 10.780000 50
55557.400000 10.790000 50
55621.800000 10.800000 50
55636.200000 10.810000 50
55648.200000 10.820000 50
55676.600000 10.830000 50
55702.200000 10.840000 50
55729.400000 10.850000 50
55753.800000 10.860000 50
55783.000000 10.870000 50
55804.200000 10.880000 50
55825.000000 10.890000 50
55839.000000 10.900000 50
55865.400000 10.910000 50
55881.400000 10.920000 50
55941.000000 10.930000 50
55950.600000 10.940000 50
55979.000000 10.950000 50
56007.000000 10.960000 50
56030.600000 10.970000 50
56064.600000 10.980000 50
56083.800000 10.990000 50
56104.600000 11.000000 50
56114.200000 11.010000 50
56138.600000 11.020000 50
56159.800000 11.030000 50
56171.800000 11.040000 50
56196.600000 11.050000 50
56213.000000 11.060000 50
56243.800000 11.070000 50
56259.000000 11.080000 50
56275.000000 11.090000 50
56294.600000 11.100000 50
56319.800000 11.110000 50
56341.800000 11.120000 50
56357.400000 11.130000 50
56381.400000 11.140000 50
56393.000000 11.150000 50
56420.200000 11.160000 50
56446.200000 11.170000 50
56477.400000 11.180000 50
56494.200000 11.190000 50
56509.800000 11.200000 50
56538.200000 11.210000 50
56555.400000 11.220000 50
56581.000000 11.230000 50
56611.400000 11.240000 50
56623.000000 11.250000 50
56651.800000 11.260000 50
56661.400000 11.270000 50
56677.400000 11.280000 50
56704.200000 11.290000 50
56732.600000 11.300000 50
56768.600000 11.310000 50
56799.400000 11.320000 50
56825.400000 11.330000 50
56845.000000 11.340000 50
56869.000000 11.350000 50
56894.200000 11.360000 50
56948.200000 11.370000 50
56964.600000 11.380000 50
56980.600000 11.390000 50
56997.400000 11.400000 50
57018.200000 11.410000 50
57036.200000 11.420000 50
57063.000000 11.430000 50
57073.000000 11.440000 50
57089.400000 11.450000 50
57108.200000 11.460000 50
57134.600000 11.470000 50
57148.200000 11.480000 50
57171.400000 11.490000 50
57185.400000 11.500000 50
57218.600000 11.510000 50
57241.000000 11.520000 50
57255.400000 11.530000 50
57277.000000 11.540000 50
57293.000000 11.550000 50
57313.800000 11.560000 50
57513.000000 11.570000 50
57533.400000 11.580000 50
57562.200000 11.590000 50
57609.000000 11.600000 50
57652.600000 11.610000 50
57674.600000 11.620000 50
57695.800000 11.630000 50
57725.400000 11.640000 50
57756.600000 11.650000 50
57768.600000 11.660000 50
57789.400000 11.670000 50
57808.600000 11.680000 50
57852.600000 11.690000 50
57878.200000 11.700000 50
57919.800000 11.710000 50
57950.200000 11.720000 50
57989.000000 11.730000 50
58019.400000 11.740000 50
58041.400000 11.750000 50
58067.400000 11.760000 50
58081.000000 11.770000 50
58092.200000 11.780000 50
58119.400000 11.790000 50
58144.600000 11.800000 50
58170.200000 11.810000 50
58193.800000 11.820000 50
58208.600000 11.830000 50
58251.800000 11.840000 50
58270.200000 11.850000 50
58287.400000 11.860000 50
58303.800000 11.870000 50
58325.000000 11.880000 50
58329.400000 11.890000 50
58354.600000 11.900000 50
58389.800000 11.910000 50
58410.600000 11.920000 50
58446.200000 11.930000 50
58467.800000 11.940000 50
58487.000000 11.950000 50
58517.000000 11.960000 50
58544.600000 11.970000 50
58563.400000 11.980000 50
58585.000000 11.990000 50
58610.200000 12.000000 50
58634.200000 12.010000 50
58647.000000 12.020000 50
58662.200000 12.030000 50
58690.600000 12.040000 50
58715.400000 12.050000 50
58753.400000 12.060000 50
58765.800000 12.070000 50
58785.400000 12.080000 50
58820.600000 12.090000 50
58837.400000 12.100000 50
58882.200000 12.110000 50
58899.800000 12.120000 50
58921.000000 12.130000 50
58940.600000 12.140000 50
58967.400000 12.150000 50
59001.400000 12.160000 50
59026.600000 12.170000 50
59044.600000 12.180000 50
59072.600000 12.190000 50
59094.600000 12.200000 50
59121.800000 12.210000 50
59146.200000 12.220000 50
59171.800000 12.230000 50
59188.600000 12.240000 50
59212.200000 12.250000 50
59235.800000 12.260000 50
59259.400000 12.270000 50
59279.400000 12.280000 50
59295.000000 12.290000 50
59315.400000 12.300000 50
59328.200000 12.310000 50
59367.400000 12.320000 50
59385.800000 12.330000 50
59409.000000 12.340000 50
59433.800000 12.350000 50
59439.000000 12.360000 50
59459.400000 12.370000 50
59477.400000 12.380000 50
59507.400000 12.390000 50
59516.600000 12.400000 50
59535.800000 12.410000 50
59553.000000 12.420000 50
59576.600000 12.430000 50
59609.000000 12.440000 50
59633.800000 12.450000 50
59656.200000 12.460000 50
59674.600000 12.470000 50
59703.400000 12.480000 50
59727.800000 12.490000 50
59747.800000 12.500000 50
59776.600000 12.510000 50
59805.800000 12.520000 50
59828.600000 12.530000 50
59843.400000 12.540000 50
59868.200000 12.550000 50
59889.800000 12.560000 50
59909.000000 12.570000 50
59914.600000 12.580000 50
59936.600000 12.590000 50
59952.600000 12.600000 50
59974.600000 12.610000 50
60004.600000 12.620000 50
60031.800000 12.630000 50
60054.600000 12.640000 50
60075.800000 12.650000 50
60095.400000 12.660000 50
60118.600000 12.670000 50
60142.600000 12.680000 50
60154.600000 12.690000 50
60176.200000 12.700000 50
60202.600000 12.710000 50
60237.000000 12.720000 50
60257.800000 12.730000 50
60285.800000 12.740000 50
60319.800000 12.750000 50
60352.200000 12.760000 50
60619.800000 12.770000 50
60655.800000 12.780000 50
60682.600000 12.790000 50
60703.800000 12.800000 50
60732.200000 12.810000 50
60751.800000 12.820000 50
60780.200000 12.830000 50
60797.800000 12.840000 50
60817.800000 12.850000 50
60850.200000 12.860000 50
60889.800000 12.870000 50
60911.800000 12.880000 50
60935.400000 12.890000 50
60943.800000 12.900000 50
60963.000000 12.910000 50
60982.600000 12.920000 50
61011.800000 12.930000 50
61033.400000 12.940000 50
61057.800000 12.950000 50
61081.800000 12.960000 50
61104.200000 12.970000 50
61126.600000 12.980000 50
61145.800000 12.990000 50
61159.800000 13.000000 50
61188.600000 13.010000 50
61213.800000 13.020000 50
61246.600000 13.030000 50
61272.200000 13.040000 50
61291.800000 13.050000 50
61314.600000 13.060000 50
61335.800000 13.070000 50
61347.400000 13.080000 50
61368.600000 13.090000 50
61405.400000 13.100000 50
61421.400000 13.110000 50
61444.600000 13.120000 50
61458.200000 13.130000 50
61491.000000 13.140000 50
61511.400000 13.150000 50
61537.400000 13.160000 50
61566.600000 13.170000 50
61601.800000 13.180000 50
61620.200000 13.190000 50
61635.000000 13.200000 50
61657.000000 13.210000 50
61683.400000 13.220000 50
61698.600000 13.230000 50
61726.600000 13.240000 50
61739.400000 13.250000 50
61774.200000 13.260000 50
61791.400000 13.270000 50
61818.600000 13.280000 50
61827.800000 13.290000 50
61856.600000 13.300000 50
61892.600000 13.310000 50
61910.200000 13.320000 50
61937.400000 13.330000 50
61969.000000 13.340000 50
61981.400000 13.350000 50
61993.800000 13.360000 50
62025.000000 13.370000 50
62039.000000 13.380000 50
62063.800000 13.390000 50
62084.600000 13.400000 50
62120.200000 13.410000 50
62138.600000 13.420000 50
62158.600000 13.430000 50
62179.800000 13.440000 50
62204.600000 13.450000 50
62235.400000 13.460000 50
62259.800000 13.470000 50
62283.000000 13.480000 50
62305.800000 13.490000 50
62337.400000 13.500000 50
62367.000000 13.510000 50
62387.000000 13.520000 50
62405.400000 13.530000 50
62419.000000 13.540000 50
62443.000000 13.550000 50
62457.400000 13.560000 50
62475.800000 13.570000 50
62519.800000 13.580000 50
62556.200000 13.590000 50
62581.000000 13.600000 50
62610.200000 13.610000 50
62641.400000 13.620000 50
62694.600000 13.630000 50
62733.800000 13.640000 50
62745.000000 13.650000 50
62788.600000 13.660000 50
62821.800000 13.670000 50
62843.000000 13.680000 50
62861.800000 13.690000 50
62879.800000 13.700000 50
62926.200000 13.710000 50
62939.800000 13.720000 50
62960.600000 13.730000 50
62968.600000 13.740000 50
62985.800000 13.750000 50
63000.200000 13.760000 50
63013.400000 13.770000 50
63033.800000 13.780000 50
63058.600000 13.790000 50
63077.400000 13.800000 50
63091.000000 13.810000 50
63121.400000 13.820000 50
63145.800000 13.830000 50
63166.600000 13.840000 50
63195.000000 13.850000 50
63237.800000 13.860000 50
63267.800000 13.870000 50
63295.000000 13.880000 50
63325.000000 13.890000 50
63336.200000 13.900000 50
63349.800000 13.910000 50
63375.400000 13.920000 50
63409.400000 13.930000 50
63436.200000 13.940000 50
63467.000000 13.950000 50
63494.600000 13.960000 50
63525.800000 13.970000 50
63557.800000 13.980000 50
63588.200000 13.990000 50
63607.800000 14.000000 50
63653.400000 14.010000 50
63671.400000 14.020000 50
63681.800000 14.030000 50
63709.400000 14.040000 50
63740.600000 14.050000 50
63756.600000 14.060000 50
63781.400000 14.070000 50
63810.200000 14.080000 50
63837.800000 14.090000 50
63860.200000 14.100000 50
63877.400000 14.110000 50
63904.600000 14.120000 50
63914.200000 14.130000 50
63951.400000 14.140000 50
63978.200000 14.150000 50
63998.200000 14.160000 50
64019.800000 14.170000 50
64033.800000 14.180000 50
64064.200000 14.190000 50
64090.200000 14.200000 50
64109.800000 14.210000 50
64134.200000 14.220000 50
64150.200000 14.230000 50
64177.400000 14.240000 50
64200.200000 14.250000 50
64223.400000 14.260000 50
64242.600000 14.270000 50
64260.200000 14.280000 50
64276.200000 14.290000 50
64309.800000 14.300000 50
64333.800000 14.310000 50
64349.000000 14.320000 50
64582.600000 14.330000 50
64595.000000 14.340000 50
64616.600000 14.350000 50
64639.800000 14.360000 50
64679.400000 14.370000 50
64697.000000 14.380000 50
64724.200000 14.390000 50
64741.800000 14.400000 50
64767.800000 14.410000 50
64805.400000 14.420000 50
64819.000000 14.430000 50
64847.800000 14.440000 50
64868.200000 14.450000 50
64899.800000 14.460000 50
64917.800000 14.470000 50
64937.400000 14.480000 50
64981.000000 14.490000 50
65003.400000 14.500000 50
65026.600000 14.510000 50
65067.800000 14.520000 50
65079.000000 14.530000 50
65109.000000 14.540000 50
65129.800000 14.550000 50
65151.800000 14.560000 50
65160.200000 14.570000 50
65183.800000 14.580000 50
65215.000000 14.590000 50
65234.600000 14.600000 50
65248.200000 14.610000 50
65260.600000 14.620000 50
65280.200000 14.630000 50
65303.800000 14.640000 50
65313.400000 14.650000 50
65335.800000 14.660000 50
65363.400000 14.670000 50
65379.000000 14.680000 50
65427.800000 14.690000 50
65441.400000 14.700000 50
65471.000000 14.710000 50
65494.600000 14.720000 50
65535.400000 14.730000 50
65552.200000 14.740000 50
65575.400000 14.750000 50
65600.600000 14.760000 50
65627.000000 14.770000 50
65664.200000 14.780000 50
65679.400000 14.790000 50
65713.800000 14.800000 50
65740.600000 14.810000 50
65764.600000 14.820000 50
65785.000000 14.830000 50
65807.400000 14.840000 50
65835.400000 14.850000 50
65870.600000 14.860000 50
65905.000000 14.870000 50
65926.200000 14.880000 50
65939.800000 14.890000 50
65976.200000 14.900000 50
65993.400000 14.910000 50
66007.400000 14.920000 50
66032.200000 14.930000 50
66063.400000 14.940000 50
66095.000000 14.950000 50
66111.800000 14.960000 50
66123.400000 14.970000 50
66146.200000 14.980000 50
66175.400000 14.990000 50
66197.000000 15.000000 50
66219.400000 15.010000 50
66259.000000 15.020000 50
66275.800000 15.030000 50
66331.400000 15.040000 50
66345.000000 15.050000 50
66378.600000 15.060000 50
66398.200000 15.070000 50
66425.800000 15.080000 50
66431.400000 15.090000 50
66451.000000 15.100000 50
66476.200000 15.110000 50
66491.400000 15.120000 50
66523.000000 15.130000 50
66542.600000 15.140000 50
66566.600000 15.150000 50
66584.600000 15.160000 50
66610.600000 15.170000 50
66654.600000 15.180000 50
66702.200000 15.190000 50
66733.800000 15.200000 50
66753.800000 15.210000 50
66770.600000 15.220000 50
66789.800000 15.230000 50
66812.200000 15.240000 50
66840.200000 15.250000 50
66863.800000 15.260000 50
66887.000000 15.270000 50
66899.400000 15.280000 50
66929.800000 15.290000 50
66951.000000 15.300000 50
67005.800000 15.310000 50
67031.400000 15.320000 50
67041.800000 15.330000 50
67061.400000 15.340000 50
67079.400000 15.350000 50
67091.000000 15.360000 50
67121.000000 15.370000 50
67134.200000 15.380000 50
67162.600000 15.390000 50
67186.200000 15.400000 50
67227.800000 15.410000 50
67267.000000 15.420000 50
67308.600000 15.430000 50
67330.200000 15.440000 50
67355.400000 15.450000 50
67393.800000 15.460000 50
67471.000000 15.470000 50
67501.000000 15.480000 50
67543.400000 15.490000 50
67565.400000 15.500000 50
67583.000000 15.510000 50
67607.000000 15.520000 50
67629.400000 15.530000 50
67649.800000 15.540000 50
67675.400000 15.550000 50
67704.200000 15.560000 50
67723.800000 15.570000 50
67739.400000 15.580000 50
67767.400000 15.590000 50
67792.600000 15.600000 50
67802.200000 15.610000 50
67844.200000 15.620000 50
67901.400000 15.630000 50
67917.000000 15.640000 50
67953.400000 15.650000 50
67963.400000 15.660000 50
67979.000000 15.670000 50
68014.600000 15.680000 50
68028.200000 15.690000 50
68079.000000 15.700000 50
68138.600000 15.710000 50
68171.000000 15.720000 50
68215.000000 15.730000 50
68253.800000 15.740000 50
68264.600000 15.750000 50
68301.400000 15.760000 50
68333.800000 15.770000 50
68358.600000 15.780000 50
68396.600000 15.790000 50
68466.600000 15.800000 50
68483.400000 15.810000 50
68517.000000 15.820000 50
68538.200000 15.830000 50
68556.200000 15.840000 50
68590.200000 15.850000 50
68606.600000 15.860000 50
68629.400000 15.870000 50
68644.600000 15.880000 50
68679.800000 15.890000 50
68689.400000 15.900000 50
68723.800000 15.910000 50
68758.200000 15.920000 50
68789.800000 15.930000 50
69114.200000 15.940000 50
69133.800000 15.950000 50
69160.200000 15.960000 50
69201.000000 15.970000 50
69241.400000 15.980000 50
69252.200000 15.990000 50
69267.000000 16.000000 50
69314.600000 16.010000 50
69359.800000 16.020000 50
69387.800000 16.030000 50
69410.200000 16.040000 50
69432.200000 16.050000 50
69461.800000 16.060000 50
69500.200000 16.070000 50
69523.800000 16.080000 50
69558.600000 16.090000 50
69593.400000 16.100000 50
69614.200000 16.110000 50
69637.800000 16.120000 50
69695.400000 16.130000 50
69715.000000 16.140000 50
69743.800000 16.150000 50
69777.000000 16.160000 50
69794.200000 16.170000 50
69835.400000 16.180000 50
69868.200000 16.190000 50
69892.200000 16.200000 50
69923.000000 16.210000 50
69947.800000 16.220000 50
69988.200000 16.230000 50
70017.800000 16.240000 50
70043.000000 16.250000 50
70070.600000 16.260000 50
70099.400000 16.270000 50
70146.200000 16.280000 50
70172.200000 16.290000 50
70207.800000 16.300000 50
70236.200000 16.310000 50
70252.600000 16.320000 50
70293.000000 16.330000 50
70334.200000 16.340000 50
70363.000000 16.350000 50
70387.000000 16.360000 50
70460.200000 16.370000 50
70501.400000 16.380000 50
70527.400000 16.390000 50
70540.600000 16.400000 50
70565.400000 16.410000 50
70599.000000 16.420000 50
70632.600000 16.430000 50
70653.000000 16.440000 50
70677.000000 16.450000 50
70708.600000 16.460000 50
70744.200000 16.470000 50
70763.000000 16.480000 50
70771.400000 16.490000 50
70807.000000 16.500000 50
70843.800000 16.510000 50
70863.800000 16.520000 50
70887.800000 16.530000 50
70921.400000 16.540000 50
70925.800000 16.550000 50
70960.200000 16.560000 50
70973.800000 16.570000 50
71007.000000 16.580000 50
71020.200000 16.590000 50
71053.000000 16.600000 50
71085.000000 16.610000 50
71127.800000 16.620000 50
71165.400000 16.630000 50
71204.200000 16.640000 50
71240.600000 16.650000 50
71257.000000 16.660000 50
71284.200000 16.670000 50
71322.600000 16.680000 50
71344.200000 16.690000 50
71373.800000 16.700000 50
71399.400000 16.710000 50
71434.600000 16.720000 50
71449.000000 16.730000 50
71475.400000 16.740000 50
71499.400000 16.750000 50
71537.800000 16.760000 50
71561.400000 16.770000 50
71573.400000 16.780000 50
71593.400000 16.790000 50
71615.000000 16.800000 50
71634.600000 16.810000 50
71656.600000 16.820000 50
71678.600000 16.830000 50
71696.200000 16.840000 50
71712.200000 16.850000 50
71740.600000 16.860000 50
71759.000000 16.870000 50
71784.200000 16.880000 50
71816.200000 16.890000 50
71837.800000 16.900000 50
71849.000000 16.910000 50
71871.000000 16.920000 50
71887.000000 16.930000 50
71911.400000 16.940000 50
71930.200000 16.950000 50
71947.800000 16.960000 50
71970.200000 16.970000 50
71987.400000 16.980000 50
72006.600000 16.990000 50
72020.200000 17.000000 50
72035.000000 17.010000 50
72073.000000 17.020000 50
72092.600000 17.030000 50
72114.200000 17.040000 50
72325.800000 17.050000 50
72344.200000 17.060000 50
72373.000000 17.070000 50
72399.400000 17.080000 50
72435.800000 17.090000 50
72462.200000 17.100000 50
72488.200000 17.110000 50
72498.600000 17.120000 50
72531.800000 17.130000 50
72551.400000 17.140000 50
72565.000000 17.150000 50
72596.600000 17.160000 50
72631.000000 17.170000 50
72655.400000 17.180000 50
72675.400000 17.190000 50
72689.000000 17.200000 50
72702.600000 17.210000 50
72726.200000 17.220000 50
72747.800000 17.230000 50
72773.800000 17.240000 50
72817.400000 17.250000 50
72830.600000 17.260000 50
72870.600000 17.270000 50
72905.000000 17.280000 50
72930.600000 17.290000 50
72938.600000 17.300000 50
72965.800000 17.310000 50
72985.800000 17.320000 50
73005.800000 17.330000 50
73017.400000 17.340000 50
73036.200000 17.350000 50
73056.200000 17.360000 50
73073.400000 17.370000 50
73090.200000 17.380000 50
73112.600000 17.390000 50
73143.000000 17.400000 50
73159.800000 17.410000 50
73184.200000 17.420000 50
73205.800000 17.430000 50
73250.200000 17.440000 50
73258.600000 17.450000 50
73288.200000 17.460000 50
73307.800000 17.470000 50
73333.400000 17.480000 50
73368.600000 17.490000 50
73401.000000 17.500000 50
73434.200000 17.510000 50
73467.000000 17.520000 50
73498.600000 17.530000 50
73527.800000 17.540000 50
73572.600000 17.550000 50
73594.600000 17.560000 50
73615.000000 17.570000 50
73635.800000 17.580000 50
73677.000000 17.590000 50
73712.200000 17.600000 50
73735.800000 17.610000 50
73780.600000 17.620000 50
73816.200000 17.630000 50
73842.600000 17.640000 50
73857.400000 17.650000 50
73874.600000 17.660000 50
73888.200000 17.670000 50
73912.200000 17.680000 50
73947.400000 17.690000 50
73962.200000 17.700000 50
73972.600000 17.710000 50
73998.600000 17.720000 50
74017.800000 17.730000 50
74043.800000 17.740000 50
74085.000000 17.750000 50
74129.400000 17.760000 50
74168.600000 17.770000 50
74196.600000 17.780000 50
74227.000000 17.790000 50
74247.400000 17.800000 50
74295.000000 17.810000 50
74320.200000 17.820000 50
74333.000000 17.830000 50
74355.000000 17.840000 50
74381.400000 17.850000 50
74423.400000 17.860000 50
74437.400000 17.870000 50
74467.800000 17.880000 50
74492.200000 17.890000 50
74554.200000 17.900000 50
74583.800000 17.910000 50
74619.400000 17.920000 50
74639.800000 17.930000 50
74660.600000 17.940000 50
74851.000000 17.950000 50
74866.600000 17.960000 50
74880.600000 17.970000 50
74903.000000 17.980000 50
74933.400000 17.990000 50
74961.000000 18.000000 50
74995.400000 18.010000 50
75049.800000 18.020000 50
75066.600000 18.030000 50
75087.000000 18.040000 50
75139.400000 18.050000 50
75156.200000 18.060000 50
75175.000000 18.070000 50
75199.000000 18.080000 50
75212.200000 18.090000 50
75225.400000 18.100000 50
75243.400000 18.110000 50
75268.200000 18.120000 50
75288.600000 18.130000 50
75365.400000 18.140000 50
75394.600000 18.150000 50
75413.800000 18.160000 50
75437.400000 18.170000 50
75469.800000 18.180000 50
75505.800000 18.190000 50
75547.000000 18.200000 50
75579.000000 18.210000 50
75601.400000 18.220000 50
75620.200000 18.230000 50
75628.200000 18.240000 50
75643.000000 18.250000 50
75673.000000 18.260000 50
75699.400000 18.270000 50
75732.200000 18.280000 50
75763.800000 18.290000 50
75777.000000 18.300000 50
75795.000000 18.310000 50
75825.000000 18.320000 50
75853.000000 18.330000 50
75864.600000 18.340000 50
75889.000000 18.350000 50
75909.000000 18.360000 50
75966.200000 18.370000 50
76002.200000 18.380000 50
76030.600000 18.390000 50
76052.200000 18.400000 50
76073.800000 18.410000 50
76092.600000 18.420000 50
76121.800000 18.430000 50
76179.000000 18.440000 50
76194.200000 18.450000 50
76216.600000 18.460000 50
76252.600000 18.470000 50
76266.200000 18.480000 50
76292.600000 18.490000 50
76324.600000 18.500000 50
76365.400000 18.510000 50
76383.800000 18.520000 50
76422.600000 18.530000 50
76442.600000 18.540000 50
76459.000000 18.550000 50
76479.400000 18.560000 50
76508.600000 18.570000 50
76531.400000 18.580000 50
76589.000000 18.590000 50
76627.800000 18.600000 50
76657.800000 18.610000 50
76694.600000 18.620000 50
76729.400000 18.630000 50
76745.000000 18.640000 50
76789.400000 18.650000 50
76796.200000 18.660000 50
76821.800000 18.670000 50
76856.600000 18.680000 50
76882.600000 18.690000 50
76913.800000 18.700000 50
76950.200000 18.710000 50
76975.000000 18.720000 50
76999.800000 18.730000 50
77016.200000 18.740000 50
77025.800000 18.750000 50
77110.600000 18.760000 50
77143.400000 18.770000 50
77172.200000 18.780000 50
77191.400000 18.790000 50
77206.200000 18.800000 50
77236.200000 18.810000 50
77263.800000 18.820000 50
77334.600000 18.830000 50
77342.200000 18.840000 50
77361.800000 18.850000 50
77382.200000 18.860000 50
77409.800000 18.870000 50
77438.200000 18.880000 50
77461.800000 18.890000 50
77484.600000 18.900000 50
77502.200000 18.910000 50
77519.000000 18.920000 50
77548.200000 18.930000 50
77564.600000 18.940000 50
77617.800000 18.950000 50
77634.200000 18.960000 50
77666.600000 18.970000 50
77691.400000 18.980000 50
77717.400000 18.990000 50
77765.400000 19.000000 50
77825.800000 19.010000 50
77863.800000 19.020000 50
77929.800000 19.030000 50
77970.200000 19.040000 50
78001.000000 19.050000 50
78030.600000 19.060000 50
78056.600000 19.070000 50
78079.400000 19.080000 50
78103.400000 19.090000 50
78151.000000 19.100000 50
78172.200000 19.110000 50
78206.600000 19.120000 50
78249.800000 19.130000 50
78294.200000 19.140000 50
78330.600000 19.150000 50
78361.800000 19.160000 50
78403.000000 19.170000 50
78428.600000 19.180000 50
78451.400000 19.190000 50
78501.400000 19.200000 50
78532.600000 19.210000 50
78564.600000 19.220000 50
78608.600000 19.230000 50
78616.600000 19.240000 50
78705.800000 19.250000 50
78722.600000 19.260000 50
78737.800000 19.270000 50
78789.400000 19.280000 50
78812.600000 19.290000 50
78851.000000 19.300000 50
78882.200000 19.310000 50
78946.200000 19.320000 50
78980.600000 19.330000 50
79002.200000 19.340000 50
79043.400000 19.350000 50
79086.200000 19.360000 50
79111.000000 19.370000 50
79139.400000 19.380000 50
79153.400000 19.390000 50
79183.000000 19.400000 50
79209.400000 19.410000 50
79222.200000 19.420000 50
79264.600000 19.430000 50
79298.600000 19.440000 50
79318.600000 19.450000 50
79359.400000 19.460000 50
79388.600000 19.470000 50
79465.800000 19.480000 50
79523.800000 19.490000 50
79569.400000 19.500000 50
79660.600000 19.510000 50
79699.800000 19.520000 50
79732.200000 19.530000 50
79767.000000 19.540000 50
79786.200000 19.550000 50
79829.000000 19.560000 50
79833.400000 19.570000 50
79859.800000 19.580000 50
79885.800000 19.590000 50
79927.800000 19.600000 50
79962.600000 19.610000 50
79979.400000 19.620000 50
80003.800000 19.630000 50
80027.000000 19.640000 50
80054.600000 19.650000 50
80076.600000 19.660000 50
80104.600000 19.670000 50
80127.400000 19.680000 50
80141.800000 19.690000 50
80167.800000 19.700000 50
80181.800000 19.710000 50
80210.600000 19.720000 50
80237.000000 19.730000 50
80258.600000 19.740000 50
80281.400000 19.750000 50
80306.600000 19.760000 50
80329.400000 19.770000 50
80344.600000 19.780000 50
80412.200000 19.790000 50
80436.600000 19.800000 50
80494.200000 19.810000 50
80520.600000 19.820000 50
80564.600000 19.830000 50
80596.200000 19.840000 50
80609.800000 19.850000 50
80663.400000 19.860000 50
80691.000000 19.870000 50
80718.600000 19.880000 50
80785.000000 19.890000 50
80984.200000 19.900000 50
80999.000000 19.910000 50
81015.800000 19.920000 50
81043.400000 19.930000 50
81080.600000 19.940000 50
81104.200000 19.950000 50
81119.400000 19.960000 50
81152.600000 19.970000 50
81184.200000 19.980000 50
81221.400000 19.990000 50
81241.400000 20.000000 50
81273.000000 20.010000 50
81313.800000 20.020000 50
81367.800000 20.030000 50
81391.000000 20.040000 50
81420.200000 20.050000 50
81452.200000 20.060000 50
81473.800000 20.070000 50
81496.600000 20.080000 50
81518.200000 20.090000 50
81575.400000 20.100000 50
81619.400000 20.110000 50
81682.200000 20.120000 50
81696.600000 20.130000 50
81732.200000 20.140000 50
81753.800000 20.150000 50
81783.400000 20.160000 50
81820.200000 20.170000 50
81847.800000 20.180000 50
81873.400000 20.190000 50
81933.400000 20.200000 50
81949.000000 20.210000 50
81967.800000 20.220000 50
81991.000000 20.230000 50
82027.800000 20.240000 50
82049.800000 20.250000 50
82072.600000 20.260000 50
82094.600000 20.270000 50
82120.200000 20.280000 50
82147.000000 20.290000 50
82229.000000 20.300000 50
82269.800000 20.310000 50
82310.200000 20.320000 50
82327.800000 20.330000 50
82378.600000 20.340000 50
82397.800000 20.350000 50
82443.400000 20.360000 50
82543.400000 20.370000 50
82592.600000 20.380000 50
82630.200000 20.390000 50
82699.400000 20.400000 50
82721.800000 20.410000 50
82773.400000 20.420000 50
82797.400000 20.430000 50
82813.800000 20.440000 50
82845.800000 20.450000 50
82875.000000 20.460000 50
82911.800000 20.470000 50
82942.200000 20.480000 50
83000.200000 20.490000 50
83025.800000 20.500000 50
83063.000000 20.510000 50
83070.200000 20.520000 50
83104.600000 20.530000 50
83139.800000 20.540000 50
83164.200000 20.550000 50
83181.400000 20.560000 50
83225.400000 20.570000 50
83237.400000 20.580000 50
83275.800000 20.590000 50
83291.000000 20.600000 50
83336.600000 20.610000 50
83368.600000 20.620000 50
83384.600000 20.630000 50
83410.200000 20.640000 50
83426.200000 20.650000 50
83453.400000 20.660000 50
83497.800000 20.670000 50
83533.400000 20.680000 50
83553.400000 20.690000 50
83592.600000 20.700000 50
83636.600000 20.710000 50
83671.400000 20.720000 50
83701.400000 20.730000 50
83742.600000 20.740000 50
83770.600000 20.750000 50
83797.400000 20.760000 50
83827.400000 20.770000 50
83868.600000 20.780000 50
83901.400000 20.790000 50
83938.200000 20.800000 50
84030.200000 20.810000 50
84061.000000 20.820000 50
84122.200000 20.830000 50
84141.400000 20.840000 50
84214.600000 20.850000 50
84266.200000 20.860000 50
84294.600000 20.870000 50
84321.000000 20.880000 50
84333.800000 20.890000 50
84376.200000 20.900000 50
84407.800000 20.910000 50
84429.400000 20.920000 50
84657.800000 20.930000 50
84697.000000 20.940000 50
84722.200000 20.950000 50
84746.200000 20.960000 50
84788.600000 20.970000 50
84807.000000 20.980000 50
84867.800000 20.990000 50
84888.600000 21.000000 50
84900.600000 21.010000 50
84939.400000 21.020000 50
84977.400000 21.030000 50
85015.400000 21.040000 50
85046.600000 21.050000 50
85065.400000 21.060000 50
85087.800000 21.070000 50
85114.600000 21.080000 50
85146.200000 21.090000 50
85191.800000 21.100000 50
85234.600000 21.110000 50
85270.200000 21.120000 50
85304.600000 21.130000 50
85317.400000 21.140000 50
85329.000000 21.150000 50
85354.200000 21.160000 50
85380.200000 21.170000 50
85397.400000 21.180000 50
85421.000000 21.190000 50
85431.000000 21.200000 50
85438.600000 21.210000 50
85484.600000 21.220000 50
85494.200000 21.230000 50
85518.200000 21.240000 50
85588.600000 21.250000 50
85621.400000 21.260000 50
85659.000000 21.270000 50
85676.200000 21.280000 50
85701.000000 21.290000 50
85745.800000 21.300000 50
85767.400000 21.310000 50
85787.800000 21.320000 50
85815.400000 21.330000 50
85832.600000 21.340000 50
85871.800000 21.350000 50
85901.400000 21.360000 50
85921.400000 21.370000 50
85946.200000 21.380000 50
85962.600000 21.390000 50
85985.400000 21.400000 50
86045.800000 21.410000 50
86057.400000 21.420000 50
86089.000000 21.430000 50
86135.400000 21.440000 50
86149.000000 21.450000 50
86185.400000 21.460000 50
86210.600000 21.470000 50
86240.200000 21.480000 50
86275.800000 21.490000 50
86292.200000 21.500000 50
86331.400000 21.510000 50
86362.200000 21.520000 50
86389.000000 21.530000 50
86433.800000 21.540000 50
86460.200000 21.550000 50
86474.600000 21.560000 50
86517.400000 21.570000 50
86544.600000 21.580000 50
86573.800000 21.590000 50
86594.200000 21.600000 50
86623.800000 21.610000 50
86660.200000 21.620000 50
86703.800000 21.630000 50
86731.800000 21.640000 50
86764.200000 21.650000 50
86813.800000 21.660000 50
86842.600000 21.670000 50
86866.600000 21.680000 50
86915.400000 21.690000 50
86958.600000 21.700000 50
86993.000000 21.710000 50
87041.000000 21.720000 50
87075.000000 21.730000 50
87087.400000 21.740000 50
87125.400000 21.750000 50
87156.600000 21.760000 50
87182.600000 21.770000 50
87217.000000 21.780000 50
87235.400000 21.790000 50
87254.200000 21.800000 50
87308.200000 21.810000 50
87342.200000 21.820000 50
87366.200000 21.830000 50
87398.200000 21.840000 50
87426.200000 21.850000 50
87453.800000 21.860000 50
87469.800000 21.870000 50
87495.400000 21.880000 50
87530.200000 21.890000 50
87551.400000 21.900000 50
87570.600000 21.910000 50
87584.600000 21.920000 50
87595.000000 21.930000 50
87614.200000 21.940000 50
87633.000000 21.950000 50
87644.200000 21.960000 50
87665.400000 21.970000 50
87669.000000 21.980000 50
87685.800000 21.990000 50
87711.000000 22.000000 50
87718.600000 22.010000 50
87723.400000 22.020000 50
87750.600000 22.030000 50
87767.800000 22.040000 50
87783.800000 22.050000 50
87817.000000 22.060000 50
87840.200000 22.070000 50
87865.000000 22.080000 50
87922.200000 22.090000 50
87937.800000 22.100000 50
87948.200000 22.110000 50
87967.400000 22.120000 50
88006.200000 22.130000 50
88022.200000 22.140000 50
88048.200000 22.150000 50
88087.000000 22.160000 50
88119.800000 22.170000 50
88157.800000 22.180000 50
88172.200000 22.190000 50
88196.600000 22.200000 50
88232.200000 22.210000 50
88294.200000 22.220000 50
88317.000000 22.230000 50
88340.200000 22.240000 50
88375.400000 22.250000 50
88405.400000 22.260000 50
88430.600000 22.270000 50
88444.600000 22.280000 50
88663.400000 22.290000 50
88675.400000 22.300000 50
88703.800000 22.310000 50
88721.000000 22.320000 50
88739.400000 22.330000 50
88762.200000 22.340000 50
88787.000000 22.350000 50
88807.000000 22.360000 50
88825.800000 22.370000 50
88864.200000 22.380000 50
88876.200000 22.390000 50
88903.000000 22.400000 50
88935.800000 22.410000 50
88955.000000 22.420000 50
88989.400000 22.430000 50
89005.000000 22.440000 50
89014.200000 22.450000 50
89039.800000 22.460000 50
89066.600000 22.470000 50
89086.600000 22.480000 50
89121.000000 22.490000 50
89136.600000 22.500000 50
89158.600000 22.510000 50
89423.800000 22.520000 50
89445.000000 22.530000 50
89468.200000 22.540000 50
89491.800000 22.550000 50
89507.000000 22.560000 50
89535.800000 22.570000 50
89574.200000 22.580000 50
89589.800000 22.590000 50
89643.800000 22.600000 50
89682.200000 22.610000 50
89715.000000 22.620000 50
89742.200000 22.630000 50
89787.800000 22.640000 50
89815.800000 22.650000 50
89856.200000 22.660000 50
89901.800000 22.670000 50
89928.600000 22.680000 50
89975.000000 22.690000 50
89996.200000 22.700000 50
90017.800000 22.710000 50
90052.200000 22.720000 50
90065.400000 22.730000 50
90091.000000 22.740000 50
90123.400000 22.750000 50
90142.200000 22.760000 50
90177.800000 22.770000 50
90198.600000 22.780000 50
90220.600000 22.790000 50
90251.000000 22.800000 50
90272.200000 22.810000 50
90303.800000 22.820000 50
90321.000000 22.830000 50
90360.600000 22.840000 50
90387.000000 22.850000 50
90410.600000 22.860000 50
90442.200000 22.870000 50
90478.200000 22.880000 50
90500.600000 22.890000 50
90530.200000 22.900000 50
90554.600000 22.910000 50
90581.400000 22.920000 50
90613.800000 22.930000 50
90647.400000 22.940000 50
90662.200000 22.950000 50
90672.600000 22.960000 50
90693.400000 22.970000 50
90708.600000 22.980000 50
90741.800000 22.990000 50
90761.800000 23.000000 50
90789.000000 23.010000 50
90818.600000 23.020000 50
90843.800000 23.030000 50
90866.200000 23.040000 50
90899.400000 23.050000 50
90931.800000 23.060000 50
90971.800000 23.070000 50
90998.600000 23.080000 50
91037.000000 23.090000 50
91054.600000 23.100000 50
91081.800000 23.110000 50
91111.000000 23.120000 50
91138.200000 23.130000 50
91157.400000 23.140000 50
91174.200000 23.150000 50
91207.000000 23.160000 50
91232.600000 23.170000 50
91258.200000 23.180000 50
91279.400000 23.190000 50
91296.600000 23.200000 50
91329.000000 23.210000 50
91351.000000 23.220000 50
91369.800000 23.230000 50
91385.800000 23.240000 50
91411.000000 23.250000 50
91429.000000 23.260000 50
91458.200000 23.270000 50
91479.800000 23.280000 50
91506.600000 23.290000 50
91533.800000 23.300000 50
91559.000000 23.310000 50
91583.400000 23.320000 50
91615.400000 23.330000 50
91636.600000 23.340000 50
91663.800000 23.350000 50
91696.600000 23.360000 50
91709.800000 23.370000 50
91736.600000 23.380000 50
91757.800000 23.390000 50
91779.800000 23.400000 50
91803.800000 23.410000 50
91824.600000 23.420000 50
91838.600000 23.430000 50
91853.800000 23.440000 50
91868.200000 23.450000 50
91881.400000 23.460000 50
91910.200000 23.470000 50
91926.200000 23.480000 50
91953.800000 23.490000 50
91974.600000 23.500000 50
92011.400000 23.510000 50
92039.000000 23.520000 50
92061.400000 23.530000 50
92083.400000 23.540000 50
92105.800000 23.550000 50
92119.800000 23.560000 50
92141.400000 23.570000 50
92175.800000 23.580000 50
92207.400000 23.590000 50
92217.800000 23.600000 50
92231.800000 23.610000 50
92266.200000 23.620000 50
92304.200000 23.630000 50
92310.600000 23.640000 50
92335.000000 23.650000 50
92565.800000 23.660000 50
92590.200000 23.670000 50
92620.200000 23.680000 50
92637.000000 23.690000 50
92671.000000 23.700000 50
92697.800000 23.710000 50
92727.400000 23.720000 50
92754.200000 23.730000 50
92796.200000 23.740000 50
92809.400000 23.750000 50
92847.000000 23.760000 50
92869.800000 23.770000 50
92905.000000 23.780000 50
92932.600000 23.790000 50
92961.000000 23.800000 50
92978.600000 23.810000 50
93025.800000 23.820000 50
93048.600000 23.830000 50
93092.200000 23.840000 50
93122.200000 23.850000 50
93161.800000 23.860000 50
93183.000000 23.870000 50
93206.600000 23.880000 50
93249.400000 23.890000 50
93296.200000 23.900000 50
93307.000000 23.910000 50
93349.400000 23.920000 50
93378.600000 23.930000 50
93400.200000 23.940000 50
93436.600000 23.950000 50
93458.600000 23.960000 50
93489.800000 23.970000 50
93508.200000 23.980000 50
93526.600000 23.990000 50
93563.400000 24.000000 50
93580.600000 24.010000 50
93618.200000 24.020000 50
93638.600000 24.030000 50
93659.400000 24.040000 50
93675.400000 24.050000 50
93695.000000 24.060000 50
93727.800000 24.070000 50
93743.400000 24.080000 50
93766.200000 24.090000 50
93791.800000 24.100000 50
93808.600000 24.110000 50
93835.000000 24.120000 50
93866.200000 24.130000 50
93883.400000 24.140000 50
93893.000000 24.150000 50
93923.400000 24.160000 50
93949.400000 24.170000 50
93973.800000 24.180000 50
93999.400000 24.190000 50
94019.800000 24.200000 50
94050.200000 24.210000 50
94065.000000 24.220000 50
94086.600000 24.230000 50
94110.600000 24.240000 50
94126.200000 24.250000 50
94153.400000 24.260000 50
94159.000000 24.270000 50
94187.400000 24.280000 50
94197.800000 24.290000 50
94230.600000 24.300000 50
94245.000000 24.310000 50
94264.200000 24.320000 50
94281.800000 24.330000 50
94302.600000 24.340000 50
94315.800000 24.350000 50
94343.000000 24.360000 50
94369.000000 24.370000 50
94389.400000 24.380000 50
94417.000000 24.390000 50
94431.000000 24.400000 50
94455.800000 24.410000 50
94475.800000 24.420000 50
94503.000000 24.430000 50
94533.800000 24.440000 50
94590.600000 24.450000 50
94630.600000 24.460000 50
94671.000000 24.470000 50
94689.400000 24.480000 50
94709.400000 24.490000 50
94739.000000 24.500000 50
94765.800000 24.510000 50
94787.800000 24.520000 50
94812.200000 24.530000 50
94823.000000 24.540000 50
94843.800000 24.550000 50
94856.600000 24.560000 50
94906.200000 24.570000 50
94937.800000 24.580000 50
94961.000000 24.590000 50
94999.400000 24.600000 50
95015.400000 24.610000 50
95036.200000 24.620000 50
95070.600000 24.630000 50
95125.400000 24.640000 50
95151.400000 24.650000 50
95162.600000 24.660000 50
95179.400000 24.670000 50
95204.200000 24.680000 50
95231.400000 24.690000 50
95258.600000 24.700000 50
95289.000000 24.710000 50
95312.200000 24.720000 50
95333.000000 24.730000 50
95345.800000 24.740000 50
95393.400000 24.750000 50
95425.800000 24.760000 50
95449.000000 24.770000 50
95461.400000 24.780000 50
95521.400000 24.790000 50
95563.800000 24.800000 50
95589.000000 24.810000 50
95623.000000 24.820000 50
95640.600000 24.830000 50
95674.200000 24.840000 50
95724.600000 24.850000 50
95735.400000 24.860000 50
95760.600000 24.870000 50
95784.600000 24.880000 50
95838.200000 24.890000 50
95863.400000 24.900000 50
95899.000000 24.910000 50
95921.400000 24.920000 50
95948.200000 24.930000 50
95963.400000 24.940000 50
95976.600000 24.950000 50
95997.000000 24.960000 50
96010.600000 24.970000 50
96031.000000 24.980000 50
96049.800000 24.990000 50
96066.200000 25.000000 50
96087.400000 25.010000 50
96095.000000 25.020000 50
96118.200000 25.030000 50
96140.600000 25.040000 50
96156.200000 25.050000 50
96175.800000 25.060000 50
96204.600000 25.070000 50
96241.400000 25.080000 50
96261.000000 25.090000 50
96276.600000 25.100000 50
96296.600000 25.110000 50
96322.200000 25.120000 50
96341.400000 25.130000 50
96369.800000 25.140000 50
96407.400000 25.150000 50
96441.400000 25.160000 50
96463.400000 25.170000 50
96475.400000 25.180000 50
96505.400000 25.190000 50
96528.600000 25.200000 50
96575.400000 25.210000 50
96596.600000 25.220000 50
96625.000000 25.230000 50
96667.000000 25.240000 50
96706.200000 25.250000 50
96725.400000 25.260000 50
96744.600000 25.270000 50
96767.000000 25.280000 50
96821.000000 25.290000 50
96835.000000 25.300000 50
96850.200000 25.310000 50
96872.600000 25.320000 50
96889.400000 25.330000 50
96908.600000 25.340000 50
96939.000000 25.350000 50
96961.000000 25.360000 50
96984.600000 25.370000 50
97009.800000 25.380000 50
97029.000000 25.390000 50
97037.400000 25.400000 50
97067.800000 25.410000 50
97077.400000 25.420000 50
97116.200000 25.430000 50
97147.000000 25.440000 50
97177.800000 25.450000 50
97213.800000 25.460000 50
97233.000000 25.470000 50
97253.800000 25.480000 50
97278.600000 25.490000 50
97312.600000 25.500000 50
97328.200000 25.510000 50
97346.600000 25.520000 50
97369.800000 25.530000 50
97393.000000 25.540000 50
97419.000000 25.550000 50
97438.600000 25.560000 50
97453.800000 25.570000 50
97467.000000 25.580000 50
97497.000000 25.590000 50
97512.200000 25.600000 50
97534.600000 25.610000 50
97555.800000 25.620000 50
97580.600000 25.630000 50
97629.800000 25.640000 50
97657.000000 25.650000 50
97673.000000 25.660000 50
97703.800000 25.670000 50
97734.200000 25.680000 50
97739.400000 25.690000 50
97765.800000 25.700000 50
97796.200000 25.710000 50
97812.200000 25.720000 50
97842.600000 25.730000 50
97872.200000 25.740000 50
97881.800000 25.750000 50
97885.800000 25.760000 50
97902.200000 25.770000 50
97927.400000 25.780000 50
97949.000000 25.790000 50
97961.400000 25.800000 50
97989.400000 25.810000 50
98016.600000 25.820000 50
98035.400000 25.830000 50
98063.000000 25.840000 50
98078.200000 25.850000 50
98105.800000 25.860000 50
98127.800000 25.870000 50
98151.400000 25.880000 50
98169.400000 25.890000 50
98189.400000 25.900000 50
98225.000000 25.910000 50
98252.600000 25.920000 50
98275.800000 25.930000 50
98286.200000 25.940000 50
98314.600000 25.950000 50
98339.400000 25.960000 50
98368.200000 25.970000 50
98397.000000 25.980000 50
98419.400000 25.990000 50
98451.000000 26.000000 50
98477.000000 26.010000 50
98704.600000 26.020000 50
98725.000000 26.030000 50
98743.800000 26.040000 50
98770.200000 26.050000 50
98797.400000 26.060000 50
98825.800000 26.070000 50
98859.000000 26.080000 50
98899.000000 26.090000 50
98913.000000 26.100000 50
98935.400000 26.110000 50
98955.400000 26.120000 50
98992.600000 26.130000 50
99032.600000 26.140000 50
99049.000000 26.150000 50
99074.200000 26.160000 50
99099.000000 26.170000 50
99113.000000 26.180000 50
99138.600000 26.190000 50
99173.800000 26.200000 50
99181.400000 26.210000 50
99213.800000 26.220000 50
99221.400000 26.230000 50
99247.000000 26.240000 50
99272.600000 26.250000 50
99300.200000 26.260000 50
99321.800000 26.270000 50
99352.200000 26.280000 50
99376.600000 26.290000 50
99399.400000 26.300000 50
99415.800000 26.310000 50
99445.400000 26.320000 50
99467.400000 26.330000 50
99490.600000 26.340000 50
99541.400000 26.350000 50
99585.400000 26.360000 50
99618.200000 26.370000 50
99640.600000 26.380000 50
99691.400000 26.390000 50
99724.200000 26.400000 50
99760.200000 26.410000 50
99800.600000 26.420000 50
99823.800000 26.430000 50
99848.200000 26.440000 50
99873.400000 26.450000 50
99902.600000 26.460000 50
99929.800000 26.470000 50
99945.400000 26.480000 50
99967.800000 26.490000 50
99983.800000 26.500000 50
99991.400000 26.510000 50
100008.600000 26.520000 50
100021.400000 26.530000 50
100041.800000 26.540000 50
100065.000000 26.550000 50
100085.800000 26.560000 50
100109.400000 26.570000 50
100135.000000 26.580000 50
100145.000000 26.590000 50
100161.800000 26.600000 50
100185.000000 26.610000 50
100197.800000 26.620000 50
100208.600000 26.630000 50
100241.400000 26.640000 50
100271.400000 26.650000 50
100283.400000 26.660000 50
100322.200000 26.670000 50
100340.200000 26.680000 50
100369.000000 26.690000 50
100397.400000 26.700000 50
100501.400000 26.710000 50
100519.400000 26.720000 50
100532.200000 26.730000 50
100554.200000 26.740000 50
100563.000000 26.750000 50
100597.000000 26.760000 50
100622.600000 26.770000 50
100647.800000 26.780000 50
100685.000000 26.790000 50
100713.000000 26.800000 50
100730.600000 26.810000 50
100761.400000 26.820000 50
100785.800000 26.830000 50
100817.000000 26.840000 50
100828.200000 26.850000 50
100853.800000 26.860000 50
100884.600000 26.870000 50
100909.800000 26.880000 50
100933.400000 26.890000 50
100951.800000 26.900000 50
100959.400000 26.910000 50
101004.600000 26.920000 50
101018.600000 26.930000 50
101035.800000 26.940000 50
101066.200000 26.950000 50
101102.200000 26.960000 50
101120.200000 26.970000 50
101157.000000 26.980000 50
101177.400000 26.990000 50
101200.200000 27.000000 50
101237.000000 27.010000 50
101253.000000 27.020000 50
101291.400000 27.030000 50
101318.200000 27.040000 50
101346.200000 27.050000 50
101368.200000 27.060000 50
101389.400000 27.070000 50
101403.400000 27.080000 50
101438.200000 27.090000 50
101461.400000 27.100000 50
101479.400000 27.110000 50
101503.000000 27.120000 50
101531.400000 27.130000 50
101549.800000 27.140000 50
101591.400000 27.150000 50
101602.200000 27.160000 50
101629.400000 27.170000 50
101631.800000 27.180000 50
101650.600000 27.190000 50
101682.200000 27.200000 50
101719.400000 27.210000 50
101749.000000 27.220000 50
101781.800000 27.230000 50
101804.200000 27.240000 50
101819.800000 27.250000 50
101846.600000 27.260000 50
101867.400000 27.270000 50
101888.200000 27.280000 50
101914.200000 27.290000 50
101951.400000 27.300000 50
101983.800000 27.310000 50
102004.200000 27.320000 50
102026.600000 27.330000 50
102075.000000 27.340000 50
102109.400000 27.350000 50
102132.200000 27.360000 50
102170.200000 27.370000 50
102401.400000 27.380000 50
102427.000000 27.390000 50
102445.800000 27.400000 50
102459.400000 27.410000 50
102487.000000 27.420000 50
102517.400000 27.430000 50
102539.400000 27.440000 50
102561.400000 27.450000 50
102575.400000 27.460000 50
102586.200000 27.470000 50
102602.600000 27.480000 50
102619.800000 27.490000 50
102631.800000 27.500000 50
102661.000000 27.510000 50
102676.200000 27.520000 50
102705.000000 27.530000 50
102731.400000 27.540000 50
102751.000000 27.550000 50
102789.800000 27.560000 50
102806.600000 27.570000 50
102836.600000 27.580000 50
102875.000000 27.590000 50
102903.000000 27.600000 50
102932.600000 27.610000 50
102953.000000 27.620000 50
102987.000000 27.630000 50
103011.400000 27.640000 50
103039.800000 27.650000 50
103053.000000 27.660000 50
103074.200000 27.670000 50
103099.400000 27.680000 50
103115.400000 27.690000 50
103133.400000 27.700000 50
103152.200000 27.710000 50
103176.600000 27.720000 50
103199.800000 27.730000 50
103213.400000 27.740000 50
103235.800000 27.750000 50
103251.800000 27.760000 50
103273.400000 27.770000 50
103297.400000 27.780000 50
103317.000000 27.790000 50
103344.200000 27.800000 50
103355.400000 27.810000 50
103364.600000 27.820000 50
103385.000000 27.830000 50
103404.200000 27.840000 50
103421.000000 27.850000 50
103443.000000 27.860000 50
103476.200000 27.870000 50
103506.200000 27.880000 50
103525.000000 27.890000 50
103546.200000 27.900000 50
103569.000000 27.910000 50
103581.800000 27.920000 50
103592.600000 27.930000 50
103619.800000 27.940000 50
103647.800000 27.950000 50
103656.200000 27.960000 50
103679.800000 27.970000 50
103707.000000 27.980000 50
103745.800000 27.990000 50
103804.200000 28.000000 50
103831.800000 28.010000 50
103853.000000 28.020000 50
103872.600000 28.030000 50
103899.400000 28.040000 50
103928.200000 28.050000 50
103959.800000 28.060000 50
103987.400000 28.070000 50
104005.400000 28.080000 50
104045.400000 28.090000 50
104067.000000 28.100000 50
104086.200000 28.110000 50
104121.000000 28.120000 50
104139.000000 28.130000 50
104151.000000 28.140000 50
104180.600000 28.150000 50
104217.400000 28.160000 50
104247.000000 28.170000 50
104270.200000 28.180000 50
104296.200000 28.190000 50
104331.400000 28.200000 50
104353.800000 28.210000 50
104357.800000 28.220000 50
104385.800000 28.230000 50
104411.800000 28.240000 50
104430.600000 28.250000 50
104459.000000 28.260000 50
104485.800000 28.270000 50
104516.600000 28.280000 50
104535.800000 28.290000 50
104573.400000 28.300000 50
104603.000000 28.310000 50
104618.600000 28.320000 50
104637.800000 28.330000 50
104666.600000 28.340000 50
104695.400000 28.350000 50
104719.400000 28.360000 50
104748.600000 28.370000 50
104784.200000 28.380000 50
104805.400000 28.390000 50
104818.600000 28.400000 50
104857.800000 28.410000 50
104889.000000 28.420000 50
104916.600000 28.430000 50
104937.800000 28.440000 50
104972.600000 28.450000 50
104997.400000 28.460000 50
105025.400000 28.470000 50
105051.000000 28.480000 50
105061.800000 28.490000 50
105087.800000 28.500000 50
105100.200000 28.510000 50
105138.200000 28.520000 50
105165.800000 28.530000 50
105191.400000 28.540000 50
105211.000000 28.550000 50
105239.000000 28.560000 50
105260.200000 28.570000 50
105289.800000 28.580000 50
105319.800000 28.590000 50
105338.200000 28.600000 50
105377.400000 28.610000 50
105396.200000 28.620000 50
105430.200000 28.630000 50
105449.000000 28.640000 50
105492.600000 28.650000 50
105755.400000 28.660000 50
105783.400000 28.670000 50
105802.200000 28.680000 50
105823.800000 28.690000 50
105858.600000 28.700000 50
105877.800000 28.710000 50
105888.600000 28.720000 50
105925.000000 28.730000 50
105939.000000 28.740000 50
105965.800000 28.750000 50
105993.400000 28.760000 50
106013.400000 28.770000 50
106044.600000 28.780000 50
106057.000000 28.790000 50
106069.000000 28.800000 50
106093.000000 28.810000 50
106114.200000 28.820000 50
106134.600000 28.830000 50
106158.600000 28.840000 50
106184.200000 28.850000 50
106209.000000 28.860000 50
106227.800000 28.870000 50
106259.800000 28.880000 50
106279.000000 28.890000 50
106312.200000 28.900000 50
106335.400000 28.910000 50
106348.200000 28.920000 50
106384.200000 28.930000 50
106405.800000 28.940000 50
106502.600000 28.950000 50
106531.800000 28.960000 50
106553.800000 28.970000 50
106591.800000 28.980000 50
106611.400000 28.990000 50
106846.200000 29.000000 50
106863.000000 29.010000 50
106877.000000 29.020000 50
106899.400000 29.030000 50
106921.000000 29.040000 50
106961.000000 29.050000 50
106995.800000 29.060000 50
107020.600000 29.070000 50
107033.800000 29.080000 50
107054.600000 29.090000 50
107088.600000 29.100000 50
107125.800000 29.110000 50
107155.800000 29.120000 50
107169.400000 29.130000 50
107188.200000 29.140000 50
107221.000000 29.150000 50
107249.800000 29.160000 50
107269.800000 29.170000 50
107305.800000 29.180000 50
107341.800000 29.190000 50
107363.800000 29.200000 50
107395.400000 29.210000 50
107433.000000 29.220000 50
107446.200000 29.230000 50
107476.600000 29.240000 50
107511.000000 29.250000 50
107534.200000 29.260000 50
107539.800000 29.270000 50
107576.200000 29.280000 50
107597.400000 29.290000 50
107611.000000 29.300000 50
107631.400000 29.310000 50
107676.200000 29.320000 50
107707.800000 29.330000 50
107740.200000 29.340000 50
107775.400000 29.350000 50
107799.000000 29.360000 50
107828.600000 29.370000 50
107845.800000 29.380000 50
107872.600000 29.390000 50
107903.800000 29.400000 50
107942.200000 29.410000 50
107974.200000 29.420000 50
108012.200000 29.430000 50
108026.200000 29.440000 50
108068.600000 29.450000 50
108097.800000 29.460000 50
108123.400000 29.470000 50
108155.000000 29.480000 50
108162.600000 29.490000 50
108180.600000 29.500000 50
108201.400000 29.510000 50
108217.400000 29.520000 50
108247.400000 29.530000 50
108256.600000 29.540000 50
108456.200000 29.550000 50
108469.000000 29.560000 50
108497.000000 29.570000 50
108510.200000 29.580000 50
108545.800000 29.590000 50
108560.600000 29.600000 50
108570.600000 29.610000 50
108609.000000 29.620000 50
108647.800000 29.630000 50
108679.400000 29.640000 50
108709.000000 29.650000 50
108741.000000 29.660000 50
108761.800000 29.670000 50
108784.200000 29.680000 50
108803.800000 29.690000 50
108831.000000 29.700000 50
108857.400000 29.710000 50
108897.000000 29.720000 50
108928.200000 29.730000 50
108967.000000 29.740000 50
108994.200000 29.750000 50
109033.400000 29.760000 50
109058.200000 29.770000 50
109088.200000 29.780000 50
109110.600000 29.790000 50
109134.600000 29.800000 50
109158.200000 29.810000 50
109200.200000 29.820000 50
109228.200000 29.830000 50
109252.600000 29.840000 50
109291.000000 29.850000 50
109320.600000 29.860000 50
109331.800000 29.870000 50
109351.800000 29.880000 50
109384.200000 29.890000 50
109409.800000 29.900000 50
109444.600000 29.910000 50
109467.000000 29.920000 50
109496.600000 29.930000 50
109559.400000 29.940000 50
109583.400000 29.950000 50
109615.000000 29.960000 50
109643.000000 29.970000 50
109675.800000 29.980000 50
109711.000000 29.990000 50
