25230.200000 0.000000 60
25291.800000 0.010000 60
25340.200000 0.020000 60
25422.600000 0.030000 60
25488.200000 0.040000 60
25556.200000 0.050000 60
25598.200000 0.060000 60
25632.600000 0.070000 60
25664.200000 0.080000 60
25714.200000 0.090000 60
25743.000000 0.100000 60
25785.000000 0.110000 60
25817.000000 0.120000 60
25868.200000 0.130000 60
25898.600000 0.140000 60
25940.200000 0.150000 60
25979.400000 0.160000 60
26013.400000 0.170000 60
26053.400000 0.180000 60
26074.600000 0.190000 60
26113.400000 0.200000 60
26152.200000 0.210000 60
26170.600000 0.220000 60
26219.400000 0.230000 60
26226.600000 0.240000 60
26266.200000 0.250000 60
26287.400000 0.260000 60
26322.200000 0.270000 60
26334.600000 0.280000 60
26368.600000 0.290000 60
26401.800000 0.300000 60
26432.200000 0.310000 60
26461.000000 0.320000 60
26478.200000 0.330000 60
26498.600000 0.340000 60
26530.600000 0.350000 60
26545.400000 0.360000 60
26563.000000 0.370000 60
26583.800000 0.380000 60
26604.600000 0.390000 60
26615.400000 0.400000 60
26649.400000 0.410000 60
26671.400000 0.420000 60
26710.200000 0.430000 60
26727.400000 0.440000 60
26753.000000 0.450000 60
26767.400000 0.460000 60
26793.000000 0.470000 60
26826.600000 0.480000 60
26864.200000 0.490000 60
26907.800000 0.500000 60
26945.000000 0.510000 60
26984.200000 0.520000 60
27012.200000 0.530000 60
27037.000000 0.540000 60
27059.000000 0.550000 60
27077.400000 0.560000 60
27102.600000 0.570000 60
27155.000000 0.580000 60
27199.400000 0.590000 60
27237.400000 0.600000 60
27279.400000 0.610000 60
27323.800000 0.620000 60
27346.600000 0.630000 60
27385.800000 0.640000 60
27426.600000 0.650000 60
27457.400000 0.660000 60
27511.400000 0.670000 60
27544.200000 0.680000 60
27569.400000 0.690000 60
27600.200000 0.700000 60
27614.600000 0.710000 60
27652.600000 0.720000 60
27669.800000 0.730000 60
27738.600000 0.740000 60
27783.800000 0.750000 60
27827.800000 0.760000 60
27869.400000 0.770000 60
27917.400000 0.780000 60
27939.800000 0.790000 60
27985.000000 0.800000 60
28044.200000 0.810000 60
28081.000000 0.820000 60
28123.000000 0.830000 60
28139.400000 0.840000 60
28173.800000 0.850000 60
28188.600000 0.860000 60
28219.800000 0.870000 60
28246.600000 0.880000 60
28265.000000 0.890000 60
28319.000000 0.900000 60
28370.200000 0.910000 60
28406.600000 0.920000 60
28443.800000 0.930000 60
28493.800000 0.940000 60
28535.800000 0.950000 60
28577.800000 0.960000 60
28603.400000 0.970000 60
28639.400000 0.980000 60
28670.200000 0.990000 60
28697.400000 1.000000 60
28719.400000 1.010000 60
28763.000000 1.020000 60
28813.000000 1.030000 60
28831.400000 1.040000 60
28913.400000 1.050000 60
28940.600000 1.060000 60
28980.600000 1.070000 60
29022.200000 1.080000 60
29055.400000 1.090000 60
29094.600000 1.100000 60
29109.000000 1.110000 60
29148.600000 1.120000 60
29166.600000 1.130000 60
29203.800000 1.140000 60
29228.600000 1.150000 60
29265.400000 1.160000 60
29331.400000 1.170000 60
29387.000000 1.180000 60
29435.800000 1.190000 60
29466.200000 1.200000 60
29503.400000 1.210000 60
29522.200000 1.220000 60
29542.200000 1.230000 60
29808.200000 1.240000 60
29827.400000 1.250000 60
29878.200000 1.260000 60
29909.000000 1.270000 60
29929.000000 1.280000 60
29941.800000 1.290000 60
29974.200000 1.300000 60
29998.600000 1.310000 60
30021.000000 1.320000 60
30055.400000 1.330000 60
30109.800000 1.340000 60
30135.400000 1.350000 60
30179.000000 1.360000 60
30203.800000 1.370000 60
30241.400000 1.380000 60
30284.200000 1.390000 60
30297.400000 1.400000 60
30322.600000 1.410000 60
30329.400000 1.420000 60
30341.400000 1.430000 60
30381.800000 1.440000 60
30405.800000 1.450000 60
30437.800000 1.460000 60
30465.400000 1.470000 60
30491.800000 1.480000 60
30526.600000 1.490000 60
30559.000000 1.500000 60
30589.000000 1.510000 60
30613.800000 1.520000 60
30627.400000 1.530000 60
30659.800000 1.540000 60
30688.600000 1.550000 60
30723.800000 1.560000 60
30747.800000 1.570000 60
30778.600000 1.580000 60
30810.200000 1.590000 60
30830.600000 1.600000 60
30845.400000 1.610000 60
30885.800000 1.620000 60
30895.400000 1.630000 60
30915.400000 1.640000 60
30945.800000 1.650000 60
30960.200000 1.660000 60
30979.400000 1.670000 60
31208.200000 1.680000 60
31229.800000 1.690000 60
31256.200000 1.700000 60
31285.000000 1.710000 60
31303.400000 1.720000 60
31324.600000 1.730000 60
31341.800000 1.740000 60
31353.400000 1.750000 60
31373.400000 1.760000 60
31391.000000 1.770000 60
31417.800000 1.780000 60
31461.800000 1.790000 60
31481.000000 1.800000 60
31497.000000 1.810000 60
31534.600000 1.820000 60
31547.400000 1.830000 60
31579.000000 1.840000 60
31594.600000 1.850000 60
31607.800000 1.860000 60
31626.200000 1.870000 60
31653.000000 1.880000 60
31672.600000 1.890000 60
31699.400000 1.900000 60
31710.200000 1.910000 60
31731.800000 1.920000 60
31750.200000 1.930000 60
31773.800000 1.940000 60
31810.600000 1.950000 60
31861.400000 1.960000 60
31888.600000 1.970000 60
31912.200000 1.980000 60
31929.800000 1.990000 60
31951.400000 2.000000 60
31983.400000 2.010000 60
32028.200000 2.020000 60
32045.400000 2.030000 60
32067.000000 2.040000 60
32087.400000 2.050000 60
32107.800000 2.060000 60
32130.600000 2.070000 60
32195.800000 2.080000 60
32235.800000 2.090000 60
32273.800000 2.100000 60
32303.000000 2.110000 60
32345.000000 2.120000 60
32359.400000 2.130000 60
32373.800000 2.140000 60
32399.400000 2.150000 60
32429.800000 2.160000 60
32443.000000 2.170000 60
32456.600000 2.180000 60
32492.600000 2.190000 60
32505.000000 2.200000 60
32526.600000 2.210000 60
32569.000000 2.220000 60
32587.000000 2.230000 60
32625.800000 2.240000 60
32657.400000 2.250000 60
32672.600000 2.260000 60
32698.200000 2.270000 60
32721.800000 2.280000 60
32747.400000 2.290000 60
32779.400000 2.300000 60
32795.400000 2.310000 60
32822.600000 2.320000 60
32865.400000 2.330000 60
32895.000000 2.340000 60
32908.200000 2.350000 60
32927.400000 2.360000 60
32954.600000 2.370000 60
32995.000000 2.380000 60
33007.800000 2.390000 60
33040.200000 2.400000 60
33077.400000 2.410000 60
33119.400000 2.420000 60
33149.400000 2.430000 60
33201.800000 2.440000 60
33237.800000 2.450000 60
33251.000000 2.460000 60
33270.200000 2.470000 60
33299.400000 2.480000 60
33309.400000 2.490000 60
33333.800000 2.500000 60
33355.000000 2.510000 60
33364.200000 2.520000 60
33390.200000 2.530000 60
33416.200000 2.540000 60
33428.600000 2.550000 60
33452.200000 2.560000 60
33469.000000 2.570000 60
33495.800000 2.580000 60
33511.000000 2.590000 60
33533.000000 2.600000 60
33557.000000 2.610000 60
33577.000000 2.620000 60
33617.000000 2.630000 60
33630.600000 2.640000 60
33647.800000 2.650000 60
33675.800000 2.660000 60
33719.400000 2.670000 60
33736.600000 2.680000 60
33763.400000 2.690000 60
33799.000000 2.700000 60
33828.600000 2.710000 60
33854.600000 2.720000 60
33877.000000 2.730000 60
33893.000000 2.740000 60
33909.400000 2.750000 60
33935.000000 2.760000 60
33968.600000 2.770000 60
34000.600000 2.780000 60
34036.600000 2.790000 60
34043.000000 2.800000 60
34066.200000 2.810000 60
34078.200000 2.820000 60
34093.800000 2.830000 60
34114.200000 2.840000 60
34132.200000 2.850000 60
34158.200000 2.860000 60
34182.600000 2.870000 60
34210.200000 2.880000 60
34429.800000 2.890000 60
34449.000000 2.900000 60
34454.600000 2.910000 60
34473.800000 2.920000 60
34503.800000 2.930000 60
34515.800000 2.940000 60
34541.400000 2.950000 60
34573.000000 2.960000 60
34593.400000 2.970000 60
34622.600000 2.980000 60
34648.600000 2.990000 60
34683.400000 3.000000 60
34689.400000 3.010000 60
34721.400000 3.020000 60
34744.200000 3.030000 60
34765.400000 3.040000 60
34787.000000 3.050000 60
34815.800000 3.060000 60
34833.000000 3.070000 60
34895.000000 3.080000 60
34915.400000 3.090000 60
34933.000000 3.100000 60
34960.600000 3.110000 60
34977.000000 3.120000 60
35015.400000 3.130000 60
35015.800000 3.140000 60
35063.400000 3.150000 60
35099.000000 3.160000 60
35110.200000 3.170000 60
35133.800000 3.180000 60
35155.000000 3.190000 60
35179.800000 3.200000 60
35194.200000 3.210000 60
35217.800000 3.220000 60
35250.600000 3.230000 60
35275.000000 3.240000 60
35298.200000 3.250000 60
35325.400000 3.260000 60
35347.400000 3.270000 60
35365.400000 3.280000 60
35392.200000 3.290000 60
35412.200000 3.300000 60
35435.800000 3.310000 60
35459.800000 3.320000 60
35478.600000 3.330000 60
35506.200000 3.340000 60
35519.800000 3.350000 60
35539.800000 3.360000 60
35559.400000 3.370000 60
35586.200000 3.380000 60
35609.000000 3.390000 60
35632.600000 3.400000 60
35647.400000 3.410000 60
35661.400000 3.420000 60
35693.400000 3.430000 60
35711.800000 3.440000 60
35728.600000 3.450000 60
35765.000000 3.460000 60
35788.200000 3.470000 60
35817.400000 3.480000 60
35835.400000 3.490000 60
35858.600000 3.500000 60
35876.200000 3.510000 60
35889.800000 3.520000 60
35915.400000 3.530000 60
35941.000000 3.540000 60
35983.800000 3.550000 60
36007.400000 3.560000 60
36015.000000 3.570000 60
36033.000000 3.580000 60
36057.400000 3.590000 60
36072.600000 3.600000 60
36124.600000 3.610000 60
36158.600000 3.620000 60
36185.400000 3.630000 60
36205.400000 3.640000 60
36232.600000 3.650000 60
36251.400000 3.660000 60
36265.800000 3.670000 60
36287.400000 3.680000 60
36300.600000 3.690000 60
36311.400000 3.700000 60
36339.000000 3.710000 60
36358.600000 3.720000 60
36382.600000 3.730000 60
36419.400000 3.740000 60
36445.000000 3.750000 60
36479.400000 3.760000 60
36488.600000 3.770000 60
36518.200000 3.780000 60
36539.400000 3.790000 60
36561.400000 3.800000 60
36579.000000 3.810000 60
36600.600000 3.820000 60
36623.800000 3.830000 60
36637.000000 3.840000 60
36659.400000 3.850000 60
36698.200000 3.860000 60
36716.200000 3.870000 60
36736.600000 3.880000 60
36753.800000 3.890000 60
36767.000000 3.900000 60
36791.400000 3.910000 60
36810.600000 3.920000 60
36821.800000 3.930000 60
36848.600000 3.940000 60
36875.000000 3.950000 60
36897.400000 3.960000 60
36904.200000 3.970000 60
36921.400000 3.980000 60
36946.200000 3.990000 60
36956.600000 4.000000 60
36972.200000 4.010000 60
36994.200000 4.020000 60
37010.200000 4.030000 60
37034.200000 4.040000 60
37047.400000 4.050000 60
37069.800000 4.060000 60
37087.000000 4.070000 60
37105.800000 4.080000 60
37124.200000 4.090000 60
37166.200000 4.100000 60
37188.200000 4.110000 60
37206.600000 4.120000 60
37237.000000 4.130000 60
37254.600000 4.140000 60
37277.400000 4.150000 60
37294.200000 4.160000 60
37331.400000 4.170000 60
37357.800000 4.180000 60
37376.600000 4.190000 60
37393.400000 4.200000 60
37413.800000 4.210000 60
37436.200000 4.220000 60
37465.800000 4.230000 60
37475.000000 4.240000 60
37501.000000 4.250000 60
37517.800000 4.260000 60
37557.400000 4.270000 60
37595.800000 4.280000 60
37609.800000 4.290000 60
37649.400000 4.300000 60
37665.400000 4.310000 60
37690.600000 4.320000 60
37705.800000 4.330000 60
37735.400000 4.340000 60
37755.800000 4.350000 60
37781.400000 4.360000 60
37795.000000 4.370000 60
37816.600000 4.380000 60
37837.000000 4.390000 60
37863.000000 4.400000 60
37881.800000 4.410000 60
37902.200000 4.420000 60
37922.600000 4.430000 60
37935.400000 4.440000 60
37956.200000 4.450000 60
37977.400000 4.460000 60
38001.000000 4.470000 60
38019.800000 4.480000 60
38045.000000 4.490000 60
38057.800000 4.500000 60
38083.400000 4.510000 60
38109.400000 4.520000 60
38132.200000 4.530000 60
38161.000000 4.540000 60
38186.200000 4.550000 60
38208.600000 4.560000 60
38241.800000 4.570000 60
38295.800000 4.580000 60
38315.000000 4.590000 60
38353.800000 4.600000 60
38383.800000 4.610000 60
38411.400000 4.620000 60
38425.400000 4.630000 60
38435.800000 4.640000 60
38455.400000 4.650000 60
38472.200000 4.660000 60
38503.000000 4.670000 60
38533.000000 4.680000 60
38568.200000 4.690000 60
38610.600000 4.700000 60
38651.400000 4.710000 60
38680.600000 4.720000 60
38697.800000 4.730000 60
38710.200000 4.740000 60
38744.200000 4.750000 60
38761.400000 4.760000 60
38777.400000 4.770000 60
38804.600000 4.780000 60
38825.400000 4.790000 60
38860.600000 4.800000 60
39084.200000 4.810000 60
39098.600000 4.820000 60
39120.200000 4.830000 60
39141.800000 4.840000 60
39397.400000 4.850000 60
39427.400000 4.860000 60
39453.400000 4.870000 60
39475.000000 4.880000 60
39494.200000 4.890000 60
39517.000000 4.900000 60
39529.400000 4.910000 60
39539.400000 4.920000 60
39556.600000 4.930000 60
39574.600000 4.940000 60
39591.800000 4.950000 60
39609.400000 4.960000 60
39633.000000 4.970000 60
39647.000000 4.980000 60
39667.000000 4.990000 60
39679.000000 5.000000 60
39707.800000 5.010000 60
39722.200000 5.020000 60
39753.800000 5.030000 60
39762.600000 5.040000 60
39788.600000 5.050000 60
39812.600000 5.060000 60
39833.000000 5.070000 60
39863.800000 5.080000 60
39880.200000 5.090000 60
39917.800000 5.100000 60
39943.400000 5.110000 60
39968.200000 5.120000 60
39984.600000 5.130000 60
40010.200000 5.140000 60
40026.600000 5.150000 60
40045.800000 5.160000 60
40071.400000 5.170000 60
40095.000000 5.180000 60
40123.400000 5.190000 60
40148.600000 5.200000 60
40189.800000 5.210000 60
40208.600000 5.220000 60
40224.200000 5.230000 60
40248.600000 5.240000 60
40267.800000 5.250000 60
40291.800000 5.260000 60
40311.400000 5.270000 60
40337.800000 5.280000 60
40364.600000 5.290000 60
40410.600000 5.300000 60
40425.400000 5.310000 60
40443.800000 5.320000 60
40474.200000 5.330000 60
40497.000000 5.340000 60
40521.000000 5.350000 60
40543.000000 5.360000 60
40560.600000 5.370000 60
40571.400000 5.380000 60
40597.400000 5.390000 60
40621.400000 5.400000 60
40660.600000 5.410000 60
40670.600000 5.420000 60
40695.400000 5.430000 60
40717.400000 5.440000 60
40737.400000 5.450000 60
40778.200000 5.460000 60
40811.400000 5.470000 60
40844.200000 5.480000 60
40871.000000 5.490000 60
40905.800000 5.500000 60
40934.600000 5.510000 60
40964.200000 5.520000 60
40986.600000 5.530000 60
41002.600000 5.540000 60
41023.000000 5.550000 60
41033.400000 5.560000 60
41062.600000 5.570000 60
41083.000000 5.580000 60
41110.200000 5.590000 60
41139.800000 5.600000 60
41147.400000 5.610000 60
41184.200000 5.620000 60
41208.200000 5.630000 60
41221.800000 5.640000 60
41250.600000 5.650000 60
41261.000000 5.660000 60
41286.200000 5.670000 60
41303.400000 5.680000 60
41329.800000 5.690000 60
41334.200000 5.700000 60
41369.800000 5.710000 60
41388.200000 5.720000 60
41413.400000 5.730000 60
41447.400000 5.740000 60
41459.800000 5.750000 60
41481.000000 5.760000 60
41502.200000 5.770000 60
41517.000000 5.780000 60
41545.000000 5.790000 60
41569.400000 5.800000 60
41598.200000 5.810000 60
41613.800000 5.820000 60
41642.600000 5.830000 60
41659.000000 5.840000 60
41688.600000 5.850000 60
41713.000000 5.860000 60
41734.200000 5.870000 60
41758.200000 5.880000 60
41776.200000 5.890000 60
41806.200000 5.900000 60
41826.200000 5.910000 60
41850.600000 5.920000 60
41864.200000 5.930000 60
41884.200000 5.940000 60
41911.000000 5.950000 60
41920.200000 5.960000 60
41937.000000 5.970000 60
41960.600000 5.980000 60
41973.800000 5.990000 60
42009.400000 6.000000 60
42029.800000 6.010000 60
42040.200000 6.020000 60
42059.400000 6.030000 60
42083.400000 6.040000 60
42139.000000 6.050000 60
42163.000000 6.060000 60
42196.200000 6.070000 60
42207.400000 6.080000 60
42231.000000 6.090000 60
42255.800000 6.100000 60
42280.200000 6.110000 60
42298.600000 6.120000 60
42322.600000 6.130000 60
42338.600000 6.140000 60
42367.000000 6.150000 60
42391.400000 6.160000 60
42416.600000 6.170000 60
42431.000000 6.180000 60
42457.000000 6.190000 60
42480.200000 6.200000 60
42511.800000 6.210000 60
42529.400000 6.220000 60
42551.000000 6.230000 60
42571.400000 6.240000 60
42593.800000 6.250000 60
42613.400000 6.260000 60
42647.400000 6.270000 60
42677.800000 6.280000 60
42692.200000 6.290000 60
42719.800000 6.300000 60
42737.000000 6.310000 60
42759.800000 6.320000 60
42779.400000 6.330000 60
42791.400000 6.340000 60
42809.000000 6.350000 60
42821.000000 6.360000 60
42832.600000 6.370000 60
42861.400000 6.380000 60
42881.400000 6.390000 60
42908.200000 6.400000 60
42937.000000 6.410000 60
42952.600000 6.420000 60
42979.400000 6.430000 60
43008.600000 6.440000 60
43039.800000 6.450000 60
43062.600000 6.460000 60
43079.400000 6.470000 60
43107.800000 6.480000 60
43120.600000 6.490000 60
43147.000000 6.500000 60
43179.400000 6.510000 60
43199.000000 6.520000 60
43229.800000 6.530000 60
43248.600000 6.540000 60
43279.800000 6.550000 60
43292.600000 6.560000 60
43321.400000 6.570000 60
43331.400000 6.580000 60
43349.800000 6.590000 60
43363.800000 6.600000 60
43371.000000 6.610000 60
43392.600000 6.620000 60
43423.800000 6.630000 60
43465.800000 6.640000 60
43485.800000 6.650000 60
43491.000000 6.660000 60
43509.000000 6.670000 60
43539.000000 6.680000 60
43574.600000 6.690000 60
43585.800000 6.700000 60
43609.000000 6.710000 60
43627.000000 6.720000 60
43643.800000 6.730000 60
43656.600000 6.740000 60
43658.200000 6.750000 60
43678.200000 6.760000 60
43704.200000 6.770000 60
43729.400000 6.780000 60
43760.600000 6.790000 60
43781.400000 6.800000 60
43806.200000 6.810000 60
43841.000000 6.820000 60
43862.600000 6.830000 60
43910.600000 6.840000 60
43941.000000 6.850000 60
43953.400000 6.860000 60
43967.800000 6.870000 60
43975.400000 6.880000 60
43993.000000 6.890000 60
44029.400000 6.900000 60
44056.600000 6.910000 60
44081.000000 6.920000 60
44102.200000 6.930000 60
44135.400000 6.940000 60
44161.000000 6.950000 60
44169.400000 6.960000 60
44202.200000 6.970000 60
44222.200000 6.980000 60
44249.800000 6.990000 60
44267.000000 7.000000 60
44277.400000 7.010000 60
44296.200000 7.020000 60
44315.800000 7.030000 60
44339.800000 7.040000 60
44359.800000 7.050000 60
44368.200000 7.060000 60
44391.400000 7.070000 60
44403.400000 7.080000 60
44430.200000 7.090000 60
44450.200000 7.100000 60
44465.000000 7.110000 60
44487.800000 7.120000 60
44508.200000 7.130000 60
44527.400000 7.140000 60
44555.000000 7.150000 60
44572.200000 7.160000 60
44583.400000 7.170000 60
44603.000000 7.180000 60
44637.000000 7.190000 60
44655.400000 7.200000 60
44692.600000 7.210000 60
44711.400000 7.220000 60
44720.600000 7.230000 60
44754.600000 7.240000 60
44798.200000 7.250000 60
44818.600000 7.260000 60
44835.400000 7.270000 60
44863.000000 7.280000 60
44873.400000 7.290000 60
44893.400000 7.300000 60
44919.800000 7.310000 60
44923.000000 7.320000 60
44948.200000 7.330000 60
44960.600000 7.340000 60
45234.600000 7.350000 60
45249.000000 7.360000 60
45269.000000 7.370000 60
45285.400000 7.380000 60
45311.800000 7.390000 60
45341.800000 7.400000 60
45360.200000 7.410000 60
45377.000000 7.420000 60
45402.600000 7.430000 60
45425.000000 7.440000 60
45439.400000 7.450000 60
45446.200000 7.460000 60
45467.000000 7.470000 60
45484.200000 7.480000 60
45504.200000 7.490000 60
45535.400000 7.500000 60
45562.600000 7.510000 60
45586.200000 7.520000 60
45603.000000 7.530000 60
45613.800000 7.540000 60
45647.000000 7.550000 60
45685.000000 7.560000 60
45712.600000 7.570000 60
45747.000000 7.580000 60
45771.400000 7.590000 60
45824.600000 7.600000 60
45839.400000 7.610000 60
45851.800000 7.620000 60
45877.400000 7.630000 60
45911.000000 7.640000 60
45925.000000 7.650000 60
45944.600000 7.660000 60
45981.400000 7.670000 60
46023.400000 7.680000 60
46040.200000 7.690000 60
46068.600000 7.700000 60
46100.200000 7.710000 60
46128.200000 7.720000 60
46155.800000 7.730000 60
46178.600000 7.740000 60
46205.800000 7.750000 60
46217.000000 7.760000 60
46232.200000 7.770000 60
46261.800000 7.780000 60
46286.200000 7.790000 60
46309.800000 7.800000 60
46321.800000 7.810000 60
46340.600000 7.820000 60
46369.000000 7.830000 60
46402.600000 7.840000 60
46427.800000 7.850000 60
46459.400000 7.860000 60
46484.200000 7.870000 60
46507.400000 7.880000 60
46517.400000 7.890000 60
46548.600000 7.900000 60
46581.800000 7.910000 60
46611.800000 7.920000 60
46623.800000 7.930000 60
46650.200000 7.940000 60
46668.600000 7.950000 60
46685.000000 7.960000 60
46706.600000 7.970000 60
46723.800000 7.980000 60
46737.800000 7.990000 60
46759.800000 8.000000 60
46789.400000 8.010000 60
46807.800000 8.020000 60
46826.600000 8.030000 60
46876.200000 8.040000 60
46903.800000 8.050000 60
46937.800000 8.060000 60
46963.400000 8.070000 60
46994.600000 8.080000 60
47021.800000 8.090000 60
47041.000000 8.100000 60
47066.600000 8.110000 60
47090.600000 8.120000 60
47110.200000 8.130000 60
47138.200000 8.140000 60
47153.400000 8.150000 60
47169.000000 8.160000 60
47190.200000 8.170000 60
47207.800000 8.180000 60
47222.600000 8.190000 60
47244.600000 8.200000 60
47272.200000 8.210000 60
47301.800000 8.220000 60
47326.200000 8.230000 60
47338.600000 8.240000 60
47363.800000 8.250000 60
47387.400000 8.260000 60
47399.800000 8.270000 60
47412.600000 8.280000 60
47445.800000 8.290000 60
47478.200000 8.300000 60
47495.400000 8.310000 60
47536.600000 8.320000 60
47556.200000 8.330000 60
47571.800000 8.340000 60
47590.600000 8.350000 60
47609.000000 8.360000 60
47631.800000 8.370000 60
47641.800000 8.380000 60
47671.000000 8.390000 60
47685.800000 8.400000 60
47885.400000 8.410000 60
47907.000000 8.420000 60
47933.400000 8.430000 60
47958.200000 8.440000 60
47967.000000 8.450000 60
47988.200000 8.460000 60
48004.200000 8.470000 60
48031.000000 8.480000 60
48078.600000 8.490000 60
48095.400000 8.500000 60
48111.400000 8.510000 60
48133.000000 8.520000 60
48157.400000 8.530000 60
48175.400000 8.540000 60
48203.400000 8.550000 60
48221.000000 8.560000 60
48241.000000 8.570000 60
48270.600000 8.580000 60
48281.800000 8.590000 60
48305.000000 8.600000 60
48311.000000 8.610000 60
48343.400000 8.620000 60
48367.400000 8.630000 60
48399.800000 8.640000 60
48416.200000 8.650000 60
48450.600000 8.660000 60
48485.400000 8.670000 60
48496.600000 8.680000 60
48523.400000 8.690000 60
48548.200000 8.700000 60
48565.000000 8.710000 60
48580.600000 8.720000 60
48606.600000 8.730000 60
48661.000000 8.740000 60
48686.600000 8.750000 60
48697.800000 8.760000 60
48713.800000 8.770000 60
48738.200000 8.780000 60
48782.200000 8.790000 60
48801.400000 8.800000 60
48810.600000 8.810000 60
48830.600000 8.820000 60
48870.600000 8.830000 60
48889.800000 8.840000 60
48924.200000 8.850000 60
48951.800000 8.860000 60
48978.600000 8.870000 60
49013.400000 8.880000 60
49036.200000 8.890000 60
49069.800000 8.900000 60
49093.400000 8.910000 60
49118.600000 8.920000 60
49129.800000 8.930000 60
49161.400000 8.940000 60
49196.200000 8.950000 60
49225.800000 8.960000 60
49256.600000 8.970000 60
49285.400000 8.980000 60
49315.000000 8.990000 60
49341.800000 9.000000 60
49367.800000 9.010000 60
49399.400000 9.020000 60
49434.600000 9.030000 60
49456.600000 9.040000 60
49488.200000 9.050000 60
49531.000000 9.060000 60
49553.800000 9.070000 60
49581.000000 9.080000 60
49593.800000 9.090000 60
49620.600000 9.100000 60
49651.400000 9.110000 60
49663.000000 9.120000 60
49689.400000 9.130000 60
49705.400000 9.140000 60
49741.000000 9.150000 60
49767.800000 9.160000 60
49785.000000 9.170000 60
49802.600000 9.180000 60
49835.000000 9.190000 60
49855.400000 9.200000 60
49865.800000 9.210000 60
49883.800000 9.220000 60
49897.000000 9.230000 60
49938.200000 9.240000 60
49966.200000 9.250000 60
49983.400000 9.260000 60
50012.200000 9.270000 60
50032.200000 9.280000 60
50055.000000 9.290000 60
50084.200000 9.300000 60
50114.200000 9.310000 60
50125.800000 9.320000 60
50143.400000 9.330000 60
50164.200000 9.340000 60
50181.000000 9.350000 60
50200.600000 9.360000 60
50232.600000 9.370000 60
50247.000000 9.380000 60
50271.400000 9.390000 60
50288.600000 9.400000 60
50322.600000 9.410000 60
50339.400000 9.420000 60
50361.800000 9.430000 60
50372.600000 9.440000 60
50403.800000 9.450000 60
50430.600000 9.460000 60
50453.800000 9.470000 60
50478.600000 9.480000 60
50493.400000 9.490000 60
50543.000000 9.500000 60
50557.000000 9.510000 60
50620.200000 9.520000 60
50633.000000 9.530000 60
50645.000000 9.540000 60
50682.600000 9.550000 60
50699.800000 9.560000 60
50729.000000 9.570000 60
50761.800000 9.580000 60
50779.800000 9.590000 60
50820.600000 9.600000 60
50865.800000 9.610000 60
50884.600000 9.620000 60
50907.800000 9.630000 60
50936.200000 9.640000 60
50979.400000 9.650000 60
51009.000000 9.660000 60
51042.200000 9.670000 60
51064.200000 9.680000 60
51095.000000 9.690000 60
51112.600000 9.700000 60
51145.400000 9.710000 60
51174.200000 9.720000 60
51197.400000 9.730000 60
51223.400000 9.740000 60
51234.200000 9.750000 60
51449.000000 9.760000 60
51465.400000 9.770000 60
51478.600000 9.780000 60
51505.400000 9.790000 60
51518.600000 9.800000 60
51539.800000 9.810000 60
51550.600000 9.820000 60
51571.000000 9.830000 60
51590.600000 9.840000 60
51603.000000 9.850000 60
51629.000000 9.860000 60
51640.600000 9.870000 60
51660.600000 9.880000 60
51688.600000 9.890000 60
51699.800000 9.900000 60
51727.400000 9.910000 60
51739.400000 9.920000 60
51761.400000 9.930000 60
51773.000000 9.940000 60
51797.000000 9.950000 60
51829.400000 9.960000 60
51859.800000 9.970000 60
51869.000000 9.980000 60
51905.800000 9.990000 60
51929.800000 10.000000 60
51958.200000 10.010000 60
51994.600000 10.020000 60
52021.000000 10.030000 60
52036.600000 10.040000 60
52065.000000 10.050000 60
52090.600000 10.060000 60
52109.400000 10.070000 60
52134.200000 10.080000 60
52179.000000 10.090000 60
52187.400000 10.100000 60
52208.600000 10.110000 60
52235.000000 10.120000 60
52263.400000 10.130000 60
52277.400000 10.140000 60
52308.200000 10.150000 60
52331.800000 10.160000 60
52347.800000 10.170000 60
52377.400000 10.180000 60
52393.400000 10.190000 60
52421.800000 10.200000 60
52451.000000 10.210000 60
52473.000000 10.220000 60
52493.000000 10.230000 60
52509.000000 10.240000 60
52535.400000 10.250000 60
52541.400000 10.260000 60
52595.800000 10.270000 60
52619.000000 10.280000 60
52650.600000 10.290000 60
52695.800000 10.300000 60
52728.200000 10.310000 60
52751.000000 10.320000 60
52771.800000 10.330000 60
52795.000000 10.340000 60
52826.600000 10.350000 60
52851.000000 10.360000 60
52890.200000 10.370000 60
52911.800000 10.380000 60
52933.800000 10.390000 60
52957.400000 10.400000 60
53000.600000 10.410000 60
53029.400000 10.420000 60
53054.200000 10.430000 60
53082.200000 10.440000 60
53116.200000 10.450000 60
53140.200000 10.460000 60
53173.800000 10.470000 60
53228.600000 10.480000 60
53245.400000 10.490000 60
53257.400000 10.500000 60
53295.000000 10.510000 60
53322.200000 10.520000 60
53368.600000 10.530000 60
53393.000000 10.540000 60
53433.800000 10.550000 60
53457.800000 10.560000 60
53483.800000 10.570000 60
53510.200000 10.580000 60
53544.200000 10.590000 60
53593.000000 10.600000 60
53625.800000 10.610000 60
53649.000000 10.620000 60
53673.800000 10.630000 60
53695.000000 10.640000 60
53739.400000 10.650000 60
53759.800000 10.660000 60
53781.000000 10.670000 60
53827.000000 10.680000 60
53840.200000 10.690000 60
53857.400000 10.700000 60
53890.200000 10.710000 60
53919.800000 10.720000 60
53940.600000 10.730000 60
53965.400000 10.740000 60
53985.000000 10.750000 60
53999.800000 10.760000 60
54016.600000 10.770000 60
54039.400000 10.780000 60
54057.000000 10.790000 60
54078.200000 10.800000 60
54093.800000 10.810000 60
54112.200000 10.820000 60
54126.600000 10.830000 60
54143.000000 10.840000 60
54167.000000 10.850000 60
54179.400000 10.860000 60
54197.400000 10.870000 60
54210.200000 10.880000 60
54248.200000 10.890000 60
54266.200000 10.900000 60
54278.200000 10.910000 60
54298.600000 10.920000 60
54328.600000 10.930000 60
54347.000000 10.940000 60
54375.400000 10.950000 60
54395.800000 10.960000 60
54419.800000 10.970000 60
54443.400000 10.980000 60
54461.400000 10.990000 60
54479.800000 11.000000 60
54517.000000 11.010000 60
54555.000000 11.020000 60
54590.200000 11.030000 60
54620.600000 11.040000 60
54637.800000 11.050000 60
54669.000000 11.060000 60
54691.400000 11.070000 60
54748.600000 11.080000 60
54768.600000 11.090000 60
54788.200000 11.100000 60
54806.200000 11.110000 60
54833.000000 11.120000 60
54873.800000 11.130000 60
54897.000000 11.140000 60
54909.000000 11.150000 60
54927.000000 11.160000 60
54965.400000 11.170000 60
54979.400000 11.180000 60
54990.200000 11.190000 60
55016.600000 11.200000 60
55031.000000 11.210000 60
55052.600000 11.220000 60
55071.000000 11.230000 60
55119.000000 11.240000 60
55141.000000 11.250000 60
55167.400000 11.260000 60
55389.000000 11.270000 60
55403.000000 11.280000 60
55433.400000 11.290000 60
55453.400000 11.300000 60
55469.000000 11.310000 60
55489.000000 11.320000 60
55500.200000 11.330000 60
55517.800000 11.340000 60
55542.600000 11.350000 60
55558.600000 11.360000 60
55578.200000 11.370000 60
55770.200000 11.380000 60
55789.400000 11.390000 60
55820.200000 11.400000 60
55851.800000 11.410000 60
55874.200000 11.420000 60
55894.200000 11.430000 60
55911.400000 11.440000 60
55930.200000 11.450000 60
55948.200000 11.460000 60
55975.800000 11.470000 60
56014.200000 11.480000 60
56043.800000 11.490000 60
56069.000000 11.500000 60
56094.600000 11.510000 60
56124.200000 11.520000 60
56141.800000 11.530000 60
56159.000000 11.540000 60
56174.600000 11.550000 60
56200.200000 11.560000 60
56232.200000 11.570000 60
56247.800000 11.580000 60
56280.200000 11.590000 60
56301.000000 11.600000 60
56327.000000 11.610000 60
56345.000000 11.620000 60
56372.200000 11.630000 60
56395.000000 11.640000 60
56416.600000 11.650000 60
56459.400000 11.660000 60
56473.400000 11.670000 60
56485.400000 11.680000 60
56502.600000 11.690000 60
56532.600000 11.700000 60
56565.400000 11.710000 60
56588.600000 11.720000 60
56615.400000 11.730000 60
56631.400000 11.740000 60
56665.400000 11.750000 60
56694.600000 11.760000 60
56717.000000 11.770000 60
56749.400000 11.780000 60
56767.800000 11.790000 60
56788.200000 11.800000 60
56807.800000 11.810000 60
56838.600000 11.820000 60
56862.600000 11.830000 60
56898.600000 11.840000 60
56922.200000 11.850000 60
56949.800000 11.860000 60
57005.000000 11.870000 60
57031.400000 11.880000 60
57053.800000 11.890000 60
57072.600000 11.900000 60
57097.000000 11.910000 60
57123.000000 11.920000 60
57138.600000 11.930000 60
57175.800000 11.940000 60
57186.200000 11.950000 60
57215.400000 11.960000 60
57244.600000 11.970000 60
57283.400000 11.980000 60
57300.600000 11.990000 60
57317.800000 12.000000 60
57365.000000 12.010000 60
57385.000000 12.020000 60
57428.600000 12.030000 60
57445.400000 12.040000 60
57467.800000 12.050000 60
57492.200000 12.060000 60
57507.800000 12.070000 60
57535.800000 12.080000 60
57557.400000 12.090000 60
57595.800000 12.100000 60
57623.800000 12.110000 60
57646.600000 12.120000 60
57661.000000 12.130000 60
57669.400000 12.140000 60
57682.600000 12.150000 60
57695.400000 12.160000 60
57726.200000 12.170000 60
57758.200000 12.180000 60
57777.000000 12.190000 60
57811.800000 12.200000 60
57865.000000 12.210000 60
57892.600000 12.220000 60
57911.400000 12.230000 60
57935.000000 12.240000 60
57949.000000 12.250000 60
57973.400000 12.260000 60
57993.400000 12.270000 60
58016.200000 12.280000 60
58045.400000 12.290000 60
58062.200000 12.300000 60
58078.200000 12.310000 60
58109.400000 12.320000 60
58141.000000 12.330000 60
58167.400000 12.340000 60
58195.000000 12.350000 60
58231.000000 12.360000 60
58245.400000 12.370000 60
58259.800000 12.380000 60
58276.200000 12.390000 60
58304.200000 12.400000 60
58325.000000 12.410000 60
58349.400000 12.420000 60
58369.000000 12.430000 60
58384.200000 12.440000 60
58393.000000 12.450000 60
58410.200000 12.460000 60
58429.000000 12.470000 60
58439.000000 12.480000 60
58451.000000 12.490000 60
58470.600000 12.500000 60
58485.400000 12.510000 60
58518.600000 12.520000 60
58539.400000 12.530000 60
58562.200000 12.540000 60
58590.200000 12.550000 60
58608.600000 12.560000 60
58669.800000 12.570000 60
58718.200000 12.580000 60
58743.000000 12.590000 60
58758.200000 12.600000 60
58775.400000 12.610000 60
58808.200000 12.620000 60
58832.600000 12.630000 60
58847.400000 12.640000 60
58864.600000 12.650000 60
58883.400000 12.660000 60
58896.200000 12.670000 60
58913.400000 12.680000 60
58933.400000 12.690000 60
58955.400000 12.700000 60
58981.000000 12.710000 60
59007.800000 12.720000 60
59022.200000 12.730000 60
59054.200000 12.740000 60
59093.800000 12.750000 60
59112.200000 12.760000 60
59131.400000 12.770000 60
59165.000000 12.780000 60
59168.200000 12.790000 60
59194.200000 12.800000 60
59229.400000 12.810000 60
59244.200000 12.820000 60
59277.800000 12.830000 60
59300.200000 12.840000 60
59332.600000 12.850000 60
59354.200000 12.860000 60
59392.600000 12.870000 60
59402.600000 12.880000 60
59418.600000 12.890000 60
59426.600000 12.900000 60
59503.400000 12.910000 60
59525.800000 12.920000 60
59546.600000 12.930000 60
59565.400000 12.940000 60
59593.400000 12.950000 60
59609.000000 12.960000 60
59636.600000 12.970000 60
59653.000000 12.980000 60
59674.200000 12.990000 60
59706.600000 13.000000 60
59729.400000 13.010000 60
59745.400000 13.020000 60
59756.600000 13.030000 60
59776.600000 13.040000 60
59797.800000 13.050000 60
59821.000000 13.060000 60
59847.400000 13.070000 60
59878.600000 13.080000 60
59906.200000 13.090000 60
59924.200000 13.100000 60
59950.200000 13.110000 60
59967.000000 13.120000 60
59988.200000 13.130000 60
60017.800000 13.140000 60
60040.200000 13.150000 60
60064.600000 13.160000 60
60085.400000 13.170000 60
60106.600000 13.180000 60
60131.000000 13.190000 60
60159.800000 13.200000 60
60175.800000 13.210000 60
60197.400000 13.220000 60
60223.400000 13.230000 60
60249.000000 13.240000 60
60262.600000 13.250000 60
60286.200000 13.260000 60
60313.000000 13.270000 60
60351.400000 13.280000 60
60359.400000 13.290000 60
60386.200000 13.300000 60
60423.000000 13.310000 60
60446.600000 13.320000 60
60466.200000 13.330000 60
60498.600000 13.340000 60
60525.000000 13.350000 60
60547.800000 13.360000 60
60554.200000 13.370000 60
60577.800000 13.380000 60
60597.800000 13.390000 60
60625.000000 13.400000 60
60669.000000 13.410000 60
60678.600000 13.420000 60
60707.000000 13.430000 60
60736.600000 13.440000 60
60757.800000 13.450000 60
60791.400000 13.460000 60
60810.600000 13.470000 60
60844.600000 13.480000 60
60870.600000 13.490000 60
60900.200000 13.500000 60
60914.600000 13.510000 60
60935.000000 13.520000 60
60965.400000 13.530000 60
60983.400000 13.540000 60
61014.200000 13.550000 60
61037.400000 13.560000 60
61055.400000 13.570000 60
61082.200000 13.580000 60
61086.200000 13.590000 60
61100.200000 13.600000 60
61126.200000 13.610000 60
61150.200000 13.620000 60
61188.200000 13.630000 60
61220.600000 13.640000 60
61245.800000 13.650000 60
61269.800000 13.660000 60
61287.400000 13.670000 60
61315.800000 13.680000 60
61349.800000 13.690000 60
61378.600000 13.700000 60
61405.400000 13.710000 60
61432.200000 13.720000 60
61453.400000 13.730000 60
61469.000000 13.740000 60
61503.400000 13.750000 60
61521.400000 13.760000 60
61553.400000 13.770000 60
61578.200000 13.780000 60
61609.400000 13.790000 60
61622.600000 13.800000 60
61658.600000 13.810000 60
61687.000000 13.820000 60
61717.800000 13.830000 60
61739.000000 13.840000 60
61763.800000 13.850000 60
61806.600000 13.860000 60
61831.400000 13.870000 60
61841.400000 13.880000 60
61857.800000 13.890000 60
61893.000000 13.900000 60
61918.600000 13.910000 60
61945.400000 13.920000 60
61976.600000 13.930000 60
61989.000000 13.940000 60
62015.400000 13.950000 60
62032.600000 13.960000 60
62068.600000 13.970000 60
62083.000000 13.980000 60
62098.600000 13.990000 60
62119.800000 14.000000 60
62144.600000 14.010000 60
62169.400000 14.020000 60
62187.800000 14.030000 60
62216.600000 14.040000 60
62237.800000 14.050000 60
62257.800000 14.060000 60
62285.000000 14.070000 60
62305.800000 14.080000 60
62325.400000 14.090000 60
62347.800000 14.100000 60
62369.800000 14.110000 60
62640.200000 14.120000 60
62656.600000 14.130000 60
62678.600000 14.140000 60
62695.000000 14.150000 60
62710.200000 14.160000 60
62728.200000 14.170000 60
62743.000000 14.180000 60
62761.400000 14.190000 60
62788.600000 14.200000 60
62804.200000 14.210000 60
62833.000000 14.220000 60
62855.400000 14.230000 60
62875.000000 14.240000 60
62891.400000 14.250000 60
62907.800000 14.260000 60
62939.800000 14.270000 60
62969.800000 14.280000 60
62989.800000 14.290000 60
63005.800000 14.300000 60
63033.400000 14.310000 60
63053.800000 14.320000 60
63101.400000 14.330000 60
63122.600000 14.340000 60
63143.400000 14.350000 60
63171.400000 14.360000 60
63182.200000 14.370000 60
63204.600000 14.380000 60
63245.000000 14.390000 60
63270.200000 14.400000 60
63294.200000 14.410000 60
63319.400000 14.420000 60
63349.800000 14.430000 60
63365.000000 14.440000 60
63372.200000 14.450000 60
63400.600000 14.460000 60
63419.800000 14.470000 60
63462.200000 14.480000 60
63478.600000 14.490000 60
63508.600000 14.500000 60
63534.200000 14.510000 60
63552.200000 14.520000 60
63565.800000 14.530000 60
63605.400000 14.540000 60
63630.600000 14.550000 60
63649.000000 14.560000 60
63673.800000 14.570000 60
63692.600000 14.580000 60
63725.800000 14.590000 60
63741.000000 14.600000 60
63748.200000 14.610000 60
63779.000000 14.620000 60
63815.000000 14.630000 60
63838.200000 14.640000 60
63858.200000 14.650000 60
63879.400000 14.660000 60
63895.400000 14.670000 60
63912.200000 14.680000 60
63931.000000 14.690000 60
63958.200000 14.700000 60
63986.600000 14.710000 60
64001.000000 14.720000 60
64022.200000 14.730000 60
64034.600000 14.740000 60
64059.800000 14.750000 60
64079.800000 14.760000 60
64109.400000 14.770000 60
64139.000000 14.780000 60
64166.200000 14.790000 60
64184.600000 14.800000 60
64205.400000 14.810000 60
64229.400000 14.820000 60
64252.600000 14.830000 60
64265.800000 14.840000 60
64306.600000 14.850000 60
64324.600000 14.860000 60
64350.600000 14.870000 60
64379.000000 14.880000 60
64409.000000 14.890000 60
64435.400000 14.900000 60
64460.200000 14.910000 60
64480.600000 14.920000 60
64500.200000 14.930000 60
64527.800000 14.940000 60
64549.000000 14.950000 60
64587.400000 14.960000 60
64607.800000 14.970000 60
64635.800000 14.980000 60
64651.000000 14.990000 60
64673.000000 15.000000 60
64705.000000 15.010000 60
64729.000000 15.020000 60
64736.200000 15.030000 60
64757.000000 15.040000 60
64771.800000 15.050000 60
64798.200000 15.060000 60
64838.200000 15.070000 60
64856.600000 15.080000 60
64873.000000 15.090000 60
64900.200000 15.100000 60
64938.600000 15.110000 60
64973.800000 15.120000 60
64997.400000 15.130000 60
65009.400000 15.140000 60
65016.200000 15.150000 60
65046.200000 15.160000 60
65057.400000 15.170000 60
65073.400000 15.180000 60
65077.000000 15.190000 60
65107.000000 15.200000 60
65116.200000 15.210000 60
65129.800000 15.220000 60
65163.800000 15.230000 60
65198.200000 15.240000 60
65215.000000 15.250000 60
65230.200000 15.260000 60
65249.800000 15.270000 60
65274.200000 15.280000 60
65295.800000 15.290000 60
65309.400000 15.300000 60
65331.000000 15.310000 60
65365.400000 15.320000 60
65393.800000 15.330000 60
65416.200000 15.340000 60
65429.000000 15.350000 60
65435.000000 15.360000 60
65451.800000 15.370000 60
65666.200000 15.380000 60
65679.800000 15.390000 60
65701.400000 15.400000 60
65727.000000 15.410000 60
65765.800000 15.420000 60
65792.200000 15.430000 60
65811.400000 15.440000 60
65837.400000 15.450000 60
65866.600000 15.460000 60
65895.000000 15.470000 60
65908.200000 15.480000 60
65927.400000 15.490000 60
65942.600000 15.500000 60
65977.400000 15.510000 60
66001.400000 15.520000 60
66029.800000 15.530000 60
66049.000000 15.540000 60
66077.400000 15.550000 60
66093.000000 15.560000 60
66110.200000 15.570000 60
66129.400000 15.580000 60
66166.200000 15.590000 60
66190.200000 15.600000 60
66210.600000 15.610000 60
66238.200000 15.620000 60
66263.800000 15.630000 60
66283.000000 15.640000 60
66321.000000 15.650000 60
66345.000000 15.660000 60
66361.800000 15.670000 60
66394.600000 15.680000 60
66448.600000 15.690000 60
66474.200000 15.700000 60
66492.600000 15.710000 60
66524.600000 15.720000 60
66557.800000 15.730000 60
66600.200000 15.740000 60
66641.000000 15.750000 60
66669.400000 15.760000 60
66699.400000 15.770000 60
66721.400000 15.780000 60
66747.000000 15.790000 60
66771.400000 15.800000 60
66786.200000 15.810000 60
66827.000000 15.820000 60
66851.000000 15.830000 60
66872.200000 15.840000 60
66904.600000 15.850000 60
66933.400000 15.860000 60
66959.400000 15.870000 60
66982.600000 15.880000 60
67007.800000 15.890000 60
67034.200000 15.900000 60
67058.200000 15.910000 60
67085.000000 15.920000 60
67101.000000 15.930000 60
67116.600000 15.940000 60
67136.200000 15.950000 60
67158.600000 15.960000 60
67181.800000 15.970000 60
67201.800000 15.980000 60
67219.400000 15.990000 60
67237.400000 16.000000 60
67252.600000 16.010000 60
67285.400000 16.020000 60
67306.600000 16.030000 60
67354.600000 16.040000 60
67383.800000 16.050000 60
67411.400000 16.060000 60
67437.800000 16.070000 60
67476.600000 16.080000 60
67502.200000 16.090000 60
67544.600000 16.100000 60
67567.800000 16.110000 60
67599.400000 16.120000 60
67623.800000 16.130000 60
67644.600000 16.140000 60
67673.800000 16.150000 60
67716.200000 16.160000 60
67746.600000 16.170000 60
67785.800000 16.180000 60
67808.200000 16.190000 60
67846.200000 16.200000 60
67862.600000 16.210000 60
67881.400000 16.220000 60
67905.000000 16.230000 60
67928.200000 16.240000 60
67958.600000 16.250000 60
67984.600000 16.260000 60
68010.200000 16.270000 60
68039.000000 16.280000 60
68054.200000 16.290000 60
68071.400000 16.300000 60
68100.600000 16.310000 60
68124.600000 16.320000 60
68145.800000 16.330000 60
68167.400000 16.340000 60
68197.800000 16.350000 60
68201.400000 16.360000 60
68223.400000 16.370000 60
68255.000000 16.380000 60
68265.000000 16.390000 60
68287.400000 16.400000 60
68305.400000 16.410000 60
68328.600000 16.420000 60
68351.800000 16.430000 60
68364.600000 16.440000 60
68396.600000 16.450000 60
68415.800000 16.460000 60
68442.200000 16.470000 60
68452.200000 16.480000 60
68498.200000 16.490000 60
68511.400000 16.500000 60
68535.400000 16.510000 60
68556.200000 16.520000 60
68605.400000 16.530000 60
68621.000000 16.540000 60
68654.600000 16.550000 60
68673.400000 16.560000 60
68689.400000 16.570000 60
68719.000000 16.580000 60
68766.600000 16.590000 60
68783.800000 16.600000 60
68805.000000 16.610000 60
68841.800000 16.620000 60
68856.200000 16.630000 60
68892.200000 16.640000 60
68918.200000 16.650000 60
68944.600000 16.660000 60
68976.200000 16.670000 60
69005.800000 16.680000 60
69024.200000 16.690000 60
69055.000000 16.700000 60
69095.000000 16.710000 60
69132.600000 16.720000 60
69139.800000 16.730000 60
69158.200000 16.740000 60
69168.600000 16.750000 60
69201.800000 16.760000 60
69226.600000 16.770000 60
69238.600000 16.780000 60
69255.400000 16.790000 60
69299.400000 16.800000 60
69323.000000 16.810000 60
69332.200000 16.820000 60
69352.600000 16.830000 60
69379.400000 16.840000 60
69399.800000 16.850000 60
69417.400000 16.860000 60
69435.400000 16.870000 60
69463.000000 16.880000 60
69494.200000 16.890000 60
69529.400000 16.900000 60
69569.400000 16.910000 60
69594.200000 16.920000 60
69617.400000 16.930000 60
69633.400000 16.940000 60
69659.000000 16.950000 60
69671.800000 16.960000 60
69686.600000 16.970000 60
69713.400000 16.980000 60
69895.800000 16.990000 60
69905.000000 17.000000 60
69937.400000 17.010000 60
69951.000000 17.020000 60
69981.400000 17.030000 60
69995.800000 17.040000 60
70013.000000 17.050000 60
70026.200000 17.060000 60
70070.200000 17.070000 60
70090.600000 17.080000 60
70111.800000 17.090000 60
70145.400000 17.100000 60
70154.200000 17.110000 60
70173.000000 17.120000 60
70197.000000 17.130000 60
70217.400000 17.140000 60
70234.600000 17.150000 60
70247.400000 17.160000 60
70286.200000 17.170000 60
70307.000000 17.180000 60
70330.600000 17.190000 60
70365.800000 17.200000 60
70383.800000 17.210000 60
70405.000000 17.220000 60
70428.600000 17.230000 60
70446.200000 17.240000 60
70470.200000 17.250000 60
70501.800000 17.260000 60
70735.800000 17.270000 60
70773.800000 17.280000 60
70825.800000 17.290000 60
70896.200000 17.300000 60
70916.200000 17.310000 60
70963.800000 17.320000 60
70975.400000 17.330000 60
70997.400000 17.340000 60
71053.400000 17.350000 60
71105.400000 17.360000 60
71132.200000 17.370000 60
71165.800000 17.380000 60
71207.000000 17.390000 60
71246.200000 17.400000 60
71272.600000 17.410000 60
71298.200000 17.420000 60
71329.800000 17.430000 60
71347.400000 17.440000 60
71365.400000 17.450000 60
71398.600000 17.460000 60
71420.600000 17.470000 60
71449.800000 17.480000 60
71499.400000 17.490000 60
71528.600000 17.500000 60
71562.200000 17.510000 60
71596.200000 17.520000 60
71630.200000 17.530000 60
71650.600000 17.540000 60
71678.200000 17.550000 60
71689.000000 17.560000 60
71709.800000 17.570000 60
71727.000000 17.580000 60
71739.800000 17.590000 60
71764.600000 17.600000 60
71784.200000 17.610000 60
71818.600000 17.620000 60
71845.400000 17.630000 60
71892.600000 17.640000 60
71914.600000 17.650000 60
71932.600000 17.660000 60
71962.200000 17.670000 60
71989.400000 17.680000 60
72016.600000 17.690000 60
72071.400000 17.700000 60
72087.400000 17.710000 60
72115.800000 17.720000 60
72139.000000 17.730000 60
72178.600000 17.740000 60
72198.600000 17.750000 60
72241.000000 17.760000 60
72256.600000 17.770000 60
72273.800000 17.780000 60
72292.200000 17.790000 60
72313.800000 17.800000 60
72333.400000 17.810000 60
72343.800000 17.820000 60
72365.800000 17.830000 60
72385.400000 17.840000 60
72405.400000 17.850000 60
72429.000000 17.860000 60
72451.800000 17.870000 60
72469.000000 17.880000 60
72494.200000 17.890000 60
72515.000000 17.900000 60
72527.400000 17.910000 60
72557.000000 17.920000 60
72576.600000 17.930000 60
72604.200000 17.940000 60
72619.000000 17.950000 60
72637.800000 17.960000 60
72669.400000 17.970000 60
72690.600000 17.980000 60
72715.400000 17.990000 60
72738.200000 18.000000 60
72743.000000 18.010000 60
72769.400000 18.020000 60
72797.400000 18.030000 60
72815.000000 18.040000 60
72846.200000 18.050000 60
72867.400000 18.060000 60
72902.600000 18.070000 60
72935.000000 18.080000 60
72958.600000 18.090000 60
72970.600000 18.100000 60
73002.200000 18.110000 60
73015.800000 18.120000 60
73044.200000 18.130000 60
73075.800000 18.140000 60
73103.400000 18.150000 60
73113.000000 18.160000 60
73139.400000 18.170000 60
73164.200000 18.180000 60
73177.800000 18.190000 60
73206.200000 18.200000 60
73214.200000 18.210000 60
73228.200000 18.220000 60
73246.600000 18.230000 60
73263.400000 18.240000 60
73290.200000 18.250000 60
73318.600000 18.260000 60
73345.000000 18.270000 60
73364.200000 18.280000 60
73387.800000 18.290000 60
73405.800000 18.300000 60
73431.000000 18.310000 60
73443.000000 18.320000 60
73472.600000 18.330000 60
73513.400000 18.340000 60
73539.000000 18.350000 60
73557.800000 18.360000 60
73583.800000 18.370000 60
73612.200000 18.380000 60
73823.400000 18.390000 60
73854.200000 18.400000 60
73882.600000 18.410000 60
73891.400000 18.420000 60
73922.600000 18.430000 60
73949.000000 18.440000 60
73983.000000 18.450000 60
74000.200000 18.460000 60
74015.000000 18.470000 60
74030.600000 18.480000 60
74048.200000 18.490000 60
74069.000000 18.500000 60
74089.000000 18.510000 60
74112.600000 18.520000 60
74167.400000 18.530000 60
74175.400000 18.540000 60
74202.600000 18.550000 60
74215.000000 18.560000 60
74253.800000 18.570000 60
74289.000000 18.580000 60
74321.800000 18.590000 60
74363.800000 18.600000 60
74381.400000 18.610000 60
74413.800000 18.620000 60
74460.200000 18.630000 60
74479.800000 18.640000 60
74498.200000 18.650000 60
74525.000000 18.660000 60
74549.000000 18.670000 60
74566.600000 18.680000 60
74605.800000 18.690000 60
74640.200000 18.700000 60
74660.600000 18.710000 60
74688.200000 18.720000 60
74714.200000 18.730000 60
74745.000000 18.740000 60
74756.200000 18.750000 60
74797.000000 18.760000 60
74827.400000 18.770000 60
74853.400000 18.780000 60
74886.200000 18.790000 60
74904.200000 18.800000 60
74943.000000 18.810000 60
74979.400000 18.820000 60
75002.200000 18.830000 60
75027.800000 18.840000 60
75059.800000 18.850000 60
75090.600000 18.860000 60
75126.200000 18.870000 60
75159.000000 18.880000 60
75178.600000 18.890000 60
75211.000000 18.900000 60
75259.000000 18.910000 60
75289.400000 18.920000 60
75313.400000 18.930000 60
75339.400000 18.940000 60
75394.200000 18.950000 60
75417.400000 18.960000 60
75450.200000 18.970000 60
75495.400000 18.980000 60
75519.400000 18.990000 60
75545.400000 19.000000 60
75569.000000 19.010000 60
75619.800000 19.020000 60
75630.600000 19.030000 60
75651.800000 19.040000 60
75671.800000 19.050000 60
75715.000000 19.060000 60
75756.600000 19.070000 60
75775.000000 19.080000 60
75791.000000 19.090000 60
75810.200000 19.100000 60
75826.200000 19.110000 60
75855.800000 19.120000 60
75875.000000 19.130000 60
75884.600000 19.140000 60
75909.400000 19.150000 60
75934.200000 19.160000 60
75959.800000 19.170000 60
76002.600000 19.180000 60
76046.600000 19.190000 60
76071.800000 19.200000 60
76093.400000 19.210000 60
76108.600000 19.220000 60
76150.600000 19.230000 60
76166.600000 19.240000 60
76192.600000 19.250000 60
76232.200000 19.260000 60
76256.600000 19.270000 60
76286.600000 19.280000 60
76335.800000 19.290000 60
76389.000000 19.300000 60
76427.800000 19.310000 60
76454.200000 19.320000 60
76485.000000 19.330000 60
76501.000000 19.340000 60
76555.400000 19.350000 60
76585.800000 19.360000 60
76611.800000 19.370000 60
76639.000000 19.380000 60
76651.000000 19.390000 60
76679.800000 19.400000 60
76702.600000 19.410000 60
76721.000000 19.420000 60
76739.000000 19.430000 60
76759.400000 19.440000 60
76805.000000 19.450000 60
76840.200000 19.460000 60
76863.000000 19.470000 60
76917.400000 19.480000 60
76924.200000 19.490000 60
76986.600000 19.500000 60
77009.800000 19.510000 60
77021.400000 19.520000 60
77047.000000 19.530000 60
77070.200000 19.540000 60
77107.000000 19.550000 60
77149.000000 19.560000 60
77179.800000 19.570000 60
77206.600000 19.580000 60
77230.600000 19.590000 60
77251.800000 19.600000 60
77267.400000 19.610000 60
77289.000000 19.620000 60
77310.200000 19.630000 60
77334.600000 19.640000 60
77357.400000 19.650000 60
77371.400000 19.660000 60
77409.400000 19.670000 60
77441.400000 19.680000 60
77472.600000 19.690000 60
77505.800000 19.700000 60
77525.000000 19.710000 60
77551.800000 19.720000 60
77568.200000 19.730000 60
77589.000000 19.740000 60
77621.000000 19.750000 60
77642.600000 19.760000 60
77665.400000 19.770000 60
77695.000000 19.780000 60
77714.200000 19.790000 60
77735.800000 19.800000 60
77753.400000 19.810000 60
77793.800000 19.820000 60
77815.000000 19.830000 60
77838.600000 19.840000 60
77872.200000 19.850000 60
77905.400000 19.860000 60
77931.800000 19.870000 60
77957.400000 19.880000 60
77983.400000 19.890000 60
77999.400000 19.900000 60
78043.000000 19.910000 60
78071.800000 19.920000 60
78102.200000 19.930000 60
78137.000000 19.940000 60
78184.600000 19.950000 60
78212.200000 19.960000 60
78230.600000 19.970000 60
78266.600000 19.980000 60
78283.400000 19.990000 60
78311.000000 20.000000 60
78346.600000 20.010000 60
78374.600000 20.020000 60
78395.400000 20.030000 60
78432.200000 20.040000 60
78467.000000 20.050000 60
78490.200000 20.060000 60
78518.600000 20.070000 60
78537.400000 20.080000 60
78551.400000 20.090000 60
78562.200000 20.100000 60
78577.400000 20.110000 60
78602.600000 20.120000 60
78621.000000 20.130000 60
78640.600000 20.140000 60
78654.200000 20.150000 60
78670.600000 20.160000 60
78695.800000 20.170000 60
78707.000000 20.180000 60
78716.600000 20.190000 60
78742.200000 20.200000 60
78767.000000 20.210000 60
78781.400000 20.220000 60
78807.000000 20.230000 60
78823.400000 20.240000 60
78842.200000 20.250000 60
78862.200000 20.260000 60
78915.400000 20.270000 60
78935.400000 20.280000 60
78957.800000 20.290000 60
78993.000000 20.300000 60
79028.600000 20.310000 60
79070.600000 20.320000 60
79090.600000 20.330000 60
79121.400000 20.340000 60
79155.000000 20.350000 60
79172.200000 20.360000 60
79205.400000 20.370000 60
79227.000000 20.380000 60
79261.000000 20.390000 60
79277.400000 20.400000 60
79313.400000 20.410000 60
79331.400000 20.420000 60
79347.800000 20.430000 60
79369.400000 20.440000 60
79395.400000 20.450000 60
79427.000000 20.460000 60
79451.800000 20.470000 60
79476.600000 20.480000 60
79499.800000 20.490000 60
79509.000000 20.500000 60
79528.200000 20.510000 60
79539.800000 20.520000 60
79553.400000 20.530000 60
79571.800000 20.540000 60
79600.200000 20.550000 60
79618.600000 20.560000 60
79630.600000 20.570000 60
79654.200000 20.580000 60
79672.600000 20.590000 60
79685.000000 20.600000 60
79705.800000 20.610000 60
79727.400000 20.620000 60
79767.400000 20.630000 60
79785.800000 20.640000 60
79803.000000 20.650000 60
79827.000000 20.660000 60
79847.400000 20.670000 60
79871.400000 20.680000 60
79899.400000 20.690000 60
79921.800000 20.700000 60
79959.000000 20.710000 60
79977.800000 20.720000 60
80046.200000 20.730000 60
80073.000000 20.740000 60
80088.200000 20.750000 60
80119.400000 20.760000 60
80361.800000 20.770000 60
80387.800000 20.780000 60
80408.600000 20.790000 60
80440.200000 20.800000 60
80454.600000 20.810000 60
80507.000000 20.820000 60
80515.800000 20.830000 60
80541.000000 20.840000 60
80551.000000 20.850000 60
80578.200000 20.860000 60
80621.800000 20.870000 60
80660.200000 20.880000 60
80682.600000 20.890000 60
80701.400000 20.900000 60
80726.600000 20.910000 60
80776.200000 20.920000 60
80795.000000 20.930000 60
80809.800000 20.940000 60
80845.000000 20.950000 60
80857.000000 20.960000 60
80883.000000 20.970000 60
80902.200000 20.980000 60
80918.200000 20.990000 60
80953.000000 21.000000 60
80966.200000 21.010000 60
80986.200000 21.020000 60
81030.600000 21.030000 60
81060.200000 21.040000 60
81087.400000 21.050000 60
81110.600000 21.060000 60
81146.200000 21.070000 60
81161.800000 21.080000 60
81183.000000 21.090000 60
81208.600000 21.100000 60
81224.600000 21.110000 60
81253.800000 21.120000 60
81271.000000 21.130000 60
81311.800000 21.140000 60
81340.600000 21.150000 60
81367.800000 21.160000 60
81401.800000 21.170000 60
81428.600000 21.180000 60
81493.800000 21.190000 60
81521.800000 21.200000 60
81546.600000 21.210000 60
81588.600000 21.220000 60
81629.800000 21.230000 60
81639.400000 21.240000 60
81665.000000 21.250000 60
81687.400000 21.260000 60
81725.400000 21.270000 60
81740.600000 21.280000 60
81769.800000 21.290000 60
81794.600000 21.300000 60
81825.400000 21.310000 60
81858.600000 21.320000 60
81871.800000 21.330000 60
81918.200000 21.340000 60
81935.400000 21.350000 60
81963.400000 21.360000 60
81983.400000 21.370000 60
82006.200000 21.380000 60
82032.600000 21.390000 60
82065.400000 21.400000 60
82091.000000 21.410000 60
82118.200000 21.420000 60
82137.400000 21.430000 60
82162.200000 21.440000 60
82184.600000 21.450000 60
82195.000000 21.460000 60
82220.200000 21.470000 60
82249.000000 21.480000 60
82274.600000 21.490000 60
82289.400000 21.500000 60
82329.000000 21.510000 60
82339.000000 21.520000 60
82375.400000 21.530000 60
82404.600000 21.540000 60
82435.800000 21.550000 60
82475.800000 21.560000 60
82511.800000 21.570000 60
82533.800000 21.580000 60
82602.200000 21.590000 60
82641.800000 21.600000 60
82649.000000 21.610000 60
82679.000000 21.620000 60
82708.200000 21.630000 60
82724.600000 21.640000 60
82751.400000 21.650000 60
82772.200000 21.660000 60
82793.000000 21.670000 60
82830.200000 21.680000 60
82856.200000 21.690000 60
82871.400000 21.700000 60
82893.800000 21.710000 60
82927.800000 21.720000 60
82958.200000 21.730000 60
82970.600000 21.740000 60
82991.000000 21.750000 60
83007.400000 21.760000 60
83027.800000 21.770000 60
83045.000000 21.780000 60
83067.000000 21.790000 60
83089.000000 21.800000 60
83113.800000 21.810000 60
83143.000000 21.820000 60
83172.200000 21.830000 60
83186.600000 21.840000 60
83202.200000 21.850000 60
83235.000000 21.860000 60
83260.200000 21.870000 60
83283.800000 21.880000 60
83301.400000 21.890000 60
83316.600000 21.900000 60
83339.000000 21.910000 60
83373.400000 21.920000 60
83420.600000 21.930000 60
83446.600000 21.940000 60
83479.400000 21.950000 60
83513.000000 21.960000 60
83530.200000 21.970000 60
83546.600000 21.980000 60
83566.600000 21.990000 60
83593.000000 22.000000 60
83613.000000 22.010000 60
83635.800000 22.020000 60
83653.800000 22.030000 60
83690.200000 22.040000 60
83703.800000 22.050000 60
83725.400000 22.060000 60
83756.200000 22.070000 60
83784.600000 22.080000 60
83809.000000 22.090000 60
83841.400000 22.100000 60
83867.000000 22.110000 60
83892.600000 22.120000 60
83957.800000 22.130000 60
83994.200000 22.140000 60
84023.800000 22.150000 60
84050.200000 22.160000 60
84087.400000 22.170000 60
84105.000000 22.180000 60
84109.000000 22.190000 60
84147.800000 22.200000 60
84167.000000 22.210000 60
84198.600000 22.220000 60
84240.600000 22.230000 60
84268.200000 22.240000 60
84301.400000 22.250000 60
84329.400000 22.260000 60
84351.800000 22.270000 60
84384.600000 22.280000 60
84418.600000 22.290000 60
84444.200000 22.300000 60
84469.000000 22.310000 60
84495.000000 22.320000 60
84509.400000 22.330000 60
84538.200000 22.340000 60
84570.600000 22.350000 60
84592.600000 22.360000 60
84617.400000 22.370000 60
84667.800000 22.380000 60
84713.400000 22.390000 60
84729.000000 22.400000 60
84778.200000 22.410000 60
84796.200000 22.420000 60
84819.000000 22.430000 60
84859.000000 22.440000 60
84889.000000 22.450000 60
84928.200000 22.460000 60
84945.400000 22.470000 60
84965.400000 22.480000 60
84997.000000 22.490000 60
85028.600000 22.500000 60
85059.000000 22.510000 60
85077.000000 22.520000 60
85101.400000 22.530000 60
85123.800000 22.540000 60
85163.800000 22.550000 60
85189.400000 22.560000 60
85616.200000 22.570000 60
85629.400000 22.580000 60
85645.000000 22.590000 60
85660.600000 22.600000 60
85682.600000 22.610000 60
85699.000000 22.620000 60
85739.400000 22.630000 60
85769.400000 22.640000 60
85787.400000 22.650000 60
85814.600000 22.660000 60
85848.600000 22.670000 60
85912.600000 22.680000 60
85940.200000 22.690000 60
85964.200000 22.700000 60
85985.800000 22.710000 60
86016.600000 22.720000 60
86046.200000 22.730000 60
86065.400000 22.740000 60
86091.000000 22.750000 60
86127.000000 22.760000 60
86183.000000 22.770000 60
86193.000000 22.780000 60
86225.000000 22.790000 60
86243.400000 22.800000 60
86278.200000 22.810000 60
86301.000000 22.820000 60
86339.800000 22.830000 60
86371.800000 22.840000 60
86401.800000 22.850000 60
86425.800000 22.860000 60
86448.200000 22.870000 60
86460.600000 22.880000 60
86493.800000 22.890000 60
86509.000000 22.900000 60
86539.000000 22.910000 60
86555.000000 22.920000 60
86575.800000 22.930000 60
86611.000000 22.940000 60
86652.600000 22.950000 60
86686.200000 22.960000 60
86710.600000 22.970000 60
86733.000000 22.980000 60
86748.600000 22.990000 60
86782.600000 23.000000 60
86808.200000 23.010000 60
87015.000000 23.020000 60
87029.000000 23.030000 60
87051.000000 23.040000 60
87071.800000 23.050000 60
87095.400000 23.060000 60
87115.400000 23.070000 60
87126.200000 23.080000 60
87147.000000 23.090000 60
87171.400000 23.100000 60
87192.200000 23.110000 60
87225.800000 23.120000 60
87256.200000 23.130000 60
87272.600000 23.140000 60
87316.600000 23.150000 60
87337.800000 23.160000 60
87369.000000 23.170000 60
87395.800000 23.180000 60
87415.800000 23.190000 60
87426.200000 23.200000 60
87437.800000 23.210000 60
87453.400000 23.220000 60
87503.800000 23.230000 60
87543.000000 23.240000 60
87563.400000 23.250000 60
87573.400000 23.260000 60
87604.200000 23.270000 60
87626.600000 23.280000 60
87643.400000 23.290000 60
87673.400000 23.300000 60
87681.400000 23.310000 60
87710.200000 23.320000 60
87740.200000 23.330000 60
87762.600000 23.340000 60
87785.800000 23.350000 60
87811.800000 23.360000 60
87834.600000 23.370000 60
87845.400000 23.380000 60
87862.600000 23.390000 60
87888.200000 23.400000 60
87914.600000 23.410000 60
87953.400000 23.420000 60
87964.600000 23.430000 60
87993.000000 23.440000 60
88199.400000 23.450000 60
88211.400000 23.460000 60
88239.400000 23.470000 60
88261.000000 23.480000 60
88276.600000 23.490000 60
88315.000000 23.500000 60
88351.000000 23.510000 60
88381.000000 23.520000 60
88404.200000 23.530000 60
88423.400000 23.540000 60
88445.000000 23.550000 60
88468.600000 23.560000 60
88500.600000 23.570000 60
88515.800000 23.580000 60
88549.400000 23.590000 60
88571.800000 23.600000 60
88580.200000 23.610000 60
88638.600000 23.620000 60
88668.600000 23.630000 60
88708.600000 23.640000 60
88743.400000 23.650000 60
88777.000000 23.660000 60
88791.000000 23.670000 60
88835.000000 23.680000 60
88876.200000 23.690000 60
88895.800000 23.700000 60
88921.400000 23.710000 60
88951.400000 23.720000 60
88967.000000 23.730000 60
88995.400000 23.740000 60
89024.600000 23.750000 60
89032.600000 23.760000 60
89057.800000 23.770000 60
89083.800000 23.780000 60
89100.200000 23.790000 60
89125.400000 23.800000 60
89141.000000 23.810000 60
89171.000000 23.820000 60
89189.400000 23.830000 60
89220.200000 23.840000 60
89237.400000 23.850000 60
89275.000000 23.860000 60
89292.600000 23.870000 60
89326.200000 23.880000 60
89349.800000 23.890000 60
89373.400000 23.900000 60
89395.400000 23.910000 60
89418.600000 23.920000 60
89443.000000 23.930000 60
89475.000000 23.940000 60
89493.000000 23.950000 60
89518.600000 23.960000 60
89539.800000 23.970000 60
89559.800000 23.980000 60
89593.400000 23.990000 60
89613.400000 24.000000 60
89637.800000 24.010000 60
89700.600000 24.020000 60
89732.600000 24.030000 60
89759.800000 24.040000 60
89780.600000 24.050000 60
89815.400000 24.060000 60
89837.000000 24.070000 60
89849.400000 24.080000 60
89866.200000 24.090000 60
89905.800000 24.100000 60
89928.600000 24.110000 60
89957.400000 24.120000 60
89994.600000 24.130000 60
90037.000000 24.140000 60
90053.400000 24.150000 60
90082.200000 24.160000 60
90095.400000 24.170000 60
90128.200000 24.180000 60
90186.200000 24.190000 60
90208.200000 24.200000 60
90224.600000 24.210000 60
90242.600000 24.220000 60
90265.800000 24.230000 60
90285.400000 24.240000 60
90315.400000 24.250000 60
90329.400000 24.260000 60
90350.200000 24.270000 60
90374.200000 24.280000 60
90397.400000 24.290000 60
90413.000000 24.300000 60
90435.800000 24.310000 60
90475.400000 24.320000 60
90496.200000 24.330000 60
90521.000000 24.340000 60
90534.600000 24.350000 60
90551.400000 24.360000 60
90583.000000 24.370000 60
90619.000000 24.380000 60
90639.400000 24.390000 60
90669.400000 24.400000 60
90700.600000 24.410000 60
90719.000000 24.420000 60
90742.600000 24.430000 60
90763.800000 24.440000 60
90776.200000 24.450000 60
90805.800000 24.460000 60
90823.000000 24.470000 60
90860.200000 24.480000 60
90878.200000 24.490000 60
90901.400000 24.500000 60
90913.800000 24.510000 60
90938.200000 24.520000 60
90967.400000 24.530000 60
90993.400000 24.540000 60
91020.600000 24.550000 60
91051.400000 24.560000 60
91079.400000 24.570000 60
91105.400000 24.580000 60
91142.200000 24.590000 60
91162.600000 24.600000 60
91181.800000 24.610000 60
91214.200000 24.620000 60
91225.400000 24.630000 60
91249.000000 24.640000 60
91278.600000 24.650000 60
91289.800000 24.660000 60
91321.400000 24.670000 60
91330.200000 24.680000 60
91347.000000 24.690000 60
91369.800000 24.700000 60
91397.800000 24.710000 60
91416.600000 24.720000 60
91451.000000 24.730000 60
91473.800000 24.740000 60
91509.000000 24.750000 60
91527.400000 24.760000 60
91548.600000 24.770000 60
91580.600000 24.780000 60
91604.200000 24.790000 60
91825.400000 24.800000 60
91845.000000 24.810000 60
91867.400000 24.820000 60
91892.200000 24.830000 60
91921.000000 24.840000 60
91944.600000 24.850000 60
91963.400000 24.860000 60
91993.400000 24.870000 60
92009.000000 24.880000 60
92041.400000 24.890000 60
92052.200000 24.900000 60
92077.400000 24.910000 60
92092.200000 24.920000 60
92113.400000 24.930000 60
92133.400000 24.940000 60
92152.200000 24.950000 60
92180.600000 24.960000 60
92197.800000 24.970000 60
92222.200000 24.980000 60
92255.000000 24.990000 60
92271.800000 25.000000 60
92305.000000 25.010000 60
92334.200000 25.020000 60
92361.400000 25.030000 60
92383.800000 25.040000 60
92407.400000 25.050000 60
92431.400000 25.060000 60
92446.200000 25.070000 60
92477.400000 25.080000 60
92507.400000 25.090000 60
92514.200000 25.100000 60
92537.800000 25.110000 60
92559.400000 25.120000 60
92591.800000 25.130000 60
92624.200000 25.140000 60
92647.000000 25.150000 60
92657.800000 25.160000 60
92677.400000 25.170000 60
92704.600000 25.180000 60
92723.400000 25.190000 60
92751.400000 25.200000 60
92767.000000 25.210000 60
92783.000000 25.220000 60
92799.000000 25.230000 60
92817.400000 25.240000 60
92857.400000 25.250000 60
92888.600000 25.260000 60
92904.200000 25.270000 60
92937.400000 25.280000 60
92959.800000 25.290000 60
92971.800000 25.300000 60
93044.600000 25.310000 60
93063.000000 25.320000 60
93079.800000 25.330000 60
93092.600000 25.340000 60
93129.400000 25.350000 60
93145.000000 25.360000 60
93177.000000 25.370000 60
93198.600000 25.380000 60
93223.000000 25.390000 60
93248.200000 25.400000 60
93284.600000 25.410000 60
93319.000000 25.420000 60
93333.400000 25.430000 60
93365.400000 25.440000 60
93391.000000 25.450000 60
93409.000000 25.460000 60
93429.400000 25.470000 60
93443.400000 25.480000 60
93489.800000 25.490000 60
93507.000000 25.500000 60
93545.800000 25.510000 60
93571.000000 25.520000 60
93596.600000 25.530000 60
93609.000000 25.540000 60
93635.400000 25.550000 60
93653.000000 25.560000 60
93677.000000 25.570000 60
93706.200000 25.580000 60
93727.800000 25.590000 60
93752.600000 25.600000 60
93784.200000 25.610000 60
93818.600000 25.620000 60
93841.000000 25.630000 60
93847.400000 25.640000 60
93878.600000 25.650000 60
93914.200000 25.660000 60
93929.000000 25.670000 60
93961.800000 25.680000 60
94003.400000 25.690000 60
94030.600000 25.700000 60
94067.800000 25.710000 60
94089.400000 25.720000 60
94115.400000 25.730000 60
94140.600000 25.740000 60
94181.400000 25.750000 60
94188.200000 25.760000 60
94207.800000 25.770000 60
94220.600000 25.780000 60
94247.000000 25.790000 60
94281.800000 25.800000 60
94327.000000 25.810000 60
94360.600000 25.820000 60
94384.600000 25.830000 60
94409.400000 25.840000 60
94440.200000 25.850000 60
94469.000000 25.860000 60
94483.400000 25.870000 60
94500.200000 25.880000 60
94511.800000 25.890000 60
94529.000000 25.900000 60
94557.800000 25.910000 60
94569.000000 25.920000 60
94591.000000 25.930000 60
94611.800000 25.940000 60
94639.400000 25.950000 60
94660.600000 25.960000 60
94676.600000 25.970000 60
94699.000000 25.980000 60
94713.800000 25.990000 60
94755.800000 26.000000 60
94773.800000 26.010000 60
94813.800000 26.020000 60
94836.600000 26.030000 60
94864.600000 26.040000 60
94880.200000 26.050000 60
94891.000000 26.060000 60
94910.200000 26.070000 60
94918.200000 26.080000 60
94950.600000 26.090000 60
94986.600000 26.100000 60
94992.600000 26.110000 60
95020.200000 26.120000 60
95027.400000 26.130000 60
95117.800000 26.140000 60
95127.800000 26.150000 60
95139.400000 26.160000 60
95168.600000 26.170000 60
95204.200000 26.180000 60
95224.600000 26.190000 60
95233.000000 26.200000 60
95271.000000 26.210000 60
95297.000000 26.220000 60
95319.400000 26.230000 60
95335.800000 26.240000 60
95350.200000 26.250000 60
95375.000000 26.260000 60
95396.200000 26.270000 60
95426.200000 26.280000 60
95450.600000 26.290000 60
95480.200000 26.300000 60
95500.200000 26.310000 60
95534.600000 26.320000 60
95574.600000 26.330000 60
95598.600000 26.340000 60
95613.800000 26.350000 60
95629.400000 26.360000 60
95656.600000 26.370000 60
95681.800000 26.380000 60
95719.000000 26.390000 60
95751.800000 26.400000 60
95768.600000 26.410000 60
95783.800000 26.420000 60
95803.000000 26.430000 60
95837.400000 26.440000 60
95871.400000 26.450000 60
95899.400000 26.460000 60
95923.400000 26.470000 60
95949.800000 26.480000 60
95973.800000 26.490000 60
96008.600000 26.500000 60
96031.800000 26.510000 60
96057.000000 26.520000 60
96076.200000 26.530000 60
96103.000000 26.540000 60
96122.600000 26.550000 60
96155.800000 26.560000 60
96175.400000 26.570000 60
96195.400000 26.580000 60
96216.200000 26.590000 60
96240.600000 26.600000 60
96265.000000 26.610000 60
96290.200000 26.620000 60
96337.800000 26.630000 60
96360.200000 26.640000 60
96383.400000 26.650000 60
96401.800000 26.660000 60
96441.800000 26.670000 60
96463.800000 26.680000 60
96497.000000 26.690000 60
96516.200000 26.700000 60
96548.600000 26.710000 60
96577.800000 26.720000 60
96608.200000 26.730000 60
96639.000000 26.740000 60
96672.600000 26.750000 60
96704.200000 26.760000 60
96716.600000 26.770000 60
96742.600000 26.780000 60
96775.800000 26.790000 60
96797.800000 26.800000 60
96829.800000 26.810000 60
96851.000000 26.820000 60
96868.600000 26.830000 60
96896.200000 26.840000 60
96921.000000 26.850000 60
96932.200000 26.860000 60
96959.000000 26.870000 60
96970.600000 26.880000 60
96997.400000 26.890000 60
97022.600000 26.900000 60
97036.600000 26.910000 60
97056.200000 26.920000 60
97071.800000 26.930000 60
97361.800000 26.940000 60
97382.600000 26.950000 60
97406.200000 26.960000 60
97423.400000 26.970000 60
97441.000000 26.980000 60
97474.200000 26.990000 60
97502.200000 27.000000 60
97525.400000 27.010000 60
97554.200000 27.020000 60
97571.400000 27.030000 60
97594.600000 27.040000 60
97629.400000 27.050000 60
97644.600000 27.060000 60
97668.200000 27.070000 60
97683.800000 27.080000 60
97724.600000 27.090000 60
97765.000000 27.100000 60
97787.000000 27.110000 60
97814.200000 27.120000 60
97818.200000 27.130000 60
97847.800000 27.140000 60
97885.800000 27.150000 60
97905.800000 27.160000 60
97931.800000 27.170000 60
97960.200000 27.180000 60
97987.800000 27.190000 60
98009.400000 27.200000 60
98043.400000 27.210000 60
98065.000000 27.220000 60
98103.800000 27.230000 60
98123.000000 27.240000 60
98152.600000 27.250000 60
98177.400000 27.260000 60
98209.400000 27.270000 60
98226.600000 27.280000 60
98264.200000 27.290000 60
98283.400000 27.300000 60
98311.800000 27.310000 60
98329.800000 27.320000 60
98366.200000 27.330000 60
98391.800000 27.340000 60
98397.800000 27.350000 60
98427.400000 27.360000 60
98458.600000 27.370000 60
98476.600000 27.380000 60
98493.800000 27.390000 60
98511.400000 27.400000 60
98537.800000 27.410000 60
98545.800000 27.420000 60
98556.200000 27.430000 60
98583.000000 27.440000 60
98599.000000 27.450000 60
98624.600000 27.460000 60
98651.400000 27.470000 60
98671.000000 27.480000 60
98699.400000 27.490000 60
98725.400000 27.500000 60
98755.800000 27.510000 60
98794.600000 27.520000 60
98814.200000 27.530000 60
98823.800000 27.540000 60
98857.400000 27.550000 60
98869.000000 27.560000 60
98943.400000 27.570000 60
98961.800000 27.580000 60
98987.000000 27.590000 60
99026.200000 27.600000 60
99038.600000 27.610000 60
99062.600000 27.620000 60
99088.200000 27.630000 60
99109.800000 27.640000 60
99137.400000 27.650000 60
99154.200000 27.660000 60
99188.200000 27.670000 60
99203.800000 27.680000 60
99225.000000 27.690000 60
99237.000000 27.700000 60
99250.600000 27.710000 60
99271.000000 27.720000 60
99297.400000 27.730000 60
99321.400000 27.740000 60
99361.000000 27.750000 60
99382.200000 27.760000 60
99395.000000 27.770000 60
99417.400000 27.780000 60
99435.400000 27.790000 60
99459.400000 27.800000 60
99489.800000 27.810000 60
99507.000000 27.820000 60
99525.000000 27.830000 60
99551.400000 27.840000 60
99579.400000 27.850000 60
99605.800000 27.860000 60
99629.000000 27.870000 60
99643.400000 27.880000 60
99674.200000 27.890000 60
99697.400000 27.900000 60
99729.000000 27.910000 60
99742.200000 27.920000 60
99769.400000 27.930000 60
99792.200000 27.940000 60
99833.000000 27.950000 60
99851.800000 27.960000 60
99873.000000 27.970000 60
99897.400000 27.980000 60
99915.400000 27.990000 60
99937.800000 28.000000 60
99958.200000 28.010000 60
99976.600000 28.020000 60
100007.000000 28.030000 60
100021.000000 28.040000 60
100051.400000 28.050000 60
100057.800000 28.060000 60
100087.400000 28.070000 60
100111.000000 28.080000 60
100135.000000 28.090000 60
100159.400000 28.100000 60
100172.600000 28.110000 60
100185.000000 28.120000 60
100212.600000 28.130000 60
100223.800000 28.140000 60
100233.400000 28.150000 60
100256.200000 28.160000 60
100281.000000 28.170000 60
100291.800000 28.180000 60
100319.400000 28.190000 60
100341.400000 28.200000 60
100358.600000 28.210000 60
100371.800000 28.220000 60
100388.600000 28.230000 60
100418.600000 28.240000 60
100445.000000 28.250000 60
100463.000000 28.260000 60
100479.400000 28.270000 60
100508.600000 28.280000 60
100538.600000 28.290000 60
100564.600000 28.300000 60
100591.800000 28.310000 60
100614.200000 28.320000 60
100641.800000 28.330000 60
100689.800000 28.340000 60
100724.600000 28.350000 60
100745.800000 28.360000 60
100755.400000 28.370000 60
100781.400000 28.380000 60
101024.200000 28.390000 60
101045.400000 28.400000 60
101078.200000 28.410000 60
101118.200000 28.420000 60
101145.800000 28.430000 60
101181.400000 28.440000 60
101211.000000 28.450000 60
101245.000000 28.460000 60
101266.600000 28.470000 60
101286.200000 28.480000 60
101308.600000 28.490000 60
101323.800000 28.500000 60
101363.800000 28.510000 60
101377.000000 28.520000 60
101396.600000 28.530000 60
101415.800000 28.540000 60
101435.800000 28.550000 60
101479.400000 28.560000 60
101502.200000 28.570000 60
101523.400000 28.580000 60
101562.600000 28.590000 60
101579.400000 28.600000 60
101603.400000 28.610000 60
101621.800000 28.620000 60
101640.600000 28.630000 60
101680.200000 28.640000 60
101715.400000 28.650000 60
101730.200000 28.660000 60
101752.200000 28.670000 60
101787.800000 28.680000 60
101813.400000 28.690000 60
101837.400000 28.700000 60
101861.400000 28.710000 60
101881.400000 28.720000 60
101906.200000 28.730000 60
101924.200000 28.740000 60
101957.400000 28.750000 60
101997.400000 28.760000 60
102018.600000 28.770000 60
102037.000000 28.780000 60
102049.400000 28.790000 60
102095.400000 28.800000 60
102137.400000 28.810000 60
102163.000000 28.820000 60
102174.600000 28.830000 60
102213.000000 28.840000 60
102253.800000 28.850000 60
102265.800000 28.860000 60
102289.000000 28.870000 60
102312.200000 28.880000 60
102337.400000 28.890000 60
102365.000000 28.900000 60
102387.400000 28.910000 60
102407.400000 28.920000 60
102429.000000 28.930000 60
102454.200000 28.940000 60
102466.200000 28.950000 60
102485.400000 28.960000 60
102508.600000 28.970000 60
102528.200000 28.980000 60
102556.600000 28.990000 60
102584.200000 29.000000 60
102609.000000 29.010000 60
102617.400000 29.020000 60
102628.600000 29.030000 60
102638.600000 29.040000 60
102847.400000 29.050000 60
102859.400000 29.060000 60
102879.400000 29.070000 60
102903.400000 29.080000 60
102921.400000 29.090000 60
102984.200000 29.100000 60
103000.600000 29.110000 60
103023.400000 29.120000 60
103044.600000 29.130000 60
103066.200000 29.140000 60
103087.800000 29.150000 60
103113.800000 29.160000 60
103138.200000 29.170000 60
103157.800000 29.180000 60
103186.200000 29.190000 60
103204.600000 29.200000 60
103235.800000 29.210000 60
103261.800000 29.220000 60
103292.200000 29.230000 60
103336.600000 29.240000 60
103367.800000 29.250000 60
103400.600000 29.260000 60
103591.000000 29.270000 60
103620.600000 29.280000 60
103659.400000 29.290000 60
103678.200000 29.300000 60
103700.600000 29.310000 60
103740.200000 29.320000 60
103775.800000 29.330000 60
103795.000000 29.340000 60
103817.800000 29.350000 60
103860.600000 29.360000 60
103883.000000 29.370000 60
103905.000000 29.380000 60
103921.400000 29.390000 60
103941.800000 29.400000 60
103959.000000 29.410000 60
104001.000000 29.420000 60
104015.800000 29.430000 60
104036.600000 29.440000 60
104063.800000 29.450000 60
104090.200000 29.460000 60
104119.400000 29.470000 60
104147.400000 29.480000 60
104173.400000 29.490000 60
104192.600000 29.500000 60
104219.800000 29.510000 60
104234.200000 29.520000 60
104253.800000 29.530000 60
104289.400000 29.540000 60
104336.200000 29.550000 60
104367.800000 29.560000 60
104387.400000 29.570000 60
104412.600000 29.580000 60
104449.400000 29.590000 60
104487.400000 29.600000 60
104512.200000 29.610000 60
104543.000000 29.620000 60
104569.800000 29.630000 60
104603.000000 29.640000 60
104631.400000 29.650000 60
104657.400000 29.660000 60
104698.200000 29.670000 60
104725.000000 29.680000 60
104746.600000 29.690000 60
104776.200000 29.700000 60
104812.200000 29.710000 60
104839.000000 29.720000 60
104854.200000 29.730000 60
104878.200000 29.740000 60
104904.600000 29.750000 60
104940.600000 29.760000 60
104964.600000 29.770000 60
104986.200000 29.780000 60
105019.000000 29.790000 60
105035.400000 29.800000 60
105057.400000 29.810000 60
105065.000000 29.820000 60
105084.200000 29.830000 60
105114.200000 29.840000 60
105139.800000 29.850000 60
105173.800000 29.860000 60
105202.600000 29.870000 60
105217.800000 29.880000 60
105249.800000 29.890000 60
105270.600000 29.900000 60
105283.400000 29.910000 60
105327.800000 29.920000 60
105348.600000 29.930000 60
105376.600000 29.940000 60
105389.400000 29.950000 60
105409.800000 29.960000 60
105426.600000 29.970000 60
105458.600000 29.980000 60
105484.600000 29.990000 60
