76945.000000  18238
76947.000000  18240
76949.000000  18241
76951.000000  18242
76953.000000  18243
76955.000000  18244
76957.000000  18245
76959.000000  18246
76961.000000  18247
76963.000000  18248
76965.000000  18249
76967.000000  18250
76969.000000  18251
76971.000000  18252
76973.000000  18253
76975.000000  18254
76977.000000  18256
76979.000000  18256
76981.000000  18258
76983.000000  18259
76983.000000  18259
76983.000000  18259
76983.000000  18259
76983.000000  18259
76983.000000  18259
80157.000000  18356
80159.000000  18356
80161.000000  18357
80163.000000  18357
80165.000000  18358
80167.000000  18358
80169.000000  18359
80171.000000  18359
80173.000000  18360
80175.000000  18360
80177.000000  18361
80179.000000  18362
80181.000000  18362
80183.000000  18363
80185.000000  18364
80187.000000  18364
80189.000000  18365
80191.000000  18366
80193.000000  18366
80195.000000  18367
80197.000000  18368
80199.000000  18368
80201.000000  18369
80203.000000  18370
80205.000000  18370
80207.000000  18371
80209.000000  18372
80211.000000  18373
80213.000000  18374
80215.000000  18374
80217.000000  18375
80219.000000  18376
80221.000000  18377
80223.000000  18377
80225.000000  18378
80227.000000  18379
80229.000000  18380
80231.000000  18381
80233.000000  18382
80235.000000  18382
80237.000000  18383
80239.000000  18384
80241.000000  18385
80243.000000  18386
80245.000000  18387
80247.000000  18388
80249.000000  18389
80251.000000  18390
80253.000000  18390
80255.000000  18391
80257.000000  18392
80259.000000  18393
80261.000000  18394
80263.000000  18395
80265.000000  18396
80267.000000  18397
80269.000000  18398
80271.000000  18399
80273.000000  18400
80275.000000  18401
80277.000000  18402
80279.000000  18403
80281.000000  18404
80283.000000  18404
80285.000000  18406
80287.000000  18406
80289.000000  18408
80291.000000  18408
80293.000000  18409
80295.000000  18410
80297.000000  18411
80299.000000  18412
80301.000000  18413
80303.000000  18414
80305.000000  18415
80307.000000  18416
80309.000000  18417
80311.000000  18418
80313.000000  18419
80315.000000  18420
80317.000000  18421
80319.000000  18422
80321.000000  18423
80323.000000  18424
80325.000000  18425
80327.000000  18426
80329.000000  18427
80331.000000  18428
80333.000000  18429
80335.000000  18430
80337.000000  18432
80339.000000  18432
80341.000000  18434
80343.000000  18435
80345.000000  18436
80347.000000  18437
80349.000000  18438
80351.000000  18439
80353.000000  18440
80355.000000  18441
80357.000000  18442
80359.000000  18443
80361.000000  18444
80363.000000  18445
80365.000000  18446
80367.000000  18447
80369.000000  18448
80371.000000  18449
80373.000000  18450
80375.000000  18451
80377.000000  18452
80379.000000  18453
80381.000000  18454
80383.000000  18455
80385.000000  18456
80387.000000  18458
80389.000000  18459
80391.000000  18460
80393.000000  18461
80395.000000  18462
80397.000000  18463
80399.000000  18464
80401.000000  18465
80403.000000  18466
80405.000000  18467
80407.000000  18468
80409.000000  18469
80411.000000  18470
80413.000000  18471
80415.000000  18472
80417.000000  18473
80419.000000  18474
80421.000000  18476
80423.000000  18477
80425.000000  18478
80427.000000  18479
80429.000000  18480
80431.000000  18481
80433.000000  18482
80435.000000  18483
80437.000000  18484
80439.000000  18485
80441.000000  18486
80443.000000  18487
80445.000000  18488
80447.000000  18490
80449.000000  18490
80451.000000  18492
80453.000000  18493
80455.000000  18494
80457.000000  18495
80459.000000  18496
80461.000000  18497
80463.000000  18498
80465.000000  18499
80467.000000  18500
80469.000000  18501
80471.000000  18502
80473.000000  18503
80475.000000  18504
80477.000000  18506
80479.000000  18507
80481.000000  18508
80483.000000  18509
80485.000000  18510
80487.000000  18511
80489.000000  18512
80491.000000  18513
80493.000000  18514
80495.000000  18515
80497.000000  18516
80499.000000  18517
80501.000000  18518
80503.000000  18519
80505.000000  18520
80507.000000  18522
80509.000000  18523
80511.000000  18524
80513.000000  18525
80515.000000  18526
80517.000000  18527
80519.000000  18528
80521.000000  18529
80523.000000  18530
80525.000000  18531
80527.000000  18532
80529.000000  18534
80531.000000  18535
80533.000000  18536
80535.000000  18537
80537.000000  18538
80539.000000  18539
80541.000000  18540
80543.000000  18541
80545.000000  18542
80547.000000  18543
80549.000000  18544
80551.000000  18545
80553.000000  18546
80555.000000  18547
80557.000000  18548
80559.000000  18550
80561.000000  18551
80563.000000  18552
80565.000000  18553
80567.000000  18554
80569.000000  18555
80571.000000  18556
80573.000000  18557
80575.000000  18558
80577.000000  18559
80579.000000  18560
80581.000000  18562
80583.000000  18563
80585.000000  18564
80587.000000  18565
80589.000000  18566
80591.000000  18567
80593.000000  18568
80595.000000  18569
80597.000000  18570
80599.000000  18571
80601.000000  18572
80603.000000  18573
80605.000000  18574
80607.000000  18576
80609.000000  18577
80611.000000  18578
80613.000000  18579
80615.000000  18580
80617.000000  18581
80619.000000  18582
80621.000000  18583
80623.000000  18584
80625.000000  18585
80627.000000  18586
80629.000000  18588
80631.000000  18589
80633.000000  18590
80635.000000  18591
80637.000000  18592
80639.000000  18593
80641.000000  18594
80643.000000  18595
80645.000000  18596
80647.000000  18597
80649.000000  18598
80651.000000  18599
80653.000000  18600
80655.000000  18602
80657.000000  18603
80659.000000  18604
80661.000000  18605
80663.000000  18606
80665.000000  18607
80667.000000  18608
80669.000000  18609
80671.000000  18610
80673.000000  18611
80675.000000  18612
80677.000000  18614
80679.000000  18614
80681.000000  18616
80683.000000  18617
80685.000000  18618
80687.000000  18619
80689.000000  18620
80691.000000  18621
80693.000000  18622
80695.000000  18623
80697.000000  18624
80699.000000  18626
80701.000000  18626
80703.000000  18628
80705.000000  18629
80707.000000  18630
80709.000000  18631
80711.000000  18632
80713.000000  18633
80715.000000  18634
80717.000000  18635
80719.000000  18636
80721.000000  18637
80723.000000  18638
80725.000000  18640
80727.000000  18641
80729.000000  18642
80731.000000  18643
80733.000000  18644
80735.000000  18645
80737.000000  18646
80739.000000  18647
80741.000000  18648
80743.000000  18649
80745.000000  18650
80747.000000  18652
80749.000000  18653
80751.000000  18654
80753.000000  18655
80755.000000  18656
80757.000000  18657
80759.000000  18658
80761.000000  18659
80763.000000  18660
80765.000000  18661
80767.000000  18662
80769.000000  18663
80771.000000  18664
80773.000000  18666
80775.000000  18667
80777.000000  18668
80779.000000  18669
80781.000000  18670
80783.000000  18671
80785.000000  18672
80787.000000  18673
80789.000000  18674
80791.000000  18675
80793.000000  18676
80795.000000  18678
80797.000000  18679
80799.000000  18680
80801.000000  18681
80803.000000  18682
80805.000000  18683
80807.000000  18684
80809.000000  18685
80811.000000  18686
80813.000000  18687
80815.000000  18688
80817.000000  18690
80819.000000  18690
80821.000000  18692
80823.000000  18693
80825.000000  18694
80827.000000  18695
80829.000000  18696
80831.000000  18697
80833.000000  18698
80835.000000  18699
80837.000000  18700
80839.000000  18702
80841.000000  18703
80843.000000  18704
80845.000000  18705
80847.000000  18706
80849.000000  18707
80851.000000  18708
80853.000000  18709
80855.000000  18710
80857.000000  18711
80859.000000  18712
80861.000000  18713
80863.000000  18714
80865.000000  18716
80867.000000  18717
80869.000000  18718
80871.000000  18719
80873.000000  18720
80875.000000  18721
80877.000000  18722
80879.000000  18723
80881.000000  18724
80883.000000  18726
80885.000000  18726
80887.000000  18728
80889.000000  18729
80891.000000  18730
80893.000000  18731
80895.000000  18732
80897.000000  18733
80899.000000  18734
80901.000000  18735
80903.000000  18736
80905.000000  18737
80907.000000  18738
80909.000000  18740
80911.000000  18741
80913.000000  18742
80915.000000  18743
80917.000000  18744
80919.000000  18745
80921.000000  18746
80923.000000  18747
80925.000000  18748
80927.000000  18750
80929.000000  18750
80931.000000  18752
80933.000000  18753
80935.000000  18754
80937.000000  18755
80939.000000  18756
80941.000000  18757
80943.000000  18758
80945.000000  18759
80947.000000  18760
80949.000000  18761
80951.000000  18762
80953.000000  18764
80955.000000  18765
80957.000000  18766
80959.000000  18767
80961.000000  18768
80963.000000  18769
80965.000000  18770
80967.000000  18771
80969.000000  18772
80971.000000  18773
80973.000000  18774
80975.000000  18776
80977.000000  18777
80979.000000  18778
80981.000000  18779
80983.000000  18780
80985.000000  18781
80987.000000  18782
80989.000000  18783
80991.000000  18784
80993.000000  18785
80995.000000  18786
80997.000000  18788
80999.000000  18789
81001.000000  18790
81003.000000  18791
81005.000000  18792
81007.000000  18793
81009.000000  18794
81011.000000  18795
81013.000000  18796
81015.000000  18797
81017.000000  18798
81019.000000  18800
81021.000000  18801
81023.000000  18802
81025.000000  18803
81027.000000  18804
81029.000000  18805
81031.000000  18806
81033.000000  18807
81035.000000  18808
81037.000000  18809
81039.000000  18810
81041.000000  18812
81043.000000  18813
81045.000000  18814
81047.000000  18815
81049.000000  18816
81051.000000  18817
81053.000000  18818
81055.000000  18819
81057.000000  18820
81059.000000  18822
81061.000000  18823
81063.000000  18824
81065.000000  18825
81067.000000  18826
81069.000000  18827
81071.000000  18828
81073.000000  18829
81075.000000  18830
81077.000000  18831
81079.000000  18832
81081.000000  18833
81083.000000  18834
81085.000000  18836
81087.000000  18837
81089.000000  18838
81091.000000  18839
81093.000000  18840
81095.000000  18841
81097.000000  18842
81099.000000  18843
81101.000000  18844
81103.000000  18846
81105.000000  18847
81107.000000  18848
81109.000000  18849
81111.000000  18850
81113.000000  18851
81115.000000  18852
81117.000000  18853
81119.000000  18854
81121.000000  18855
81123.000000  18856
81125.000000  18858
81127.000000  18859
81129.000000  18860
81131.000000  18861
81133.000000  18862
81135.000000  18863
81137.000000  18864
81139.000000  18865
81141.000000  18866
81143.000000  18867
81145.000000  18868
81147.000000  18870
81149.000000  18871
81151.000000  18872
81153.000000  18873
81155.000000  18874
81157.000000  18875
81159.000000  18876
81161.000000  18877
81163.000000  18878
81165.000000  18879
81167.000000  18880
81169.000000  18882
81171.000000  18883
81173.000000  18884
81175.000000  18885
81177.000000  18886
81179.000000  18887
81181.000000  18888
81183.000000  18889
81185.000000  18890
81187.000000  18892
81189.000000  18892
81191.000000  18894
81193.000000  18895
81195.000000  18896
81197.000000  18897
81199.000000  18898
81201.000000  18899
81203.000000  18900
81205.000000  18901
81207.000000  18902
81209.000000  18903
81211.000000  18904
81213.000000  18906
81215.000000  18907
81217.000000  18908
81219.000000  18909
81221.000000  18910
81223.000000  18911
81225.000000  18912
81227.000000  18913
81229.000000  18914
81231.000000  18916
81233.000000  18917
81235.000000  18918
81237.000000  18919
81239.000000  18920
81241.000000  18921
81243.000000  18922
81245.000000  18923
81247.000000  18924
81249.000000  18925
81251.000000  18926
81253.000000  18928
81255.000000  18929
81257.000000  18930
81259.000000  18931
81261.000000  18932
81263.000000  18933
81265.000000  18934
81267.000000  18935
81269.000000  18936
81271.000000  18937
81273.000000  18938
81275.000000  18940
81277.000000  18941
81279.000000  18942
81281.000000  18943
81283.000000  18944
81285.000000  18945
81287.000000  18946
81289.000000  18947
81291.000000  18948
81293.000000  18949
81295.000000  18950
81297.000000  18952
81299.000000  18953
81301.000000  18954
81303.000000  18955
81305.000000  18956
81307.000000  18957
81309.000000  18958
81311.000000  18959
81313.000000  18960
81315.000000  18962
81317.000000  18963
81319.000000  18964
81321.000000  18965
81323.000000  18966
81325.000000  18967
81327.000000  18968
81329.000000  18969
81331.000000  18970
81333.000000  18971
81335.000000  18972
81337.000000  18974
81339.000000  18974
81341.000000  18976
81343.000000  18977
81345.000000  18978
81347.000000  18979
81349.000000  18980
81351.000000  18981
81353.000000  18982
81355.000000  18983
81357.000000  18984
81359.000000  18986
81361.000000  18987
81363.000000  18988
81365.000000  18989
81367.000000  18990
81369.000000  18991
81371.000000  18992
81373.000000  18993
81375.000000  18994
81377.000000  18995
81379.000000  18996
81381.000000  18998
81383.000000  18999
81385.000000  19000
81387.000000  19001
81389.000000  19002
81391.000000  19003
81393.000000  19004
81395.000000  19005
81397.000000  19006
81399.000000  19007
81401.000000  19008
81403.000000  19010
81405.000000  19011
81407.000000  19012
81409.000000  19013
81411.000000  19014
81413.000000  19015
81415.000000  19016
81417.000000  19017
81419.000000  19018
81421.000000  19020
81423.000000  19020
81425.000000  19022
81427.000000  19023
81429.000000  19024
81431.000000  19025
81433.000000  19026
81435.000000  19027
81437.000000  19028
81439.000000  19029
81441.000000  19030
81443.000000  19032
81445.000000  19033
81447.000000  19034
81449.000000  19035
81451.000000  19036
81453.000000  19037
81455.000000  19038
81457.000000  19039
81459.000000  19040
81461.000000  19041
81463.000000  19042
81465.000000  19044
81467.000000  19045
81469.000000  19046
81471.000000  19047
81473.000000  19048
81475.000000  19049
81477.000000  19050
81479.000000  19051
81481.000000  19052
81483.000000  19053
81485.000000  19054
81487.000000  19056
81489.000000  19057
81491.000000  19058
81493.000000  19059
81495.000000  19060
81497.000000  19061
81499.000000  19062
81501.000000  19063
81503.000000  19064
81505.000000  19065
81507.000000  19066
81509.000000  19068
81511.000000  19069
81513.000000  19070
81515.000000  19071
81517.000000  19072
81519.000000  19073
81521.000000  19074
81523.000000  19075
81525.000000  19076
81527.000000  19078
81529.000000  19078
81531.000000  19080
81533.000000  19081
81535.000000  19082
81537.000000  19083
81539.000000  19084
81541.000000  19085
81543.000000  19086
81545.000000  19087
81547.000000  19088
81549.000000  19090
81551.000000  19091
81553.000000  19092
81555.000000  19093
81557.000000  19094
81559.000000  19095
81561.000000  19096
81563.000000  19097
81565.000000  19098
81567.000000  19099
81569.000000  19100
81571.000000  19102
81573.000000  19103
81575.000000  19104
81577.000000  19105
81579.000000  19106
81581.000000  19107
81583.000000  19108
81585.000000  19109
81587.000000  19110
81589.000000  19112
81591.000000  19113
81593.000000  19114
81595.000000  19115
81597.000000  19116
81599.000000  19117
81601.000000  19118
81603.000000  19119
81605.000000  19120
81607.000000  19121
81609.000000  19122
81611.000000  19124
81613.000000  19125
81615.000000  19126
81617.000000  19127
81619.000000  19128
81621.000000  19129
81623.000000  19130
81625.000000  19131
81627.000000  19132
81629.000000  19133
81631.000000  19134
81633.000000  19136
81635.000000  19137
81637.000000  19138
81639.000000  19139
81641.000000  19140
81643.000000  19141
81645.000000  19142
81647.000000  19143
81649.000000  19144
81651.000000  19145
81653.000000  19146
81655.000000  19148
81657.000000  19149
81659.000000  19150
81661.000000  19151
81663.000000  19152
81665.000000  19153
81667.000000  19154
81669.000000  19155
81671.000000  19156
81673.000000  19158
81675.000000  19159
81677.000000  19160
81679.000000  19161
81681.000000  19162
81683.000000  19163
81685.000000  19164
81687.000000  19165
81689.000000  19166
81691.000000  19167
81693.000000  19168
81695.000000  19170
81697.000000  19171
81699.000000  19172
81701.000000  19173
81703.000000  19174
81705.000000  19175
81707.000000  19176
81709.000000  19177
81711.000000  19178
81713.000000  19180
81715.000000  19181
81717.000000  19182
81719.000000  19183
81721.000000  19184
81723.000000  19185
81725.000000  19186
81727.000000  19187
81729.000000  19188
81731.000000  19189
81733.000000  19190
81735.000000  19192
81737.000000  19193
81739.000000  19194
81741.000000  19195
81743.000000  19196
81745.000000  19197
81747.000000  19198
81749.000000  19199
81751.000000  19200
81753.000000  19202
81755.000000  19203
81757.000000  19204
81759.000000  19205
81761.000000  19206
81763.000000  19207
81765.000000  19208
81767.000000  19209
81769.000000  19210
81771.000000  19211
81773.000000  19212
81775.000000  19214
81777.000000  19215
81779.000000  19216
81781.000000  19217
81783.000000  19218
81785.000000  19219
81787.000000  19220
81789.000000  19221
81791.000000  19222
81793.000000  19224
81795.000000  19225
81797.000000  19226
81799.000000  19227
81801.000000  19228
81803.000000  19229
81805.000000  19230
81807.000000  19231
81809.000000  19232
81811.000000  19233
81813.000000  19234
81815.000000  19236
81817.000000  19237
81819.000000  19238
81821.000000  19239
81823.000000  19240
81825.000000  19241
81827.000000  19242
81829.000000  19243
81831.000000  19244
81833.000000  19245
81835.000000  19246
81837.000000  19248
81839.000000  19249
81841.000000  19250
81843.000000  19251
81845.000000  19252
81847.000000  19253
81849.000000  19254
81851.000000  19255
81853.000000  19256
81855.000000  19258
81857.000000  19259
81859.000000  19260
81861.000000  19261
81863.000000  19262
81865.000000  19263
81867.000000  19264
81869.000000  19265
81871.000000  19266
81873.000000  19267
81875.000000  19268
81877.000000  19270
81879.000000  19271
81881.000000  19272
81883.000000  19273
81885.000000  19274
81887.000000  19275
81889.000000  19276
81891.000000  19277
81893.000000  19278
81895.000000  19280
81897.000000  19281
81899.000000  19282
81901.000000  19283
81903.000000  19284
81905.000000  19285
81907.000000  19286
81909.000000  19287
81911.000000  19288
81913.000000  19289
81915.000000  19290
81917.000000  19292
81919.000000  19293
81921.000000  19294
81923.000000  19295
81925.000000  19296
81927.000000  19297
81929.000000  19298
81931.000000  19299
81933.000000  19300
81935.000000  19302
81937.000000  19303
81939.000000  19304
81941.000000  19305
81943.000000  19306
81945.000000  19307
81947.000000  19308
81949.000000  19309
81951.000000  19310
81953.000000  19311
81955.000000  19312
81957.000000  19314
81959.000000  19315
81961.000000  19316
81963.000000  19317
81965.000000  19318
81967.000000  19319
81969.000000  19320
81971.000000  19321
81973.000000  19322
81975.000000  19324
81977.000000  19325
81979.000000  19326
81981.000000  19327
81983.000000  19328
81985.000000  19329
81987.000000  19330
81989.000000  19331
81991.000000  19332
81993.000000  19333
81995.000000  19334
81997.000000  19336
81999.000000  19337
82001.000000  19338
82003.000000  19339
82005.000000  19340
82007.000000  19341
82009.000000  19342
82011.000000  19343
82013.000000  19344
82015.000000  19346
82017.000000  19347
82019.000000  19348
82021.000000  19349
82023.000000  19350
82025.000000  19351
82027.000000  19352
82029.000000  19353
82031.000000  19354
82033.000000  19355
82035.000000  19356
82037.000000  19358
82039.000000  19359
82041.000000  19360
82043.000000  19361
82045.000000  19362
82047.000000  19363
82049.000000  19364
82051.000000  19365
82053.000000  19366
82055.000000  19368
82057.000000  19368
82059.000000  19370
82061.000000  19371
82063.000000  19372
82065.000000  19373
82067.000000  19374
82069.000000  19375
82071.000000  19376
82073.000000  19377
82075.000000  19378
82077.000000  19380
82079.000000  19381
82081.000000  19382
82083.000000  19383
82085.000000  19384
82087.000000  19385
82089.000000  19386
82091.000000  19387
82093.000000  19388
82095.000000  19389
82097.000000  19390
82099.000000  19392
82101.000000  19393
82103.000000  19394
82105.000000  19395
82107.000000  19396
82109.000000  19397
82111.000000  19398
82113.000000  19399
82115.000000  19400
82117.000000  19402
82119.000000  19403
82121.000000  19404
82123.000000  19405
82125.000000  19406
82127.000000  19407
82129.000000  19408
82131.000000  19409
82133.000000  19410
82135.000000  19411
82137.000000  19412
82139.000000  19414
82141.000000  19415
82143.000000  19416
82145.000000  19417
82147.000000  19418
82149.000000  19419
82151.000000  19420
82153.000000  19421
82155.000000  19422
82157.000000  19424
82159.000000  19425
82161.000000  19426
82163.000000  19427
82165.000000  19428
82167.000000  19429
82169.000000  19430
82171.000000  19431
82173.000000  19432
82175.000000  19433
82177.000000  19434
82179.000000  19436
82181.000000  19437
82183.000000  19438
82185.000000  19439
82187.000000  19440
82189.000000  19441
82191.000000  19442
82193.000000  19443
82195.000000  19444
82197.000000  19446
82199.000000  19447
82201.000000  19448
82203.000000  19449
82205.000000  19450
82207.000000  19451
82209.000000  19452
82211.000000  19453
82213.000000  19454
82215.000000  19455
82217.000000  19456
82219.000000  19458
82221.000000  19459
82223.000000  19460
82225.000000  19461
82227.000000  19462
82229.000000  19463
82231.000000  19464
82233.000000  19465
82235.000000  19466
82237.000000  19468
82239.000000  19469
82241.000000  19470
82243.000000  19471
82245.000000  19472
82247.000000  19473
82249.000000  19474
82251.000000  19475
82253.000000  19476
82255.000000  19477
82257.000000  19478
82259.000000  19480
82261.000000  19481
82263.000000  19482
82265.000000  19483
82267.000000  19484
82269.000000  19485
82271.000000  19486
82273.000000  19487
82275.000000  19488
82277.000000  19490
82279.000000  19491
82281.000000  19492
82283.000000  19493
82285.000000  19494
82287.000000  19495
82289.000000  19496
82291.000000  19497
82293.000000  19498
82295.000000  19499
82297.000000  19500
82299.000000  19502
82301.000000  19503
82303.000000  19504
82305.000000  19505
82307.000000  19506
82309.000000  19507
82311.000000  19508
82313.000000  19509
82315.000000  19510
82317.000000  19512
82319.000000  19513
82321.000000  19514
82323.000000  19515
82325.000000  19516
82327.000000  19517
82329.000000  19518
82331.000000  19519
82333.000000  19520
82335.000000  19522
82337.000000  19523
82339.000000  19524
82341.000000  19525
82343.000000  19526
82345.000000  19527
82347.000000  19528
82349.000000  19529
82351.000000  19530
82353.000000  19531
82355.000000  19532
82357.000000  19534
82359.000000  19535
82361.000000  19536
82363.000000  19537
82365.000000  19538
82367.000000  19539
82369.000000  19540
82371.000000  19541
82373.000000  19542
82375.000000  19544
82377.000000  19545
82379.000000  19546
82381.000000  19547
82383.000000  19548
82385.000000  19549
82387.000000  19550
82389.000000  19551
82391.000000  19552
82393.000000  19554
82395.000000  19555
82397.000000  19556
82399.000000  19557
82401.000000  19558
82403.000000  19559
82405.000000  19560
82407.000000  19561
82409.000000  19562
82411.000000  19564
82413.000000  19565
82415.000000  19566
82417.000000  19567
82419.000000  19568
82421.000000  19569
82423.000000  19570
82425.000000  19571
82427.000000  19572
82429.000000  19573
82431.000000  19574
82433.000000  19576
82435.000000  19577
82437.000000  19578
82439.000000  19579
82441.000000  19580
82443.000000  19581
82445.000000  19582
82447.000000  19583
82449.000000  19584
82451.000000  19586
82453.000000  19587
82455.000000  19588
82457.000000  19589
82459.000000  19590
82461.000000  19591
82463.000000  19592
82465.000000  19593
82467.000000  19594
82469.000000  19595
82471.000000  19596
82473.000000  19598
82475.000000  19599
82477.000000  19600
82479.000000  19601
82481.000000  19602
82483.000000  19603
82485.000000  19604
82487.000000  19605
82489.000000  19606
82491.000000  19608
82493.000000  19609
82495.000000  19610
82497.000000  19611
82499.000000  19612
82501.000000  19613
82503.000000  19614
82505.000000  19615
82507.000000  19616
82509.000000  19618
82511.000000  19619
82513.000000  19620
82515.000000  19621
82517.000000  19622
82519.000000  19623
82521.000000  19624
82523.000000  19625
82525.000000  19626
82527.000000  19627
82529.000000  19628
82531.000000  19630
82533.000000  19631
82535.000000  19632
82537.000000  19633
82539.000000  19634
82541.000000  19635
82543.000000  19636
82545.000000  19637
82547.000000  19638
82549.000000  19640
82551.000000  19641
82553.000000  19642
82555.000000  19643
82557.000000  19644
82559.000000  19645
82561.000000  19646
82563.000000  19647
82565.000000  19648
82567.000000  19649
82569.000000  19650
82571.000000  19652
82573.000000  19653
82575.000000  19654
82577.000000  19655
82579.000000  19656
82581.000000  19657
82583.000000  19658
82585.000000  19659
82587.000000  19660
82589.000000  19662
82591.000000  19663
82593.000000  19664
82595.000000  19665
82597.000000  19666
82599.000000  19667
82601.000000  19668
82603.000000  19669
82605.000000  19670
82607.000000  19671
82609.000000  19672
82611.000000  19674
82613.000000  19675
82615.000000  19676
82617.000000  19677
82619.000000  19678
82621.000000  19679
82623.000000  19680
82625.000000  19681
82627.000000  19682
82629.000000  19684
82631.000000  19685
82633.000000  19686
82635.000000  19687
82637.000000  19688
82639.000000  19689
82641.000000  19690
82643.000000  19691
82645.000000  19692
82647.000000  19693
82649.000000  19694
82651.000000  19696
82653.000000  19697
82655.000000  19698
82657.000000  19699
82659.000000  19700
82661.000000  19701
82663.000000  19702
82665.000000  19703
82667.000000  19704
82669.000000  19706
82671.000000  19707
82673.000000  19708
82675.000000  19709
82677.000000  19710
82679.000000  19711
82681.000000  19712
82683.000000  19713
82685.000000  19714
82687.000000  19715
82689.000000  19716
82691.000000  19718
82693.000000  19719
82695.000000  19720
82697.000000  19721
82699.000000  19722
82701.000000  19723
82703.000000  19724
82705.000000  19725
82707.000000  19726
82709.000000  19728
82711.000000  19729
82713.000000  19730
82715.000000  19731
82717.000000  19732
82719.000000  19733
82721.000000  19734
82723.000000  19735
82725.000000  19736
82727.000000  19738
82729.000000  19739
82731.000000  19740
82733.000000  19741
82735.000000  19742
82737.000000  19743
82739.000000  19744
82741.000000  19745
82743.000000  19746
82745.000000  19747
82747.000000  19748
82749.000000  19750
82751.000000  19751
82753.000000  19752
82755.000000  19753
82757.000000  19754
82759.000000  19755
82761.000000  19756
82763.000000  19757
82765.000000  19758
82767.000000  19760
82769.000000  19761
82771.000000  19762
82773.000000  19763
82775.000000  19764
82777.000000  19765
82779.000000  19766
82781.000000  19767
82783.000000  19768
82785.000000  19769
82787.000000  19770
82789.000000  19772
82791.000000  19773
82793.000000  19774
82795.000000  19775
82797.000000  19776
82799.000000  19777
82801.000000  19778
82803.000000  19779
82805.000000  19780
82807.000000  19782
82809.000000  19783
82811.000000  19784
82813.000000  19785
82815.000000  19786
82817.000000  19787
82819.000000  19788
82821.000000  19789
82823.000000  19790
82825.000000  19792
82827.000000  19792
82829.000000  19794
82831.000000  19795
82833.000000  19796
82835.000000  19797
82837.000000  19798
82839.000000  19799
82841.000000  19800
82843.000000  19802
82845.000000  19803
82847.000000  19804
82849.000000  19805
82851.000000  19806
82853.000000  19807
82855.000000  19808
82857.000000  19809
82859.000000  19810
82861.000000  19811
82863.000000  19812
82865.000000  19814
82867.000000  19815
82869.000000  19816
82871.000000  19817
82873.000000  19818
82875.000000  19819
82877.000000  19820
82879.000000  19821
82881.000000  19822
82883.000000  19824
82885.000000  19825
82887.000000  19826
82889.000000  19827
82891.000000  19828
82893.000000  19829
82895.000000  19830
82897.000000  19831
82899.000000  19832
82901.000000  19834
82903.000000  19835
82905.000000  19836
82907.000000  19837
82909.000000  19838
82911.000000  19839
82913.000000  19840
82915.000000  19841
82917.000000  19842
82919.000000  19843
82921.000000  19844
82923.000000  19846
82925.000000  19847
82927.000000  19848
82929.000000  19849
82931.000000  19850
82933.000000  19851
82935.000000  19852
82937.000000  19853
82939.000000  19854
82941.000000  19856
82943.000000  19857
82945.000000  19858
82947.000000  19859
82949.000000  19860
82951.000000  19861
82953.000000  19862
82955.000000  19863
82957.000000  19864
82959.000000  19866
82961.000000  19867
82963.000000  19868
82965.000000  19869
82967.000000  19870
82969.000000  19871
82971.000000  19872
82973.000000  19873
82975.000000  19874
82977.000000  19876
82979.000000  19877
82981.000000  19878
82983.000000  19879
82985.000000  19880
82987.000000  19881
82989.000000  19882
82991.000000  19883
82993.000000  19884
82995.000000  19885
82997.000000  19886
82999.000000  19888
83001.000000  19889
83003.000000  19890
83005.000000  19891
83007.000000  19892
83009.000000  19893
83011.000000  19894
83013.000000  19895
83015.000000  19896
83017.000000  19898
83019.000000  19899
83021.000000  19900
83023.000000  19901
83025.000000  19902
83027.000000  19903
83029.000000  19904
83031.000000  19905
83033.000000  19906
83035.000000  19908
83037.000000  19909
83039.000000  19910
83041.000000  19911
83043.000000  19912
83045.000000  19913
83047.000000  19914
83049.000000  19915
83051.000000  19916
83053.000000  19918
83055.000000  19919
83057.000000  19920
83059.000000  19921
83061.000000  19922
83063.000000  19923
83065.000000  19924
83067.000000  19925
83069.000000  19926
83071.000000  19928
83073.000000  19929
83075.000000  19930
83077.000000  19931
83079.000000  19932
83081.000000  19933
83083.000000  19934
83085.000000  19935
83087.000000  19936
83089.000000  19937
83091.000000  19938
83093.000000  19940
83095.000000  19941
83097.000000  19942
83099.000000  19943
83101.000000  19944
83103.000000  19945
83105.000000  19946
83107.000000  19947
83109.000000  19948
83111.000000  19950
83113.000000  19951
83115.000000  19952
83117.000000  19953
83119.000000  19954
83121.000000  19955
83123.000000  19956
83125.000000  19957
83127.000000  19958
83129.000000  19959
83131.000000  19960
83133.000000  19962
83135.000000  19963
83137.000000  19964
83139.000000  19965
83141.000000  19966
83143.000000  19967
83145.000000  19968
83147.000000  19970
83149.000000  19970
83151.000000  19972
83153.000000  19973
83155.000000  19974
83157.000000  19975
83159.000000  19976
83161.000000  19977
83163.000000  19978
83165.000000  19979
83167.000000  19980
83169.000000  19982
83171.000000  19983
83173.000000  19984
83175.000000  19985
83177.000000  19986
83179.000000  19987
83181.000000  19988
83183.000000  19989
83185.000000  19990
83187.000000  19992
83189.000000  19993
83191.000000  19994
83193.000000  19995
83195.000000  19996
83197.000000  19997
83199.000000  19998
83201.000000  19999
83203.000000  20000
83205.000000  20002
83207.000000  20003
83209.000000  20004
83211.000000  20005
83213.000000  20006
83215.000000  20007
83217.000000  20008
83219.000000  20009
83221.000000  20010
83223.000000  20011
83225.000000  20012
83227.000000  20014
83229.000000  20015
83231.000000  20016
83233.000000  20017
83235.000000  20018
83237.000000  20019
83239.000000  20020
83241.000000  20021
83243.000000  20022
83245.000000  20024
83247.000000  20025
83249.000000  20026
83251.000000  20027
83253.000000  20028
83255.000000  20029
83257.000000  20030
83259.000000  20031
83261.000000  20032
83263.000000  20033
83265.000000  20034
83267.000000  20036
83269.000000  20037
83271.000000  20038
83273.000000  20039
83275.000000  20040
83277.000000  20041
83279.000000  20042
83281.000000  20043
83283.000000  20044
83285.000000  20046
83287.000000  20047
83289.000000  20048
83291.000000  20049
83293.000000  20050
83295.000000  20051
83297.000000  20052
83299.000000  20053
83301.000000  20054
83303.000000  20055
83305.000000  20056
83307.000000  20058
83309.000000  20059
83311.000000  20060
83313.000000  20061
83315.000000  20062
83317.000000  20063
83319.000000  20064
83321.000000  20065
83323.000000  20066
83325.000000  20068
83327.000000  20069
83329.000000  20070
83331.000000  20071
83333.000000  20072
83335.000000  20073
83337.000000  20074
83339.000000  20075
83341.000000  20076
83343.000000  20078
83345.000000  20078
83347.000000  20080
83349.000000  20081
83351.000000  20082
83353.000000  20083
83355.000000  20084
83357.000000  20085
83359.000000  20086
83361.000000  20088
83363.000000  20088
83365.000000  20090
83367.000000  20091
83369.000000  20092
83371.000000  20093
83373.000000  20094
83375.000000  20095
83377.000000  20096
83379.000000  20097
83381.000000  20098
83383.000000  20100
83385.000000  20101
83387.000000  20102
83389.000000  20103
83391.000000  20104
83393.000000  20105
83395.000000  20106
83397.000000  20107
83399.000000  20108
83401.000000  20110
83403.000000  20111
83405.000000  20112
83407.000000  20113
83409.000000  20114
83411.000000  20115
83413.000000  20116
83415.000000  20117
83417.000000  20118
83419.000000  20120
83421.000000  20121
83423.000000  20122
83425.000000  20123
83427.000000  20124
83429.000000  20125
83431.000000  20126
83433.000000  20127
83435.000000  20128
83437.000000  20129
83439.000000  20130
83441.000000  20132
83443.000000  20133
83445.000000  20134
83447.000000  20135
83449.000000  20136
83451.000000  20137
83453.000000  20138
83455.000000  20139
83457.000000  20140
83459.000000  20142
83461.000000  20143
83463.000000  20144
83465.000000  20145
83467.000000  20146
83469.000000  20147
83471.000000  20148
83473.000000  20149
83475.000000  20150
83477.000000  20151
83479.000000  20152
83481.000000  20154
83483.000000  20155
83485.000000  20156
83487.000000  20157
83489.000000  20158
83491.000000  20159
83493.000000  20160
83495.000000  20161
83497.000000  20162
83499.000000  20164
83501.000000  20165
83503.000000  20166
83505.000000  20167
83507.000000  20168
83509.000000  20169
83511.000000  20170
83513.000000  20171
83515.000000  20172
83517.000000  20174
83519.000000  20175
83521.000000  20176
83523.000000  20177
83525.000000  20178
83527.000000  20179
83529.000000  20180
83531.000000  20181
83533.000000  20182
83535.000000  20184
83537.000000  20185
83539.000000  20186
83541.000000  20187
83543.000000  20188
83545.000000  20189
83547.000000  20190
83549.000000  20191
83551.000000  20192
83553.000000  20194
83555.000000  20195
83557.000000  20196
83559.000000  20197
83561.000000  20198
83563.000000  20199
83565.000000  20200
83567.000000  20201
83569.000000  20202
83571.000000  20203
83573.000000  20204
83575.000000  20206
83577.000000  20207
83579.000000  20208
83581.000000  20209
83583.000000  20210
83585.000000  20211
83587.000000  20212
83589.000000  20213
83591.000000  20214
83593.000000  20216
83595.000000  20217
83597.000000  20218
83599.000000  20219
83601.000000  20220
83603.000000  20221
83605.000000  20222
83607.000000  20223
83609.000000  20224
83611.000000  20226
83613.000000  20227
83615.000000  20228
83617.000000  20229
83619.000000  20230
83621.000000  20231
83623.000000  20232
83625.000000  20233
83627.000000  20234
83629.000000  20236
83631.000000  20237
83633.000000  20238
83635.000000  20239
83637.000000  20240
83639.000000  20241
83641.000000  20242
83643.000000  20243
83645.000000  20244
83647.000000  20246
83649.000000  20246
83651.000000  20248
83653.000000  20249
83655.000000  20250
83657.000000  20251
83659.000000  20252
83661.000000  20253
83663.000000  20254
83665.000000  20256
83667.000000  20257
83669.000000  20258
83671.000000  20259
83673.000000  20260
83675.000000  20261
83677.000000  20262
83679.000000  20263
83681.000000  20264
83683.000000  20266
83685.000000  20266
83687.000000  20268
83689.000000  20269
83691.000000  20270
83693.000000  20271
83695.000000  20272
83697.000000  20273
83699.000000  20274
83701.000000  20275
83703.000000  20276
83705.000000  20278
83707.000000  20279
83709.000000  20280
83711.000000  20281
83713.000000  20282
83715.000000  20283
83717.000000  20284
83719.000000  20285
83721.000000  20286
83723.000000  20288
83725.000000  20289
83727.000000  20290
83729.000000  20291
83731.000000  20292
83733.000000  20293
83735.000000  20294
83737.000000  20295
83739.000000  20296
83741.000000  20298
83743.000000  20299
83745.000000  20300
83747.000000  20301
83749.000000  20302
83751.000000  20303
83753.000000  20304
83755.000000  20305
83757.000000  20306
83759.000000  20308
83761.000000  20309
83763.000000  20310
83765.000000  20311
83767.000000  20312
83769.000000  20313
83771.000000  20314
83773.000000  20315
83775.000000  20316
83777.000000  20318
83779.000000  20318
83781.000000  20320
83783.000000  20321
83785.000000  20322
83787.000000  20323
83789.000000  20324
83791.000000  20325
83793.000000  20326
83795.000000  20328
83797.000000  20328
83799.000000  20330
83801.000000  20331
83803.000000  20332
83805.000000  20333
83807.000000  20334
83809.000000  20335
83811.000000  20336
83813.000000  20338
83815.000000  20338
83817.000000  20340
83819.000000  20341
83821.000000  20342
83823.000000  20343
83825.000000  20344
83827.000000  20345
83829.000000  20346
83831.000000  20347
83833.000000  20348
83835.000000  20350
83837.000000  20351
83839.000000  20352
83841.000000  20353
83843.000000  20354
83845.000000  20355
83847.000000  20356
83849.000000  20357
83851.000000  20358
83853.000000  20360
83855.000000  20361
83857.000000  20362
83859.000000  20363
83861.000000  20364
83863.000000  20365
83865.000000  20366
83867.000000  20367
83869.000000  20368
83871.000000  20369
83873.000000  20370
83875.000000  20372
83877.000000  20373
83879.000000  20374
83881.000000  20375
83883.000000  20376
83885.000000  20377
83887.000000  20378
83889.000000  20380
83891.000000  20381
83893.000000  20382
83895.000000  20383
83897.000000  20384
83899.000000  20385
83901.000000  20386
83903.000000  20387
83905.000000  20388
83907.000000  20389
83909.000000  20390
83911.000000  20392
83913.000000  20393
83915.000000  20394
83917.000000  20395
83919.000000  20396
83921.000000  20397
83923.000000  20398
83925.000000  20399
83927.000000  20400
83929.000000  20402
83931.000000  20403
83933.000000  20404
83935.000000  20405
83937.000000  20406
83939.000000  20407
83941.000000  20408
83943.000000  20409
83945.000000  20410
83947.000000  20412
83949.000000  20412
83951.000000  20414
83953.000000  20415
83955.000000  20416
83957.000000  20417
83959.000000  20418
83961.000000  20419
83963.000000  20420
83965.000000  20421
83967.000000  20422
83969.000000  20424
83971.000000  20425
83973.000000  20426
83975.000000  20427
83977.000000  20428
83979.000000  20429
83981.000000  20430
83983.000000  20431
83985.000000  20432
83987.000000  20434
83989.000000  20435
83991.000000  20436
83993.000000  20437
83995.000000  20438
83997.000000  20439
83999.000000  20440
84001.000000  20441
84003.000000  20442
84005.000000  20444
84007.000000  20445
84009.000000  20446
84011.000000  20447
84013.000000  20448
84015.000000  20449
84017.000000  20450
84019.000000  20451
84021.000000  20452
84023.000000  20454
84025.000000  20455
84027.000000  20456
84029.000000  20457
84031.000000  20458
84033.000000  20459
84035.000000  20460
84037.000000  20461
84039.000000  20462
84041.000000  20463
84043.000000  20464
84045.000000  20466
84047.000000  20467
84049.000000  20468
84051.000000  20469
84053.000000  20470
84055.000000  20471
84057.000000  20472
84059.000000  20473
84061.000000  20474
84063.000000  20476
84065.000000  20477
84067.000000  20478
84069.000000  20479
84071.000000  20480
84073.000000  20481
84075.000000  20482
84077.000000  20483
84079.000000  20484
84081.000000  20486
84083.000000  20487
84085.000000  20488
84087.000000  20489
84089.000000  20490
84091.000000  20491
84093.000000  20492
84095.000000  20493
84097.000000  20494
84099.000000  20496
84101.000000  20497
84103.000000  20498
84105.000000  20499
84107.000000  20500
84109.000000  20501
84111.000000  20502
84113.000000  20503
84115.000000  20504
84117.000000  20506
84119.000000  20507
84121.000000  20508
84123.000000  20509
84125.000000  20510
84127.000000  20511
84129.000000  20512
84131.000000  20513
84133.000000  20514
84135.000000  20515
84137.000000  20516
84139.000000  20518
84141.000000  20519
84143.000000  20520
84145.000000  20521
84147.000000  20522
84149.000000  20523
84151.000000  20524
84153.000000  20525
84155.000000  20526
84157.000000  20528
84159.000000  20529
84161.000000  20530
84163.000000  20531
84165.000000  20532
84167.000000  20533
84169.000000  20534
84171.000000  20535
84173.000000  20536
84175.000000  20538
84177.000000  20539
84179.000000  20540
84181.000000  20541
84183.000000  20542
84185.000000  20543
84185.000000  20543
0.000000  0
0.000000  0
84191.000000  20546
84193.000000  20548
84195.000000  20549
84197.000000  20550
84199.000000  20551
84201.000000  20552
84203.000000  20553
84205.000000  20554
84207.000000  20555
84209.000000  20556
84211.000000  20558
84213.000000  20559
84215.000000  20560
84217.000000  20561
84219.000000  20562
84221.000000  20563
84223.000000  20564
84225.000000  20565
84227.000000  20566
84229.000000  20568
84231.000000  20569
84233.000000  20570
84235.000000  20571
84237.000000  20572
84239.000000  20573
84241.000000  20574
84243.000000  20575
84245.000000  20576
84247.000000  20578
84249.000000  20579
84251.000000  20580
84253.000000  20581
84255.000000  20582
84257.000000  20583
84259.000000  20584
84261.000000  20585
84263.000000  20586
84265.000000  20587
84267.000000  20588
84269.000000  20590
84271.000000  20591
84273.000000  20592
84275.000000  20593
84277.000000  20594
84279.000000  20595
84281.000000  20596
84283.000000  20598
84285.000000  20599
84287.000000  20600
84289.000000  20601
84291.000000  20602
84293.000000  20603
84295.000000  20604
84297.000000  20605
84299.000000  20606
84301.000000  20607
84303.000000  20608
84305.000000  20610
84307.000000  20611
84309.000000  20612
84311.000000  20613
84313.000000  20614
84315.000000  20615
84317.000000  20616
84319.000000  20617
84321.000000  20618
84323.000000  20620
84325.000000  20621
84327.000000  20622
84329.000000  20623
84331.000000  20624
84333.000000  20625
84335.000000  20626
84337.000000  20627
84339.000000  20628
84341.000000  20630
84343.000000  20631
84345.000000  20632
84347.000000  20633
84349.000000  20634
84351.000000  20635
84353.000000  20636
84355.000000  20637
84357.000000  20638
84359.000000  20640
84361.000000  20641
84363.000000  20642
84365.000000  20643
84367.000000  20644
84369.000000  20645
84371.000000  20646
84373.000000  20647
84375.000000  20648
84377.000000  20650
84379.000000  20651
84381.000000  20652
84383.000000  20653
84385.000000  20654
84387.000000  20655
84389.000000  20656
84391.000000  20657
84393.000000  20658
84395.000000  20660
84397.000000  20661
84399.000000  20662
84401.000000  20663
84403.000000  20664
84405.000000  20665
84407.000000  20666
84409.000000  20667
84411.000000  20668
84413.000000  20670
84415.000000  20671
84417.000000  20672
84419.000000  20673
84421.000000  20674
84423.000000  20675
84425.000000  20676
84427.000000  20677
84429.000000  20678
84431.000000  20680
84433.000000  20680
84435.000000  20682
84437.000000  20683
84439.000000  20684
84441.000000  20685
84443.000000  20686
84445.000000  20687
84447.000000  20688
84449.000000  20690
84451.000000  20691
84453.000000  20692
84455.000000  20693
84457.000000  20694
84459.000000  20695
84461.000000  20696
84463.000000  20697
84465.000000  20698
84467.000000  20700
84469.000000  20700
84471.000000  20702
84473.000000  20703
84475.000000  20704
84477.000000  20705
84479.000000  20706
84481.000000  20707
84483.000000  20708
84485.000000  20709
84487.000000  20710
84489.000000  20712
84491.000000  20713
84493.000000  20714
84495.000000  20715
84497.000000  20716
84499.000000  20717
84501.000000  20718
84503.000000  20719
84505.000000  20720
84507.000000  20722
84509.000000  20723
84511.000000  20724
84513.000000  20725
84515.000000  20726
84517.000000  20727
84519.000000  20728
84521.000000  20729
84523.000000  20730
84525.000000  20732
84527.000000  20733
84529.000000  20734
84531.000000  20735
84533.000000  20736
84535.000000  20737
84537.000000  20738
84539.000000  20739
84541.000000  20740
84543.000000  20742
84545.000000  20743
84547.000000  20744
84549.000000  20745
84551.000000  20746
84553.000000  20747
84555.000000  20748
84557.000000  20749
84559.000000  20750
84561.000000  20751
84563.000000  20752
84565.000000  20754
84567.000000  20755
84569.000000  20756
84571.000000  20757
84573.000000  20758
84575.000000  20759
84577.000000  20760
84579.000000  20761
84581.000000  20762
84583.000000  20764
84585.000000  20765
84587.000000  20766
84589.000000  20767
84591.000000  20768
84593.000000  20769
84595.000000  20770
84597.000000  20771
84599.000000  20772
84601.000000  20774
84603.000000  20775
84605.000000  20776
84607.000000  20777
84609.000000  20778
84611.000000  20779
84613.000000  20780
84615.000000  20781
84617.000000  20782
84619.000000  20784
84621.000000  20785
84623.000000  20786
84625.000000  20787
84627.000000  20788
84629.000000  20789
84631.000000  20790
84633.000000  20791
84635.000000  20792
84637.000000  20794
84639.000000  20795
84641.000000  20796
84643.000000  20797
84645.000000  20798
84647.000000  20799
84649.000000  20800
84651.000000  20801
84653.000000  20802
84655.000000  20803
84657.000000  20804
84659.000000  20806
84661.000000  20807
84663.000000  20808
84665.000000  20809
84667.000000  20810
84669.000000  20811
84671.000000  20812
84673.000000  20814
84675.000000  20815
84677.000000  20816
84679.000000  20817
84681.000000  20818
84683.000000  20819
84685.000000  20820
84687.000000  20821
84689.000000  20822
84691.000000  20823
84693.000000  20824
84695.000000  20826
84697.000000  20827
84699.000000  20828
84701.000000  20829
84703.000000  20830
84705.000000  20831
84707.000000  20832
84709.000000  20833
84711.000000  20834
84713.000000  20836
84715.000000  20837
84717.000000  20838
84719.000000  20839
84721.000000  20840
84723.000000  20841
84725.000000  20842
84727.000000  20843
84729.000000  20844
84731.000000  20846
84733.000000  20847
84735.000000  20848
84737.000000  20849
84739.000000  20850
84741.000000  20851
84743.000000  20852
84745.000000  20853
84747.000000  20854
84749.000000  20856
84751.000000  20857
84753.000000  20858
84755.000000  20859
84757.000000  20860
84759.000000  20861
84761.000000  20862
84763.000000  20863
84765.000000  20864
84767.000000  20866
84769.000000  20867
84771.000000  20868
84773.000000  20869
84775.000000  20870
84777.000000  20871
84779.000000  20872
84781.000000  20873
84783.000000  20874
84785.000000  20875
84787.000000  20876
84789.000000  20878
84791.000000  20879
84793.000000  20880
84795.000000  20881
84797.000000  20882
84799.000000  20883
84801.000000  20884
84803.000000  20886
84805.000000  20887
84807.000000  20888
84809.000000  20889
84811.000000  20890
84813.000000  20891
84815.000000  20892
84817.000000  20893
84819.000000  20894
84821.000000  20895
84823.000000  20896
84825.000000  20898
84827.000000  20899
84829.000000  20900
84831.000000  20901
84833.000000  20902
84835.000000  20903
84837.000000  20904
84839.000000  20905
84841.000000  20906
84843.000000  20908
84845.000000  20909
84847.000000  20910
84849.000000  20911
84851.000000  20912
84853.000000  20913
84855.000000  20914
84857.000000  20915
84859.000000  20916
84861.000000  20918
84863.000000  20919
84865.000000  20920
84867.000000  20921
84869.000000  20922
84871.000000  20923
84873.000000  20924
84875.000000  20925
84877.000000  20926
84879.000000  20928
84881.000000  20929
84883.000000  20930
84885.000000  20931
84887.000000  20932
84889.000000  20933
84891.000000  20934
84893.000000  20935
84895.000000  20936
84897.000000  20938
84899.000000  20939
84901.000000  20940
84903.000000  20941
84905.000000  20942
84907.000000  20943
84909.000000  20944
84911.000000  20945
84913.000000  20946
84915.000000  20948
84917.000000  20949
84919.000000  20950
84921.000000  20951
84923.000000  20952
84925.000000  20953
84927.000000  20954
84929.000000  20955
84931.000000  20956
84933.000000  20958
84935.000000  20959
84937.000000  20960
84939.000000  20961
84941.000000  20962
84943.000000  20963
84945.000000  20964
84947.000000  20965
84949.000000  20966
84951.000000  20968
84953.000000  20969
84955.000000  20970
84957.000000  20971
84959.000000  20972
84961.000000  20973
84963.000000  20974
84965.000000  20975
84967.000000  20976
84969.000000  20978
84971.000000  20979
84973.000000  20980
84975.000000  20981
84977.000000  20982
84979.000000  20983
84981.000000  20984
84983.000000  20985
84985.000000  20986
84987.000000  20988
84989.000000  20989
84991.000000  20990
84993.000000  20991
84995.000000  20992
84997.000000  20993
84999.000000  20994
85001.000000  20995
85003.000000  20996
85005.000000  20998
85007.000000  20999
85009.000000  21000
85011.000000  21001
85013.000000  21002
85015.000000  21003
85017.000000  21004
85019.000000  21005
85021.000000  21006
85023.000000  21008
85025.000000  21009
85027.000000  21010
85029.000000  21011
85031.000000  21012
85033.000000  21013
85035.000000  21014
85037.000000  21015
85039.000000  21016
85041.000000  21018
85043.000000  21019
85045.000000  21020
85047.000000  21021
85049.000000  21022
85051.000000  21023
85053.000000  21024
85055.000000  21025
85057.000000  21026
85059.000000  21028
85061.000000  21029
85063.000000  21030
85065.000000  21031
85067.000000  21032
85069.000000  21033
85071.000000  21034
85073.000000  21035
85075.000000  21036
85077.000000  21038
85079.000000  21039
85081.000000  21040
85083.000000  21041
85085.000000  21042
85087.000000  21043
85089.000000  21044
85091.000000  21045
85093.000000  21046
85095.000000  21048
85097.000000  21049
85099.000000  21050
85101.000000  21051
85103.000000  21052
85105.000000  21053
85107.000000  21054
85109.000000  21055
85111.000000  21056
85113.000000  21058
85115.000000  21059
85117.000000  21060
85119.000000  21061
85121.000000  21062
85123.000000  21063
85125.000000  21064
85127.000000  21065
85129.000000  21066
85131.000000  21068
85133.000000  21069
85135.000000  21070
85137.000000  21071
85139.000000  21072
85141.000000  21073
85143.000000  21074
85145.000000  21075
85147.000000  21076
85149.000000  21078
85151.000000  21079
85153.000000  21080
85155.000000  21081
85157.000000  21082
85159.000000  21083
85161.000000  21084
85163.000000  21085
85165.000000  21086
85167.000000  21087
85169.000000  21088
85171.000000  21090
85173.000000  21091
85175.000000  21092
85177.000000  21093
85179.000000  21094
85181.000000  21095
85183.000000  21096
85185.000000  21097
85187.000000  21098
85189.000000  21100
85191.000000  21101
85193.000000  21102
85195.000000  21103
85197.000000  21104
85199.000000  21105
85201.000000  21106
85203.000000  21107
85205.000000  21108
85207.000000  21110
85209.000000  21111
85211.000000  21112
85213.000000  21113
85215.000000  21114
85217.000000  21115
85219.000000  21116
85221.000000  21117
85223.000000  21118
85225.000000  21120
85227.000000  21121
85229.000000  21122
85231.000000  21123
85233.000000  21124
85235.000000  21125
85237.000000  21126
85239.000000  21127
85241.000000  21128
85243.000000  21130
85245.000000  21131
85247.000000  21132
85249.000000  21133
85251.000000  21134
85253.000000  21135
85255.000000  21136
85257.000000  21137
85259.000000  21138
85261.000000  21140
85263.000000  21141
85265.000000  21142
85267.000000  21143
85269.000000  21144
85271.000000  21145
85273.000000  21146
85275.000000  21147
85277.000000  21148
85279.000000  21150
85281.000000  21151
85283.000000  21152
85285.000000  21153
85287.000000  21154
85289.000000  21155
85291.000000  21156
85293.000000  21157
85295.000000  21158
85297.000000  21159
85299.000000  21160
85301.000000  21162
85303.000000  21163
85305.000000  21164
85307.000000  21165
85309.000000  21166
85311.000000  21167
85313.000000  21168
85315.000000  21170
85317.000000  21171
85319.000000  21172
85321.000000  21173
85323.000000  21174
85325.000000  21175
85327.000000  21176
85329.000000  21177
85331.000000  21178
85333.000000  21179
85335.000000  21180
85337.000000  21182
85339.000000  21183
85341.000000  21184
85343.000000  21185
85345.000000  21186
85347.000000  21187
85349.000000  21188
85351.000000  21189
85353.000000  21190
85355.000000  21192
85357.000000  21193
85359.000000  21194
85361.000000  21195
85363.000000  21196
85365.000000  21197
85367.000000  21198
85369.000000  21199
85371.000000  21200
85373.000000  21202
85375.000000  21203
85377.000000  21204
85379.000000  21205
85381.000000  21206
85383.000000  21207
85385.000000  21208
85387.000000  21209
85389.000000  21210
85391.000000  21212
85393.000000  21213
85395.000000  21214
85397.000000  21215
85399.000000  21216
85401.000000  21217
85403.000000  21218
85405.000000  21219
85407.000000  21220
85409.000000  21222
85411.000000  21223
85413.000000  21224
85415.000000  21225
85417.000000  21226
85419.000000  21227
85421.000000  21228
85423.000000  21229
85425.000000  21230
85427.000000  21232
85429.000000  21232
85431.000000  21234
85433.000000  21235
85435.000000  21236
85437.000000  21237
85439.000000  21238
85441.000000  21239
85443.000000  21240
85445.000000  21242
85447.000000  21243
85449.000000  21244
85451.000000  21245
85453.000000  21246
85455.000000  21247
85457.000000  21248
85459.000000  21249
85461.000000  21250
85463.000000  21252
85465.000000  21253
85467.000000  21254
85469.000000  21255
85471.000000  21256
85473.000000  21257
85475.000000  21258
85477.000000  21259
85479.000000  21260
85481.000000  21262
85483.000000  21263
85485.000000  21264
85487.000000  21265
85489.000000  21266
85491.000000  21267
85493.000000  21268
85495.000000  21269
85497.000000  21270
85499.000000  21272
85501.000000  21273
85503.000000  21274
85505.000000  21275
85507.000000  21276
85509.000000  21277
85511.000000  21278
85513.000000  21279
85515.000000  21280
85517.000000  21282
85519.000000  21283
85521.000000  21284
85523.000000  21285
85525.000000  21286
85527.000000  21287
85529.000000  21288
85531.000000  21289
85533.000000  21290
85535.000000  21292
85537.000000  21293
85539.000000  21294
85541.000000  21295
85543.000000  21296
85545.000000  21297
85547.000000  21298
85549.000000  21299
85551.000000  21300
85553.000000  21302
85555.000000  21302
85557.000000  21304
85559.000000  21305
85561.000000  21306
85563.000000  21307
85565.000000  21308
85567.000000  21309
85569.000000  21310
85571.000000  21312
85573.000000  21313
85575.000000  21314
85577.000000  21315
85579.000000  21316
85581.000000  21317
85583.000000  21318
85585.000000  21319
85587.000000  21320
85589.000000  21322
85591.000000  21323
85593.000000  21324
85595.000000  21325
85597.000000  21326
85599.000000  21327
85601.000000  21328
85603.000000  21329
85605.000000  21330
85607.000000  21331
85609.000000  21333
85611.000000  21334
85613.000000  21335
85615.000000  21336
85617.000000  21337
85619.000000  21338
85621.000000  21339
85623.000000  21340
85625.000000  21342
85627.000000  21343
85629.000000  21344
85631.000000  21345
85633.000000  21346
85635.000000  21347
85637.000000  21348
85639.000000  21349
85641.000000  21350
85643.000000  21352
85645.000000  21353
85647.000000  21354
85649.000000  21355
85651.000000  21356
85653.000000  21357
85655.000000  21358
85657.000000  21359
85659.000000  21360
85661.000000  21362
85663.000000  21363
85665.000000  21364
85667.000000  21365
85669.000000  21366
85671.000000  21367
85673.000000  21368
85675.000000  21369
85677.000000  21370
85679.000000  21372
85681.000000  21373
85683.000000  21374
85685.000000  21375
85687.000000  21376
85689.000000  21377
85691.000000  21378
85693.000000  21379
85695.000000  21380
85697.000000  21382
85699.000000  21383
85701.000000  21384
85703.000000  21385
85705.000000  21386
85707.000000  21387
85709.000000  21388
85711.000000  21389
85713.000000  21390
85715.000000  21392
85717.000000  21393
85719.000000  21394
85721.000000  21395
85723.000000  21396
85725.000000  21397
85727.000000  21398
85729.000000  21399
85731.000000  21400
85733.000000  21402
85735.000000  21403
85737.000000  21404
85739.000000  21405
85741.000000  21406
85743.000000  21407
85745.000000  21408
85747.000000  21409
85749.000000  21410
85751.000000  21412
85753.000000  21413
85755.000000  21414
85757.000000  21415
85759.000000  21416
85761.000000  21417
85763.000000  21418
85765.000000  21419
85767.000000  21420
85769.000000  21422
85771.000000  21423
85773.000000  21424
85775.000000  21425
85777.000000  21426
85779.000000  21427
85781.000000  21428
85783.000000  21429
85785.000000  21430
85787.000000  21432
85789.000000  21433
85791.000000  21434
85793.000000  21435
85795.000000  21436
85797.000000  21437
85799.000000  21438
85801.000000  21439
85803.000000  21440
85805.000000  21442
85807.000000  21443
85809.000000  21444
85811.000000  21445
85813.000000  21446
85815.000000  21447
85817.000000  21448
85819.000000  21449
85821.000000  21450
85823.000000  21452
85825.000000  21453
85827.000000  21454
85829.000000  21455
85831.000000  21456
85833.000000  21457
85835.000000  21458
85837.000000  21459
85839.000000  21460
85841.000000  21462
85843.000000  21463
85845.000000  21464
85847.000000  21465
85849.000000  21466
85851.000000  21467
85853.000000  21468
85855.000000  21469
85857.000000  21470
85859.000000  21471
85861.000000  21472
85863.000000  21474
85865.000000  21475
85867.000000  21476
85869.000000  21477
85871.000000  21478
85873.000000  21479
85875.000000  21480
85877.000000  21481
85879.000000  21482
85881.000000  21484
85883.000000  21485
85885.000000  21486
85887.000000  21487
85889.000000  21488
85891.000000  21489
85893.000000  21490
85895.000000  21491
85897.000000  21492
85899.000000  21494
85901.000000  21495
85903.000000  21496
85905.000000  21497
85907.000000  21498
85909.000000  21499
85911.000000  21500
85913.000000  21501
85915.000000  21502
85917.000000  21504
85919.000000  21505
85921.000000  21506
85923.000000  21507
85925.000000  21508
85927.000000  21509
85929.000000  21510
85931.000000  21511
85933.000000  21512
85935.000000  21514
85937.000000  21515
85939.000000  21516
85941.000000  21517
85943.000000  21518
85945.000000  21519
85947.000000  21520
85949.000000  21521
85951.000000  21522
85953.000000  21524
85955.000000  21525
85957.000000  21526
85959.000000  21527
85961.000000  21528
85963.000000  21529
85965.000000  21530
85967.000000  21531
85969.000000  21532
85971.000000  21534
85973.000000  21535
85975.000000  21536
85977.000000  21537
85979.000000  21538
85981.000000  21539
85983.000000  21540
85985.000000  21541
85987.000000  21542
85989.000000  21544
85991.000000  21545
85993.000000  21546
85995.000000  21547
85997.000000  21548
85999.000000  21549
86001.000000  21550
86003.000000  21551
86005.000000  21552
86007.000000  21554
86009.000000  21555
86011.000000  21556
86013.000000  21557
86015.000000  21558
86017.000000  21559
86019.000000  21560
86021.000000  21561
86023.000000  21562
86025.000000  21564
86027.000000  21565
86029.000000  21566
86031.000000  21567
86033.000000  21568
86035.000000  21569
86037.000000  21570
86039.000000  21571
86041.000000  21572
86043.000000  21574
86045.000000  21575
86047.000000  21576
86049.000000  21577
86051.000000  21578
86053.000000  21579
86055.000000  21580
86057.000000  21581
86059.000000  21582
86061.000000  21584
86063.000000  21585
86065.000000  21586
86067.000000  21587
86069.000000  21588
86071.000000  21589
86073.000000  21590
86075.000000  21591
86077.000000  21592
86079.000000  21593
86081.000000  21595
86083.000000  21596
86085.000000  21597
86087.000000  21598
86089.000000  21599
86091.000000  21600
86093.000000  21601
86095.000000  21602
86097.000000  21604
86099.000000  21605
86101.000000  21606
86103.000000  21607
86105.000000  21608
86107.000000  21609
86109.000000  21610
86111.000000  21611
86113.000000  21612
86115.000000  21614
86117.000000  21615
86119.000000  21616
86121.000000  21617
86123.000000  21618
86125.000000  21619
86127.000000  21620
86129.000000  21621
86131.000000  21622
86133.000000  21624
86135.000000  21625
86137.000000  21626
86139.000000  21627
86141.000000  21628
86143.000000  21629
86145.000000  21630
86147.000000  21631
86149.000000  21632
86151.000000  21634
86153.000000  21635
86155.000000  21636
86157.000000  21637
86159.000000  21638
86161.000000  21639
86163.000000  21640
86165.000000  21641
86167.000000  21642
86169.000000  21644
86171.000000  21645
86173.000000  21646
86175.000000  21647
86177.000000  21648
86179.000000  21649
86181.000000  21650
86183.000000  21651
86185.000000  21652
86187.000000  21654
86189.000000  21655
86191.000000  21656
86193.000000  21657
86195.000000  21658
86197.000000  21659
86199.000000  21660
86201.000000  21661
86203.000000  21662
86205.000000  21664
86207.000000  21665
86209.000000  21666
86211.000000  21667
86213.000000  21668
86215.000000  21669
86217.000000  21670
86219.000000  21671
86221.000000  21672
86223.000000  21674
86225.000000  21675
86227.000000  21676
86229.000000  21677
86231.000000  21678
86233.000000  21679
86235.000000  21680
86237.000000  21681
86239.000000  21682
86241.000000  21684
86243.000000  21685
86245.000000  21686
86247.000000  21687
86249.000000  21688
86251.000000  21689
86253.000000  21690
86255.000000  21691
86257.000000  21692
86259.000000  21694
86261.000000  21695
86263.000000  21696
86265.000000  21697
86267.000000  21698
86269.000000  21699
86271.000000  21700
86273.000000  21702
86275.000000  21703
86277.000000  21704
86279.000000  21705
86281.000000  21706
86283.000000  21707
86285.000000  21708
86287.000000  21709
86289.000000  21710
86291.000000  21711
86293.000000  21712
86295.000000  21714
86297.000000  21715
86299.000000  21716
86301.000000  21717
86303.000000  21718
86305.000000  21719
86307.000000  21720
86309.000000  21722
86311.000000  21723
86313.000000  21724
86315.000000  21725
86317.000000  21726
86319.000000  21727
86321.000000  21728
86323.000000  21729
86325.000000  21730
86327.000000  21732
86329.000000  21733
86331.000000  21734
86333.000000  21735
86335.000000  21736
86337.000000  21737
86339.000000  21738
86341.000000  21739
86343.000000  21740
86345.000000  21742
86347.000000  21743
86349.000000  21744
86351.000000  21745
86353.000000  21746
86355.000000  21747
86357.000000  21748
86359.000000  21749
86361.000000  21750
86363.000000  21752
86365.000000  21753
86367.000000  21754
86369.000000  21755
86371.000000  21756
86373.000000  21757
86375.000000  21758
86377.000000  21759
86379.000000  21760
86381.000000  21762
86383.000000  21763
86385.000000  21764
86387.000000  21765
86389.000000  21766
86391.000000  21767
86393.000000  21768
86395.000000  21769
86397.000000  21770
86399.000000  21772
86401.000000  21773
86403.000000  21774
86405.000000  21775
86407.000000  21776
86409.000000  21777
86411.000000  21778
86413.000000  21779
86415.000000  21780
86417.000000  21782
86419.000000  21783
86421.000000  21784
86423.000000  21785
86425.000000  21786
86427.000000  21787
86429.000000  21788
86431.000000  21789
86433.000000  21790
86435.000000  21792
86437.000000  21793
86439.000000  21794
86441.000000  21795
86443.000000  21796
86445.000000  21797
86447.000000  21798
86449.000000  21799
86451.000000  21800
86453.000000  21802
86455.000000  21803
86457.000000  21804
86459.000000  21805
86461.000000  21806
86463.000000  21807
86465.000000  21808
86467.000000  21809
86469.000000  21810
86471.000000  21812
86473.000000  21813
86475.000000  21814
86477.000000  21815
86479.000000  21816
86481.000000  21817
86483.000000  21818
86485.000000  21819
86487.000000  21820
86489.000000  21822
86491.000000  21823
86493.000000  21824
86495.000000  21825
86497.000000  21826
86499.000000  21827
86501.000000  21828
86503.000000  21829
86505.000000  21830
86507.000000  21832
86509.000000  21832
86511.000000  21834
86513.000000  21835
86515.000000  21836
86517.000000  21837
86519.000000  21838
86521.000000  21839
86523.000000  21840
86525.000000  21842
86527.000000  21843
86529.000000  21844
86531.000000  21845
86533.000000  21846
86535.000000  21847
86537.000000  21848
86539.000000  21849
86541.000000  21850
86543.000000  21852
86545.000000  21852
86547.000000  21854
86549.000000  21855
86551.000000  21856
86553.000000  21857
86555.000000  21858
86557.000000  21859
86559.000000  21860
86561.000000  21862
86563.000000  21862
86565.000000  21864
86567.000000  21865
86569.000000  21866
86571.000000  21867
86573.000000  21868
86575.000000  21869
86577.000000  21870
86579.000000  21872
86581.000000  21873
86583.000000  21874
86585.000000  21875
86587.000000  21876
86589.000000  21877
86591.000000  21878
86593.000000  21879
86595.000000  21880
86597.000000  21881
86599.000000  21882
86601.000000  21884
86603.000000  21885
86605.000000  21886
86607.000000  21887
86609.000000  21888
86611.000000  21889
86613.000000  21890
86615.000000  21892
86617.000000  21893
86619.000000  21894
86621.000000  21895
86623.000000  21896
86625.000000  21897
86627.000000  21898
86629.000000  21899
86631.000000  21900
86633.000000  21902
86635.000000  21902
86637.000000  21904
86639.000000  21905
86641.000000  21906
86643.000000  21907
86645.000000  21908
86647.000000  21909
86649.000000  21910
86651.000000  21912
86653.000000  21913
86655.000000  21914
86657.000000  21915
86659.000000  21916
86661.000000  21917
86663.000000  21918
86665.000000  21919
86667.000000  21920
86669.000000  21922
86671.000000  21923
86673.000000  21924
86675.000000  21925
86677.000000  21926
86679.000000  21927
86681.000000  21928
86683.000000  21929
86685.000000  21930
86687.000000  21931
86689.000000  21932
86691.000000  21934
86693.000000  21935
86695.000000  21936
86697.000000  21937
86699.000000  21938
86701.000000  21939
86703.000000  21940
86705.000000  21942
86707.000000  21943
86709.000000  21944
86711.000000  21945
86713.000000  21946
86715.000000  21947
86717.000000  21948
86719.000000  21949
86721.000000  21950
86723.000000  21951
86725.000000  21952
86727.000000  21954
86729.000000  21955
86731.000000  21956
86733.000000  21957
86735.000000  21958
86737.000000  21959
86739.000000  21960
86741.000000  21962
86743.000000  21963
86745.000000  21964
86747.000000  21965
86749.000000  21966
86751.000000  21967
86753.000000  21968
86755.000000  21969
86757.000000  21970
86759.000000  21972
86761.000000  21973
86763.000000  21974
86765.000000  21975
86767.000000  21976
86769.000000  21977
86771.000000  21978
86773.000000  21979
86775.000000  21980
86777.000000  21982
86779.000000  21983
86781.000000  21984
86783.000000  21985
86785.000000  21986
86787.000000  21987
86789.000000  21988
86791.000000  21989
86793.000000  21990
86795.000000  21992
86797.000000  21993
86799.000000  21994
86801.000000  21995
86803.000000  21996
86805.000000  21997
86807.000000  21998
86809.000000  21999
86811.000000  22000
86813.000000  22002
86815.000000  22003
86817.000000  22004
86819.000000  22005
86821.000000  22006
86823.000000  22007
86825.000000  22008
86827.000000  22009
86829.000000  22010
86831.000000  22012
86833.000000  22013
86835.000000  22014
86837.000000  22015
86839.000000  22016
86841.000000  22017
86843.000000  22018
86845.000000  22019
86847.000000  22020
86849.000000  22022
86851.000000  22023
86853.000000  22024
86855.000000  22025
86857.000000  22026
86859.000000  22027
86861.000000  22028
86863.000000  22029
86865.000000  22030
86867.000000  22032
86869.000000  22033
86871.000000  22034
86873.000000  22035
86875.000000  22036
86877.000000  22037
86879.000000  22038
86881.000000  22040
86883.000000  22041
86885.000000  22042
86887.000000  22043
86889.000000  22044
86891.000000  22045
86893.000000  22046
86895.000000  22047
86897.000000  22048
86899.000000  22049
86901.000000  22050
86903.000000  22052
86905.000000  22053
86907.000000  22054
86909.000000  22055
86911.000000  22056
86913.000000  22057
86915.000000  22058
86917.000000  22060
86919.000000  22061
86921.000000  22062
86923.000000  22063
86925.000000  22064
86927.000000  22065
86929.000000  22066
86931.000000  22067
86933.000000  22068
86935.000000  22070
86937.000000  22071
86939.000000  22072
86941.000000  22073
86943.000000  22074
86945.000000  22075
86947.000000  22076
86949.000000  22077
86951.000000  22078
86953.000000  22080
86955.000000  22081
86957.000000  22082
86959.000000  22083
86961.000000  22084
86963.000000  22085
86965.000000  22086
86967.000000  22087
86969.000000  22088
86971.000000  22090
86973.000000  22091
86975.000000  22092
86977.000000  22093
86979.000000  22094
86981.000000  22095
86983.000000  22096
86985.000000  22097
86987.000000  22098
86989.000000  22100
86991.000000  22101
86993.000000  22102
86995.000000  22103
86997.000000  22104
86999.000000  22105
87001.000000  22106
87003.000000  22107
87005.000000  22108
87007.000000  22110
87009.000000  22111
87011.000000  22112
87013.000000  22113
87015.000000  22114
87017.000000  22115
87019.000000  22116
87021.000000  22117
87023.000000  22118
87025.000000  22120
87027.000000  22121
87029.000000  22122
87031.000000  22123
87033.000000  22124
87035.000000  22125
87037.000000  22126
87039.000000  22127
87041.000000  22128
87043.000000  22130
87045.000000  22131
87047.000000  22132
87049.000000  22133
87051.000000  22134
87053.000000  22135
87055.000000  22136
87057.000000  22138
87059.000000  22139
87061.000000  22140
87063.000000  22141
87065.000000  22142
87067.000000  22143
87069.000000  22144
87071.000000  22145
87073.000000  22146
87075.000000  22147
87077.000000  22148
87079.000000  22150
87081.000000  22151
87083.000000  22152
87085.000000  22153
87087.000000  22154
87089.000000  22155
87091.000000  22156
87093.000000  22158
87095.000000  22159
87097.000000  22160
87099.000000  22161
87101.000000  22162
87103.000000  22163
87105.000000  22164
87107.000000  22165
87109.000000  22166
87111.000000  22168
87113.000000  22168
87115.000000  22170
87117.000000  22171
87119.000000  22172
87121.000000  22173
87123.000000  22174
87125.000000  22175
87127.000000  22176
87129.000000  22178
87131.000000  22179
87133.000000  22180
87135.000000  22181
87137.000000  22182
87139.000000  22183
87141.000000  22184
87143.000000  22185
87145.000000  22186
87147.000000  22188
87149.000000  22188
87151.000000  22190
87153.000000  22191
87155.000000  22192
87157.000000  22193
87159.000000  22194
87161.000000  22195
87163.000000  22196
87165.000000  22197
87167.000000  22198
87169.000000  22200
87171.000000  22201
87173.000000  22202
87175.000000  22203
87177.000000  22204
87179.000000  22205
87181.000000  22206
87183.000000  22208
87185.000000  22209
87187.000000  22210
87189.000000  22211
87191.000000  22212
87193.000000  22213
87195.000000  22214
87197.000000  22215
87199.000000  22216
87201.000000  22217
87203.000000  22218
87205.000000  22220
87207.000000  22221
87209.000000  22222
87211.000000  22223
87213.000000  22224
87215.000000  22225
87217.000000  22226
87219.000000  22228
87221.000000  22229
87223.000000  22230
87225.000000  22231
87227.000000  22232
87229.000000  22233
87231.000000  22234
87233.000000  22235
87235.000000  22236
87237.000000  22237
87239.000000  22238
87241.000000  22240
87243.000000  22241
87245.000000  22242
87247.000000  22243
87249.000000  22244
87251.000000  22245
87253.000000  22246
87255.000000  22248
87257.000000  22249
87259.000000  22250
87261.000000  22251
87263.000000  22252
87265.000000  22253
87267.000000  22254
87269.000000  22255
87271.000000  22256
87273.000000  22258
87275.000000  22259
87277.000000  22260
87279.000000  22261
87281.000000  22262
87283.000000  22263
87285.000000  22264
87287.000000  22265
87289.000000  22266
87291.000000  22268
87293.000000  22269
87295.000000  22270
87297.000000  22271
87299.000000  22272
87301.000000  22273
87303.000000  22274
87305.000000  22275
87307.000000  22276
87309.000000  22278
87311.000000  22279
87313.000000  22280
87315.000000  22281
87317.000000  22282
87319.000000  22283
87321.000000  22284
87323.000000  22285
87325.000000  22286
87327.000000  22288
87329.000000  22288
87331.000000  22290
87333.000000  22291
87335.000000  22292
87337.000000  22293
87339.000000  22294
87341.000000  22295
87343.000000  22296
87345.000000  22298
87347.000000  22299
87349.000000  22300
87351.000000  22301
87353.000000  22302
87355.000000  22303
87357.000000  22304
87359.000000  22305
87361.000000  22306
87363.000000  22308
87365.000000  22309
87367.000000  22310
87369.000000  22311
87371.000000  22312
87373.000000  22313
87375.000000  22314
87377.000000  22315
87379.000000  22316
87381.000000  22318
87383.000000  22319
87385.000000  22320
87387.000000  22321
87389.000000  22322
87391.000000  22323
87393.000000  22324
87395.000000  22325
87397.000000  22326
87399.000000  22328
87401.000000  22329
87403.000000  22330
87405.000000  22331
87407.000000  22332
87409.000000  22333
87411.000000  22334
87413.000000  22335
87415.000000  22336
87417.000000  22338
87419.000000  22339
87421.000000  22340
87423.000000  22341
87425.000000  22342
87427.000000  22343
87429.000000  22344
87431.000000  22346
87433.000000  22347
87435.000000  22348
87437.000000  22349
87439.000000  22350
87441.000000  22351
87443.000000  22352
87445.000000  22353
87447.000000  22354
87449.000000  22356
87451.000000  22356
87453.000000  22358
87455.000000  22359
87457.000000  22360
87459.000000  22361
87461.000000  22362
87463.000000  22363
87465.000000  22364
87467.000000  22366
87469.000000  22367
87471.000000  22368
87473.000000  22369
87475.000000  22370
87477.000000  22371
87479.000000  22372
87481.000000  22373
87483.000000  22374
87485.000000  22376
87487.000000  22377
87489.000000  22378
87491.000000  22379
87493.000000  22380
87495.000000  22381
87497.000000  22382
87499.000000  22383
87501.000000  22384
87503.000000  22386
87505.000000  22387
87507.000000  22388
87509.000000  22389
87511.000000  22390
87513.000000  22391
87515.000000  22392
87517.000000  22393
87519.000000  22394
87521.000000  22396
87523.000000  22397
87525.000000  22398
87527.000000  22399
87529.000000  22400
87531.000000  22401
87533.000000  22402
87535.000000  22403
87537.000000  22404
87539.000000  22406
87541.000000  22407
87543.000000  22408
87545.000000  22409
87547.000000  22410
87549.000000  22411
87551.000000  22412
87553.000000  22413
87555.000000  22414
87557.000000  22416
87559.000000  22417
87561.000000  22418
87563.000000  22419
87565.000000  22420
87567.000000  22421
87569.000000  22422
87571.000000  22424
87573.000000  22425
87575.000000  22426
87577.000000  22427
87579.000000  22428
87581.000000  22429
87583.000000  22430
87585.000000  22431
87587.000000  22432
87589.000000  22434
87591.000000  22435
87593.000000  22436
87595.000000  22437
87597.000000  22438
87599.000000  22439
87601.000000  22440
87603.000000  22441
87605.000000  22442
87607.000000  22444
87609.000000  22445
87611.000000  22446
87613.000000  22447
87615.000000  22448
87617.000000  22449
87619.000000  22450
87621.000000  22451
87623.000000  22452
87625.000000  22454
87627.000000  22455
87629.000000  22456
87631.000000  22457
87633.000000  22458
87635.000000  22459
87637.000000  22460
87639.000000  22461
87641.000000  22462
87643.000000  22464
87645.000000  22465
87647.000000  22466
87649.000000  22467
87651.000000  22468
87653.000000  22469
87655.000000  22470
87657.000000  22472
87659.000000  22473
87661.000000  22474
87663.000000  22475
87665.000000  22476
87667.000000  22477
87669.000000  22478
87671.000000  22479
87673.000000  22480
87675.000000  22481
87677.000000  22482
87679.000000  22484
87681.000000  22485
87683.000000  22486
87685.000000  22487
87687.000000  22488
87689.000000  22489
87691.000000  22490
87693.000000  22492
87695.000000  22493
87697.000000  22494
87699.000000  22495
87701.000000  22496
87703.000000  22497
87705.000000  22498
87707.000000  22499
87709.000000  22500
87711.000000  22502
87713.000000  22503
87715.000000  22504
87717.000000  22505
87719.000000  22506
87721.000000  22507
87723.000000  22508
87725.000000  22509
87727.000000  22510
87729.000000  22512
87731.000000  22513
87733.000000  22514
87735.000000  22515
87737.000000  22516
87739.000000  22517
87741.000000  22518
87743.000000  22519
87745.000000  22520
87747.000000  22522
87749.000000  22523
87751.000000  22524
87753.000000  22525
87755.000000  22526
87757.000000  22527
87759.000000  22528
87761.000000  22529
87763.000000  22530
87765.000000  22532
87767.000000  22533
87769.000000  22534
87771.000000  22535
87773.000000  22536
87775.000000  22537
87777.000000  22538
87779.000000  22539
87781.000000  22540
87783.000000  22542
87785.000000  22543
87787.000000  22544
87789.000000  22545
87791.000000  22546
87793.000000  22547
87795.000000  22548
87797.000000  22549
87799.000000  22550
87801.000000  22552
87803.000000  22553
87805.000000  22554
87807.000000  22555
87809.000000  22556
87811.000000  22557
87813.000000  22558
87815.000000  22559
87817.000000  22560
87819.000000  22562
87821.000000  22563
87823.000000  22564
87825.000000  22565
87827.000000  22566
87829.000000  22567
87831.000000  22568
87833.000000  22569
87835.000000  22570
87837.000000  22572
87839.000000  22573
87841.000000  22574
87843.000000  22575
87845.000000  22576
87847.000000  22577
87849.000000  22578
87851.000000  22579
87853.000000  22580
87855.000000  22582
87857.000000  22583
87859.000000  22584
87861.000000  22585
87863.000000  22586
87865.000000  22587
87867.000000  22588
87869.000000  22589
87871.000000  22590
87873.000000  22592
87875.000000  22593
87877.000000  22594
87879.000000  22595
87881.000000  22596
87883.000000  22597
87885.000000  22598
87887.000000  22599
87889.000000  22600
87891.000000  22602
87893.000000  22603
87895.000000  22604
87897.000000  22605
87899.000000  22606
87901.000000  22607
87903.000000  22608
87905.000000  22610
87907.000000  22611
87909.000000  22612
87911.000000  22613
87913.000000  22614
87915.000000  22615
87917.000000  22616
87919.000000  22617
87921.000000  22618
87923.000000  22620
87925.000000  22620
87927.000000  22622
87929.000000  22623
87931.000000  22624
87933.000000  22625
87935.000000  22626
87937.000000  22627
87939.000000  22628
87941.000000  22630
87943.000000  22631
87945.000000  22632
87947.000000  22633
87949.000000  22634
87951.000000  22635
87953.000000  22636
87955.000000  22637
87957.000000  22638
87959.000000  22640
87961.000000  22641
87963.000000  22642
87965.000000  22643
87967.000000  22644
87969.000000  22645
87971.000000  22646
87973.000000  22647
87975.000000  22648
87977.000000  22650
87979.000000  22650
87981.000000  22652
87983.000000  22653
87985.000000  22654
87987.000000  22655
87989.000000  22656
87991.000000  22657
87993.000000  22658
87995.000000  22660
87997.000000  22661
87999.000000  22662
88001.000000  22663
88003.000000  22664
88005.000000  22665
88007.000000  22666
88009.000000  22667
88011.000000  22668
88013.000000  22670
88015.000000  22671
88017.000000  22672
88019.000000  22673
88021.000000  22674
88023.000000  22675
88025.000000  22676
88027.000000  22677
88029.000000  22678
88031.000000  22680
88033.000000  22681
88035.000000  22682
88037.000000  22683
88039.000000  22684
88041.000000  22685
88043.000000  22686
88045.000000  22687
88047.000000  22688
88049.000000  22690
88051.000000  22691
88053.000000  22692
88055.000000  22693
88057.000000  22694
88059.000000  22695
88061.000000  22696
88063.000000  22697
88065.000000  22698
88067.000000  22700
88069.000000  22701
88071.000000  22702
88073.000000  22703
88075.000000  22704
88077.000000  22705
88079.000000  22706
88081.000000  22708
88083.000000  22709
88085.000000  22710
88087.000000  22711
88089.000000  22712
88091.000000  22713
88093.000000  22714
88095.000000  22715
88097.000000  22716
88099.000000  22718
88101.000000  22719
88103.000000  22720
88105.000000  22721
88107.000000  22722
88109.000000  22723
88111.000000  22724
88113.000000  22725
88115.000000  22726
88117.000000  22728
88119.000000  22729
88121.000000  22730
88123.000000  22731
88125.000000  22732
88127.000000  22733
88129.000000  22734
88131.000000  22735
88133.000000  22736
88135.000000  22738
88137.000000  22739
88139.000000  22740
88141.000000  22741
88143.000000  22742
88145.000000  22743
88147.000000  22744
88149.000000  22745
88151.000000  22746
88153.000000  22748
88155.000000  22749
88157.000000  22750
88159.000000  22751
88161.000000  22752
88163.000000  22753
88165.000000  22754
88167.000000  22755
88169.000000  22756
88171.000000  22758
88173.000000  22759
88175.000000  22760
88177.000000  22761
88179.000000  22762
88181.000000  22763
88183.000000  22764
88185.000000  22765
88187.000000  22766
88189.000000  22768
88191.000000  22769
88193.000000  22770
88195.000000  22771
88197.000000  22772
88199.000000  22773
88201.000000  22774
88203.000000  22776
88205.000000  22777
88207.000000  22778
88209.000000  22779
88211.000000  22780
88213.000000  22781
88215.000000  22782
88217.000000  22783
88219.000000  22784
88221.000000  22786
88223.000000  22787
88225.000000  22788
88227.000000  22789
88229.000000  22790
88231.000000  22791
88233.000000  22792
88235.000000  22793
88237.000000  22794
88239.000000  22796
88241.000000  22797
88243.000000  22798
88245.000000  22799
88247.000000  22800
88249.000000  22801
88251.000000  22802
88253.000000  22804
88255.000000  22805
88257.000000  22806
88259.000000  22807
88261.000000  22808
88263.000000  22809
88265.000000  22810
88267.000000  22811
88269.000000  22812
88271.000000  22814
88273.000000  22814
88275.000000  22816
88277.000000  22817
88279.000000  22818
88281.000000  22819
88283.000000  22820
88285.000000  22821
88287.000000  22822
88289.000000  22824
88291.000000  22825
88293.000000  22826
88295.000000  22827
88297.000000  22828
88299.000000  22829
88301.000000  22830
88303.000000  22831
88305.000000  22832
88307.000000  22834
88309.000000  22835
88311.000000  22836
88313.000000  22837
88315.000000  22838
88317.000000  22839
88319.000000  22840
88321.000000  22841
88323.000000  22842
88325.000000  22844
88327.000000  22845
88329.000000  22846
88331.000000  22847
88333.000000  22848
88335.000000  22849
88337.000000  22850
88339.000000  22851
88341.000000  22852
88343.000000  22854
88345.000000  22855
88347.000000  22856
88349.000000  22857
88351.000000  22858
88353.000000  22859
88355.000000  22860
88357.000000  22861
88359.000000  22862
88361.000000  22864
88363.000000  22865
88365.000000  22866
88367.000000  22867
88369.000000  22868
88371.000000  22869
88373.000000  22870
88375.000000  22871
88377.000000  22872
88379.000000  22874
88381.000000  22875
88383.000000  22876
88385.000000  22877
88387.000000  22878
88389.000000  22879
88391.000000  22880
88393.000000  22882
88395.000000  22882
88397.000000  22884
88399.000000  22885
88401.000000  22886
88403.000000  22887
88405.000000  22888
88407.000000  22889
88409.000000  22890
88411.000000  22891
88413.000000  22892
88415.000000  22894
88417.000000  22895
88419.000000  22896
88421.000000  22897
88423.000000  22898
88425.000000  22899
88427.000000  22900
88429.000000  22902
88431.000000  22903
88433.000000  22904
88435.000000  22905
88437.000000  22906
88439.000000  22907
88441.000000  22908
88443.000000  22909
88445.000000  22910
88447.000000  22911
88449.000000  22912
88451.000000  22914
88453.000000  22915
88455.000000  22916
88457.000000  22917
88459.000000  22918
88461.000000  22919
88463.000000  22920
88465.000000  22922
88467.000000  22923
88469.000000  22924
88471.000000  22925
88473.000000  22926
88475.000000  22927
88477.000000  22928
88479.000000  22929
88481.000000  22930
88483.000000  22932
88485.000000  22932
88487.000000  22934
88489.000000  22935
88491.000000  22936
88493.000000  22937
88495.000000  22938
88497.000000  22939
88499.000000  22940
88501.000000  22942
88503.000000  22942
88505.000000  22944
88507.000000  22945
88509.000000  22946
88511.000000  22947
88513.000000  22948
88515.000000  22949
88517.000000  22950
88519.000000  22952
88521.000000  22953
88523.000000  22954
88525.000000  22955
88527.000000  22956
88529.000000  22957
88531.000000  22958
88533.000000  22959
88535.000000  22960
88537.000000  22962
88539.000000  22963
88541.000000  22964
88543.000000  22965
88545.000000  22966
88547.000000  22967
88549.000000  22968
88551.000000  22969
88553.000000  22970
88555.000000  22972
88557.000000  22973
88559.000000  22974
88561.000000  22975
88563.000000  22976
88565.000000  22977
88567.000000  22978
88569.000000  22979
88571.000000  22980
88573.000000  22982
88575.000000  22983
88577.000000  22984
88579.000000  22985
88581.000000  22986
88583.000000  22987
88585.000000  22988
88587.000000  22989
88589.000000  22990
88591.000000  22992
88593.000000  22993
88595.000000  22994
88597.000000  22995
88599.000000  22996
88601.000000  22997
88603.000000  22998
88605.000000  23000
88607.000000  23001
88609.000000  23002
88611.000000  23003
88613.000000  23004
88615.000000  23005
88617.000000  23006
88619.000000  23007
88621.000000  23008
88623.000000  23009
88625.000000  23010
88627.000000  23012
88629.000000  23013
88631.000000  23014
88633.000000  23015
88635.000000  23016
88637.000000  23017
88639.000000  23018
88641.000000  23020
88643.000000  23021
88645.000000  23022
88647.000000  23023
88649.000000  23024
88651.000000  23025
88653.000000  23026
88655.000000  23027
88657.000000  23028
88659.000000  23030
88661.000000  23031
88663.000000  23032
88665.000000  23033
88667.000000  23034
88669.000000  23035
88671.000000  23036
88673.000000  23037
88675.000000  23038
88677.000000  23040
88679.000000  23041
88681.000000  23042
88683.000000  23043
88685.000000  23044
88687.000000  23045
88689.000000  23046
88691.000000  23047
88693.000000  23048
88695.000000  23050
88697.000000  23051
88699.000000  23052
88701.000000  23053
88703.000000  23054
88705.000000  23055
88707.000000  23056
88709.000000  23057
88711.000000  23058
88713.000000  23060
88715.000000  23061
88717.000000  23062
88719.000000  23063
88721.000000  23064
88723.000000  23065
88725.000000  23066
88727.000000  23068
88729.000000  23069
88731.000000  23070
88733.000000  23071
88735.000000  23072
88737.000000  23073
88739.000000  23074
88741.000000  23075
88743.000000  23076
88745.000000  23078
88747.000000  23079
88749.000000  23080
88751.000000  23081
88753.000000  23082
88755.000000  23083
88757.000000  23084
88759.000000  23085
88761.000000  23086
88763.000000  23088
88765.000000  23089
88767.000000  23090
88769.000000  23091
88771.000000  23092
88773.000000  23093
88775.000000  23094
88777.000000  23095
88779.000000  23096
88781.000000  23098
88783.000000  23099
88785.000000  23100
88787.000000  23101
88789.000000  23102
88791.000000  23103
88793.000000  23104
88795.000000  23105
88797.000000  23106
88799.000000  23108
88801.000000  23109
88803.000000  23110
88805.000000  23111
88807.000000  23112
88809.000000  23113
88811.000000  23114
88813.000000  23116
88815.000000  23117
88817.000000  23118
88819.000000  23119
88821.000000  23120
88823.000000  23121
88825.000000  23122
88827.000000  23123
88829.000000  23124
88831.000000  23126
88833.000000  23127
88835.000000  23128
88837.000000  23129
88839.000000  23130
88841.000000  23131
88843.000000  23132
88845.000000  23133
88847.000000  23134
88849.000000  23136
88851.000000  23137
88853.000000  23138
88855.000000  23139
88857.000000  23140
88859.000000  23141
88861.000000  23142
88863.000000  23143
88865.000000  23144
88867.000000  23146
88869.000000  23147
88871.000000  23148
88873.000000  23149
88875.000000  23150
88877.000000  23151
88879.000000  23152
88881.000000  23153
88883.000000  23154
88885.000000  23156
88887.000000  23157
88889.000000  23158
88891.000000  23159
88893.000000  23160
88895.000000  23161
88897.000000  23162
88899.000000  23164
88901.000000  23165
88903.000000  23166
88905.000000  23167
88907.000000  23168
88909.000000  23169
88911.000000  23170
88913.000000  23171
88915.000000  23172
88917.000000  23174
88919.000000  23175
88921.000000  23176
88923.000000  23177
88925.000000  23178
88927.000000  23179
88929.000000  23180
88931.000000  23181
88933.000000  23182
88935.000000  23184
88937.000000  23185
88939.000000  23186
88941.000000  23187
88943.000000  23188
88945.000000  23189
88947.000000  23190
88949.000000  23192
88951.000000  23193
88953.000000  23194
88955.000000  23195
88957.000000  23196
88959.000000  23197
88961.000000  23198
88963.000000  23199
88965.000000  23200
88967.000000  23201
88969.000000  23202
88971.000000  23204
88973.000000  23205
88975.000000  23206
88977.000000  23207
88979.000000  23208
88981.000000  23209
88983.000000  23210
88985.000000  23212
88987.000000  23213
88989.000000  23214
88991.000000  23215
88993.000000  23216
88995.000000  23217
88997.000000  23218
88999.000000  23219
89001.000000  23220
89003.000000  23222
89005.000000  23223
89007.000000  23224
89009.000000  23225
89011.000000  23226
89013.000000  23227
89015.000000  23228
89017.000000  23229
89019.000000  23230
89021.000000  23232
89023.000000  23233
89025.000000  23234
89027.000000  23235
89029.000000  23236
89031.000000  23237
89033.000000  23238
89035.000000  23239
89037.000000  23240
89039.000000  23242
89041.000000  23243
89043.000000  23244
89045.000000  23245
89047.000000  23246
89049.000000  23247
89051.000000  23248
89053.000000  23249
89055.000000  23250
89057.000000  23252
89059.000000  23253
89061.000000  23254
89063.000000  23255
89065.000000  23256
89067.000000  23257
89069.000000  23258
89071.000000  23259
89073.000000  23260
89075.000000  23262
89077.000000  23263
89079.000000  23264
89081.000000  23265
89083.000000  23266
89085.000000  23267
89087.000000  23268
89089.000000  23269
89091.000000  23270
89093.000000  23272
89095.000000  23273
89097.000000  23274
89099.000000  23275
89101.000000  23276
89103.000000  23277
89105.000000  23278
89107.000000  23279
89109.000000  23280
89111.000000  23282
89113.000000  23283
89115.000000  23284
89117.000000  23285
89119.000000  23286
89121.000000  23287
89123.000000  23288
89125.000000  23290
89127.000000  23290
89129.000000  23292
89131.000000  23293
89133.000000  23294
89135.000000  23295
89137.000000  23296
89139.000000  23297
89141.000000  23298
89143.000000  23299
89145.000000  23300
89147.000000  23302
89149.000000  23303
89151.000000  23304
89153.000000  23305
89155.000000  23306
89157.000000  23307
89159.000000  23308
89161.000000  23310
89163.000000  23311
89165.000000  23312
89167.000000  23313
89169.000000  23314
89171.000000  23315
89173.000000  23316
89175.000000  23317
89177.000000  23318
89179.000000  23320
89181.000000  23321
89183.000000  23322
89185.000000  23323
89187.000000  23324
89189.000000  23325
89191.000000  23326
89193.000000  23327
89195.000000  23328
89197.000000  23330
89199.000000  23331
89201.000000  23332
89203.000000  23333
89205.000000  23334
89207.000000  23335
89209.000000  23336
89211.000000  23337
89213.000000  23338
89215.000000  23340
89217.000000  23341
89219.000000  23342
89221.000000  23343
89223.000000  23344
89225.000000  23345
89227.000000  23346
89229.000000  23347
89231.000000  23348
89233.000000  23350
89235.000000  23351
89237.000000  23352
89239.000000  23353
89241.000000  23354
89243.000000  23355
89245.000000  23356
89247.000000  23358
89249.000000  23359
89251.000000  23360
89253.000000  23361
89255.000000  23362
89257.000000  23363
89259.000000  23364
89261.000000  23365
89263.000000  23366
89265.000000  23367
89267.000000  23368
89269.000000  23370
89271.000000  23371
89273.000000  23372
89275.000000  23373
89277.000000  23374
89279.000000  23375
89281.000000  23376
89283.000000  23378
89285.000000  23379
89287.000000  23380
89289.000000  23381
89291.000000  23382
89293.000000  23383
89295.000000  23384
89297.000000  23385
89299.000000  23386
89301.000000  23388
89303.000000  23389
89305.000000  23390
89307.000000  23391
89309.000000  23392
89311.000000  23393
89313.000000  23394
89315.000000  23395
89317.000000  23396
89319.000000  23398
89321.000000  23399
89323.000000  23400
89325.000000  23401
89327.000000  23402
89329.000000  23403
89331.000000  23404
89333.000000  23405
89335.000000  23406
89337.000000  23408
89339.000000  23409
89341.000000  23410
89343.000000  23411
89345.000000  23412
89347.000000  23413
89349.000000  23414
89351.000000  23415
89353.000000  23416
89355.000000  23418
89357.000000  23419
89359.000000  23420
89361.000000  23421
89363.000000  23422
89365.000000  23423
89367.000000  23424
89369.000000  23426
89371.000000  23427
89373.000000  23428
89375.000000  23429
89377.000000  23430
89379.000000  23431
89381.000000  23432
89383.000000  23433
89385.000000  23434
89387.000000  23436
89389.000000  23437
89391.000000  23438
89393.000000  23439
89395.000000  23440
89397.000000  23441
89399.000000  23442
89401.000000  23443
89403.000000  23444
89405.000000  23446
89407.000000  23447
89409.000000  23448
89411.000000  23449
89413.000000  23450
89415.000000  23451
89417.000000  23452
89419.000000  23454
89421.000000  23455
89423.000000  23456
89425.000000  23457
89427.000000  23458
89429.000000  23459
89431.000000  23460
89433.000000  23461
89435.000000  23462
89437.000000  23463
89439.000000  23464
89441.000000  23466
89443.000000  23467
89445.000000  23468
89447.000000  23469
89449.000000  23470
89451.000000  23471
89453.000000  23472
89455.000000  23474
89457.000000  23475
89459.000000  23476
89461.000000  23477
89463.000000  23478
89465.000000  23479
89467.000000  23480
89469.000000  23481
89471.000000  23482
89473.000000  23484
89475.000000  23485
89477.000000  23486
89479.000000  23487
89481.000000  23488
89483.000000  23489
89485.000000  23490
89487.000000  23491
89489.000000  23492
89491.000000  23494
89493.000000  23495
89495.000000  23496
89497.000000  23497
89499.000000  23498
89501.000000  23499
89503.000000  23500
89505.000000  23502
89507.000000  23503
89509.000000  23504
89511.000000  23505
89513.000000  23506
89515.000000  23507
89517.000000  23508
89519.000000  23509
89521.000000  23510
89523.000000  23512
89525.000000  23513
89527.000000  23514
89529.000000  23515
89531.000000  23516
89533.000000  23517
89535.000000  23518
89537.000000  23519
89539.000000  23520
89541.000000  23522
89543.000000  23523
89545.000000  23524
89547.000000  23525
89549.000000  23526
89551.000000  23527
89553.000000  23528
89555.000000  23529
89557.000000  23530
89559.000000  23532
89561.000000  23533
89563.000000  23534
89565.000000  23535
89567.000000  23536
89569.000000  23537
89571.000000  23538
89573.000000  23539
89575.000000  23540
89577.000000  23542
89579.000000  23543
89581.000000  23544
89583.000000  23545
89585.000000  23546
89587.000000  23547
89589.000000  23548
89591.000000  23550
89593.000000  23551
89595.000000  23552
89597.000000  23553
89599.000000  23554
89601.000000  23555
89603.000000  23556
89605.000000  23557
89607.000000  23558
89609.000000  23560
89611.000000  23561
89613.000000  23562
89615.000000  23563
89617.000000  23564
89619.000000  23565
89621.000000  23566
89623.000000  23567
89625.000000  23568
89627.000000  23570
89629.000000  23571
89631.000000  23572
89633.000000  23573
89635.000000  23574
89637.000000  23575
89639.000000  23576
89641.000000  23577
89643.000000  23578
89645.000000  23580
89647.000000  23581
89649.000000  23582
89651.000000  23583
89653.000000  23584
89655.000000  23585
89657.000000  23586
89659.000000  23587
89661.000000  23588
89663.000000  23590
89665.000000  23591
89667.000000  23592
89669.000000  23593
89671.000000  23594
89673.000000  23595
89675.000000  23596
89677.000000  23598
89679.000000  23599
89681.000000  23600
89683.000000  23601
89685.000000  23602
89687.000000  23603
89689.000000  23604
89691.000000  23605
89693.000000  23606
89695.000000  23607
89697.000000  23608
89699.000000  23610
89701.000000  23611
89703.000000  23612
89705.000000  23613
89707.000000  23614
89709.000000  23615
89711.000000  23616
89713.000000  23618
89715.000000  23619
89717.000000  23620
89719.000000  23621
89721.000000  23622
89723.000000  23623
89725.000000  23624
89727.000000  23625
89729.000000  23626
89731.000000  23628
89733.000000  23629
89735.000000  23630
89737.000000  23631
89739.000000  23632
89741.000000  23633
89743.000000  23634
89745.000000  23635
89747.000000  23636
89749.000000  23638
89751.000000  23639
89753.000000  23640
89755.000000  23641
89757.000000  23642
89759.000000  23643
89761.000000  23644
89763.000000  23645
89765.000000  23646
89767.000000  23648
89769.000000  23649
89771.000000  23650
89773.000000  23651
89775.000000  23652
89777.000000  23653
89779.000000  23654
89781.000000  23655
89783.000000  23656
89785.000000  23658
89787.000000  23659
89789.000000  23660
89791.000000  23661
89793.000000  23662
89795.000000  23663
89797.000000  23664
89799.000000  23665
89801.000000  23666
89803.000000  23668
89805.000000  23669
89807.000000  23670
89809.000000  23671
89811.000000  23672
89813.000000  23673
89815.000000  23674
89817.000000  23675
89819.000000  23676
89821.000000  23678
89823.000000  23679
89825.000000  23680
89827.000000  23681
89829.000000  23682
89831.000000  23683
89833.000000  23684
89835.000000  23685
89837.000000  23686
89839.000000  23688
89841.000000  23689
89843.000000  23690
89845.000000  23691
89847.000000  23692
89849.000000  23693
89851.000000  23694
89853.000000  23696
89855.000000  23697
89857.000000  23698
89859.000000  23699
89861.000000  23700
89863.000000  23701
89865.000000  23702
89867.000000  23703
89869.000000  23704
89871.000000  23706
89873.000000  23707
89875.000000  23708
89877.000000  23709
89879.000000  23710
89881.000000  23711
89883.000000  23712
89885.000000  23713
89887.000000  23714
89889.000000  23716
89891.000000  23717
89893.000000  23718
89895.000000  23719
89897.000000  23720
89899.000000  23721
89901.000000  23722
89903.000000  23723
89905.000000  23724
89907.000000  23726
89909.000000  23727
89911.000000  23728
89913.000000  23729
89915.000000  23730
89917.000000  23731
89919.000000  23732
89921.000000  23733
89923.000000  23734
89925.000000  23736
89927.000000  23737
89929.000000  23738
89931.000000  23739
89933.000000  23740
89935.000000  23741
89937.000000  23742
89939.000000  23744
89941.000000  23745
89943.000000  23746
89945.000000  23747
89947.000000  23748
89949.000000  23749
89951.000000  23750
89953.000000  23751
89955.000000  23752
89957.000000  23754
89959.000000  23755
89961.000000  23756
89963.000000  23757
89965.000000  23758
89967.000000  23759
89969.000000  23760
89971.000000  23761
89973.000000  23762
89975.000000  23764
89977.000000  23765
89979.000000  23766
89981.000000  23767
89983.000000  23768
89985.000000  23769
89987.000000  23770
89989.000000  23771
89991.000000  23772
89993.000000  23774
89995.000000  23775
89997.000000  23776
89999.000000  23777
90001.000000  23778
90003.000000  23779
90005.000000  23780
90007.000000  23782
90009.000000  23783
90011.000000  23784
90013.000000  23785
90015.000000  23786
90017.000000  23787
90019.000000  23788
90021.000000  23789
90023.000000  23790
90025.000000  23792
90027.000000  23793
90029.000000  23794
90031.000000  23795
90033.000000  23796
90035.000000  23797
90037.000000  23798
90039.000000  23799
90041.000000  23800
90043.000000  23802
90045.000000  23803
90047.000000  23804
90049.000000  23805
90051.000000  23806
90053.000000  23807
90055.000000  23808
90057.000000  23810
90059.000000  23811
90061.000000  23812
90063.000000  23813
90065.000000  23814
90067.000000  23815
90069.000000  23816
90071.000000  23817
90073.000000  23818
90075.000000  23820
90077.000000  23821
90079.000000  23822
90081.000000  23823
90083.000000  23824
90085.000000  23825
90087.000000  23826
90089.000000  23827
90091.000000  23828
90093.000000  23830
90095.000000  23831
90097.000000  23832
90099.000000  23833
90101.000000  23834
90103.000000  23835
