63851.000000  12889
63853.000000  12890
63855.000000  12891
63857.000000  12892
63859.000000  12893
63861.000000  12894
63863.000000  12895
63865.000000  12896
63867.000000  12896
63869.000000  12897
63871.000000  12898
63873.000000  12899
63875.000000  12900
63877.000000  12901
63877.000000  12901
63877.000000  12901
63877.000000  12901
63877.000000  12901
63877.000000  12901
66985.000000  12958
66987.000000  12958
66989.000000  12958
66991.000000  12958
66993.000000  12958
66995.000000  12959
66997.000000  12959
66999.000000  12959
67001.000000  12960
67003.000000  12960
67005.000000  12960
67007.000000  12961
67009.000000  12961
67011.000000  12962
67013.000000  12962
67015.000000  12962
67017.000000  12963
67019.000000  12963
67021.000000  12964
67021.000000  12964
0.000000  0
0.000000  0
67027.000000  12965
67029.000000  12966
67031.000000  12966
67033.000000  12967
67035.000000  12968
67037.000000  12968
67039.000000  12969
67041.000000  12970
67043.000000  12970
67045.000000  12971
67047.000000  12971
67049.000000  12972
67051.000000  12973
67053.000000  12973
67055.000000  12974
67057.000000  12975
67059.000000  12976
67061.000000  12976
67063.000000  12977
67065.000000  12978
67067.000000  12979
67069.000000  12979
67071.000000  12980
67073.000000  12981
67075.000000  12982
67077.000000  12982
67079.000000  12983
67081.000000  12984
67083.000000  12985
67085.000000  12986
67087.000000  12987
67089.000000  12988
67091.000000  12988
67093.000000  12989
67095.000000  12990
67097.000000  12991
67099.000000  12992
67101.000000  12993
67103.000000  12994
67105.000000  12994
67107.000000  12995
67109.000000  12996
67111.000000  12997
67113.000000  12998
67115.000000  12999
67117.000000  13000
67119.000000  13001
67121.000000  13002
67123.000000  13003
67125.000000  13004
67127.000000  13005
67129.000000  13006
67131.000000  13006
67133.000000  13008
67135.000000  13008
67137.000000  13009
67139.000000  13010
67141.000000  13011
67143.000000  13012
67145.000000  13013
67147.000000  13014
67149.000000  13015
67151.000000  13016
67153.000000  13017
67155.000000  13018
67157.000000  13019
67159.000000  13020
67161.000000  13021
67163.000000  13022
67165.000000  13023
67167.000000  13024
67169.000000  13025
67171.000000  13026
67173.000000  13027
67175.000000  13028
67177.000000  13029
67179.000000  13030
67181.000000  13031
67183.000000  13032
67185.000000  13033
67187.000000  13034
67189.000000  13035
67191.000000  13036
67193.000000  13037
67195.000000  13038
67197.000000  13039
67199.000000  13040
67201.000000  13041
67203.000000  13042
67205.000000  13043
67207.000000  13044
67209.000000  13046
67211.000000  13046
67213.000000  13048
67215.000000  13048
67217.000000  13050
67219.000000  13051
67221.000000  13052
67223.000000  13053
67225.000000  13054
67227.000000  13055
67229.000000  13056
67231.000000  13057
67233.000000  13058
67235.000000  13059
67237.000000  13060
67239.000000  13061
67241.000000  13062
67243.000000  13063
67245.000000  13064
67247.000000  13065
67249.000000  13066
67251.000000  13067
67253.000000  13068
67255.000000  13070
67257.000000  13070
67259.000000  13072
67261.000000  13073
67263.000000  13074
67265.000000  13075
67267.000000  13076
67269.000000  13077
67271.000000  13078
67273.000000  13079
67275.000000  13080
67277.000000  13081
67279.000000  13082
67281.000000  13083
67283.000000  13084
67285.000000  13085
67287.000000  13086
67289.000000  13087
67291.000000  13088
67293.000000  13090
67295.000000  13091
67297.000000  13092
67299.000000  13093
67301.000000  13094
67303.000000  13095
67305.000000  13096
67307.000000  13097
67309.000000  13098
67311.000000  13099
67313.000000  13100
67315.000000  13101
67317.000000  13102
67319.000000  13103
67321.000000  13104
67323.000000  13105
67325.000000  13106
67327.000000  13108
67329.000000  13109
67331.000000  13110
67333.000000  13111
67335.000000  13112
67337.000000  13113
67339.000000  13114
67341.000000  13115
67343.000000  13116
67345.000000  13117
67347.000000  13118
67349.000000  13119
67351.000000  13120
67353.000000  13121
67355.000000  13122
67357.000000  13123
67359.000000  13124
67361.000000  13126
67363.000000  13127
67365.000000  13128
67367.000000  13129
67369.000000  13130
67371.000000  13131
67373.000000  13132
67375.000000  13133
67377.000000  13134
67379.000000  13135
67381.000000  13136
67383.000000  13137
67385.000000  13138
67387.000000  13139
67389.000000  13140
67391.000000  13142
67393.000000  13142
67395.000000  13144
67397.000000  13145
67399.000000  13146
67401.000000  13147
67403.000000  13148
67405.000000  13149
67407.000000  13150
67409.000000  13151
67411.000000  13152
67413.000000  13153
67415.000000  13154
67417.000000  13155
67419.000000  13156
67421.000000  13158
67423.000000  13158
67425.000000  13160
67427.000000  13161
67429.000000  13162
67431.000000  13163
67433.000000  13164
67435.000000  13165
67437.000000  13166
67439.000000  13167
67441.000000  13168
67443.000000  13169
67445.000000  13170
67447.000000  13171
67449.000000  13172
67451.000000  13173
67453.000000  13174
67455.000000  13176
67457.000000  13177
67459.000000  13178
67461.000000  13179
67463.000000  13180
67465.000000  13181
67467.000000  13182
67469.000000  13183
67471.000000  13184
67473.000000  13185
67475.000000  13186
67477.000000  13187
67479.000000  13188
67481.000000  13189
67483.000000  13190
67485.000000  13191
67487.000000  13192
67489.000000  13194
67491.000000  13195
67493.000000  13196
67495.000000  13197
67497.000000  13198
67499.000000  13199
67501.000000  13200
67503.000000  13201
67505.000000  13202
67507.000000  13203
67509.000000  13204
67511.000000  13205
67513.000000  13206
67515.000000  13208
67517.000000  13208
67519.000000  13210
67521.000000  13211
67523.000000  13212
67525.000000  13213
67527.000000  13214
67529.000000  13215
67531.000000  13216
67533.000000  13217
67535.000000  13218
67537.000000  13219
67539.000000  13220
67541.000000  13221
67543.000000  13222
67545.000000  13223
67547.000000  13224
67549.000000  13226
67551.000000  13227
67553.000000  13228
67555.000000  13229
67557.000000  13230
67559.000000  13231
67561.000000  13232
67563.000000  13233
67565.000000  13234
67567.000000  13235
67569.000000  13236
67571.000000  13237
67573.000000  13238
67575.000000  13239
67577.000000  13240
67579.000000  13242
67581.000000  13243
67583.000000  13244
67585.000000  13245
67587.000000  13246
67589.000000  13247
67591.000000  13248
67593.000000  13249
67595.000000  13250
67597.000000  13251
67599.000000  13252
67601.000000  13253
67603.000000  13254
67605.000000  13256
67607.000000  13256
67609.000000  13258
67611.000000  13259
67613.000000  13260
67615.000000  13261
67617.000000  13262
67619.000000  13263
67621.000000  13264
67623.000000  13265
67625.000000  13266
67627.000000  13267
67629.000000  13268
67631.000000  13269
67633.000000  13270
67635.000000  13271
67637.000000  13272
67639.000000  13274
67641.000000  13275
67643.000000  13276
67645.000000  13277
67647.000000  13278
67649.000000  13279
67651.000000  13280
67653.000000  13281
67655.000000  13282
67657.000000  13283
67659.000000  13284
67661.000000  13285
67663.000000  13286
67665.000000  13287
67667.000000  13288
67669.000000  13290
67671.000000  13291
67673.000000  13292
67675.000000  13293
67677.000000  13294
67679.000000  13295
67681.000000  13296
67683.000000  13297
67685.000000  13298
67687.000000  13299
67689.000000  13300
67691.000000  13301
67693.000000  13302
67695.000000  13304
67697.000000  13304
67699.000000  13306
67701.000000  13307
67703.000000  13308
67705.000000  13309
67707.000000  13310
67709.000000  13311
67711.000000  13312
67713.000000  13313
67715.000000  13314
67717.000000  13315
67719.000000  13316
67721.000000  13317
67723.000000  13318
67725.000000  13319
67727.000000  13320
67729.000000  13322
67731.000000  13323
67733.000000  13324
67735.000000  13325
67737.000000  13326
67739.000000  13327
67741.000000  13328
67743.000000  13329
67745.000000  13330
67747.000000  13331
67749.000000  13332
67751.000000  13333
67753.000000  13334
67755.000000  13335
67757.000000  13336
67759.000000  13338
67761.000000  13339
67763.000000  13340
67765.000000  13341
67767.000000  13342
67769.000000  13343
67771.000000  13344
67773.000000  13345
67775.000000  13346
67777.000000  13347
67779.000000  13348
67781.000000  13349
67783.000000  13350
67785.000000  13352
67787.000000  13353
67789.000000  13354
67791.000000  13355
67793.000000  13356
67795.000000  13357
67797.000000  13358
67799.000000  13359
67801.000000  13360
67803.000000  13361
67805.000000  13362
67807.000000  13363
67809.000000  13364
67811.000000  13365
67813.000000  13366
67815.000000  13368
67817.000000  13369
67819.000000  13370
67821.000000  13371
67823.000000  13372
67825.000000  13373
67827.000000  13374
67829.000000  13375
67831.000000  13376
67833.000000  13377
67835.000000  13378
67837.000000  13379
67839.000000  13380
67841.000000  13381
67843.000000  13382
67845.000000  13383
67847.000000  13384
67849.000000  13386
67851.000000  13387
67853.000000  13388
67855.000000  13389
67857.000000  13390
67859.000000  13391
67861.000000  13392
67863.000000  13393
67865.000000  13394
67867.000000  13395
67869.000000  13396
67871.000000  13397
67873.000000  13398
67875.000000  13400
67877.000000  13401
67879.000000  13402
67881.000000  13403
67883.000000  13404
67885.000000  13405
67887.000000  13406
67889.000000  13407
67891.000000  13408
67893.000000  13409
67895.000000  13410
67897.000000  13411
67899.000000  13412
67901.000000  13413
67903.000000  13414
67905.000000  13416
67907.000000  13417
67909.000000  13418
67911.000000  13419
67913.000000  13420
67915.000000  13421
67917.000000  13422
67919.000000  13423
67921.000000  13424
67923.000000  13425
67925.000000  13426
67927.000000  13427
67929.000000  13428
67931.000000  13429
67933.000000  13430
67935.000000  13432
67937.000000  13432
67939.000000  13434
67941.000000  13435
67943.000000  13436
67943.000000  13436
0.000000  0
0.000000  0
0.000000  0
0.000000  0
0.000000  0
0.000000  0
0.000000  0
0.000000  0
0.000000  0
0.000000  0
0.000000  0
0.000000  0
0.000000  0
0.000000  0
0.000000  0
0.000000  0
0.000000  0
0.000000  0
0.000000  0
0.000000  0
0.000000  0
0.000000  0
67989.000000  13460
67991.000000  13461
67993.000000  13462
67995.000000  13464
67997.000000  13465
67999.000000  13466
68001.000000  13467
68003.000000  13468
68005.000000  13469
68007.000000  13470
68009.000000  13471
68011.000000  13472
68013.000000  13473
68015.000000  13474
68017.000000  13475
68019.000000  13476
68021.000000  13477
68023.000000  13478
68025.000000  13479
68027.000000  13480
68029.000000  13482
68031.000000  13483
68033.000000  13484
68035.000000  13485
68037.000000  13486
68039.000000  13487
68041.000000  13488
68043.000000  13489
68045.000000  13490
68047.000000  13491
68049.000000  13492
68051.000000  13493
68053.000000  13494
68055.000000  13496
68057.000000  13497
68059.000000  13498
68061.000000  13499
68063.000000  13500
68065.000000  13501
68067.000000  13502
68069.000000  13503
68071.000000  13504
68073.000000  13505
68075.000000  13506
68077.000000  13507
68079.000000  13508
68081.000000  13509
68083.000000  13510
68085.000000  13512
68087.000000  13512
68089.000000  13514
68091.000000  13515
68093.000000  13516
68095.000000  13517
68097.000000  13518
68099.000000  13519
68101.000000  13520
68103.000000  13521
68105.000000  13522
68107.000000  13523
68109.000000  13524
68111.000000  13525
68113.000000  13526
68115.000000  13527
68117.000000  13528
68119.000000  13530
68121.000000  13531
68123.000000  13532
68125.000000  13533
68127.000000  13534
68129.000000  13535
68131.000000  13536
68133.000000  13537
68135.000000  13538
68137.000000  13539
68139.000000  13540
68141.000000  13541
68143.000000  13542
68145.000000  13543
68147.000000  13544
68149.000000  13546
68151.000000  13547
68153.000000  13548
68155.000000  13549
68157.000000  13550
68159.000000  13551
68161.000000  13552
68163.000000  13553
68165.000000  13554
68167.000000  13555
68169.000000  13556
68171.000000  13557
68173.000000  13558
68175.000000  13559
68177.000000  13560
68179.000000  13562
68181.000000  13563
68183.000000  13564
68185.000000  13565
68187.000000  13566
68189.000000  13567
68191.000000  13568
68193.000000  13569
68195.000000  13570
68197.000000  13571
68199.000000  13572
68201.000000  13573
68203.000000  13574
68205.000000  13575
68207.000000  13576
68209.000000  13577
68211.000000  13578
68213.000000  13580
68215.000000  13581
68217.000000  13582
68219.000000  13583
68221.000000  13584
68223.000000  13585
68225.000000  13586
68227.000000  13587
68229.000000  13588
68231.000000  13589
68233.000000  13590
68235.000000  13591
68237.000000  13592
68239.000000  13594
68241.000000  13595
68243.000000  13596
68245.000000  13597
68247.000000  13598
68249.000000  13599
68251.000000  13600
68253.000000  13601
68255.000000  13602
68257.000000  13603
68259.000000  13604
68261.000000  13605
68263.000000  13606
68265.000000  13607
68267.000000  13608
68269.000000  13610
68271.000000  13611
68273.000000  13612
68275.000000  13613
68277.000000  13614
68279.000000  13615
68281.000000  13616
68283.000000  13617
68285.000000  13618
68287.000000  13619
68289.000000  13620
68291.000000  13621
68293.000000  13622
68295.000000  13623
68297.000000  13624
68299.000000  13626
68301.000000  13627
68303.000000  13628
68305.000000  13629
68307.000000  13630
68309.000000  13631
68311.000000  13632
68313.000000  13633
68315.000000  13634
68317.000000  13635
68319.000000  13636
68321.000000  13637
68323.000000  13638
68325.000000  13640
68327.000000  13640
68329.000000  13642
68331.000000  13643
68333.000000  13644
68335.000000  13645
68337.000000  13646
68339.000000  13647
68341.000000  13648
68343.000000  13649
68345.000000  13650
68347.000000  13651
68349.000000  13652
68351.000000  13653
68353.000000  13654
68355.000000  13655
68357.000000  13656
68359.000000  13658
68361.000000  13659
68363.000000  13660
68365.000000  13661
68367.000000  13662
68369.000000  13663
68371.000000  13664
68373.000000  13665
68375.000000  13666
68377.000000  13667
68379.000000  13668
68381.000000  13669
68383.000000  13670
68385.000000  13671
68387.000000  13672
68389.000000  13674
68391.000000  13675
68393.000000  13676
68395.000000  13677
68397.000000  13678
68399.000000  13679
68401.000000  13680
68403.000000  13681
68405.000000  13682
68407.000000  13683
68409.000000  13684
68411.000000  13685
68413.000000  13686
68415.000000  13688
68417.000000  13688
68419.000000  13690
68421.000000  13691
68421.000000  13691
0.000000  0
0.000000  0
0.000000  0
0.000000  0
0.000000  0
0.000000  0
0.000000  0
0.000000  0
0.000000  0
0.000000  0
0.000000  0
0.000000  0
0.000000  0
0.000000  0
0.000000  0
0.000000  0
0.000000  0
0.000000  0
0.000000  0
0.000000  0
68463.000000  13713
68465.000000  13714
68467.000000  13715
68469.000000  13716
68471.000000  13717
68473.000000  13718
68475.000000  13720
68477.000000  13720
68479.000000  13722
68481.000000  13723
68483.000000  13724
68483.000000  13724
0.000000  0
0.000000  0
0.000000  0
68491.000000  13728
68493.000000  13729
68495.000000  13730
68497.000000  13731
68499.000000  13732
68501.000000  13733
68503.000000  13734
68505.000000  13736
68507.000000  13737
68509.000000  13738
68511.000000  13739
68513.000000  13740
68515.000000  13741
68517.000000  13742
68519.000000  13743
68521.000000  13744
68523.000000  13745
68525.000000  13746
68527.000000  13747
68529.000000  13748
68531.000000  13749
68533.000000  13750
68535.000000  13752
68537.000000  13752
68539.000000  13754
68541.000000  13755
68543.000000  13756
68545.000000  13757
68547.000000  13758
68549.000000  13759
68551.000000  13760
68553.000000  13761
68555.000000  13762
68557.000000  13763
68559.000000  13764
68561.000000  13765
68563.000000  13766
68565.000000  13768
68567.000000  13768
68569.000000  13770
68571.000000  13771
68573.000000  13772
68575.000000  13773
68577.000000  13774
68579.000000  13775
68581.000000  13776
68583.000000  13777
68585.000000  13778
68587.000000  13779
68589.000000  13780
68591.000000  13781
68593.000000  13782
68595.000000  13784
68597.000000  13785
68599.000000  13786
68601.000000  13787
68603.000000  13788
68605.000000  13789
68607.000000  13790
68609.000000  13791
68611.000000  13792
68613.000000  13793
68615.000000  13794
68617.000000  13795
68619.000000  13796
68621.000000  13797
68623.000000  13798
68625.000000  13800
68627.000000  13801
68629.000000  13802
68631.000000  13803
68633.000000  13804
68635.000000  13805
68637.000000  13806
68639.000000  13807
68641.000000  13808
68643.000000  13809
68645.000000  13810
68647.000000  13811
68649.000000  13812
68651.000000  13813
68653.000000  13814
68655.000000  13816
68657.000000  13816
68659.000000  13818
68661.000000  13819
68663.000000  13820
68665.000000  13821
68667.000000  13822
68669.000000  13823
68671.000000  13824
68673.000000  13825
68675.000000  13826
68677.000000  13827
68679.000000  13828
68681.000000  13829
68683.000000  13830
68685.000000  13832
68687.000000  13833
68689.000000  13834
68691.000000  13835
68693.000000  13836
68695.000000  13837
68697.000000  13838
68699.000000  13839
68701.000000  13840
68703.000000  13841
68705.000000  13842
68707.000000  13843
68709.000000  13844
68711.000000  13845
68713.000000  13846
68715.000000  13848
68717.000000  13848
68719.000000  13850
68721.000000  13851
68723.000000  13852
68725.000000  13853
68727.000000  13854
68729.000000  13855
68731.000000  13856
68733.000000  13857
68735.000000  13858
68737.000000  13859
68739.000000  13860
68741.000000  13861
68743.000000  13862
68745.000000  13863
68747.000000  13864
68749.000000  13866
68751.000000  13867
68753.000000  13868
68755.000000  13869
68757.000000  13870
68759.000000  13871
68761.000000  13872
68763.000000  13873
68765.000000  13874
68767.000000  13875
68769.000000  13876
68771.000000  13877
68773.000000  13878
68775.000000  13880
68777.000000  13880
68779.000000  13882
68781.000000  13883
68783.000000  13884
68785.000000  13885
68787.000000  13886
68789.000000  13887
68791.000000  13888
68793.000000  13889
68795.000000  13890
68797.000000  13891
68799.000000  13892
68801.000000  13893
68803.000000  13894
68805.000000  13895
68807.000000  13896
68809.000000  13898
68811.000000  13899
68813.000000  13900
68815.000000  13901
68817.000000  13902
68819.000000  13903
68821.000000  13904
68823.000000  13905
68825.000000  13906
68827.000000  13907
68829.000000  13908
68831.000000  13909
68833.000000  13910
68835.000000  13911
68837.000000  13912
68839.000000  13914
68841.000000  13915
68843.000000  13916
68845.000000  13917
68847.000000  13918
68849.000000  13919
68851.000000  13920
68853.000000  13921
68855.000000  13922
68857.000000  13923
68859.000000  13924
68861.000000  13925
68863.000000  13926
68865.000000  13927
68867.000000  13928
68869.000000  13930
68871.000000  13931
68873.000000  13932
68875.000000  13933
68877.000000  13934
68879.000000  13935
68881.000000  13936
68883.000000  13937
68885.000000  13938
68887.000000  13939
68889.000000  13940
68891.000000  13941
68893.000000  13942
68895.000000  13943
68897.000000  13944
68899.000000  13946
68901.000000  13947
68903.000000  13948
68905.000000  13949
68907.000000  13950
68909.000000  13951
68911.000000  13952
68913.000000  13953
68915.000000  13954
68917.000000  13955
68919.000000  13956
68921.000000  13957
68923.000000  13958
68925.000000  13959
68927.000000  13960
68929.000000  13962
68931.000000  13963
68933.000000  13964
68935.000000  13965
68937.000000  13966
68939.000000  13967
68941.000000  13968
68943.000000  13969
68945.000000  13970
68947.000000  13971
68949.000000  13972
68951.000000  13973
68953.000000  13974
68955.000000  13976
68957.000000  13976
68959.000000  13978
68961.000000  13979
68963.000000  13980
68965.000000  13981
68967.000000  13982
68969.000000  13983
68971.000000  13984
68973.000000  13985
68975.000000  13986
68977.000000  13987
68979.000000  13988
68981.000000  13989
68983.000000  13990
68985.000000  13991
68987.000000  13992
68989.000000  13994
68991.000000  13995
68993.000000  13996
68995.000000  13997
68997.000000  13998
68999.000000  13999
69001.000000  14000
69003.000000  14001
69005.000000  14002
69007.000000  14003
69009.000000  14004
69011.000000  14005
69013.000000  14006
69015.000000  14007
69017.000000  14008
69019.000000  14010
69021.000000  14011
69023.000000  14012
69025.000000  14013
69027.000000  14014
69029.000000  14015
69031.000000  14016
69033.000000  14017
69035.000000  14018
69037.000000  14019
69039.000000  14020
69041.000000  14021
69043.000000  14022
69045.000000  14024
69047.000000  14024
69049.000000  14026
69051.000000  14027
69053.000000  14028
69055.000000  14029
69057.000000  14030
69059.000000  14031
69061.000000  14032
69063.000000  14033
69065.000000  14034
69067.000000  14035
69069.000000  14036
69071.000000  14037
69073.000000  14038
69075.000000  14040
69077.000000  14040
69079.000000  14042
69081.000000  14043
69083.000000  14044
69085.000000  14045
69087.000000  14046
69089.000000  14047
69091.000000  14048
69093.000000  14049
69095.000000  14050
69097.000000  14051
69099.000000  14052
69101.000000  14053
69103.000000  14054
69105.000000  14055
69107.000000  14056
69109.000000  14058
69111.000000  14059
69113.000000  14060
69115.000000  14061
69117.000000  14062
69119.000000  14063
69121.000000  14064
69123.000000  14065
69125.000000  14066
69127.000000  14067
69129.000000  14068
69131.000000  14069
69133.000000  14070
69135.000000  14072
69137.000000  14073
69139.000000  14074
69141.000000  14075
69143.000000  14076
69145.000000  14077
69147.000000  14078
69149.000000  14079
69151.000000  14080
69153.000000  14081
69155.000000  14082
69157.000000  14083
69159.000000  14084
69161.000000  14085
69163.000000  14086
69165.000000  14088
69167.000000  14089
69169.000000  14090
69171.000000  14091
69173.000000  14092
69175.000000  14093
69177.000000  14094
69179.000000  14095
69181.000000  14096
69183.000000  14097
69185.000000  14098
69187.000000  14099
69189.000000  14100
69191.000000  14101
69193.000000  14102
69195.000000  14104
69197.000000  14104
69199.000000  14106
69201.000000  14107
69203.000000  14108
69205.000000  14109
69207.000000  14110
69209.000000  14111
69211.000000  14112
69213.000000  14113
69215.000000  14114
69217.000000  14115
69219.000000  14116
69221.000000  14117
69223.000000  14118
69225.000000  14120
69227.000000  14121
69229.000000  14122
69231.000000  14123
69233.000000  14124
69235.000000  14125
69237.000000  14126
69239.000000  14127
69241.000000  14128
69243.000000  14129
69245.000000  14130
69247.000000  14131
69249.000000  14132
69251.000000  14133
69253.000000  14134
69255.000000  14136
69257.000000  14137
69259.000000  14138
69261.000000  14139
69263.000000  14140
69265.000000  14141
69267.000000  14142
69269.000000  14143
69271.000000  14144
69273.000000  14145
69275.000000  14146
69277.000000  14147
69279.000000  14148
69281.000000  14149
69283.000000  14150
69285.000000  14152
69287.000000  14152
69289.000000  14154
69291.000000  14155
69293.000000  14156
69295.000000  14157
69297.000000  14158
69299.000000  14159
69301.000000  14160
69303.000000  14161
69305.000000  14162
69307.000000  14163
69309.000000  14164
69311.000000  14166
69313.000000  14166
69315.000000  14168
69317.000000  14169
69319.000000  14170
69321.000000  14171
69323.000000  14172
69325.000000  14173
69327.000000  14174
69329.000000  14175
69331.000000  14176
69333.000000  14177
69335.000000  14178
69337.000000  14179
69339.000000  14180
69341.000000  14181
69343.000000  14182
69345.000000  14184
69347.000000  14185
69349.000000  14186
69351.000000  14187
69353.000000  14188
69355.000000  14189
69357.000000  14190
69359.000000  14191
69361.000000  14192
69363.000000  14193
69365.000000  14194
69367.000000  14195
69369.000000  14196
69371.000000  14197
69373.000000  14198
69375.000000  14200
69377.000000  14200
69379.000000  14202
69381.000000  14203
69383.000000  14204
69385.000000  14205
69387.000000  14206
69389.000000  14207
69391.000000  14208
69393.000000  14209
69395.000000  14210
69397.000000  14211
69399.000000  14212
69401.000000  14213
69403.000000  14214
69405.000000  14216
69407.000000  14217
69409.000000  14218
69411.000000  14219
69413.000000  14220
69415.000000  14221
69417.000000  14222
69419.000000  14223
69421.000000  14224
69423.000000  14225
69425.000000  14226
69427.000000  14227
69429.000000  14228
69431.000000  14229
69433.000000  14230
69435.000000  14232
69437.000000  14232
69439.000000  14234
69441.000000  14235
69443.000000  14236
69445.000000  14237
69447.000000  14238
69449.000000  14239
69451.000000  14240
69453.000000  14241
69455.000000  14242
69457.000000  14243
69459.000000  14244
69461.000000  14245
69463.000000  14246
69465.000000  14247
69467.000000  14248
69469.000000  14250
69471.000000  14251
69473.000000  14252
69475.000000  14253
69477.000000  14254
69479.000000  14255
69481.000000  14256
69483.000000  14257
69485.000000  14258
69487.000000  14259
69489.000000  14260
69491.000000  14261
69493.000000  14262
69495.000000  14264
69497.000000  14264
69499.000000  14266
69501.000000  14267
69503.000000  14268
69505.000000  14269
69507.000000  14270
69509.000000  14271
69511.000000  14272
69513.000000  14273
69515.000000  14274
69517.000000  14275
69519.000000  14276
69521.000000  14277
69523.000000  14278
69525.000000  14279
69527.000000  14280
69529.000000  14282
69531.000000  14283
69533.000000  14284
69535.000000  14285
69537.000000  14286
69539.000000  14287
69541.000000  14288
69543.000000  14289
69545.000000  14290
69547.000000  14291
69549.000000  14292
69551.000000  14293
69553.000000  14294
69555.000000  14295
69557.000000  14296
69559.000000  14298
69561.000000  14299
69563.000000  14300
69565.000000  14301
69567.000000  14302
69569.000000  14303
69571.000000  14304
69573.000000  14305
69575.000000  14306
69577.000000  14307
69579.000000  14308
69581.000000  14309
69583.000000  14310
69585.000000  14312
69587.000000  14312
69589.000000  14314
69591.000000  14315
69593.000000  14316
69595.000000  14317
69597.000000  14318
69599.000000  14319
69601.000000  14320
69603.000000  14321
69605.000000  14322
69607.000000  14323
69609.000000  14324
69611.000000  14325
69613.000000  14326
69615.000000  14328
69617.000000  14328
69619.000000  14330
69621.000000  14331
69623.000000  14332
69625.000000  14333
69627.000000  14334
69629.000000  14335
69631.000000  14336
69633.000000  14337
69635.000000  14338
69637.000000  14339
69639.000000  14340
69641.000000  14341
69643.000000  14342
69645.000000  14343
69647.000000  14344
69649.000000  14346
69651.000000  14347
69653.000000  14348
69655.000000  14349
69657.000000  14350
69659.000000  14351
69661.000000  14352
69663.000000  14353
69665.000000  14354
69667.000000  14355
69669.000000  14356
69671.000000  14357
69673.000000  14358
69675.000000  14360
69677.000000  14361
69679.000000  14362
69681.000000  14363
69683.000000  14364
69685.000000  14365
69687.000000  14366
69689.000000  14367
69691.000000  14368
69693.000000  14369
69695.000000  14370
69697.000000  14371
69699.000000  14372
69701.000000  14373
69703.000000  14374
69705.000000  14376
69707.000000  14377
69709.000000  14378
69711.000000  14379
69713.000000  14380
69715.000000  14381
69717.000000  14382
69719.000000  14383
69721.000000  14384
69723.000000  14385
69725.000000  14386
69727.000000  14387
69729.000000  14388
69731.000000  14389
69733.000000  14390
69735.000000  14392
69737.000000  14392
69739.000000  14394
69741.000000  14395
69743.000000  14396
69745.000000  14397
69747.000000  14398
69749.000000  14399
69751.000000  14400
69753.000000  14401
69755.000000  14402
69757.000000  14403
69759.000000  14404
69761.000000  14405
69763.000000  14406
69765.000000  14408
69767.000000  14409
69769.000000  14410
69771.000000  14411
69773.000000  14412
69775.000000  14413
69777.000000  14414
69779.000000  14415
69781.000000  14416
69783.000000  14417
69785.000000  14418
69787.000000  14419
69789.000000  14420
69791.000000  14421
69793.000000  14422
69795.000000  14424
69797.000000  14425
69799.000000  14426
69801.000000  14427
69803.000000  14428
69805.000000  14429
69807.000000  14430
69809.000000  14431
69811.000000  14432
69813.000000  14433
69815.000000  14434
69817.000000  14435
69819.000000  14436
69821.000000  14437
69823.000000  14438
69825.000000  14440
69827.000000  14441
69829.000000  14442
69831.000000  14443
69833.000000  14444
69835.000000  14445
69837.000000  14446
69839.000000  14447
69841.000000  14448
69843.000000  14449
69845.000000  14450
69847.000000  14451
69849.000000  14452
69851.000000  14454
69853.000000  14454
69855.000000  14456
69857.000000  14457
69859.000000  14458
69861.000000  14459
69863.000000  14460
69865.000000  14461
69867.000000  14462
69869.000000  14463
69871.000000  14464
69873.000000  14465
69875.000000  14466
69877.000000  14467
69879.000000  14468
69881.000000  14469
69883.000000  14470
69885.000000  14472
69887.000000  14473
69889.000000  14474
69891.000000  14475
69893.000000  14476
69895.000000  14477
69897.000000  14478
69899.000000  14479
69901.000000  14480
69903.000000  14481
69905.000000  14482
69907.000000  14483
69909.000000  14484
69911.000000  14485
69913.000000  14486
69915.000000  14488
69917.000000  14489
69919.000000  14490
69921.000000  14491
69923.000000  14492
69925.000000  14493
69927.000000  14494
69929.000000  14495
69931.000000  14496
69933.000000  14497
69935.000000  14498
69937.000000  14499
69939.000000  14500
69941.000000  14502
69943.000000  14502
69945.000000  14504
69947.000000  14505
69949.000000  14506
69951.000000  14507
69953.000000  14508
69955.000000  14509
69957.000000  14510
69959.000000  14511
69961.000000  14512
69963.000000  14513
69965.000000  14514
69967.000000  14515
69969.000000  14516
69971.000000  14518
69973.000000  14518
69975.000000  14520
69977.000000  14521
69979.000000  14522
69981.000000  14523
69983.000000  14524
69985.000000  14525
69987.000000  14526
69989.000000  14527
69991.000000  14528
69993.000000  14529
69995.000000  14530
69997.000000  14531
69999.000000  14532
70001.000000  14534
70003.000000  14534
70005.000000  14536
70007.000000  14537
70009.000000  14538
70011.000000  14539
70013.000000  14540
70015.000000  14541
70017.000000  14542
70019.000000  14543
70021.000000  14544
70023.000000  14545
70025.000000  14546
70027.000000  14547
70029.000000  14548
70031.000000  14550
70033.000000  14550
70035.000000  14552
70037.000000  14553
70039.000000  14554
70041.000000  14555
70043.000000  14556
70045.000000  14557
70047.000000  14558
70049.000000  14559
70051.000000  14560
70053.000000  14561
70055.000000  14562
70057.000000  14563
70059.000000  14564
70061.000000  14565
70063.000000  14566
70065.000000  14568
70067.000000  14569
70069.000000  14570
70071.000000  14571
70073.000000  14572
70075.000000  14573
70077.000000  14574
70079.000000  14575
70081.000000  14576
70083.000000  14577
70085.000000  14578
70087.000000  14579
70089.000000  14580
70091.000000  14581
70093.000000  14582
70095.000000  14584
70097.000000  14585
70099.000000  14586
70101.000000  14587
70103.000000  14588
70105.000000  14589
70107.000000  14590
70109.000000  14591
70111.000000  14592
70113.000000  14593
70115.000000  14594
70117.000000  14595
70119.000000  14596
70121.000000  14598
70123.000000  14598
70125.000000  14600
70127.000000  14601
70129.000000  14602
70131.000000  14603
70133.000000  14604
70135.000000  14605
70137.000000  14606
70139.000000  14607
70141.000000  14608
70143.000000  14609
70145.000000  14610
70147.000000  14611
70149.000000  14612
70151.000000  14613
70153.000000  14614
70155.000000  14616
70157.000000  14617
70159.000000  14618
70161.000000  14619
70163.000000  14620
70165.000000  14621
70167.000000  14622
70169.000000  14623
70171.000000  14624
70173.000000  14625
70175.000000  14626
70177.000000  14627
70179.000000  14628
70181.000000  14629
70183.000000  14630
70185.000000  14632
70187.000000  14632
70189.000000  14634
70191.000000  14635
70193.000000  14636
70195.000000  14637
70197.000000  14638
70199.000000  14639
70201.000000  14640
70203.000000  14641
70205.000000  14642
70207.000000  14643
70209.000000  14644
70211.000000  14645
70213.000000  14646
70215.000000  14648
70217.000000  14649
70219.000000  14650
70221.000000  14651
70223.000000  14652
70225.000000  14653
70227.000000  14654
70229.000000  14655
70231.000000  14656
70233.000000  14657
70235.000000  14658
70237.000000  14659
70239.000000  14660
70241.000000  14661
70243.000000  14662
70245.000000  14664
70247.000000  14665
70249.000000  14666
70251.000000  14667
70253.000000  14668
70255.000000  14669
70257.000000  14670
70259.000000  14671
70261.000000  14672
70263.000000  14673
70265.000000  14674
70267.000000  14675
70269.000000  14676
70271.000000  14677
70273.000000  14678
70275.000000  14680
70277.000000  14680
70279.000000  14682
70281.000000  14683
70283.000000  14684
70285.000000  14685
70287.000000  14686
70289.000000  14687
70291.000000  14688
70293.000000  14689
70295.000000  14690
70297.000000  14691
70299.000000  14692
70301.000000  14694
70303.000000  14694
70305.000000  14696
70307.000000  14697
70309.000000  14698
70311.000000  14699
70313.000000  14700
70315.000000  14701
70317.000000  14702
70319.000000  14703
70321.000000  14704
70323.000000  14705
70325.000000  14706
70327.000000  14707
70329.000000  14708
70331.000000  14709
70333.000000  14710
70335.000000  14712
70337.000000  14713
70339.000000  14714
70341.000000  14715
70343.000000  14716
70345.000000  14717
70347.000000  14718
70349.000000  14719
70351.000000  14720
70353.000000  14721
70355.000000  14722
70357.000000  14723
70359.000000  14724
70361.000000  14725
70363.000000  14726
70365.000000  14728
70367.000000  14728
70369.000000  14730
70371.000000  14731
70373.000000  14732
70375.000000  14733
70377.000000  14734
70379.000000  14735
70381.000000  14736
70383.000000  14737
70385.000000  14738
70387.000000  14739
70389.000000  14740
70391.000000  14742
70393.000000  14742
70395.000000  14744
70397.000000  14745
70399.000000  14746
70401.000000  14747
70403.000000  14748
70405.000000  14749
70407.000000  14750
70409.000000  14751
70411.000000  14752
70413.000000  14753
70415.000000  14754
70417.000000  14755
70419.000000  14756
70421.000000  14757
70423.000000  14758
70425.000000  14760
70427.000000  14761
70429.000000  14762
70431.000000  14763
70433.000000  14764
70435.000000  14765
70437.000000  14766
70439.000000  14767
70441.000000  14768
70443.000000  14769
70445.000000  14770
70447.000000  14771
70449.000000  14772
70451.000000  14773
70453.000000  14774
70455.000000  14776
70457.000000  14777
70459.000000  14778
70461.000000  14779
70463.000000  14780
70465.000000  14781
70467.000000  14782
70469.000000  14783
70471.000000  14784
70473.000000  14785
70475.000000  14786
70477.000000  14787
70479.000000  14788
70481.000000  14790
70483.000000  14791
70485.000000  14792
70487.000000  14793
70489.000000  14794
70491.000000  14795
70493.000000  14796
70495.000000  14797
70497.000000  14798
70499.000000  14799
70501.000000  14800
70503.000000  14801
70505.000000  14802
70507.000000  14803
70509.000000  14804
70511.000000  14806
70513.000000  14806
70515.000000  14808
70517.000000  14809
70519.000000  14810
70521.000000  14811
70523.000000  14812
70525.000000  14813
70527.000000  14814
70529.000000  14815
70531.000000  14816
70533.000000  14817
70535.000000  14818
70537.000000  14819
70539.000000  14820
70541.000000  14822
70543.000000  14822
70545.000000  14824
70547.000000  14825
70549.000000  14826
70551.000000  14827
70553.000000  14828
70555.000000  14829
70557.000000  14830
70559.000000  14831
70561.000000  14832
70563.000000  14833
70565.000000  14834
70567.000000  14835
70569.000000  14836
70571.000000  14838
70573.000000  14839
70575.000000  14840
70577.000000  14841
70579.000000  14842
70581.000000  14843
70583.000000  14844
70585.000000  14845
70587.000000  14846
70589.000000  14847
70591.000000  14848
70593.000000  14849
70595.000000  14850
70597.000000  14851
70599.000000  14852
70601.000000  14854
70603.000000  14854
70605.000000  14856
70607.000000  14857
70609.000000  14858
70611.000000  14859
70613.000000  14860
70615.000000  14861
70617.000000  14862
70619.000000  14863
70621.000000  14864
70623.000000  14865
70625.000000  14866
70627.000000  14867
70629.000000  14868
70631.000000  14870
70633.000000  14870
70635.000000  14872
70637.000000  14873
70639.000000  14874
70641.000000  14875
70643.000000  14876
70645.000000  14877
70647.000000  14878
70649.000000  14879
70651.000000  14880
70653.000000  14881
70655.000000  14882
70657.000000  14883
70659.000000  14884
70661.000000  14886
70663.000000  14887
70665.000000  14888
70667.000000  14889
70669.000000  14890
70671.000000  14891
70673.000000  14892
70675.000000  14893
70677.000000  14894
70679.000000  14895
70681.000000  14896
70683.000000  14897
70685.000000  14898
70687.000000  14899
70689.000000  14900
70691.000000  14902
70693.000000  14903
70695.000000  14904
70697.000000  14905
70699.000000  14906
70701.000000  14907
70703.000000  14908
70705.000000  14909
70707.000000  14910
70709.000000  14911
70711.000000  14912
70713.000000  14913
70715.000000  14914
70717.000000  14915
70719.000000  14916
70721.000000  14918
70723.000000  14918
70725.000000  14920
70727.000000  14921
70729.000000  14922
70731.000000  14923
70733.000000  14924
70735.000000  14925
70737.000000  14926
70739.000000  14927
70741.000000  14928
70743.000000  14929
70745.000000  14930
70747.000000  14931
70749.000000  14932
70751.000000  14934
70753.000000  14935
70755.000000  14936
70757.000000  14937
70759.000000  14938
70761.000000  14939
70763.000000  14940
70765.000000  14941
70767.000000  14942
70769.000000  14943
70771.000000  14944
70773.000000  14945
70775.000000  14946
70777.000000  14947
70779.000000  14948
70781.000000  14950
70783.000000  14951
70785.000000  14952
70787.000000  14953
70789.000000  14954
70791.000000  14955
70793.000000  14956
70795.000000  14957
70797.000000  14958
70799.000000  14959
70801.000000  14960
70803.000000  14961
70805.000000  14962
70807.000000  14963
70809.000000  14964
70811.000000  14966
70813.000000  14966
70815.000000  14968
70817.000000  14969
70819.000000  14970
70821.000000  14971
70823.000000  14972
70825.000000  14973
70827.000000  14974
70829.000000  14975
70831.000000  14976
70833.000000  14977
70835.000000  14978
70837.000000  14979
70839.000000  14980
70841.000000  14982
70843.000000  14983
70845.000000  14984
70847.000000  14985
70849.000000  14986
70851.000000  14987
70853.000000  14988
70855.000000  14989
70857.000000  14990
70859.000000  14991
70861.000000  14992
70863.000000  14993
70865.000000  14994
70867.000000  14995
70869.000000  14996
70871.000000  14998
70873.000000  14998
70875.000000  15000
70877.000000  15001
70879.000000  15002
70881.000000  15003
70883.000000  15004
70885.000000  15005
70887.000000  15006
70889.000000  15007
70891.000000  15008
70893.000000  15009
70895.000000  15010
70897.000000  15011
70899.000000  15012
70901.000000  15013
70903.000000  15014
70905.000000  15016
70907.000000  15017
70909.000000  15018
70911.000000  15019
70913.000000  15020
70915.000000  15021
70917.000000  15022
70919.000000  15023
70921.000000  15024
70923.000000  15025
70925.000000  15026
70927.000000  15027
70929.000000  15028
70931.000000  15030
70933.000000  15030
70935.000000  15032
70937.000000  15033
70939.000000  15034
70941.000000  15035
70943.000000  15036
70945.000000  15037
70947.000000  15038
70949.000000  15039
70951.000000  15040
70953.000000  15041
70955.000000  15042
70957.000000  15043
70959.000000  15044
70961.000000  15046
70963.000000  15046
70965.000000  15048
70967.000000  15049
70969.000000  15050
70971.000000  15051
70973.000000  15052
70975.000000  15053
70977.000000  15054
70979.000000  15055
70981.000000  15056
70983.000000  15057
70985.000000  15058
70987.000000  15059
70989.000000  15060
70991.000000  15062
70993.000000  15062
70995.000000  15064
70997.000000  15065
70999.000000  15066
71001.000000  15067
71003.000000  15068
71005.000000  15069
71007.000000  15070
71009.000000  15071
71011.000000  15072
71013.000000  15073
71015.000000  15074
71017.000000  15075
71019.000000  15076
71021.000000  15078
71023.000000  15079
71025.000000  15080
71027.000000  15081
71029.000000  15082
71031.000000  15083
71033.000000  15084
71035.000000  15085
71037.000000  15086
71039.000000  15087
71041.000000  15088
71043.000000  15089
71045.000000  15090
71047.000000  15091
71049.000000  15092
71051.000000  15094
71053.000000  15095
71055.000000  15096
71057.000000  15097
71059.000000  15098
71061.000000  15099
71063.000000  15100
71065.000000  15101
71067.000000  15102
71069.000000  15103
71071.000000  15104
71073.000000  15105
71075.000000  15106
71077.000000  15107
71079.000000  15108
71081.000000  15110
71083.000000  15110
71085.000000  15112
71087.000000  15113
71089.000000  15114
71091.000000  15115
71093.000000  15116
71095.000000  15117
71097.000000  15118
71099.000000  15119
71101.000000  15120
71103.000000  15121
71105.000000  15122
71107.000000  15123
71109.000000  15124
71111.000000  15126
71113.000000  15127
71115.000000  15128
71117.000000  15129
71119.000000  15130
71121.000000  15131
71123.000000  15132
71125.000000  15133
71127.000000  15134
71129.000000  15135
71131.000000  15136
71133.000000  15137
71135.000000  15138
71137.000000  15139
71139.000000  15140
71141.000000  15142
71143.000000  15143
71145.000000  15144
71147.000000  15145
71149.000000  15146
71151.000000  15147
71153.000000  15148
71155.000000  15149
71157.000000  15150
71159.000000  15151
71161.000000  15152
71163.000000  15153
71165.000000  15154
71167.000000  15156
71169.000000  15156
71171.000000  15158
71173.000000  15159
71175.000000  15160
71177.000000  15161
71179.000000  15162
71181.000000  15163
71183.000000  15164
71185.000000  15165
71187.000000  15166
71189.000000  15167
71191.000000  15168
71193.000000  15169
71195.000000  15170
71197.000000  15172
71199.000000  15173
71201.000000  15174
71203.000000  15175
71205.000000  15176
71207.000000  15177
71209.000000  15178
71211.000000  15179
71213.000000  15180
71215.000000  15181
71217.000000  15182
71219.000000  15183
71221.000000  15184
71223.000000  15185
71225.000000  15186
71227.000000  15187
71229.000000  15188
71231.000000  15190
71233.000000  15191
71235.000000  15192
71237.000000  15193
71239.000000  15194
71241.000000  15195
71243.000000  15196
71245.000000  15197
71247.000000  15198
71249.000000  15199
71251.000000  15200
71253.000000  15201
71255.000000  15202
71257.000000  15203
71259.000000  15204
71261.000000  15206
71263.000000  15207
71265.000000  15208
71267.000000  15209
71269.000000  15210
71271.000000  15211
71273.000000  15212
71275.000000  15213
71277.000000  15214
71279.000000  15215
71281.000000  15216
71283.000000  15217
71285.000000  15218
71287.000000  15220
71289.000000  15221
71291.000000  15222
71293.000000  15223
71295.000000  15224
71297.000000  15225
71299.000000  15226
71301.000000  15227
71303.000000  15228
71305.000000  15229
71307.000000  15230
71309.000000  15231
71311.000000  15232
71313.000000  15233
71315.000000  15234
71317.000000  15236
71319.000000  15236
71321.000000  15238
71323.000000  15239
71325.000000  15240
71327.000000  15241
71329.000000  15242
71331.000000  15243
71333.000000  15244
71335.000000  15245
71337.000000  15246
71339.000000  15247
71341.000000  15248
71343.000000  15249
71345.000000  15250
71347.000000  15252
71349.000000  15252
71351.000000  15254
71353.000000  15255
71355.000000  15256
71357.000000  15257
71359.000000  15258
71361.000000  15259
71363.000000  15260
71365.000000  15261
71367.000000  15262
71369.000000  15263
71371.000000  15264
71373.000000  15265
71375.000000  15266
71377.000000  15268
71379.000000  15269
71381.000000  15270
71383.000000  15271
71385.000000  15272
71387.000000  15273
71389.000000  15274
71391.000000  15275
71393.000000  15276
71395.000000  15277
71397.000000  15278
71399.000000  15279
71401.000000  15280
71403.000000  15281
71405.000000  15282
71407.000000  15283
71409.000000  15284
71411.000000  15286
71413.000000  15287
71415.000000  15288
71417.000000  15289
71419.000000  15290
71421.000000  15291
71423.000000  15292
71425.000000  15293
71427.000000  15294
71429.000000  15295
71431.000000  15296
71433.000000  15297
71435.000000  15298
71437.000000  15300
71439.000000  15300
71441.000000  15302
71443.000000  15303
71445.000000  15304
71447.000000  15305
71449.000000  15306
71451.000000  15307
71453.000000  15308
71455.000000  15309
71457.000000  15310
71459.000000  15311
71461.000000  15312
71463.000000  15313
71465.000000  15314
71467.000000  15316
71469.000000  15317
71471.000000  15318
71473.000000  15319
71475.000000  15320
71477.000000  15321
71479.000000  15322
71481.000000  15323
71483.000000  15324
71485.000000  15325
71487.000000  15326
71489.000000  15327
71491.000000  15328
71493.000000  15329
71495.000000  15330
71497.000000  15331
71499.000000  15332
71501.000000  15334
71503.000000  15335
71505.000000  15336
71507.000000  15337
71509.000000  15338
71511.000000  15339
71513.000000  15340
71515.000000  15341
71517.000000  15342
71519.000000  15343
71521.000000  15344
71523.000000  15345
71525.000000  15346
71527.000000  15348
71529.000000  15348
71531.000000  15350
71533.000000  15351
71535.000000  15352
71537.000000  15353
71539.000000  15354
71541.000000  15355
71543.000000  15356
71545.000000  15357
71547.000000  15358
71549.000000  15359
71551.000000  15360
71553.000000  15361
71555.000000  15362
71557.000000  15364
71559.000000  15364
71561.000000  15366
71563.000000  15367
71565.000000  15368
71567.000000  15369
71569.000000  15370
71571.000000  15371
71573.000000  15372
71575.000000  15373
71577.000000  15374
71579.000000  15375
71581.000000  15376
71583.000000  15377
71585.000000  15378
71587.000000  15379
71589.000000  15380
71591.000000  15382
71593.000000  15383
71595.000000  15384
71597.000000  15385
71599.000000  15386
71601.000000  15387
71603.000000  15388
71605.000000  15389
71607.000000  15390
71609.000000  15391
71611.000000  15392
71613.000000  15393
71615.000000  15394
71617.000000  15396
71619.000000  15396
71621.000000  15398
71623.000000  15399
71625.000000  15400
71627.000000  15401
71629.000000  15402
71631.000000  15403
71633.000000  15404
71635.000000  15405
71637.000000  15406
71639.000000  15407
71641.000000  15408
71643.000000  15409
71645.000000  15410
71647.000000  15412
71649.000000  15413
71651.000000  15414
71653.000000  15415
71655.000000  15416
71657.000000  15417
71659.000000  15418
71661.000000  15419
71663.000000  15420
71665.000000  15421
71667.000000  15422
71669.000000  15423
71671.000000  15424
71673.000000  15425
71675.000000  15426
71677.000000  15428
71679.000000  15428
71681.000000  15430
71683.000000  15431
71685.000000  15432
71687.000000  15433
71689.000000  15434
71691.000000  15435
71693.000000  15436
71695.000000  15437
71697.000000  15438
71699.000000  15439
71701.000000  15440
71703.000000  15441
71705.000000  15442
71707.000000  15444
71709.000000  15444
71711.000000  15446
71713.000000  15447
71715.000000  15448
71717.000000  15449
71719.000000  15450
71721.000000  15451
71723.000000  15452
71725.000000  15453
71727.000000  15454
71729.000000  15455
71731.000000  15456
71733.000000  15457
71735.000000  15458
71737.000000  15460
71739.000000  15461
71741.000000  15462
71743.000000  15463
71745.000000  15464
71747.000000  15465
71749.000000  15466
71751.000000  15467
71753.000000  15468
71755.000000  15469
71757.000000  15470
71759.000000  15471
71761.000000  15472
71763.000000  15473
71765.000000  15474
71767.000000  15476
71769.000000  15476
71771.000000  15478
71773.000000  15479
71775.000000  15480
71777.000000  15481
71779.000000  15482
71781.000000  15483
71783.000000  15484
71785.000000  15485
71787.000000  15486
71789.000000  15487
71791.000000  15488
71793.000000  15489
71795.000000  15490
71797.000000  15492
71799.000000  15493
71801.000000  15494
71803.000000  15495
71805.000000  15496
71807.000000  15497
71809.000000  15498
71811.000000  15499
71813.000000  15500
71815.000000  15501
71817.000000  15502
71819.000000  15503
71821.000000  15504
71823.000000  15505
71825.000000  15506
71827.000000  15508
71829.000000  15509
71831.000000  15510
71833.000000  15511
71835.000000  15512
71837.000000  15513
71839.000000  15514
71841.000000  15515
71843.000000  15516
71845.000000  15517
71847.000000  15518
71849.000000  15519
71851.000000  15520
71853.000000  15521
71855.000000  15522
71857.000000  15524
71859.000000  15525
71861.000000  15526
71863.000000  15527
71865.000000  15528
71867.000000  15529
71869.000000  15530
71871.000000  15531
71873.000000  15532
71875.000000  15533
71877.000000  15534
71879.000000  15535
71881.000000  15536
71883.000000  15538
71885.000000  15538
71887.000000  15540
71889.000000  15541
71891.000000  15542
71893.000000  15543
71895.000000  15544
71897.000000  15545
71899.000000  15546
71901.000000  15547
71903.000000  15548
71905.000000  15549
71907.000000  15550
71909.000000  15551
71911.000000  15552
71913.000000  15553
71915.000000  15554
71917.000000  15556
71919.000000  15557
71921.000000  15558
71923.000000  15559
71925.000000  15560
71927.000000  15561
71929.000000  15562
71931.000000  15563
71933.000000  15564
71935.000000  15565
71937.000000  15566
71939.000000  15567
71941.000000  15568
71943.000000  15569
71945.000000  15570
71947.000000  15572
71949.000000  15573
71951.000000  15574
71953.000000  15575
71955.000000  15576
71957.000000  15577
71959.000000  15578
71961.000000  15579
71963.000000  15580
71963.000000  15580
0.000000  0
0.000000  0
0.000000  0
0.000000  0
0.000000  0
0.000000  0
0.000000  0
0.000000  0
0.000000  0
0.000000  0
0.000000  0
0.000000  0
71989.000000  15594
71991.000000  15595
71993.000000  15596
71995.000000  15597
71997.000000  15598
71999.000000  15599
72001.000000  15600
72003.000000  15602
72005.000000  15602
72007.000000  15604
72009.000000  15605
72011.000000  15606
72013.000000  15607
72015.000000  15608
72017.000000  15609
72019.000000  15610
72021.000000  15611
72023.000000  15612
72025.000000  15613
72027.000000  15614
72029.000000  15615
72031.000000  15616
72033.000000  15617
72035.000000  15618
72037.000000  15620
72039.000000  15621
72041.000000  15622
72043.000000  15623
72045.000000  15624
72047.000000  15625
72049.000000  15626
72051.000000  15627
72053.000000  15628
72055.000000  15629
72057.000000  15630
72059.000000  15631
72061.000000  15632
72063.000000  15634
72065.000000  15634
72067.000000  15636
72069.000000  15637
72071.000000  15638
72073.000000  15639
72075.000000  15640
72077.000000  15641
72079.000000  15642
72081.000000  15643
72083.000000  15644
72085.000000  15645
72087.000000  15646
72089.000000  15647
72091.000000  15648
72093.000000  15650
72095.000000  15650
72097.000000  15652
72099.000000  15653
72101.000000  15654
72103.000000  15655
72105.000000  15656
72107.000000  15657
72109.000000  15658
72111.000000  15659
72113.000000  15660
72115.000000  15661
72117.000000  15662
72119.000000  15663
72121.000000  15664
72123.000000  15665
72125.000000  15666
72127.000000  15668
72129.000000  15669
72131.000000  15670
72133.000000  15671
72135.000000  15672
72137.000000  15673
72139.000000  15674
72141.000000  15675
72143.000000  15676
72145.000000  15677
72147.000000  15678
72149.000000  15679
72151.000000  15680
72153.000000  15682
72155.000000  15682
72157.000000  15684
72159.000000  15685
72161.000000  15686
72163.000000  15687
72165.000000  15688
72167.000000  15689
72169.000000  15690
72171.000000  15691
72173.000000  15692
72175.000000  15693
72177.000000  15694
72179.000000  15695
72181.000000  15696
72183.000000  15697
72185.000000  15698
72187.000000  15700
72189.000000  15701
72191.000000  15702
72193.000000  15703
72195.000000  15704
72197.000000  15705
72199.000000  15706
72201.000000  15707
72203.000000  15708
72205.000000  15709
72207.000000  15710
72209.000000  15711
72211.000000  15712
72213.000000  15713
72215.000000  15714
72217.000000  15716
72219.000000  15717
72221.000000  15718
72223.000000  15719
72225.000000  15720
72227.000000  15721
72229.000000  15722
72231.000000  15723
72233.000000  15724
72235.000000  15725
72237.000000  15726
72239.000000  15727
72241.000000  15728
72243.000000  15729
72245.000000  15730
72247.000000  15732
72249.000000  15732
72251.000000  15734
72253.000000  15735
72255.000000  15736
72257.000000  15737
72259.000000  15738
72261.000000  15739
72263.000000  15740
72265.000000  15741
72267.000000  15742
72269.000000  15743
72271.000000  15744
72273.000000  15745
72275.000000  15746
72277.000000  15748
72279.000000  15749
72281.000000  15750
72283.000000  15751
72285.000000  15752
72287.000000  15753
72289.000000  15754
72291.000000  15755
72293.000000  15756
72295.000000  15757
72297.000000  15758
72299.000000  15759
72301.000000  15760
72303.000000  15761
72305.000000  15762
72307.000000  15764
72309.000000  15765
72311.000000  15766
72313.000000  15767
72315.000000  15768
72317.000000  15769
72319.000000  15770
72321.000000  15771
72323.000000  15772
72325.000000  15773
72327.000000  15774
72329.000000  15775
72331.000000  15776
72333.000000  15778
72335.000000  15778
72337.000000  15780
72339.000000  15781
72341.000000  15782
72343.000000  15783
72345.000000  15784
72347.000000  15785
72349.000000  15786
72351.000000  15787
72353.000000  15788
72355.000000  15789
72357.000000  15790
72359.000000  15791
72361.000000  15792
72363.000000  15794
72365.000000  15794
72367.000000  15796
72369.000000  15797
72371.000000  15798
72373.000000  15799
72375.000000  15800
72377.000000  15801
72379.000000  15802
72381.000000  15803
72383.000000  15804
72385.000000  15805
72387.000000  15806
72389.000000  15807
72391.000000  15808
72393.000000  15809
72395.000000  15810
72397.000000  15812
72399.000000  15813
72401.000000  15814
72403.000000  15815
72405.000000  15816
72407.000000  15817
72409.000000  15818
72411.000000  15819
72413.000000  15820
72415.000000  15821
72417.000000  15822
72419.000000  15823
72421.000000  15824
72423.000000  15826
72425.000000  15826
72427.000000  15828
72429.000000  15829
72431.000000  15830
72433.000000  15831
72435.000000  15832
72437.000000  15833
72439.000000  15834
72441.000000  15835
72443.000000  15836
72445.000000  15837
72447.000000  15838
72449.000000  15839
72451.000000  15840
72453.000000  15842
72455.000000  15842
72457.000000  15844
72459.000000  15845
72461.000000  15846
72463.000000  15847
72465.000000  15848
72467.000000  15849
72469.000000  15850
72471.000000  15851
72473.000000  15852
72475.000000  15853
72477.000000  15854
72479.000000  15855
72481.000000  15856
72483.000000  15858
72485.000000  15858
72487.000000  15860
72489.000000  15861
72491.000000  15862
72493.000000  15863
72495.000000  15864
72497.000000  15865
72499.000000  15866
72501.000000  15867
72503.000000  15868
72505.000000  15869
72507.000000  15870
72509.000000  15871
72511.000000  15872
72513.000000  15874
72515.000000  15875
72517.000000  15876
72519.000000  15877
72521.000000  15878
72523.000000  15879
72525.000000  15880
72527.000000  15881
72529.000000  15882
72531.000000  15883
72533.000000  15884
72535.000000  15885
72537.000000  15886
72539.000000  15887
72541.000000  15888
72543.000000  15890
72545.000000  15891
72547.000000  15892
72549.000000  15893
72551.000000  15894
72553.000000  15895
72555.000000  15896
72557.000000  15897
72559.000000  15898
72561.000000  15899
72563.000000  15900
72565.000000  15901
72567.000000  15902
72569.000000  15903
72571.000000  15904
72573.000000  15906
72575.000000  15906
72577.000000  15908
72579.000000  15909
72581.000000  15910
72583.000000  15911
72585.000000  15912
72587.000000  15913
72589.000000  15914
72591.000000  15915
72593.000000  15916
72595.000000  15917
72597.000000  15918
72599.000000  15919
72601.000000  15920
72603.000000  15922
72605.000000  15923
72607.000000  15924
72609.000000  15925
72611.000000  15926
72613.000000  15927
72615.000000  15928
72617.000000  15929
72619.000000  15930
72621.000000  15931
72623.000000  15932
72625.000000  15933
72627.000000  15934
72629.000000  15935
72631.000000  15936
72633.000000  15938
72635.000000  15939
72637.000000  15940
72639.000000  15941
72641.000000  15942
72643.000000  15943
72645.000000  15944
72647.000000  15945
72649.000000  15946
72651.000000  15947
72653.000000  15948
72655.000000  15949
72657.000000  15950
72659.000000  15951
72661.000000  15952
72663.000000  15954
72665.000000  15955
72667.000000  15956
72669.000000  15957
72671.000000  15958
72673.000000  15959
72675.000000  15960
72677.000000  15961
72679.000000  15962
72681.000000  15963
72683.000000  15964
72685.000000  15965
72687.000000  15966
72689.000000  15968
72691.000000  15968
72693.000000  15970
72695.000000  15971
72697.000000  15972
72699.000000  15973
72701.000000  15974
72703.000000  15975
72705.000000  15976
72707.000000  15977
72709.000000  15978
72711.000000  15979
72713.000000  15980
72715.000000  15981
72717.000000  15982
72719.000000  15983
72721.000000  15984
72723.000000  15986
72725.000000  15987
72727.000000  15988
72729.000000  15989
72731.000000  15990
72733.000000  15991
72735.000000  15992
72737.000000  15993
72739.000000  15994
72741.000000  15995
72743.000000  15996
72745.000000  15997
72747.000000  15998
72749.000000  15999
72751.000000  16000
72753.000000  16002
72755.000000  16003
72757.000000  16004
72759.000000  16005
72761.000000  16006
72763.000000  16007
72765.000000  16008
72767.000000  16009
72769.000000  16010
72771.000000  16011
72773.000000  16012
72775.000000  16013
72777.000000  16014
72779.000000  16016
72781.000000  16016
72783.000000  16018
72785.000000  16019
72787.000000  16020
72789.000000  16021
72791.000000  16022
72793.000000  16023
72795.000000  16024
72797.000000  16025
72799.000000  16026
72801.000000  16027
72803.000000  16028
72805.000000  16029
72807.000000  16030
72809.000000  16032
72811.000000  16032
72813.000000  16034
72815.000000  16035
72817.000000  16036
72819.000000  16037
72821.000000  16038
72823.000000  16039
72825.000000  16040
72827.000000  16041
72829.000000  16042
72831.000000  16043
72833.000000  16044
72835.000000  16045
72837.000000  16046
72839.000000  16047
72841.000000  16048
72843.000000  16050
72845.000000  16051
72847.000000  16052
72849.000000  16053
72851.000000  16054
72853.000000  16055
72855.000000  16056
72857.000000  16057
72859.000000  16058
72861.000000  16059
72863.000000  16060
72865.000000  16061
72867.000000  16062
72869.000000  16064
72871.000000  16064
72873.000000  16066
72875.000000  16067
72877.000000  16068
72879.000000  16069
72881.000000  16070
72883.000000  16071
72885.000000  16072
72887.000000  16073
72889.000000  16074
72891.000000  16075
72893.000000  16076
72895.000000  16077
72897.000000  16078
72899.000000  16079
72901.000000  16080
72903.000000  16082
72905.000000  16083
72907.000000  16084
72909.000000  16085
72911.000000  16086
72913.000000  16087
72915.000000  16088
72917.000000  16089
72919.000000  16090
72921.000000  16091
72923.000000  16092
72925.000000  16093
72927.000000  16094
72929.000000  16095
72931.000000  16096
72933.000000  16098
72935.000000  16099
72937.000000  16100
72939.000000  16101
72941.000000  16102
72943.000000  16103
72945.000000  16104
72947.000000  16105
72949.000000  16106
72951.000000  16107
72953.000000  16108
72955.000000  16109
72957.000000  16110
72959.000000  16112
72961.000000  16112
72963.000000  16114
72965.000000  16115
72967.000000  16116
72969.000000  16117
72971.000000  16118
72973.000000  16119
72975.000000  16120
72977.000000  16121
72979.000000  16122
72981.000000  16123
72983.000000  16124
72985.000000  16125
72987.000000  16126
72989.000000  16128
72991.000000  16128
72993.000000  16130
72995.000000  16131
72997.000000  16132
72999.000000  16133
73001.000000  16134
73003.000000  16135
73005.000000  16136
73007.000000  16137
73009.000000  16138
73011.000000  16139
73013.000000  16140
73015.000000  16141
73017.000000  16142
73019.000000  16143
73021.000000  16144
73023.000000  16146
73025.000000  16147
73027.000000  16148
73029.000000  16149
73031.000000  16150
73033.000000  16151
73035.000000  16152
73037.000000  16153
73039.000000  16154
73041.000000  16155
73043.000000  16156
73045.000000  16157
73047.000000  16158
73049.000000  16160
73051.000000  16161
73053.000000  16162
73055.000000  16163
73057.000000  16164
73059.000000  16165
73061.000000  16166
73063.000000  16167
73065.000000  16168
73067.000000  16169
73069.000000  16170
73071.000000  16171
73073.000000  16172
73075.000000  16173
73077.000000  16174
73079.000000  16176
73081.000000  16176
73083.000000  16178
73085.000000  16179
73087.000000  16180
73089.000000  16181
73091.000000  16182
73093.000000  16183
73095.000000  16184
73097.000000  16185
73099.000000  16186
73101.000000  16187
73103.000000  16188
73105.000000  16189
73107.000000  16190
73109.000000  16191
73111.000000  16192
73113.000000  16194
73115.000000  16195
73117.000000  16196
73119.000000  16197
73121.000000  16198
73123.000000  16199
73125.000000  16200
73127.000000  16201
73129.000000  16202
73131.000000  16203
73133.000000  16204
73135.000000  16205
73137.000000  16206
73139.000000  16208
73141.000000  16209
73143.000000  16210
73145.000000  16211
73147.000000  16212
73149.000000  16213
73151.000000  16214
73153.000000  16215
73155.000000  16216
73157.000000  16217
73159.000000  16218
73161.000000  16219
73163.000000  16220
73165.000000  16221
73167.000000  16222
73169.000000  16224
73171.000000  16225
73173.000000  16226
73175.000000  16227
73177.000000  16228
73179.000000  16229
73181.000000  16230
73183.000000  16231
73185.000000  16232
73187.000000  16233
73189.000000  16234
73191.000000  16235
73193.000000  16236
73195.000000  16237
73197.000000  16238
73199.000000  16240
73201.000000  16240
73203.000000  16242
73205.000000  16243
73207.000000  16244
73209.000000  16245
73211.000000  16246
73213.000000  16247
73215.000000  16248
73217.000000  16249
73219.000000  16250
73221.000000  16251
73223.000000  16252
73225.000000  16253
73227.000000  16254
73229.000000  16256
73231.000000  16257
73233.000000  16258
73235.000000  16259
73237.000000  16260
73239.000000  16261
73241.000000  16262
73243.000000  16263
73245.000000  16264
73247.000000  16265
73249.000000  16266
73251.000000  16267
73253.000000  16268
73255.000000  16269
73257.000000  16270
73259.000000  16272
73261.000000  16273
73263.000000  16274
73265.000000  16275
73267.000000  16276
73269.000000  16277
73271.000000  16278
73273.000000  16279
73275.000000  16280
73277.000000  16281
73279.000000  16282
73281.000000  16283
73283.000000  16284
73285.000000  16285
73287.000000  16286
73289.000000  16288
73291.000000  16288
73293.000000  16290
73295.000000  16291
73297.000000  16292
73299.000000  16293
73301.000000  16294
73303.000000  16295
73305.000000  16296
73307.000000  16297
73309.000000  16298
73311.000000  16299
73313.000000  16300
73315.000000  16302
73317.000000  16302
73319.000000  16304
73321.000000  16305
73323.000000  16306
73325.000000  16307
73327.000000  16308
73329.000000  16309
73331.000000  16310
73333.000000  16311
73335.000000  16312
73337.000000  16313
73339.000000  16314
73341.000000  16315
73343.000000  16316
73345.000000  16318
73347.000000  16318
73349.000000  16320
73351.000000  16321
73353.000000  16322
73355.000000  16323
73357.000000  16324
73359.000000  16325
73361.000000  16326
73363.000000  16327
73365.000000  16328
73367.000000  16329
73369.000000  16330
73371.000000  16331
73373.000000  16332
73375.000000  16334
73377.000000  16334
73379.000000  16336
73381.000000  16337
73383.000000  16338
73385.000000  16339
73387.000000  16340
73389.000000  16341
73391.000000  16342
73393.000000  16343
73395.000000  16344
73397.000000  16345
73399.000000  16346
73401.000000  16347
73403.000000  16348
73405.000000  16350
73407.000000  16351
73409.000000  16352
73411.000000  16353
73413.000000  16354
73415.000000  16355
73417.000000  16356
73419.000000  16357
73421.000000  16358
73423.000000  16359
73425.000000  16360
73427.000000  16361
73429.000000  16362
73431.000000  16363
73433.000000  16364
73435.000000  16366
73437.000000  16366
73439.000000  16368
73441.000000  16369
73443.000000  16370
73445.000000  16371
73447.000000  16372
73449.000000  16373
73451.000000  16374
73453.000000  16375
73455.000000  16376
73457.000000  16377
73459.000000  16378
73461.000000  16379
73463.000000  16380
73465.000000  16382
73467.000000  16382
73469.000000  16384
73471.000000  16385
73473.000000  16386
73475.000000  16387
73477.000000  16388
73479.000000  16389
73481.000000  16390
73483.000000  16391
73485.000000  16392
73487.000000  16393
73489.000000  16394
73491.000000  16395
73493.000000  16396
73495.000000  16398
73497.000000  16399
73499.000000  16400
73501.000000  16401
73503.000000  16402
73505.000000  16403
73507.000000  16404
73509.000000  16405
73511.000000  16406
73513.000000  16407
73515.000000  16408
73517.000000  16409
73519.000000  16410
73521.000000  16411
73523.000000  16412
73525.000000  16414
73527.000000  16414
73529.000000  16416
73531.000000  16417
73533.000000  16418
73535.000000  16419
73537.000000  16420
73539.000000  16421
73541.000000  16422
73543.000000  16423
73545.000000  16424
73547.000000  16425
73549.000000  16426
73551.000000  16427
73553.000000  16428
73555.000000  16430
73557.000000  16430
73559.000000  16432
73561.000000  16433
73563.000000  16434
73565.000000  16435
73567.000000  16436
73569.000000  16437
73571.000000  16438
73573.000000  16439
73575.000000  16440
73577.000000  16441
73579.000000  16442
73581.000000  16443
73583.000000  16444
73585.000000  16446
73587.000000  16446
73589.000000  16448
73591.000000  16449
73593.000000  16450
73595.000000  16451
73597.000000  16452
73599.000000  16453
73601.000000  16454
73603.000000  16455
73605.000000  16456
73607.000000  16457
73609.000000  16458
73611.000000  16459
73613.000000  16460
73615.000000  16461
73617.000000  16462
73619.000000  16464
73621.000000  16465
73623.000000  16466
73625.000000  16467
73627.000000  16468
73629.000000  16469
73631.000000  16470
73633.000000  16471
73635.000000  16472
73637.000000  16473
73639.000000  16474
73641.000000  16475
73643.000000  16476
73645.000000  16477
73647.000000  16478
73649.000000  16480
73651.000000  16481
73653.000000  16482
73655.000000  16483
73657.000000  16484
73659.000000  16485
73661.000000  16486
73663.000000  16487
73665.000000  16488
73667.000000  16489
73669.000000  16490
73671.000000  16491
73673.000000  16492
73675.000000  16494
73677.000000  16495
73679.000000  16496
73681.000000  16497
73683.000000  16498
73685.000000  16499
73687.000000  16500
73689.000000  16501
73691.000000  16502
73693.000000  16503
73695.000000  16504
73697.000000  16505
73699.000000  16506
73701.000000  16507
73703.000000  16508
73705.000000  16510
73707.000000  16511
73709.000000  16512
73711.000000  16513
73713.000000  16514
73715.000000  16515
73717.000000  16516
73719.000000  16517
73721.000000  16518
73723.000000  16519
73725.000000  16520
73727.000000  16521
73729.000000  16522
73731.000000  16523
73733.000000  16524
73735.000000  16526
73737.000000  16526
73739.000000  16528
73741.000000  16529
73743.000000  16530
73745.000000  16531
73747.000000  16532
73749.000000  16533
73751.000000  16534
73753.000000  16535
73755.000000  16536
73757.000000  16537
73759.000000  16538
73761.000000  16539
73763.000000  16540
73765.000000  16542
73767.000000  16543
73769.000000  16544
73771.000000  16545
73773.000000  16546
73775.000000  16547
73777.000000  16548
73779.000000  16549
73781.000000  16550
73783.000000  16551
73785.000000  16552
73787.000000  16553
73789.000000  16554
73791.000000  16555
73793.000000  16556
73795.000000  16558
73797.000000  16558
73799.000000  16560
73801.000000  16561
73803.000000  16562
73805.000000  16563
73807.000000  16564
73809.000000  16565
73811.000000  16566
73813.000000  16567
73815.000000  16568
73817.000000  16569
73819.000000  16570
73821.000000  16571
73823.000000  16572
73825.000000  16574
73827.000000  16574
73829.000000  16576
73831.000000  16577
73833.000000  16578
73835.000000  16579
73837.000000  16580
73839.000000  16581
73841.000000  16582
73843.000000  16583
73845.000000  16584
73847.000000  16585
73849.000000  16586
73851.000000  16588
73853.000000  16588
73855.000000  16590
73857.000000  16591
73859.000000  16592
73861.000000  16593
73863.000000  16594
73865.000000  16595
73867.000000  16596
73869.000000  16597
73871.000000  16598
73873.000000  16599
73875.000000  16600
73877.000000  16601
73879.000000  16602
73881.000000  16603
73883.000000  16604
73885.000000  16606
73887.000000  16607
73889.000000  16608
73891.000000  16609
73893.000000  16610
73895.000000  16611
73897.000000  16612
73899.000000  16613
73901.000000  16614
73903.000000  16615
73905.000000  16616
73907.000000  16617
73909.000000  16618
73911.000000  16619
73913.000000  16620
73915.000000  16622
73917.000000  16623
73919.000000  16624
73921.000000  16625
73923.000000  16626
73925.000000  16627
73927.000000  16628
73929.000000  16629
73931.000000  16630
73933.000000  16631
73935.000000  16632
73937.000000  16633
73939.000000  16634
73941.000000  16636
73943.000000  16636
73945.000000  16638
73947.000000  16639
73949.000000  16640
73951.000000  16641
73953.000000  16642
73955.000000  16643
73957.000000  16644
73959.000000  16645
73961.000000  16646
73963.000000  16647
73965.000000  16648
73967.000000  16649
73969.000000  16650
73971.000000  16651
73973.000000  16652
73975.000000  16654
73977.000000  16655
73979.000000  16656
73981.000000  16657
73983.000000  16658
73985.000000  16659
73987.000000  16660
73989.000000  16661
73991.000000  16662
73993.000000  16663
73995.000000  16664
73997.000000  16665
73999.000000  16666
74001.000000  16668
74003.000000  16668
74005.000000  16670
74007.000000  16671
74009.000000  16672
74011.000000  16673
74013.000000  16674
74015.000000  16675
74017.000000  16676
74019.000000  16677
74021.000000  16678
74023.000000  16679
74025.000000  16680
74027.000000  16681
74029.000000  16682
74031.000000  16684
74033.000000  16685
74035.000000  16686
74037.000000  16687
74039.000000  16688
74041.000000  16689
74043.000000  16690
74045.000000  16691
74047.000000  16692
74049.000000  16693
74051.000000  16694
74053.000000  16695
74055.000000  16696
74057.000000  16697
74059.000000  16698
74061.000000  16700
74063.000000  16701
74065.000000  16702
74067.000000  16703
74069.000000  16704
74071.000000  16705
74073.000000  16706
74075.000000  16707
74077.000000  16708
74079.000000  16709
74081.000000  16710
74083.000000  16711
74085.000000  16712
74087.000000  16713
74089.000000  16714
74091.000000  16716
74093.000000  16716
74095.000000  16718
74097.000000  16719
74099.000000  16720
74101.000000  16721
74103.000000  16722
74105.000000  16723
74107.000000  16724
74109.000000  16725
74111.000000  16726
74113.000000  16727
74115.000000  16728
74117.000000  16729
74119.000000  16730
74121.000000  16732
74123.000000  16733
74125.000000  16734
74127.000000  16735
74129.000000  16736
74131.000000  16737
74133.000000  16738
74135.000000  16739
74137.000000  16740
74139.000000  16741
74141.000000  16742
74143.000000  16743
74145.000000  16744
74147.000000  16745
74149.000000  16746
74151.000000  16748
74153.000000  16748
74155.000000  16750
74157.000000  16751
74159.000000  16752
74161.000000  16753
74163.000000  16754
74165.000000  16755
74167.000000  16756
74169.000000  16757
74171.000000  16758
74173.000000  16759
74175.000000  16760
74177.000000  16761
74179.000000  16762
74181.000000  16764
74183.000000  16765
74185.000000  16766
74187.000000  16767
74189.000000  16768
74191.000000  16769
74193.000000  16770
74195.000000  16771
74197.000000  16772
74199.000000  16773
74201.000000  16774
74203.000000  16775
74205.000000  16776
74207.000000  16777
74209.000000  16778
74211.000000  16780
74213.000000  16781
74215.000000  16782
74217.000000  16783
74219.000000  16784
74221.000000  16785
74223.000000  16786
74225.000000  16787
74227.000000  16788
74229.000000  16789
74231.000000  16790
74233.000000  16791
74235.000000  16792
74237.000000  16793
74239.000000  16794
74241.000000  16796
74243.000000  16796
74245.000000  16798
74247.000000  16799
74249.000000  16800
74251.000000  16801
74253.000000  16802
74255.000000  16803
74257.000000  16804
74259.000000  16805
74261.000000  16806
74263.000000  16807
74265.000000  16808
74267.000000  16809
74269.000000  16810
74271.000000  16812
74273.000000  16812
74275.000000  16814
74277.000000  16815
74279.000000  16816
74281.000000  16817
74283.000000  16818
74285.000000  16819
74287.000000  16820
74289.000000  16821
74291.000000  16822
74293.000000  16823
74295.000000  16824
74297.000000  16825
74299.000000  16826
74301.000000  16828
74303.000000  16829
74305.000000  16830
74307.000000  16831
74309.000000  16832
74311.000000  16833
74313.000000  16834
74315.000000  16835
74317.000000  16836
74319.000000  16837
74321.000000  16838
74323.000000  16839
74325.000000  16840
74327.000000  16841
74329.000000  16842
74331.000000  16844
74333.000000  16844
74335.000000  16846
74337.000000  16847
74339.000000  16848
74341.000000  16849
74343.000000  16850
74345.000000  16851
74347.000000  16852
74349.000000  16853
74351.000000  16854
74353.000000  16855
74355.000000  16856
74357.000000  16857
74359.000000  16858
74361.000000  16860
74363.000000  16860
74365.000000  16862
74367.000000  16863
74369.000000  16864
74371.000000  16865
74373.000000  16866
74375.000000  16867
74377.000000  16868
74379.000000  16869
74381.000000  16870
74383.000000  16871
74385.000000  16872
74387.000000  16873
74389.000000  16874
74391.000000  16876
74393.000000  16877
74395.000000  16878
74397.000000  16879
74399.000000  16880
74401.000000  16881
74403.000000  16882
74405.000000  16883
74407.000000  16884
74409.000000  16885
74411.000000  16886
74413.000000  16887
74415.000000  16888
74417.000000  16889
74419.000000  16890
74421.000000  16892
74423.000000  16893
74425.000000  16894
74427.000000  16895
74429.000000  16896
74431.000000  16897
74433.000000  16898
74435.000000  16899
74437.000000  16900
74439.000000  16901
74441.000000  16902
74443.000000  16903
74445.000000  16904
74447.000000  16905
74449.000000  16906
74451.000000  16908
74453.000000  16909
74455.000000  16910
74457.000000  16911
74459.000000  16912
74461.000000  16913
74463.000000  16914
74465.000000  16915
74467.000000  16916
74469.000000  16917
74471.000000  16918
74473.000000  16919
74475.000000  16920
74477.000000  16921
74479.000000  16922
74481.000000  16924
74483.000000  16925
74485.000000  16926
74487.000000  16927
74489.000000  16928
74491.000000  16929
74493.000000  16930
74495.000000  16931
74497.000000  16932
74499.000000  16933
74501.000000  16934
74503.000000  16935
74505.000000  16936
74507.000000  16937
74509.000000  16938
74511.000000  16940
74513.000000  16941
74515.000000  16942
74517.000000  16943
74519.000000  16944
74521.000000  16945
74523.000000  16946
74525.000000  16947
74527.000000  16948
74529.000000  16949
74531.000000  16950
74533.000000  16951
74535.000000  16952
74537.000000  16954
74539.000000  16954
74541.000000  16956
74543.000000  16957
74545.000000  16958
74547.000000  16959
74549.000000  16960
74551.000000  16961
74553.000000  16962
74555.000000  16963
74557.000000  16964
74559.000000  16965
74561.000000  16966
74563.000000  16967
74565.000000  16968
74567.000000  16970
74569.000000  16971
74571.000000  16972
74573.000000  16973
74575.000000  16974
74577.000000  16975
74579.000000  16976
74581.000000  16977
74583.000000  16978
74585.000000  16979
74587.000000  16980
74589.000000  16981
74591.000000  16982
74593.000000  16983
74595.000000  16984
74597.000000  16985
74599.000000  16986
74601.000000  16988
74603.000000  16989
74605.000000  16990
74607.000000  16991
74609.000000  16992
74611.000000  16993
74613.000000  16994
74615.000000  16995
74617.000000  16996
74619.000000  16997
74621.000000  16998
74623.000000  16999
74625.000000  17000
74627.000000  17002
74629.000000  17002
74631.000000  17004
74633.000000  17005
74635.000000  17006
74637.000000  17007
74639.000000  17008
74641.000000  17009
74643.000000  17010
74645.000000  17011
74647.000000  17012
74649.000000  17013
74651.000000  17014
74653.000000  17015
74655.000000  17016
74657.000000  17018
74659.000000  17019
74661.000000  17020
74663.000000  17021
74665.000000  17022
74667.000000  17023
74669.000000  17024
74671.000000  17025
74673.000000  17026
74675.000000  17027
74677.000000  17028
74679.000000  17029
74681.000000  17030
74683.000000  17031
74685.000000  17032
74687.000000  17034
74689.000000  17035
74691.000000  17036
74693.000000  17037
74695.000000  17038
74697.000000  17039
74699.000000  17040
74701.000000  17041
74703.000000  17042
74705.000000  17043
74707.000000  17044
74709.000000  17045
74711.000000  17046
74713.000000  17048
74715.000000  17048
74717.000000  17050
74719.000000  17051
74721.000000  17052
74723.000000  17053
74725.000000  17054
74727.000000  17055
74729.000000  17056
74731.000000  17057
74733.000000  17058
74735.000000  17059
74737.000000  17060
74739.000000  17061
74741.000000  17062
74743.000000  17063
74745.000000  17064
74747.000000  17066
74749.000000  17067
74751.000000  17068
74753.000000  17069
74755.000000  17070
74757.000000  17071
74759.000000  17072
74761.000000  17073
74763.000000  17074
74765.000000  17075
74767.000000  17076
74769.000000  17077
74771.000000  17078
74773.000000  17079
74775.000000  17080
74777.000000  17082
74779.000000  17083
74781.000000  17084
74783.000000  17085
74785.000000  17086
74787.000000  17087
74789.000000  17088
74791.000000  17089
74793.000000  17090
74795.000000  17091
74797.000000  17092
74799.000000  17093
74801.000000  17094
74803.000000  17096
74805.000000  17096
74807.000000  17098
74809.000000  17099
74811.000000  17100
74813.000000  17101
74815.000000  17102
74817.000000  17103
74819.000000  17104
74821.000000  17105
74823.000000  17106
74825.000000  17107
74827.000000  17108
74829.000000  17109
74831.000000  17110
74833.000000  17112
74835.000000  17112
74837.000000  17114
74839.000000  17115
74841.000000  17116
74843.000000  17117
74845.000000  17118
74847.000000  17119
74849.000000  17120
74851.000000  17121
74853.000000  17122
74855.000000  17123
74857.000000  17124
74859.000000  17125
74861.000000  17126
74863.000000  17127
74865.000000  17128
74867.000000  17130
74869.000000  17131
74871.000000  17132
74873.000000  17133
74875.000000  17134
74877.000000  17135
74879.000000  17136
74881.000000  17137
74883.000000  17138
74885.000000  17139
74887.000000  17140
74889.000000  17141
74891.000000  17142
74893.000000  17144
74895.000000  17144
74897.000000  17146
74899.000000  17147
74901.000000  17148
74903.000000  17149
74905.000000  17150
74907.000000  17151
74909.000000  17152
74911.000000  17153
74913.000000  17154
74915.000000  17155
74917.000000  17156
74919.000000  17157
74921.000000  17158
74923.000000  17159
74925.000000  17160
74927.000000  17162
74929.000000  17163
74931.000000  17164
74933.000000  17165
74935.000000  17166
74937.000000  17167
74939.000000  17168
74941.000000  17169
74943.000000  17170
74945.000000  17171
74947.000000  17172
74949.000000  17173
74951.000000  17174
74953.000000  17175
74955.000000  17176
74957.000000  17178
74959.000000  17178
74961.000000  17180
74963.000000  17181
74965.000000  17182
74967.000000  17183
74969.000000  17184
74971.000000  17185
74973.000000  17186
74975.000000  17187
74977.000000  17188
74979.000000  17189
74981.000000  17190
74983.000000  17191
74985.000000  17192
74987.000000  17194
74989.000000  17195
74991.000000  17196
74993.000000  17197
74995.000000  17198
74997.000000  17199
74999.000000  17200
75001.000000  17201
75003.000000  17202
75005.000000  17203
75007.000000  17204
75009.000000  17205
75011.000000  17206
75013.000000  17207
75015.000000  17208
75017.000000  17210
75019.000000  17211
75021.000000  17212
75023.000000  17213
75025.000000  17214
75027.000000  17215
75029.000000  17216
75031.000000  17217
75033.000000  17218
75035.000000  17219
75037.000000  17220
75039.000000  17221
75041.000000  17222
75043.000000  17223
75045.000000  17224
75047.000000  17226
75049.000000  17227
75051.000000  17228
75053.000000  17229
75055.000000  17230
75057.000000  17231
75059.000000  17232
75061.000000  17233
75063.000000  17234
75065.000000  17235
75067.000000  17236
75069.000000  17237
75071.000000  17238
75073.000000  17240
75075.000000  17240
75077.000000  17242
75079.000000  17243
75081.000000  17244
75083.000000  17245
75085.000000  17246
75087.000000  17247
75089.000000  17248
75091.000000  17249
75093.000000  17250
75095.000000  17251
75097.000000  17252
75099.000000  17253
75101.000000  17254
75103.000000  17255
75105.000000  17256
75107.000000  17258
75109.000000  17259
75111.000000  17260
75113.000000  17261
75115.000000  17262
75117.000000  17263
75119.000000  17264
75121.000000  17265
75123.000000  17266
75125.000000  17267
75127.000000  17268
75129.000000  17269
75131.000000  17270
75133.000000  17271
75135.000000  17272
75137.000000  17274
75139.000000  17275
75141.000000  17276
75143.000000  17277
75145.000000  17278
75147.000000  17279
75149.000000  17280
75151.000000  17281
75153.000000  17282
75155.000000  17283
75157.000000  17284
75159.000000  17285
75161.000000  17286
75163.000000  17288
75165.000000  17288
75167.000000  17290
75169.000000  17291
75171.000000  17292
75173.000000  17293
75175.000000  17294
75177.000000  17295
75179.000000  17296
75181.000000  17297
75183.000000  17298
75185.000000  17299
75187.000000  17300
75189.000000  17301
75191.000000  17302
75193.000000  17304
75195.000000  17305
75197.000000  17306
75199.000000  17307
75201.000000  17308
75203.000000  17309
75205.000000  17310
75207.000000  17311
75209.000000  17312
75211.000000  17313
75213.000000  17314
75215.000000  17315
75217.000000  17316
75219.000000  17317
75221.000000  17318
75223.000000  17320
75225.000000  17320
75227.000000  17322
75229.000000  17323
75231.000000  17324
75233.000000  17325
75235.000000  17326
75237.000000  17327
75239.000000  17328
75241.000000  17329
75243.000000  17330
75245.000000  17331
75247.000000  17332
75249.000000  17333
75251.000000  17334
75253.000000  17336
75255.000000  17337
75257.000000  17338
75259.000000  17339
75261.000000  17340
75263.000000  17341
75265.000000  17342
75267.000000  17343
75269.000000  17344
75271.000000  17345
75273.000000  17346
75275.000000  17347
75277.000000  17348
75279.000000  17349
75281.000000  17350
75283.000000  17352
75285.000000  17353
75287.000000  17354
75289.000000  17355
75291.000000  17356
75293.000000  17357
75295.000000  17358
75297.000000  17359
75299.000000  17360
75301.000000  17361
75303.000000  17362
75305.000000  17363
75307.000000  17364
75309.000000  17365
75311.000000  17366
75313.000000  17368
75315.000000  17368
75317.000000  17370
75319.000000  17371
75321.000000  17372
75323.000000  17373
75325.000000  17374
75327.000000  17375
75329.000000  17376
75331.000000  17377
75333.000000  17378
75335.000000  17379
75337.000000  17380
75339.000000  17382
75341.000000  17383
75343.000000  17384
75345.000000  17385
75347.000000  17386
75349.000000  17387
75351.000000  17388
75353.000000  17389
75355.000000  17390
75357.000000  17391
75359.000000  17392
75361.000000  17393
75363.000000  17394
75365.000000  17395
75367.000000  17396
75369.000000  17398
75371.000000  17398
75373.000000  17400
75375.000000  17401
75377.000000  17402
75379.000000  17403
75381.000000  17404
75383.000000  17405
75385.000000  17406
75387.000000  17407
75389.000000  17408
75391.000000  17409
75393.000000  17410
75395.000000  17411
75397.000000  17412
75399.000000  17414
75401.000000  17414
75403.000000  17416
75405.000000  17417
75407.000000  17418
75409.000000  17419
75411.000000  17420
75413.000000  17421
75415.000000  17422
75417.000000  17423
75419.000000  17424
75421.000000  17425
75423.000000  17426
75425.000000  17427
75427.000000  17428
75429.000000  17430
75431.000000  17431
75433.000000  17432
75435.000000  17433
75437.000000  17434
75439.000000  17435
75441.000000  17436
75443.000000  17437
75445.000000  17438
75447.000000  17439
75449.000000  17440
75451.000000  17441
75453.000000  17442
75455.000000  17443
75457.000000  17444
75459.000000  17446
75461.000000  17447
75463.000000  17448
75465.000000  17449
75467.000000  17450
75469.000000  17451
75471.000000  17452
75473.000000  17453
75475.000000  17454
75477.000000  17455
75479.000000  17456
75481.000000  17457
75483.000000  17458
75485.000000  17459
75487.000000  17460
75489.000000  17462
75491.000000  17462
75493.000000  17464
75495.000000  17465
75497.000000  17466
75499.000000  17467
75501.000000  17468
75503.000000  17469
75505.000000  17470
75507.000000  17471
75509.000000  17472
75511.000000  17473
75513.000000  17474
75515.000000  17475
75517.000000  17476
75519.000000  17478
75521.000000  17479
75523.000000  17480
75525.000000  17481
75527.000000  17482
75529.000000  17483
75531.000000  17484
75533.000000  17485
75535.000000  17486
75537.000000  17487
75539.000000  17488
75541.000000  17489
75543.000000  17490
75545.000000  17491
75547.000000  17492
75549.000000  17494
75551.000000  17495
75553.000000  17496
75555.000000  17497
75557.000000  17498
75559.000000  17499
75561.000000  17500
75563.000000  17501
75565.000000  17502
75567.000000  17503
75569.000000  17504
75571.000000  17505
75573.000000  17506
75575.000000  17507
75577.000000  17508
75579.000000  17510
75581.000000  17510
75583.000000  17512
75585.000000  17513
75587.000000  17514
75589.000000  17515
75591.000000  17516
75593.000000  17517
75595.000000  17518
75597.000000  17519
75599.000000  17520
75601.000000  17521
75603.000000  17522
75605.000000  17523
75607.000000  17524
75609.000000  17526
75611.000000  17527
75613.000000  17528
75615.000000  17529
75617.000000  17530
75619.000000  17531
75621.000000  17532
75623.000000  17533
75625.000000  17534
75627.000000  17535
75629.000000  17536
75631.000000  17537
75633.000000  17538
75635.000000  17539
75637.000000  17540
75639.000000  17542
75641.000000  17542
75643.000000  17544
75645.000000  17545
75647.000000  17546
75649.000000  17547
75651.000000  17548
75653.000000  17549
75655.000000  17550
75657.000000  17551
75659.000000  17552
75661.000000  17553
75663.000000  17554
75665.000000  17555
75667.000000  17556
75669.000000  17558
75671.000000  17558
75673.000000  17560
75675.000000  17561
75677.000000  17562
75679.000000  17563
75681.000000  17564
75683.000000  17565
75685.000000  17566
75687.000000  17567
75689.000000  17568
75691.000000  17569
75693.000000  17570
75695.000000  17571
75697.000000  17572
75699.000000  17574
75701.000000  17575
75703.000000  17576
75705.000000  17577
75707.000000  17578
75709.000000  17579
75711.000000  17580
75713.000000  17581
75715.000000  17582
75717.000000  17583
75719.000000  17584
75721.000000  17585
75723.000000  17586
75725.000000  17587
75727.000000  17588
75729.000000  17590
75731.000000  17591
75733.000000  17592
75735.000000  17593
75737.000000  17594
75739.000000  17595
75741.000000  17596
75743.000000  17597
75745.000000  17598
75747.000000  17599
75749.000000  17600
75751.000000  17601
75753.000000  17602
75755.000000  17603
75757.000000  17604
75759.000000  17606
75761.000000  17607
75763.000000  17608
75765.000000  17609
75767.000000  17610
75769.000000  17611
75771.000000  17612
75773.000000  17613
75775.000000  17614
75777.000000  17615
75779.000000  17616
75781.000000  17617
75783.000000  17618
75785.000000  17619
75787.000000  17620
75789.000000  17622
75791.000000  17623
75793.000000  17624
75795.000000  17625
75797.000000  17626
75799.000000  17627
75801.000000  17628
75803.000000  17629
75805.000000  17630
75807.000000  17631
75809.000000  17632
75811.000000  17633
75813.000000  17634
75815.000000  17635
75817.000000  17636
75819.000000  17638
75821.000000  17639
75823.000000  17640
75825.000000  17641
75827.000000  17642
75829.000000  17643
75831.000000  17644
75833.000000  17645
75835.000000  17646
75837.000000  17647
75839.000000  17648
75841.000000  17649
75843.000000  17650
75845.000000  17652
75847.000000  17652
75849.000000  17654
75851.000000  17655
75853.000000  17656
75855.000000  17657
75857.000000  17658
75859.000000  17659
75861.000000  17660
75863.000000  17661
75865.000000  17662
75867.000000  17663
75869.000000  17664
75871.000000  17665
75873.000000  17666
75875.000000  17668
75877.000000  17669
75879.000000  17670
75881.000000  17671
75883.000000  17672
75885.000000  17673
75887.000000  17674
75889.000000  17675
75891.000000  17676
75893.000000  17677
75895.000000  17678
75897.000000  17679
75899.000000  17680
75901.000000  17681
75903.000000  17682
75905.000000  17684
75907.000000  17684
75909.000000  17686
75911.000000  17687
75913.000000  17688
75915.000000  17689
75917.000000  17690
75919.000000  17691
75921.000000  17692
75923.000000  17693
75925.000000  17694
75927.000000  17695
75929.000000  17696
75931.000000  17697
75933.000000  17698
75935.000000  17700
75937.000000  17700
75939.000000  17702
75941.000000  17703
75943.000000  17704
75945.000000  17705
75947.000000  17706
75949.000000  17707
75951.000000  17708
75953.000000  17709
75955.000000  17710
75957.000000  17711
75959.000000  17712
75961.000000  17713
75963.000000  17714
75965.000000  17716
75967.000000  17717
75969.000000  17718
75971.000000  17719
75973.000000  17720
75975.000000  17721
75977.000000  17722
75979.000000  17723
75981.000000  17724
75983.000000  17725
75985.000000  17726
75987.000000  17727
75989.000000  17728
75991.000000  17729
75993.000000  17730
75995.000000  17732
75997.000000  17733
75999.000000  17734
76001.000000  17735
76003.000000  17736
76005.000000  17737
76007.000000  17738
76009.000000  17739
76011.000000  17740
76013.000000  17741
76015.000000  17742
76017.000000  17743
76019.000000  17744
76021.000000  17746
76023.000000  17746
76025.000000  17748
76027.000000  17749
76029.000000  17750
76031.000000  17751
76033.000000  17752
76035.000000  17753
76037.000000  17754
76039.000000  17755
76041.000000  17756
76043.000000  17757
76045.000000  17758
76047.000000  17759
76049.000000  17760
76051.000000  17762
76053.000000  17763
76055.000000  17764
76057.000000  17765
76059.000000  17766
76061.000000  17767
76063.000000  17768
76065.000000  17769
76067.000000  17770
76069.000000  17771
76071.000000  17772
76073.000000  17773
76075.000000  17774
76077.000000  17775
76079.000000  17776
76081.000000  17778
76083.000000  17778
76085.000000  17780
76087.000000  17781
76089.000000  17782
76091.000000  17783
76093.000000  17784
76095.000000  17785
76097.000000  17786
76099.000000  17787
76101.000000  17788
76103.000000  17789
76105.000000  17790
76107.000000  17791
76109.000000  17792
76111.000000  17794
76113.000000  17795
76115.000000  17796
76117.000000  17797
76119.000000  17798
76121.000000  17799
76123.000000  17800
76125.000000  17801
76127.000000  17802
76129.000000  17803
76131.000000  17804
76133.000000  17805
76135.000000  17806
76137.000000  17807
76139.000000  17808
76141.000000  17810
76143.000000  17811
76145.000000  17812
76147.000000  17813
76149.000000  17814
76151.000000  17815
76153.000000  17816
76155.000000  17817
76157.000000  17818
76159.000000  17819
76161.000000  17820
76163.000000  17821
76165.000000  17822
76167.000000  17823
76169.000000  17824
76171.000000  17826
76173.000000  17826
76175.000000  17828
76177.000000  17829
76179.000000  17830
76181.000000  17831
76183.000000  17832
76185.000000  17833
76187.000000  17834
76189.000000  17835
76191.000000  17836
76193.000000  17837
76195.000000  17838
76197.000000  17839
76199.000000  17840
76201.000000  17842
76203.000000  17843
76205.000000  17844
76207.000000  17845
76209.000000  17846
76211.000000  17847
76213.000000  17848
76215.000000  17849
76217.000000  17850
76219.000000  17851
76221.000000  17852
76223.000000  17853
76225.000000  17854
76227.000000  17855
76229.000000  17856
76231.000000  17858
76233.000000  17859
76235.000000  17860
76237.000000  17861
76239.000000  17862
76241.000000  17863
76243.000000  17864
76245.000000  17865
76247.000000  17866
76249.000000  17867
76251.000000  17868
76253.000000  17869
76255.000000  17870
76257.000000  17871
76259.000000  17872
76261.000000  17874
76263.000000  17874
76265.000000  17876
76267.000000  17877
76269.000000  17878
76271.000000  17879
76273.000000  17880
76275.000000  17881
76277.000000  17882
76279.000000  17883
76281.000000  17884
76283.000000  17885
76285.000000  17886
76287.000000  17887
76289.000000  17888
76291.000000  17890
76293.000000  17890
76295.000000  17892
76297.000000  17893
76299.000000  17894
76301.000000  17895
76303.000000  17896
76305.000000  17897
76307.000000  17898
76309.000000  17899
76311.000000  17900
76313.000000  17901
76315.000000  17902
76317.000000  17903
76319.000000  17904
76321.000000  17906
76323.000000  17906
76325.000000  17908
76327.000000  17909
76329.000000  17910
76331.000000  17911
76333.000000  17912
76335.000000  17913
76337.000000  17914
76339.000000  17915
76341.000000  17916
76343.000000  17917
76345.000000  17918
76347.000000  17919
76349.000000  17920
76351.000000  17922
76353.000000  17922
76355.000000  17924
76357.000000  17925
76359.000000  17926
76361.000000  17927
76363.000000  17928
76365.000000  17929
76367.000000  17930
76369.000000  17931
76371.000000  17932
76373.000000  17933
76375.000000  17934
76377.000000  17935
76379.000000  17936
76381.000000  17938
76383.000000  17939
76385.000000  17940
76387.000000  17941
76389.000000  17942
76391.000000  17943
76393.000000  17944
76395.000000  17945
76397.000000  17946
76399.000000  17947
76401.000000  17948
76403.000000  17949
76405.000000  17950
76407.000000  17951
76409.000000  17952
76411.000000  17954
76413.000000  17955
76415.000000  17956
76417.000000  17957
76419.000000  17958
76421.000000  17959
76423.000000  17960
76425.000000  17961
76427.000000  17962
76429.000000  17963
76431.000000  17964
76433.000000  17965
76435.000000  17966
76437.000000  17967
76439.000000  17968
76441.000000  17970
76443.000000  17970
76445.000000  17972
76447.000000  17973
76449.000000  17974
76451.000000  17975
76453.000000  17976
76455.000000  17977
76457.000000  17978
76459.000000  17979
76461.000000  17980
76463.000000  17981
76465.000000  17982
76467.000000  17983
76469.000000  17984
76471.000000  17986
76473.000000  17987
76475.000000  17988
76477.000000  17989
76479.000000  17990
76481.000000  17991
76483.000000  17992
76485.000000  17993
76487.000000  17994
76489.000000  17995
76491.000000  17996
76493.000000  17997
76495.000000  17998
76497.000000  17999
76499.000000  18000
76501.000000  18002
76503.000000  18003
76505.000000  18004
76507.000000  18005
76509.000000  18006
76511.000000  18007
76513.000000  18008
76515.000000  18009
76517.000000  18010
76519.000000  18011
76521.000000  18012
76523.000000  18013
76525.000000  18014
76527.000000  18015
76529.000000  18016
76531.000000  18018
76533.000000  18019
76535.000000  18020
76537.000000  18021
76539.000000  18022
76541.000000  18023
76543.000000  18024
76545.000000  18025
76547.000000  18026
76549.000000  18027
76551.000000  18028
76553.000000  18029
76555.000000  18030
76557.000000  18032
76559.000000  18033
76561.000000  18034
76563.000000  18035
76565.000000  18036
76567.000000  18037
76569.000000  18038
76571.000000  18039
76573.000000  18040
76575.000000  18041
76577.000000  18042
76579.000000  18043
76581.000000  18044
76583.000000  18045
76585.000000  18046
76587.000000  18048
76589.000000  18049
76591.000000  18050
76593.000000  18051
76595.000000  18052
76597.000000  18053
76599.000000  18054
76601.000000  18055
76603.000000  18056
76605.000000  18057
76607.000000  18058
76609.000000  18059
76611.000000  18060
76613.000000  18061
76615.000000  18062
76617.000000  18064
76619.000000  18064
76621.000000  18066
76623.000000  18067
76625.000000  18068
76627.000000  18069
76629.000000  18070
76631.000000  18071
76633.000000  18072
76635.000000  18073
76637.000000  18074
76639.000000  18075
76641.000000  18076
76643.000000  18077
76645.000000  18078
76647.000000  18080
76649.000000  18081
76651.000000  18082
76653.000000  18083
76655.000000  18084
76657.000000  18085
76659.000000  18086
76661.000000  18087
76663.000000  18088
76665.000000  18089
76667.000000  18090
76669.000000  18091
76671.000000  18092
76673.000000  18093
76675.000000  18094
76677.000000  18096
76679.000000  18097
76681.000000  18098
76683.000000  18099
76685.000000  18100
76687.000000  18101
76689.000000  18102
76691.000000  18103
76693.000000  18104
76695.000000  18105
76697.000000  18106
76699.000000  18107
76701.000000  18108
76703.000000  18109
76705.000000  18110
76707.000000  18112
76709.000000  18113
76711.000000  18114
76713.000000  18115
76715.000000  18116
76717.000000  18117
76719.000000  18118
76721.000000  18119
76723.000000  18120
76725.000000  18121
76727.000000  18122
76729.000000  18123
76731.000000  18124
76733.000000  18126
76735.000000  18126
76737.000000  18128
76739.000000  18129
76741.000000  18130
76743.000000  18131
76745.000000  18132
76747.000000  18133
76749.000000  18134
76751.000000  18135
76753.000000  18136
76755.000000  18137
76757.000000  18138
76759.000000  18139
76761.000000  18140
76763.000000  18142
76765.000000  18142
76767.000000  18144
76769.000000  18145
76771.000000  18146
76773.000000  18147
76775.000000  18148
76777.000000  18149
76779.000000  18150
76781.000000  18151
76783.000000  18152
76785.000000  18153
76787.000000  18154
76789.000000  18155
76791.000000  18156
76793.000000  18157
76795.000000  18158
76797.000000  18160
76799.000000  18161
76801.000000  18162
76803.000000  18163
76805.000000  18164
76807.000000  18165
76809.000000  18166
76811.000000  18167
76813.000000  18168
76815.000000  18169
76817.000000  18170
76819.000000  18171
76821.000000  18172
76823.000000  18174
76825.000000  18175
76827.000000  18176
76829.000000  18177
76831.000000  18178
76833.000000  18179
76835.000000  18180
76837.000000  18181
76839.000000  18182
76841.000000  18183
76843.000000  18184
76845.000000  18185
76847.000000  18186
76849.000000  18187
76851.000000  18188
76853.000000  18190
76855.000000  18190
76857.000000  18192
76859.000000  18193
76861.000000  18194
76863.000000  18195
76865.000000  18196
76867.000000  18197
76869.000000  18198
76871.000000  18199
76873.000000  18200
76875.000000  18201
76877.000000  18202
76879.000000  18203
76881.000000  18204
76883.000000  18206
76885.000000  18206
76887.000000  18208
76889.000000  18209
76891.000000  18210
76893.000000  18211
76895.000000  18212
76897.000000  18213
76899.000000  18214
76901.000000  18215
76903.000000  18216
76905.000000  18217
76907.000000  18218
76909.000000  18219
76911.000000  18220
76913.000000  18222
76915.000000  18222
76917.000000  18224
76919.000000  18225
76921.000000  18226
76923.000000  18227
76925.000000  18228
76927.000000  18229
76929.000000  18230
76931.000000  18231
76933.000000  18232
76935.000000  18233
