46272.000000  25 80
46348.000000  71 80
46350.000000  72 80
46426.000000  122 80
46438.000000  130 80
46528.000000  191 80
46530.000000  193 80
46574.000000  223 80
46574.000000  223 80
46660.000000  282 80
46676.000000  293 80
46710.000000  316 80
46732.000000  331 80
46746.000000  341 80
46780.000000  364 80
46834.000000  401 80
46842.000000  406 80
46898.000000  445 80
46912.000000  454 80
46912.000000  454 80
47018.000000  527 80
47040.000000  542 80
47086.000000  574 80
47132.000000  605 80
47206.000000  656 80
47298.000000  719 80
47300.000000  721 80
47332.000000  743 80
47354.000000  758 80
47410.000000  796 80
47412.000000  797 80
47430.000000  810 80
47430.000000  810 80
47464.000000  833 80
47538.000000  884 80
47540.000000  885 80
47580.000000  913 80
47610.000000  933 80
47610.000000  933 80
47634.000000  949 80
47668.000000  973 80
47760.000000  1036 80
47792.000000  1058 80
47818.000000  1076 80
47848.000000  1097 80
47878.000000  1117 80
47944.000000  1162 80
47998.000000  1199 80
48034.000000  1224 80
48058.000000  1241 80
48090.000000  1263 80
48124.000000  1286 80
48160.000000  1311 80
48192.000000  1333 80
48192.000000  1333 80
48302.000000  1408 80
48378.000000  1460 80
48380.000000  1462 80
48400.000000  1475 80
48402.000000  1477 80
48452.000000  1511 80
48478.000000  1529 80
48506.000000  1548 80
48536.000000  1569 80
48548.000000  1577 80
48578.000000  1598 80
48612.000000  1621 80
48634.000000  1636 80
48636.000000  1637 80
48668.000000  1659 80
48690.000000  1675 80
48690.000000  1675 80
48706.000000  1686 80
48736.000000  1706 80
48760.000000  1723 80
48774.000000  1732 80
48808.000000  1756 80
48810.000000  1757 80
48860.000000  1791 80
48888.000000  1811 80
48896.000000  1816 80
48948.000000  1852 80
48984.000000  1877 80
48984.000000  1877 80
49000.000000  1887 80
49000.000000  1887 80
49000.000000  1887 80
49000.000000  1887 80
49042.000000  1916 80
49042.000000  1916 80
49074.000000  1938 80
49124.000000  1973 80
49126.000000  1974 80
49148.000000  1989 80
49172.000000  2006 80
49202.000000  2026 80
49234.000000  2048 80
49260.000000  2066 80
49294.000000  2089 80
49324.000000  2110 80
49328.000000  2113 80
49330.000000  2114 80
49362.000000  2136 80
49364.000000  2137 80
49388.000000  2154 80
49390.000000  2155 80
49502.000000  2232 80
49510.000000  2238 80
49540.000000  2258 80
49560.000000  2272 80
49562.000000  2273 80
49590.000000  2293 80
49608.000000  2305 80
49618.000000  2312 80
49638.000000  2326 80
49696.000000  2365 80
49714.000000  2378 80
49764.000000  2412 80
49766.000000  2413 80
49804.000000  2440 80
49820.000000  2451 80
49820.000000  2451 80
49828.000000  2456 80
49828.000000  2456 80
49860.000000  2478 80
49884.000000  2495 80
49916.000000  2517 80
49946.000000  2537 80
49962.000000  2548 80
49994.000000  2570 80
50024.000000  2591 80
50026.000000  2592 80
50086.000000  2633 80
50088.000000  2635 80
50122.000000  2658 80
50124.000000  2659 80
50150.000000  2677 80
50194.000000  2707 80
50194.000000  2707 80
50232.000000  2733 80
50264.000000  2755 80
50284.000000  2769 80
50298.000000  2779 80
50328.000000  2799 80
50368.000000  2827 80
50396.000000  2846 80
50416.000000  2860 80
50474.000000  2900 80
50490.000000  2911 80
50542.000000  2946 80
50544.000000  2948 80
50566.000000  2963 80
50576.000000  2970 80
50592.000000  2981 80
50620.000000  3000 80
50650.000000  3021 80
50652.000000  3022 80
50658.000000  3026 80
50676.000000  3038 80
50702.000000  3056 80
50704.000000  3058 80
50734.000000  3078 80
50766.000000  3100 80
50818.000000  3136 80
50838.000000  3150 80
50888.000000  3184 80
50912.000000  3201 80
50962.000000  3235 80
51040.000000  3289 80
51046.000000  3293 80
51062.000000  3304 80
51078.000000  3315 80
51118.000000  3342 80
51120.000000  3344 80
51170.000000  3378 80
51224.000000  3415 80
51250.000000  3433 80
51322.000000  3483 80
51324.000000  3484 80
51352.000000  3503 80
51406.000000  3540 80
51408.000000  3541 80
51442.000000  3565 80
51444.000000  3566 80
51446.000000  3568 80
51472.000000  3585 80
51474.000000  3587 80
51500.000000  3605 80
51500.000000  3605 80
51500.000000  3605 80
51526.000000  3623 80
51540.000000  3632 80
51550.000000  3639 80
51550.000000  3639 80
51572.000000  3654 80
51572.000000  3654 80
51588.000000  3665 80
51608.000000  3679 80
51630.000000  3694 80
51630.000000  3694 80
51640.000000  3701 80
51706.000000  3747 80
51722.000000  3757 80
51736.000000  3767 80
51770.000000  3791 80
51834.000000  3835 80
51836.000000  3836 80
51866.000000  3856 80
51868.000000  3858 80
51888.000000  3871 80
51902.000000  3881 80
51904.000000  3883 80
51960.000000  3921 80
52032.000000  3971 80
52044.000000  3979 80
52064.000000  3993 80
52072.000000  3998 80
52096.000000  4015 80
52118.000000  4030 80
52134.000000  4041 80
52138.000000  4043 80
52160.000000  4059 80
52176.000000  4069 80
52192.000000  4081 80
52206.000000  4090 80
52254.000000  4123 80
52276.000000  4138 80
52298.000000  4153 80
52318.000000  4167 80
52342.000000  4184 80
52400.000000  4224 80
52402.000000  4225 80
52436.000000  4248 80
52438.000000  4250 80
52470.000000  4272 80
52500.000000  4292 80
52534.000000  4316 80
52558.000000  4332 80
52572.000000  4342 80
52626.000000  4379 80
52648.000000  4394 80
52682.000000  4417 80
52702.000000  4431 80
52748.000000  4463 80
52750.000000  4464 80
52780.000000  4485 80
52794.000000  4494 80
52810.000000  4505 80
52810.000000  4505 80
52886.000000  4558 80
52910.000000  4574 80
52932.000000  4589 80
52948.000000  4600 80
52972.000000  4617 80
52994.000000  4632 80
53014.000000  4646 80
53068.000000  4683 80
53068.000000  4683 80
53094.000000  4701 80
53148.000000  4738 80
53182.000000  4761 80
53204.000000  4776 80
53266.000000  4819 80
53290.000000  4835 80
53348.000000  4875 80
53380.000000  4897 80
53380.000000  4897 80
53396.000000  4908 80
53422.000000  4926 80
53470.000000  4959 80
53478.000000  4965 80
53492.000000  4975 80
53514.000000  4990 80
53544.000000  5010 80
53594.000000  5045 80
53594.000000  5045 80
53594.000000  5045 80
53612.000000  5057 80
53644.000000  5079 80
53676.000000  5101 80
53704.000000  5120 80
53720.000000  5131 80
53752.000000  5153 80
53752.000000  5153 80
53776.000000  5170 80
53786.000000  5177 80
53802.000000  5188 80
53810.000000  5193 80
53836.000000  5211 80
53850.000000  5221 80
53928.000000  5275 80
53930.000000  5276 80
53962.000000  5298 80
53986.000000  5314 80
53986.000000  5314 80
54034.000000  5347 80
54052.000000  5360 80
54128.000000  5412 80
54130.000000  5413 80
54158.000000  5433 80
54160.000000  5434 80
54202.000000  5463 80
54278.000000  5515 80
54336.000000  5555 80
54398.000000  5598 80
54400.000000  5599 80
54404.000000  5602 80
54406.000000  5603 80
54436.000000  5624 80
54460.000000  5641 80
54520.000000  5682 80
54522.000000  5683 80
54556.000000  5707 80
54558.000000  5708 80
54578.000000  5722 80
54618.000000  5749 80
54620.000000  5751 80
54630.000000  5758 80
54664.000000  5781 80
54696.000000  5803 80
54744.000000  5836 80
54770.000000  5854 80
54828.000000  5894 80
54860.000000  5916 80
54956.000000  5982 80
55008.000000  6018 80
55010.000000  6019 80
55042.000000  6041 80
55076.000000  6065 80
55158.000000  6121 80
55160.000000  6122 80
55176.000000  6133 80
55206.000000  6154 80
55262.000000  6192 80
55264.000000  6194 80
55284.000000  6207 80
55310.000000  6225 80
55312.000000  6227 80
55356.000000  6257 80
55392.000000  6282 80
55404.000000  6290 80
55422.000000  6303 80
55468.000000  6334 80
55468.000000  6334 80
55478.000000  6341 80
55502.000000  6358 80
55534.000000  6380 80
55566.000000  6402 80
55602.000000  6427 80
55604.000000  6428 80
55654.000000  6462 80
55682.000000  6481 80
55684.000000  6483 80
55700.000000  6494 80
55758.000000  6534 80
55760.000000  6535 80
55786.000000  6553 80
57166.000000  7504 80
57168.000000  7505 80
57186.000000  7518 80
57186.000000  7518 80
57278.000000  7581 80
57312.000000  7605 80
57364.000000  7640 80
57380.000000  7651 80
57394.000000  7661 80
57394.000000  7661 80
57418.000000  7678 80
57434.000000  7689 80
57456.000000  7704 80
57486.000000  7725 80
57542.000000  7763 80
57552.000000  7770 80
57606.000000  7807 80
57660.000000  7844 80
57676.000000  7855 80
57708.000000  7877 80
57708.000000  7877 80
57732.000000  7894 80
57766.000000  7917 80
57822.000000  7956 80
57874.000000  7992 80
57922.000000  8025 80
57964.000000  8054 80
58010.000000  8085 80
58018.000000  8091 80
58020.000000  8092 80
58072.000000  8128 80
58112.000000  8156 80
58132.000000  8170 80
58164.000000  8192 80
58188.000000  8208 80
58248.000000  8249 80
58250.000000  8251 80
58258.000000  8257 80
58292.000000  8280 80
58294.000000  8281 80
58294.000000  8281 80
58348.000000  8318 80
58374.000000  8336 80
58382.000000  8342 80
58438.000000  8381 80
58452.000000  8390 80
58472.000000  8404 80
58494.000000  8419 80
58530.000000  8444 80
58532.000000  8445 80
58580.000000  8478 80
58610.000000  8499 80
58612.000000  8500 80
58626.000000  8510 80
58642.000000  8521 80
58662.000000  8535 80
58698.000000  8560 80
58744.000000  8591 80
58744.000000  8591 80
58772.000000  8611 80
58826.000000  8648 80
58826.000000  8648 80
58860.000000  8671 80
58884.000000  8688 80
58918.000000  8711 80
58950.000000  8733 80
59008.000000  8773 80
59042.000000  8797 80
59094.000000  8833 80
59094.000000  8833 80
59162.000000  8879 80
59202.000000  8907 80
59256.000000  8944 80
59282.000000  8962 80
59328.000000  8994 80
59328.000000  8994 80
59360.000000  9016 80
59376.000000  9027 80
59396.000000  9041 80
59412.000000  9052 80
59446.000000  9075 80
59500.000000  9112 80
59524.000000  9129 80
59538.000000  9139 80
59564.000000  9156 80
59572.000000  9162 80
59636.000000  9206 80
59638.000000  9207 80
59640.000000  9209 80
59666.000000  9227 80
59696.000000  9247 80
59698.000000  9249 80
59724.000000  9267 80
59740.000000  9277 80
59742.000000  9279 80
59788.000000  9311 80
59804.000000  9321 80
59838.000000  9345 80
59870.000000  9367 80
59894.000000  9384 80
59942.000000  9417 80
59954.000000  9425 80
59974.000000  9439 80
60010.000000  9464 80
60042.000000  9486 80
60076.000000  9509 80
60098.000000  9524 80
60132.000000  9548 80
60160.000000  9567 80
60162.000000  9568 80
60190.000000  9588 80
60218.000000  9607 80
60220.000000  9608 80
60286.000000  9654 80
60288.000000  9655 80
60292.000000  9658 80
60302.000000  9665 80
60304.000000  9666 80
60310.000000  9670 80
60336.000000  9688 80
60350.000000  9698 80
60350.000000  9698 80
60384.000000  9721 80
60424.000000  9749 80
60424.000000  9749 80
60424.000000  9749 80
60464.000000  9776 80
60480.000000  9787 80
60510.000000  9808 80
60542.000000  9830 80
60574.000000  9852 80
60604.000000  9873 80
60612.000000  9878 80
60636.000000  9895 80
60636.000000  9895 80
60674.000000  9921 80
60716.000000  9950 80
60718.000000  9951 80
60778.000000  9993 80
60802.000000  10009 80
60836.000000  10033 80
60858.000000  10048 80
60892.000000  10071 80
60916.000000  10088 80
60952.000000  10113 80
60954.000000  10114 80
60974.000000  10128 80
60988.000000  10137 80
61024.000000  10162 80
61040.000000  10173 80
61070.000000  10194 80
61072.000000  10195 80
61086.000000  10205 80
61106.000000  10219 80
61116.000000  10226 80
61132.000000  10237 80
61172.000000  10264 80
61196.000000  10281 80
61210.000000  10291 80
61210.000000  10291 80
61236.000000  10308 80
61236.000000  10308 80
61248.000000  10317 80
61266.000000  10329 80
61266.000000  10329 80
61322.000000  10368 80
61358.000000  10393 80
61380.000000  10408 80
61382.000000  10409 80
61414.000000  10431 80
61438.000000  10447 80
61498.000000  10489 80
61500.000000  10490 80
61556.000000  10529 80
61556.000000  10529 80
61586.000000  10549 80
61636.000000  10584 80
61730.000000  10649 80
61766.000000  10674 80
61786.000000  10687 80
61810.000000  10704 80
61824.000000  10713 80
61824.000000  10713 80
61880.000000  10752 80
61898.000000  10765 80
61912.000000  10774 80
61936.000000  10791 80
61950.000000  10801 80
61974.000000  10817 80
62000.000000  10835 80
62014.000000  10845 80
62028.000000  10854 80
62054.000000  10872 80
62088.000000  10896 80
62112.000000  10912 80
62122.000000  10919 80
62142.000000  10933 80
62188.000000  10965 80
62188.000000  10965 80
62188.000000  10965 80
62208.000000  10978 80
62260.000000  11014 80
62262.000000  11016 80
62300.000000  11042 80
62344.000000  11072 80
62376.000000  11094 80
62396.000000  11108 80
62396.000000  11108 80
62460.000000  11152 80
62486.000000  11170 80
62578.000000  11234 80
62642.000000  11278 80
62666.000000  11295 80
62698.000000  11317 80
62722.000000  11333 80
62728.000000  11337 80
62728.000000  11337 80
62764.000000  11362 80
62790.000000  11380 80
62802.000000  11388 80
62804.000000  11390 80
62826.000000  11405 80
62826.000000  11405 80
62826.000000  11405 80
62826.000000  11405 80
62892.000000  11450 80
62916.000000  11467 80
62958.000000  11496 80
62960.000000  11497 80
62974.000000  11507 80
62974.000000  11507 80
63000.000000  11525 80
63102.000000  11595 80
63110.000000  11601 80
63130.000000  11615 80
63156.000000  11632 80
63202.000000  11664 80
63214.000000  11672 80
63240.000000  11690 80
63278.000000  11717 80
63280.000000  11718 80
63304.000000  11735 80
63356.000000  11770 80
63388.000000  11792 80
63388.000000  11792 80
63412.000000  11809 80
63446.000000  11832 80
63470.000000  11849 80
63482.000000  11857 80
63484.000000  11859 80
63514.000000  11879 80
63570.000000  11918 80
63584.000000  11927 80
63584.000000  11927 80
63606.000000  11943 80
63626.000000  11957 80
63660.000000  11980 80
63680.000000  11994 80
63728.000000  12027 80
63762.000000  12050 80
63780.000000  12063 80
63810.000000  12083 80
63844.000000  12107 80
63858.000000  12117 80
63884.000000  12135 80
63918.000000  12158 80
63940.000000  12173 80
63956.000000  12184 80
64010.000000  12221 80
64026.000000  12233 80
64058.000000  12255 80
64088.000000  12275 80
64088.000000  12275 80
64094.000000  12279 80
64100.000000  12284 80
64120.000000  12297 80
64152.000000  12319 80
64154.000000  12321 80
64206.000000  12357 80
64242.000000  12381 80
64250.000000  12387 80
64286.000000  12412 80
64286.000000  12412 80
64302.000000  12423 80
64328.000000  12441 80
64354.000000  12459 80
64402.000000  12492 80
64410.000000  12497 80
64432.000000  12513 80
64464.000000  12535 80
64494.000000  12555 80
64508.000000  12565 80
64532.000000  12581 80
64586.000000  12619 80
64610.000000  12635 80
64624.000000  12645 80
64624.000000  12645 80
64656.000000  12667 80
64682.000000  12685 80
64716.000000  12708 80
64738.000000  12724 80
64804.000000  12769 80
64812.000000  12775 80
64846.000000  12798 80
64880.000000  12821 80
64880.000000  12821 80
64892.000000  12830 80
64914.000000  12845 80
64944.000000  12866 80
64966.000000  12881 80
65014.000000  12914 80
65034.000000  12928 80
65058.000000  12944 80
65106.000000  12977 80
65118.000000  12986 80
65134.000000  12997 80
65148.000000  13006 80
65172.000000  13023 80
65226.000000  13060 80
65256.000000  13081 80
65258.000000  13082 80
65262.000000  13085 80
65298.000000  13110 80
65300.000000  13111 80
65330.000000  13132 80
65354.000000  13149 80
65366.000000  13157 80
65398.000000  13179 80
65424.000000  13197 80
65438.000000  13206 80
65468.000000  13227 80
65498.000000  13248 80
65520.000000  13263 80
65554.000000  13286 80
65630.000000  13339 80
65630.000000  13339 80
65662.000000  13361 80
65690.000000  13380 80
65710.000000  13394 80
65756.000000  13426 80
65772.000000  13437 80
65790.000000  13449 80
65862.000000  13499 80
65864.000000  13500 80
65914.000000  13535 80
65930.000000  13546 80
65962.000000  13568 80
66016.000000  13605 80
66044.000000  13625 80
66076.000000  13647 80
66104.000000  13666 80
66142.000000  13692 80
66142.000000  13692 80
66170.000000  13711 80
66194.000000  13728 80
66220.000000  13746 80
66268.000000  13779 80
66298.000000  13800 80
66320.000000  13815 80
66348.000000  13834 80
66348.000000  13834 80
66420.000000  13884 80
66442.000000  13899 80
66498.000000  13938 80
66514.000000  13949 80
66546.000000  13971 80
66578.000000  13993 80
66612.000000  14017 80
66634.000000  14032 80
66648.000000  14041 80
66672.000000  14058 80
66686.000000  14068 80
66718.000000  14090 80
66750.000000  14112 80
66762.000000  14120 80
66800.000000  14146 80
66800.000000  14146 80
66838.000000  14172 80
66844.000000  14177 80
66892.000000  14210 80
66918.000000  14228 80
66920.000000  14229 80
66938.000000  14241 80
66972.000000  14265 80
67002.000000  14286 80
67034.000000  14308 80
67060.000000  14326 80
67082.000000  14341 80
67116.000000  14364 80
67144.000000  14384 80
67146.000000  14385 80
67152.000000  14389 80
67166.000000  14399 80
67190.000000  14415 80
67222.000000  14437 80
67252.000000  14458 80
67254.000000  14459 80
67284.000000  14480 80
67286.000000  14481 80
67338.000000  14517 80
67360.000000  14533 80
67374.000000  14542 80
67398.000000  14559 80
67432.000000  14582 80
67432.000000  14582 80
67456.000000  14599 80
67480.000000  14615 80
67508.000000  14635 80
67508.000000  14635 80
67524.000000  14646 80
67540.000000  14657 80
67630.000000  14719 80
67650.000000  14733 80
67698.000000  14766 80
67726.000000  14785 80
67784.000000  14825 80
67842.000000  14865 80
67842.000000  14865 80
67858.000000  14877 80
67890.000000  14899 80
67890.000000  14899 80
67908.000000  14911 80
67936.000000  14930 80
67962.000000  14948 80
67996.000000  14972 80
67998.000000  14973 80
68020.000000  14988 80
68054.000000  15012 80
68074.000000  15025 80
68094.000000  15039 80
68100.000000  15043 80
68126.000000  15061 80
68134.000000  15067 80
68144.000000  15074 80
68144.000000  15074 80
68166.000000  15089 80
68184.000000  15101 80
68210.000000  15119 80
68274.000000  15164 80
68294.000000  15177 80
68310.000000  15189 80
68328.000000  15201 80
68342.000000  15211 80
68362.000000  15224 80
68434.000000  15274 80
68446.000000  15282 80
68480.000000  15306 80
68482.000000  15307 80
68504.000000  15322 80
68536.000000  15345 80
68560.000000  15361 80
68592.000000  15383 80
68616.000000  15400 80
68648.000000  15422 80
68648.000000  15422 80
68676.000000  15441 80
68676.000000  15441 80
68676.000000  15441 80
68704.000000  15460 80
68712.000000  15466 80
68732.000000  15479 80
68760.000000  15499 80
68794.000000  15522 80
68808.000000  15532 80
68810.000000  15533 80
68864.000000  15571 80
68900.000000  15595 80
68922.000000  15611 80
68936.000000  15620 80
68982.000000  15652 80
69020.000000  15678 80
69054.000000  15702 80
69054.000000  15702 80
69054.000000  15702 80
69140.000000  15761 80
69140.000000  15761 80
69174.000000  15785 80
69196.000000  15800 80
69196.000000  15800 80
69230.000000  15823 80
69304.000000  15874 80
69320.000000  15885 80
69364.000000  15915 80
69390.000000  15933 80
69420.000000  15954 80
69456.000000  15979 80
69458.000000  15980 80
69466.000000  15986 80
69498.000000  16008 80
69530.000000  16030 80
69556.000000  16048 80
69574.000000  16060 80
69596.000000  16075 80
69630.000000  16099 80
69652.000000  16114 80
69686.000000  16137 80
69712.000000  16155 80
69774.000000  16198 80
69776.000000  16199 80
69782.000000  16203 80
69798.000000  16214 80
69824.000000  16232 80
69852.000000  16252 80
69882.000000  16272 80
69914.000000  16294 80
69948.000000  16318 80
69948.000000  16318 80
69974.000000  16336 80
70024.000000  16370 80
70048.000000  16387 80
70078.000000  16407 80
70092.000000  16417 80
70116.000000  16434 80
70130.000000  16443 80
70140.000000  16450 80
70158.000000  16463 80
70170.000000  16471 80
70176.000000  16475 80
70176.000000  16475 80
70194.000000  16487 80
70196.000000  16489 80
70228.000000  16511 80
70268.000000  16539 80
70294.000000  16557 80
70328.000000  16580 80
70364.000000  16605 80
70392.000000  16624 80
70394.000000  16625 80
70422.000000  16645 80
70446.000000  16661 80
70446.000000  16661 80
70482.000000  16686 80
70518.000000  16711 80
70520.000000  16712 80
70544.000000  16729 80
70556.000000  16737 80
70590.000000  16760 80
70616.000000  16778 80
70616.000000  16778 80
70644.000000  16798 80
70708.000000  16842 80
70726.000000  16854 80
70770.000000  16885 80
70790.000000  16898 80
70840.000000  16933 80
70840.000000  16933 80
70876.000000  16958 80
70876.000000  16958 80
70934.000000  16998 80
70970.000000  17023 80
70994.000000  17039 80
71026.000000  17061 80
71080.000000  17098 80
71104.000000  17115 80
71118.000000  17125 80
71148.000000  17145 80
71150.000000  17147 80
71172.000000  17162 80
71172.000000  17162 80
71206.000000  17185 80
71230.000000  17202 80
71298.000000  17249 80
71316.000000  17261 80
71346.000000  17282 80
71358.000000  17290 80
71382.000000  17307 80
71394.000000  17315 80
71424.000000  17336 80
71452.000000  17355 80
71470.000000  17367 80
71480.000000  17374 80
71500.000000  17388 80
71530.000000  17409 80
71552.000000  17424 80
71568.000000  17435 80
71598.000000  17456 80
71598.000000  17456 80
71624.000000  17474 80
71638.000000  17483 80
71670.000000  17505 80
71694.000000  17522 80
71726.000000  17544 80
71750.000000  17561 80
71782.000000  17583 80
71806.000000  17599 80
71862.000000  17638 80
71868.000000  17642 80
71912.000000  17672 80
71914.000000  17674 80
71944.000000  17695 80
71966.000000  17710 80
71980.000000  17719 80
71982.000000  17721 80
72006.000000  17737 80
72008.000000  17739 80
72036.000000  17758 80
72036.000000  17758 80
72062.000000  17776 80
72076.000000  17786 80
72076.000000  17786 80
72104.000000  17805 80
72114.000000  17812 80
72156.000000  17841 80
72168.000000  17849 80
72184.000000  17860 80
72204.000000  17874 80
72260.000000  17913 80
72296.000000  17937 80
72298.000000  17939 80
72326.000000  17958 80
72328.000000  17959 80
72330.000000  17961 80
72340.000000  17968 80
72372.000000  17990 80
72396.000000  18007 80
72410.000000  18016 80
72410.000000  18016 80
72442.000000  18038 80
72474.000000  18060 80
72506.000000  18082 80
72538.000000  18104 80
72540.000000  18106 80
72542.000000  18107 80
72762.000000  18259 80
72780.000000  18272 80
72794.000000  18281 80
72876.000000  18338 80
72934.000000  18378 80
72948.000000  18388 80
73060.000000  18465 80
73062.000000  18466 80
73068.000000  18470 80
73134.000000  18516 80
73204.000000  18564 80
73204.000000  18564 80
73246.000000  18593 80
73296.000000  18628 80
73328.000000  18650 80
73378.000000  18684 80
73380.000000  18686 80
73396.000000  18697 80
73432.000000  18722 80
73444.000000  18730 80
73464.000000  18744 80
73484.000000  18758 80
73498.000000  18767 80
73522.000000  18784 80
73536.000000  18794 80
73568.000000  18816 80
73590.000000  18831 80
73624.000000  18854 80
73646.000000  18869 80
73646.000000  18869 80
73662.000000  18881 80
73692.000000  18901 80
73728.000000  18926 80
73762.000000  18950 80
73790.000000  18969 80
73792.000000  18970 80
74926.000000  19754 80
74928.000000  19755 80
74954.000000  19773 80
74956.000000  19775 80
74984.000000  19794 80
74984.000000  19794 80
74984.000000  19794 80
75012.000000  19813 80
75040.000000  19833 80
75064.000000  19849 80
75074.000000  19856 80
75130.000000  19895 80
75184.000000  19932 80
75200.000000  19943 80
75256.000000  19982 80
75286.000000  20003 80
75288.000000  20004 80
75334.000000  20036 80
75374.000000  20064 80
75398.000000  20080 80
75458.000000  20122 80
75492.000000  20145 80
75568.000000  20198 80
75642.000000  20249 80
75644.000000  20250 80
75672.000000  20269 80
75740.000000  20316 80
75740.000000  20316 80
75786.000000  20348 80
75838.000000  20384 80
75864.000000  20402 80
75884.000000  20416 80
75958.000000  20467 80
76002.000000  20498 80
76052.000000  20532 80
76108.000000  20571 80
76110.000000  20572 80
76150.000000  20600 80
76174.000000  20617 80
76230.000000  20655 80
76286.000000  20694 80
76300.000000  20703 80
76372.000000  20753 80
76372.000000  20753 80
76382.000000  20760 80
76420.000000  20786 80
76420.000000  20786 80
76478.000000  20826 80
76558.000000  20882 80
76634.000000  20934 80
76672.000000  20960 80
76724.000000  20996 80
76780.000000  21035 80
76838.000000  21075 80
76898.000000  21117 80
76966.000000  21163 80
77000.000000  21187 80
77042.000000  21216 80
77078.000000  21241 80
77094.000000  21252 80
77150.000000  21291 80
77178.000000  21310 80
77204.000000  21328 80
77230.000000  21346 80
77266.000000  21371 80
77268.000000  21372 80
77292.000000  21389 80
77310.000000  21401 80
77336.000000  21419 80
77368.000000  21441 80
77396.000000  21461 80
77404.000000  21466 80
77438.000000  21489 80
77460.000000  21505 80
77474.000000  21514 80
77474.000000  21514 80
77536.000000  21557 80
77538.000000  21558 80
77566.000000  21578 80
77592.000000  21596 80
77604.000000  21604 80
77620.000000  21615 80
77620.000000  21615 80
77646.000000  21633 80
77698.000000  21669 80
77700.000000  21670 80
77722.000000  21685 80
77722.000000  21685 80
77770.000000  21719 80
77792.000000  21734 80
77792.000000  21734 80
77802.000000  21741 80
77826.000000  21757 80
77874.000000  21791 80
77898.000000  21807 80
77908.000000  21814 80
77928.000000  21828 80
78020.000000  21891 80
78022.000000  21893 80
78056.000000  21917 80
78080.000000  21933 80
78112.000000  21955 80
78140.000000  21974 80
78174.000000  21998 80
78174.000000  21998 80
78252.000000  22052 80
78264.000000  22060 80
78308.000000  22090 80
78310.000000  22092 80
78320.000000  22099 80
78352.000000  22121 80
78376.000000  22137 80
78384.000000  22143 80
78410.000000  22161 80
78432.000000  22176 80
78432.000000  22176 80
78464.000000  22198 80
78534.000000  22247 80
78554.000000  22260 80
78576.000000  22276 80
78600.000000  22292 80
78616.000000  22303 80
78640.000000  22320 80
78672.000000  22342 80
78700.000000  22361 80
78764.000000  22405 80
78822.000000  22445 80
78830.000000  22451 80
78832.000000  22452 80
78888.000000  22491 80
78922.000000  22514 80
78950.000000  22534 80
78952.000000  22535 80
78976.000000  22552 80
78990.000000  22561 80
79022.000000  22583 80
79056.000000  22607 80
79070.000000  22617 80
79072.000000  22618 80
79096.000000  22635 80
79104.000000  22640 80
79104.000000  22640 80
79132.000000  22659 80
79160.000000  22679 80
79192.000000  22701 80
79206.000000  22711 80
79206.000000  22711 80
79224.000000  22723 80
79276.000000  22759 80
79278.000000  22760 80
79312.000000  22784 80
79340.000000  22803 80
79342.000000  22805 80
79368.000000  22823 80
79370.000000  22824 80
79400.000000  22845 80
79402.000000  22846 80
79430.000000  22865 80
79464.000000  22889 80
79466.000000  22890 80
79516.000000  22925 80
79588.000000  22974 80
79626.000000  23001 80
79696.000000  23049 80
79696.000000  23049 80
79734.000000  23075 80
79750.000000  23087 80
79776.000000  23105 80
79828.000000  23141 80
79876.000000  23174 80
79876.000000  23174 80
79940.000000  23218 80
79952.000000  23226 80
79984.000000  23248 80
80006.000000  23263 80
80022.000000  23275 80
80078.000000  23313 80
80092.000000  23323 80
80116.000000  23339 80
80148.000000  23362 80
80200.000000  23398 80
80200.000000  23398 80
80222.000000  23413 80
80270.000000  23446 80
80306.000000  23471 80
80328.000000  23486 80
80344.000000  23497 80
80386.000000  23526 80
80386.000000  23526 80
80436.000000  23561 80
80474.000000  23587 80
80486.000000  23595 80
80524.000000  23622 80
80558.000000  23645 80
80582.000000  23662 80
80582.000000  23662 80
80640.000000  23702 80
80674.000000  23725 80
80758.000000  23783 80
80760.000000  23785 80
80792.000000  23807 80
80824.000000  23829 80
80826.000000  23830 80
80866.000000  23858 80
80922.000000  23897 80
80980.000000  23937 80
81020.000000  23964 80
81020.000000  23964 80
81070.000000  23999 80
81118.000000  24032 80
81136.000000  24044 80
81162.000000  24062 80
81218.000000  24101 80
81254.000000  24126 80
81256.000000  24127 80
81276.000000  24141 80
81290.000000  24151 80
81324.000000  24174 80
81326.000000  24176 80
81356.000000  24196 80
81388.000000  24218 80
81422.000000  24242 80
81474.000000  24278 80
81522.000000  24311 80
81550.000000  24330 80
81570.000000  24344 80
81618.000000  24377 80
81640.000000  24392 80
81670.000000  24413 80
81718.000000  24446 80
81766.000000  24479 80
81766.000000  24479 80
81790.000000  24496 80
81832.000000  24525 80
81894.000000  24568 80
81924.000000  24589 80
81926.000000  24590 80
81976.000000  24625 80
81990.000000  24634 80
81990.000000  24634 80
82052.000000  24677 80
82054.000000  24678 80
82082.000000  24698 80
82104.000000  24713 80
82140.000000  24738 80
82188.000000  24771 80
82224.000000  24796 80
82250.000000  24814 80
82272.000000  24829 80
82272.000000  24829 80
82320.000000  24862 80
82336.000000  24873 80
82346.000000  24880 80
82370.000000  24897 80
82390.000000  24910 80
82420.000000  24931 80
82476.000000  24970 80
82512.000000  24995 80
82564.000000  25031 80
82590.000000  25049 80
82624.000000  25072 80
82624.000000  25072 80
82624.000000  25072 80
82678.000000  25109 80
82730.000000  25145 80
82730.000000  25145 80
82762.000000  25167 80
82788.000000  25185 80
82806.000000  25198 80
82814.000000  25203 80
82836.000000  25219 80
82868.000000  25241 80
82890.000000  25256 80
82904.000000  25265 80
82916.000000  25274 80
82958.000000  25303 80
82982.000000  25319 80
82996.000000  25329 80
83054.000000  25369 80
83076.000000  25384 80
83096.000000  25398 80
83128.000000  25421 80
83158.000000  25441 80
83160.000000  25443 80
83184.000000  25459 80
83184.000000  25459 80
83216.000000  25481 80
83230.000000  25491 80
83314.000000  25549 80
83350.000000  25574 80
83380.000000  25595 80
83382.000000  25596 80
83410.000000  25615 80
83412.000000  25617 80
83444.000000  25639 80
83494.000000  25673 80
83510.000000  25685 80
83532.000000  25700 80
83532.000000  25700 80
83546.000000  25709 80
83564.000000  25722 80
83580.000000  25733 80
83596.000000  25744 80
83644.000000  25777 80
83702.000000  25817 80
83726.000000  25834 80
83738.000000  25842 80
83814.000000  25895 80
83850.000000  25919 80
83874.000000  25936 80
83908.000000  25959 80
83932.000000  25976 80
83946.000000  25986 80
83980.000000  26009 80
83980.000000  26009 80
83980.000000  26009 80
84014.000000  26033 80
84048.000000  26056 80
84066.000000  26069 80
84074.000000  26074 80
84098.000000  26091 80
84098.000000  26091 80
84150.000000  26127 80
84152.000000  26128 80
84204.000000  26164 80
84260.000000  26203 80
84286.000000  26221 80
84312.000000  26239 80
84312.000000  26239 80
84328.000000  26250 80
84360.000000  26272 80
84426.000000  26317 80
84490.000000  26361 80
84498.000000  26367 80
84554.000000  26406 80
84610.000000  26445 80
84620.000000  26451 80
84652.000000  26473 80
84676.000000  26490 80
84746.000000  26539 80
84770.000000  26555 80
84784.000000  26565 80
84800.000000  26576 80
84832.000000  26598 80
84856.000000  26615 80
84904.000000  26648 80
84904.000000  26648 80
84952.000000  26681 80
84984.000000  26703 80
85042.000000  26743 80
85044.000000  26745 80
85070.000000  26763 80
85070.000000  26763 80
85096.000000  26781 80
85110.000000  26791 80
85132.000000  26806 80
85132.000000  26806 80
85132.000000  26806 80
85132.000000  26806 80
85252.000000  26889 80
85254.000000  26890 80
85286.000000  26912 80
85288.000000  26914 80
85328.000000  26941 80
85398.000000  26990 80
85456.000000  27030 80
85480.000000  27047 80
85494.000000  27056 80
85522.000000  27076 80
85524.000000  27077 80
85542.000000  27090 80
85562.000000  27103 80
85570.000000  27109 80
85600.000000  27130 80
85614.000000  27139 80
85616.000000  27141 80
85678.000000  27184 80
85680.000000  27185 80
85704.000000  27202 80
85762.000000  27242 80
85764.000000  27243 80
85778.000000  27253 80
85800.000000  27268 80
85836.000000  27293 80
85838.000000  27294 80
85892.000000  27332 80
85894.000000  27333 80
85946.000000  27369 80
85976.000000  27390 80
85978.000000  27391 80
86024.000000  27423 80
86038.000000  27433 80
86052.000000  27442 80
86052.000000  27442 80
86074.000000  27458 80
86098.000000  27474 80
86148.000000  27509 80
86160.000000  27517 80
86254.000000  27582 80
86280.000000  27600 80
86340.000000  27641 80
86374.000000  27665 80
86376.000000  27667 80
86400.000000  27683 80
86468.000000  27730 80
86480.000000  27738 80
86536.000000  27777 80
86604.000000  27824 80
86690.000000  27883 80
86744.000000  27921 80
86784.000000  27949 80
86826.000000  27978 80
86848.000000  27993 80
86870.000000  28008 80
86898.000000  28027 80
86920.000000  28043 80
86956.000000  28067 80
86958.000000  28069 80
86978.000000  28083 80
87036.000000  28123 80
87068.000000  28145 80
87158.000000  28207 80
87160.000000  28209 80
87192.000000  28231 80
87282.000000  28293 80
87338.000000  28331 80
87368.000000  28352 80
87390.000000  28368 80
87442.000000  28403 80
87444.000000  28405 80
87464.000000  28419 80
87512.000000  28452 80
87532.000000  28466 80
87548.000000  28477 80
87548.000000  28477 80
87576.000000  28496 80
87608.000000  28518 80
87660.000000  28554 80
87660.000000  28554 80
87688.000000  28574 80
87746.000000  28614 80
87778.000000  28636 80
87832.000000  28673 80
87856.000000  28690 80
87870.000000  28699 80
87900.000000  28720 80
87900.000000  28720 80
87930.000000  28741 80
87944.000000  28751 80
87976.000000  28773 80
88002.000000  28791 80
88002.000000  28791 80
88002.000000  28791 80
88028.000000  28809 80
88062.000000  28832 80
88062.000000  28832 80
88110.000000  28865 80
88136.000000  28883 80
88168.000000  28905 80
88188.000000  28919 80
88210.000000  28935 80
88242.000000  28957 80
88266.000000  28973 80
88298.000000  28995 80
88322.000000  29012 80
88334.000000  29020 80
88334.000000  29020 80
88362.000000  29040 80
88374.000000  29048 80
88404.000000  29069 80
88406.000000  29070 80
88434.000000  29089 80
88468.000000  29113 80
88524.000000  29152 80
88526.000000  29153 80
88558.000000  29175 80
88596.000000  29202 80
88654.000000  29242 80
88694.000000  29269 80
88748.000000  29307 80
88770.000000  29322 80
88798.000000  29341 80
88822.000000  29358 80
88876.000000  29396 80
88890.000000  29405 80
88928.000000  29432 80
88930.000000  29433 80
88960.000000  29454 80
88982.000000  29469 80
88982.000000  29469 80
89018.000000  29494 80
89020.000000  29495 80
89046.000000  29513 80
89076.000000  29534 80
89078.000000  29535 80
89100.000000  29551 80
89156.000000  29589 80
89182.000000  29607 80
89198.000000  29619 80
89198.000000  29619 80
89214.000000  29629 80
89240.000000  29647 80
89256.000000  29659 80
89278.000000  29674 80
89308.000000  29695 80
89330.000000  29710 80
89350.000000  29724 80
89398.000000  29757 80
89452.000000  29794 80
89490.000000  29821 80
89492.000000  29822 80
89558.000000  29868 80
89616.000000  29908 80
89630.000000  29918 80
89662.000000  29940 80
89698.000000  29965 80
89698.000000  29965 80
89714.000000  29976 80
89748.000000  29999 80
89750.000000  30001 80
89800.000000  30035 80
89824.000000  30052 80
89852.000000  30071 80
89886.000000  30095 80
89898.000000  30103 80
89910.000000  30112 80
89910.000000  30112 80
89932.000000  30127 80
89966.000000  30151 80
90000.000000  30174 80
90030.000000  30195 80
90044.000000  30205 80
90100.000000  30243 80
90234.000000  30336 80
90292.000000  30376 80
90292.000000  30376 80
90390.000000  30444 80
90416.000000  30462 80
90472.000000  30501 80
90472.000000  30501 80
90524.000000  30537 80
90550.000000  30555 80
90576.000000  30573 80
90624.000000  30606 80
90658.000000  30630 80
90678.000000  30643 80
90678.000000  30643 80
90730.000000  30679 80
90794.000000  30724 80
90818.000000  30740 80
90850.000000  30763 80
90904.000000  30800 80
90958.000000  30837 80
90992.000000  30861 80
91014.000000  30876 80
91048.000000  30899 80
91078.000000  30920 80
91080.000000  30921 80
91092.000000  30930 80
91092.000000  30930 80
91116.000000  30946 80
91154.000000  30973 80
91156.000000  30974 80
91196.000000  31002 80
91196.000000  31002 80
91214.000000  31014 80
91290.000000  31067 80
91314.000000  31084 80
91316.000000  31085 80
91338.000000  31100 80
91358.000000  31114 80
91372.000000  31124 80
91390.000000  31136 80
91400.000000  31143 80
91432.000000  31165 80
91460.000000  31185 80
91460.000000  31185 80
91460.000000  31185 80
91474.000000  31194 80
91474.000000  31194 80
91494.000000  31208 80
91556.000000  31251 80
91558.000000  31253 80
91560.000000  31254 80
91568.000000  31259 80
91596.000000  31279 80
91596.000000  31279 80
91612.000000  31290 80
91670.000000  31330 80
91672.000000  31331 80
91680.000000  31337 80
91714.000000  31361 80
91744.000000  31381 80
91750.000000  31385 80
91776.000000  31403 80
91790.000000  31413 80
91806.000000  31424 80
91840.000000  31448 80
91854.000000  31457 80
91882.000000  31477 80
91896.000000  31487 80
91914.000000  31499 80
91940.000000  31517 80
91968.000000  31536 80
92002.000000  31560 80
92004.000000  31561 80
92020.000000  31572 80
92056.000000  31597 80
92130.000000  31649 80
92166.000000  31673 80
92168.000000  31675 80
92240.000000  31725 80
92252.000000  31733 80
92286.000000  31757 80
92310.000000  31773 80
92324.000000  31783 80
92356.000000  31805 80
92380.000000  31822 80
92408.000000  31841 80
92442.000000  31864 80
92444.000000  31866 80
92460.000000  31877 80
92476.000000  31888 80
92506.000000  31909 80
92528.000000  31924 80
92542.000000  31934 80
92542.000000  31934 80
92570.000000  31953 80
92596.000000  31971 80
92626.000000  31992 80
92636.000000  31999 80
92666.000000  32020 80
92680.000000  32029 80
92728.000000  32063 80
92782.000000  32100 80
92796.000000  32109 80
92822.000000  32127 80
92858.000000  32152 80
92860.000000  32154 80
92890.000000  32175 80
92902.000000  32183 80
92934.000000  32205 80
94474.000000  33271 80
94490.000000  33282 80
94500.000000  33289 80
94584.000000  33347 80
94592.000000  33353 80
94638.000000  33385 80
94644.000000  33389 80
94678.000000  33413 80
94702.000000  33429 80
94736.000000  33453 80
94738.000000  33454 80
94762.000000  33471 80
94774.000000  33479 80
94838.000000  33523 80
94870.000000  33545 80
94870.000000  33545 80
94896.000000  33563 80
94910.000000  33573 80
94962.000000  33609 80
95012.000000  33644 80
95012.000000  33644 80
95042.000000  33665 80
95072.000000  33685 80
95118.000000  33717 80
95166.000000  33750 80
95168.000000  33752 80
95198.000000  33773 80
95236.000000  33799 80
95250.000000  33809 80
95266.000000  33820 80
95348.000000  33876 80
95366.000000  33889 80
95400.000000  33912 80
95402.000000  33914 80
95454.000000  33950 80
95454.000000  33950 80
95454.000000  33950 80
95478.000000  33966 80
95510.000000  33988 80
95564.000000  34026 80
95586.000000  34041 80
95612.000000  34059 80
95662.000000  34093 80
95710.000000  34127 80
95744.000000  34150 80
95794.000000  34185 80
95836.000000  34214 80
95836.000000  34214 80
95858.000000  34229 80
95868.000000  34236 80
95916.000000  34270 80
95972.000000  34308 80
95988.000000  34319 80
96044.000000  34358 80
96058.000000  34368 80
96122.000000  34412 80
96124.000000  34414 80
96134.000000  34421 80
96216.000000  34477 80
96218.000000  34479 80
96246.000000  34498 80
96276.000000  34519 80
96320.000000  34549 80
96348.000000  34569 80
96348.000000  34569 80
96360.000000  34577 80
96370.000000  34584 80
96434.000000  34629 80
96464.000000  34649 80
96480.000000  34660 80
96510.000000  34681 80
96532.000000  34696 80
96564.000000  34719 80
96566.000000  34720 80
96596.000000  34741 80
96598.000000  34742 80
96614.000000  34753 80
96644.000000  34774 80
96646.000000  34775 80
96666.000000  34789 80
96680.000000  34799 80
96702.000000  34814 80
96716.000000  34824 80
96718.000000  34825 80
96732.000000  34835 80
96784.000000  34871 80
96812.000000  34890 80
96812.000000  34890 80
96812.000000  34890 80
96840.000000  34909 80
96840.000000  34909 80
96894.000000  34947 80
96910.000000  34958 80
96938.000000  34977 80
96938.000000  34977 80
96986.000000  35011 80
97062.000000  35063 80
97062.000000  35063 80
97114.000000  35099 80
97162.000000  35133 80
97198.000000  35158 80
97222.000000  35174 80
97278.000000  35213 80
97334.000000  35252 80
97406.000000  35302 80
97408.000000  35303 80
97410.000000  35305 80
97436.000000  35323 80
97438.000000  35324 80
97462.000000  35341 80
97520.000000  35381 80
97572.000000  35417 80
97596.000000  35434 80
97604.000000  35439 80
97656.000000  35475 80
97686.000000  35496 80
97700.000000  35506 80
97720.000000  35520 80
97756.000000  35545 80
97786.000000  35565 80
97812.000000  35583 80
97814.000000  35585 80
97846.000000  35607 80
97874.000000  35627 80
97876.000000  35628 80
97906.000000  35649 80
97908.000000  35650 80
97928.000000  35664 80
97962.000000  35688 80
97964.000000  35689 80
97992.000000  35708 80
98008.000000  35719 80
98038.000000  35740 80
98150.000000  35818 80
98152.000000  35819 80
98168.000000  35830 80
98214.000000  35862 80
98298.000000  35921 80
98346.000000  35954 80
98392.000000  35986 80
98412.000000  36000 80
98458.000000  36031 80
98496.000000  36058 80
98498.000000  36059 80
98518.000000  36073 80
98550.000000  36095 80
98572.000000  36111 80
98574.000000  36112 80
98606.000000  36134 80
98640.000000  36158 80
98694.000000  36195 80
98716.000000  36210 80
98752.000000  36235 80
98754.000000  36237 80
98774.000000  36251 80
98810.000000  36275 80
98812.000000  36277 80
98826.000000  36287 80
98856.000000  36307 80
98872.000000  36319 80
98892.000000  36333 80
98926.000000  36356 80
98954.000000  36375 80
98970.000000  36387 80
98996.000000  36405 80
99006.000000  36411 80
99032.000000  36430 80
99062.000000  36450 80
99088.000000  36468 80
99088.000000  36468 80
99122.000000  36492 80
99152.000000  36513 80
99180.000000  36532 80
99462.000000  36728 80
99462.000000  36728 80
99494.000000  36750 80
99524.000000  36771 80
99596.000000  36821 80
99620.000000  36837 80
99642.000000  36853 80
99656.000000  36862 80
99656.000000  36862 80
99656.000000  36862 80
99656.000000  36862 80
99704.000000  36896 80
99732.000000  36915 80
99764.000000  36937 80
99792.000000  36957 80
99848.000000  36995 80
99848.000000  36995 80
99904.000000  37035 80
99918.000000  37044 80
99972.000000  37081 80
99996.000000  37098 80
100028.000000  37120 80
100058.000000  37141 80
100060.000000  37143 80
100090.000000  37163 80
100118.000000  37183 80
100118.000000  37183 80
100128.000000  37190 80
100148.000000  37204 80
100148.000000  37204 80
100162.000000  37213 80
100184.000000  37229 80
100210.000000  37247 80
100236.000000  37265 80
100250.000000  37274 80
100276.000000  37292 80
100290.000000  37302 80
100292.000000  37303 80
100322.000000  37324 80
100344.000000  37340 80
100358.000000  37349 80
100406.000000  37383 80
100408.000000  37384 80
100410.000000  37385 80
100438.000000  37405 80
100492.000000  37442 80
100516.000000  37459 80
100548.000000  37481 80
100602.000000  37519 80
100626.000000  37535 80
100658.000000  37557 80
100688.000000  37578 80
100730.000000  37607 80
100758.000000  37627 80
100758.000000  37627 80
100774.000000  37638 80
100792.000000  37650 80
100800.000000  37656 80
100802.000000  37657 80
100834.000000  37679 80
100856.000000  37695 80
100864.000000  37700 80
100896.000000  37722 80
100904.000000  37728 80
100924.000000  37742 80
100940.000000  37753 80
100958.000000  37765 80
100960.000000  37767 80
100974.000000  37777 80
100986.000000  37785 80
101002.000000  37796 80
101022.000000  37810 80
101024.000000  37811 80
101056.000000  37833 80
101058.000000  37835 80
101078.000000  37849 80
101080.000000  37850 80
101092.000000  37858 80
101114.000000  37874 80
101124.000000  37881 80
101156.000000  37903 80
101180.000000  37919 80
101190.000000  37926 80
101202.000000  37935 80
101214.000000  37943 80
101246.000000  37965 80
101262.000000  37976 80
101292.000000  37997 80
101306.000000  38007 80
101308.000000  38008 80
101340.000000  38030 80
101342.000000  38031 80
101368.000000  38049 80
101370.000000  38051 80
101396.000000  38069 80
101432.000000  38094 80
101440.000000  38099 80
101460.000000  38113 80
101492.000000  38136 80
101512.000000  38149 80
101536.000000  38166 80
101586.000000  38201 80
101588.000000  38202 80
101594.000000  38206 80
101618.000000  38223 80
101618.000000  38223 80
101634.000000  38234 80
101650.000000  38245 80
101684.000000  38269 80
101712.000000  38288 80
101712.000000  38288 80
101712.000000  38288 80
101724.000000  38297 80
101778.000000  38334 80
101778.000000  38334 80
101790.000000  38342 80
101802.000000  38351 80
101826.000000  38367 80
101838.000000  38376 80
101848.000000  38383 80
101848.000000  38383 80
101902.000000  38420 80
101936.000000  38443 80
101936.000000  38443 80
101936.000000  38443 80
102008.000000  38493 80
102084.000000  38546 80
102092.000000  38552 80
102118.000000  38570 80
102152.000000  38593 80
102200.000000  38627 80
102220.000000  38641 80
102256.000000  38666 80
102272.000000  38677 80
102314.000000  38706 80
102342.000000  38725 80
102342.000000  38725 80
102356.000000  38735 80
102384.000000  38755 80
102386.000000  38756 80
102392.000000  38760 80
102392.000000  38760 80
102410.000000  38772 80
102442.000000  38795 80
102444.000000  38796 80
102504.000000  38838 80
102506.000000  38839 80
102536.000000  38860 80
102536.000000  38860 80
102536.000000  38860 80
102590.000000  38897 80
102626.000000  38922 80
102626.000000  38922 80
102648.000000  38937 80
102684.000000  38962 80
102686.000000  38964 80
102702.000000  38975 80
102724.000000  38990 80
102744.000000  39004 80
102744.000000  39004 80
102778.000000  39028 80
102798.000000  39041 80
102800.000000  39043 80
102820.000000  39057 80
102872.000000  39093 80
102874.000000  39094 80
102896.000000  39109 80
102916.000000  39123 80
102926.000000  39130 80
102960.000000  39154 80
102988.000000  39173 80
103044.000000  39212 80
103044.000000  39212 80
103044.000000  39212 80
103074.000000  39233 80
103098.000000  39249 80
103112.000000  39259 80
103114.000000  39261 80
103146.000000  39283 80
103146.000000  39283 80
103146.000000  39283 80
103180.000000  39306 80
103194.000000  39316 80
103218.000000  39333 80
103250.000000  39355 80
103250.000000  39355 80
103340.000000  39417 80
103346.000000  39421 80
103346.000000  39421 80
103400.000000  39459 80
103416.000000  39470 80
103426.000000  39477 80
103446.000000  39491 80
103478.000000  39513 80
103478.000000  39513 80
103498.000000  39527 80
103512.000000  39537 80
103534.000000  39552 80
103570.000000  39577 80
103626.000000  39616 80
103640.000000  39625 80
103670.000000  39646 80
103676.000000  39651 80
103708.000000  39673 80
103710.000000  39674 80
103730.000000  39688 80
103804.000000  39739 80
103806.000000  39741 80
103810.000000  39743 80
103834.000000  39760 80
103858.000000  39777 80
103890.000000  39799 80
103892.000000  39800 80
103912.000000  39814 80
103924.000000  39822 80
103956.000000  39845 80
103970.000000  39854 80
103992.000000  39869 80
104022.000000  39890 80
104034.000000  39899 80
104060.000000  39917 80
104088.000000  39936 80
104124.000000  39961 80
104150.000000  39979 80
104174.000000  39996 80
104194.000000  40010 80
104214.000000  40023 80
104238.000000  40040 80
104238.000000  40040 80
104254.000000  40051 80
104276.000000  40067 80
104332.000000  40105 80
104346.000000  40115 80
104348.000000  40116 80
104382.000000  40140 80
104384.000000  40141 80
104436.000000  40177 80
104468.000000  40200 80
104500.000000  40222 80
104536.000000  40247 80
104552.000000  40258 80
104566.000000  40268 80
104588.000000  40283 80
104612.000000  40299 80
104642.000000  40320 80
104664.000000  40335 80
104684.000000  40349 80
104684.000000  40349 80
104700.000000  40361 80
104716.000000  40372 80
104732.000000  40383 80
104752.000000  40397 80
104760.000000  40402 80
104780.000000  40416 80
104806.000000  40434 80
104838.000000  40456 80
104838.000000  40456 80
104872.000000  40480 80
104896.000000  40497 80
104910.000000  40506 80
104930.000000  40520 80
104932.000000  40521 80
105000.000000  40569 80
105024.000000  40585 80
105024.000000  40585 80
105038.000000  40595 80
105062.000000  40612 80
105080.000000  40624 80
105082.000000  40626 80
105106.000000  40642 80
105160.000000  40680 80
105162.000000  40681 80
105178.000000  40692 80
105204.000000  40710 80
105234.000000  40731 80
105248.000000  40741 80
105264.000000  40752 80
105284.000000  40766 80
105298.000000  40775 80
105318.000000  40789 80
105336.000000  40802 80
105384.000000  40835 80
105418.000000  40859 80
105430.000000  40867 80
105452.000000  40882 80
105500.000000  40916 80
105534.000000  40939 80
105564.000000  40960 80
105598.000000  40984 80
105622.000000  41001 80
105654.000000  41023 80
105678.000000  41039 80
105692.000000  41049 80
105718.000000  41067 80
105750.000000  41089 80
105780.000000  41110 80
105782.000000  41111 80
105790.000000  41117 80
105808.000000  41129 80
105840.000000  41152 80
105842.000000  41153 80
105868.000000  41171 80
105916.000000  41204 80
105928.000000  41213 80
105960.000000  41235 80
105976.000000  41246 80
106032.000000  41285 80
106056.000000  41302 80
106070.000000  41311 80
106086.000000  41323 80
106094.000000  41328 80
106116.000000  41343 80
106118.000000  41345 80
106178.000000  41386 80
106358.000000  41511 80
106360.000000  41513 80
106376.000000  41524 80
106390.000000  41533 80
106392.000000  41535 80
106426.000000  41558 80
106488.000000  41601 80
106500.000000  41610 80
106522.000000  41625 80
106546.000000  41642 80
106594.000000  41675 80
106614.000000  41689 80
106660.000000  41721 80
106688.000000  41740 80
106738.000000  41775 80
106800.000000  41818 80
106824.000000  41835 80
106824.000000  41835 80
106858.000000  41859 80
106880.000000  41874 80
106914.000000  41897 80
106936.000000  41913 80
106970.000000  41936 80
107050.000000  41991 80
107064.000000  42001 80
107064.000000  42001 80
107092.000000  42021 80
107108.000000  42032 80
107146.000000  42058 80
107164.000000  42071 80
107202.000000  42097 80
107250.000000  42130 80
107262.000000  42139 80
107278.000000  42150 80
107296.000000  42162 80
107310.000000  42172 80
107332.000000  42187 80
107362.000000  42208 80
107384.000000  42223 80
107408.000000  42240 80
107422.000000  42250 80
107456.000000  42273 80
107488.000000  42295 80
107520.000000  42318 80
107544.000000  42334 80
107544.000000  42334 80
107560.000000  42345 80
107590.000000  42366 80
107592.000000  42367 80
107652.000000  42409 80
107652.000000  42409 80
107680.000000  42429 80
107714.000000  42452 80
107738.000000  42469 80
107752.000000  42478 80
107752.000000  42478 80
107792.000000  42506 80
107818.000000  42524 80
107826.000000  42530 80
107826.000000  42530 80
107906.000000  42585 80
107914.000000  42591 80
107950.000000  42616 80
107990.000000  42643 80
108006.000000  42654 80
108026.000000  42668 80
108042.000000  42679 80
108076.000000  42703 80
108078.000000  42704 80
108102.000000  42721 80
108104.000000  42722 80
108136.000000  42745 80
108158.000000  42760 80
108158.000000  42760 80
108158.000000  42760 80
108158.000000  42760 80
108178.000000  42774 80
108210.000000  42796 80
108212.000000  42797 80
108238.000000  42815 80
108252.000000  42825 80
108252.000000  42825 80
108270.000000  42837 80
108324.000000  42875 80
108348.000000  42891 80
108394.000000  42923 80
108472.000000  42977 80
108520.000000  43011 80
108548.000000  43030 80
108548.000000  43030 80
108596.000000  43063 80
108632.000000  43089 80
108644.000000  43097 80
108660.000000  43108 80
108684.000000  43125 80
108684.000000  43125 80
108740.000000  43163 80
108774.000000  43187 80
108808.000000  43211 80
108842.000000  43234 80
108878.000000  43259 80
108900.000000  43275 80
108914.000000  43284 80
108946.000000  43306 80
108968.000000  43322 80
108970.000000  43323 80
108980.000000  43330 80
109012.000000  43352 80
109032.000000  43366 80
109050.000000  43378 80
109126.000000  43431 80
109158.000000  43453 80
109160.000000  43455 80
109182.000000  43470 80
109208.000000  43488 80
109248.000000  43516 80
109250.000000  43517 80
109304.000000  43555 80
109332.000000  43574 80
109388.000000  43613 80
109422.000000  43636 80
109474.000000  43673 80
109508.000000  43696 80
109532.000000  43713 80
109564.000000  43735 80
109588.000000  43751 80
109596.000000  43757 80
109630.000000  43781 80
109632.000000  43782 80
109652.000000  43796 80
109668.000000  43807 80
109686.000000  43819 80
109704.000000  43832 80
109704.000000  43832 80
109716.000000  43840 80
109736.000000  43854 80
109768.000000  43877 80
109782.000000  43886 80
109830.000000  43920 80
109844.000000  43929 80
109844.000000  43929 80
109864.000000  43943 80
109912.000000  43977 80
109944.000000  43999 80
109958.000000  44008 80
109992.000000  44032 80
110026.000000  44056 80
110062.000000  44081 80
110062.000000  44081 80
110062.000000  44081 80
110096.000000  44104 80
110130.000000  44128 80
110154.000000  44144 80
110300.000000  44245 80
110302.000000  44247 80
110312.000000  44254 80
110388.000000  44307 80
110388.000000  44307 80
110412.000000  44323 80
110480.000000  44371 80
110502.000000  44386 80
110538.000000  44411 80
110562.000000  44427 80
110598.000000  44453 80
110636.000000  44479 80
110638.000000  44480 80
110658.000000  44494 80
110690.000000  44516 80
110720.000000  44537 80
110734.000000  44547 80
110766.000000  44569 80
110800.000000  44593 80
110824.000000  44609 80
110824.000000  44609 80
110838.000000  44619 80
110838.000000  44619 80
110870.000000  44641 80
110894.000000  44658 80
110894.000000  44658 80
110894.000000  44658 80
110894.000000  44658 80
112064.000000  45470 80
112092.000000  45490 80
112126.000000  45513 80
112148.000000  45529 80
112150.000000  45530 80
112204.000000  45567 80
112246.000000  45596 80
112292.000000  45628 80
112294.000000  45630 80
112318.000000  45646 80
112348.000000  45667 80
112376.000000  45687 80
112410.000000  45710 80
112432.000000  45725 80
112478.000000  45757 80
112504.000000  45775 80
112504.000000  45775 80
112520.000000  45787 80
112534.000000  45796 80
112586.000000  45833 80
112620.000000  45856 80
112654.000000  45880 80
112686.000000  45902 80
112700.000000  45912 80
112742.000000  45941 80
112798.000000  45980 80
112830.000000  46002 80
112856.000000  46020 80
112908.000000  46056 80
112910.000000  46057 80
112946.000000  46082 80
112986.000000  46110 80
113006.000000  46124 80
113054.000000  46157 80
113068.000000  46167 80
113118.000000  46202 80
113144.000000  46220 80
113144.000000  46220 80
113196.000000  46256 80
113258.000000  46299 80
113260.000000  46300 80
113316.000000  46339 80
113330.000000  46349 80
113362.000000  46371 80
113422.000000  46413 80
113424.000000  46414 80
113452.000000  46433 80
113498.000000  46465 80
113532.000000  46489 80
113562.000000  46510 80
113576.000000  46519 80
113600.000000  46536 80
113632.000000  46558 80
113658.000000  46576 80
113674.000000  46587 80
113674.000000  46587 80
113690.000000  46598 80
113726.000000  46623 80
113732.000000  46627 80
113762.000000  46648 80
113776.000000  46658 80
113802.000000  46676 80
113834.000000  46698 80
113858.000000  46715 80
113916.000000  46755 80
113936.000000  46769 80
113994.000000  46809 80
114052.000000  46850 80
114086.000000  46873 80
114114.000000  46893 80
114116.000000  46894 80
114142.000000  46912 80
114188.000000  46944 80
114216.000000  46963 80
114290.000000  47015 80
114308.000000  47027 80
114336.000000  47047 80
114358.000000  47062 80
114372.000000  47072 80
114390.000000  47084 80
114408.000000  47097 80
114456.000000  47130 80
114470.000000  47140 80
114492.000000  47155 80
114528.000000  47180 80
114530.000000  47181 80
114580.000000  47216 80
114604.000000  47233 80
114618.000000  47243 80
114618.000000  47243 80
114650.000000  47265 80
114674.000000  47281 80
114674.000000  47281 80
114706.000000  -1 80
114706.000000  -1 80
114740.000000  47327 80
114774.000000  47351 80
114798.000000  47367 80
114806.000000  47373 80
114824.000000  47385 80
114844.000000  47399 80
114846.000000  47401 80
114856.000000  47408 80
114874.000000  47420 80
114882.000000  47426 80
114902.000000  47439 80
114954.000000  47476 80
114956.000000  47477 80
114976.000000  47491 80
115070.000000  47556 80
115072.000000  47558 80
115094.000000  47573 80
115120.000000  47591 80
115144.000000  47607 80
115146.000000  47609 80
115176.000000  47630 80
115176.000000  47630 80
115252.000000  47683 80
115328.000000  47735 80
115384.000000  47774 80
115398.000000  47784 80
115434.000000  47809 80
115450.000000  47820 80
115490.000000  47848 80
115518.000000  47867 80
115532.000000  47877 80
115534.000000  47878 80
115570.000000  47903 80
115584.000000  47913 80
115584.000000  47913 80
115632.000000  47946 80
115632.000000  47946 80
115658.000000  47964 80
115688.000000  47985 80
115718.000000  48006 80
115738.000000  48020 80
115794.000000  48059 80
115808.000000  48068 80
115840.000000  48091 80
115864.000000  48107 80
115896.000000  48129 80
115898.000000  48131 80
115926.000000  48150 80
115928.000000  48151 80
115934.000000  48156 80
115966.000000  48178 80
115988.000000  48193 80
115998.000000  48200 80
116012.000000  48210 80
116036.000000  48226 80
116046.000000  48233 80
116058.000000  48242 80
116080.000000  48257 80
116090.000000  48264 80
116102.000000  48272 80
116122.000000  48286 80
116186.000000  48331 80
116218.000000  48353 80
116242.000000  48369 80
116326.000000  48428 80
116352.000000  48446 80
116414.000000  48489 80
116448.000000  48512 80
116472.000000  48529 80
116480.000000  48535 80
116514.000000  48558 80
116516.000000  48559 80
116600.000000  48618 80
116602.000000  48619 80
116604.000000  48621 80
116634.000000  48641 80
116662.000000  48661 80
116664.000000  48662 80
116704.000000  48690 80
116706.000000  48691 80
116712.000000  48695 80
116712.000000  48695 80
116770.000000  48736 80
116796.000000  48754 80
116826.000000  48775 80
116844.000000  48787 80
116844.000000  48787 80
116860.000000  48798 80
116888.000000  48818 80
116936.000000  48851 80
116968.000000  48873 80
117014.000000  48905 80
117050.000000  48930 80
117102.000000  48967 80
117102.000000  48967 80
117156.000000  49004 80
117156.000000  49004 80
117236.000000  49059 80
117238.000000  49061 80
117248.000000  49068 80
117264.000000  49079 80
117290.000000  49097 80
117300.000000  49104 80
117358.000000  49144 80
117360.000000  49145 80
117366.000000  49150 80
117388.000000  49165 80
117396.000000  49171 80
117398.000000  49172 80
117412.000000  49182 80
117438.000000  49200 80
117472.000000  49223 80
117504.000000  49245 80
117522.000000  49258 80
117530.000000  49263 80
117546.000000  49275 80
117582.000000  49300 80
117604.000000  49315 80
117626.000000  49330 80
117648.000000  49345 80
117658.000000  49353 80
117672.000000  49362 80
117696.000000  49379 80
117818.000000  49464 80
117820.000000  49465 80
117882.000000  49508 80
117884.000000  49509 80
117938.000000  49547 80
117970.000000  49569 80
118004.000000  49593 80
118006.000000  49594 80
118036.000000  49615 80
118052.000000  49626 80
118062.000000  49633 80
118088.000000  49651 80
118138.000000  49686 80
118168.000000  49707 80
118196.000000  49726 80
118222.000000  49744 80
118288.000000  49790 80
118300.000000  49798 80
118310.000000  49805 80
118364.000000  49843 80
118366.000000  49844 80
118422.000000  49883 80
118478.000000  49922 80
118492.000000  49931 80
118502.000000  49939 80
118502.000000  49939 80
118558.000000  49977 80
118612.000000  50015 80
118634.000000  50030 80
118634.000000  50030 80
118646.000000  50039 80
118666.000000  50052 80
118702.000000  50077 80
118736.000000  50101 80
118750.000000  50111 80
118780.000000  50131 80
118794.000000  50141 80
118814.000000  50155 80
118830.000000  50166 80
118868.000000  50193 80
118880.000000  50201 80
118900.000000  50215 80
118924.000000  50231 80
118956.000000  50254 80
118956.000000  50254 80
118980.000000  50270 80
119016.000000  50295 80
119018.000000  50297 80
119042.000000  50313 80
119044.000000  50315 80
119074.000000  50336 80
119076.000000  50337 80
119096.000000  50351 80
119162.000000  50397 80
119164.000000  50398 80
119170.000000  50402 80
119190.000000  50416 80
119212.000000  50431 80
119236.000000  50448 80
119250.000000  50458 80
119310.000000  50499 80
119322.000000  50508 80
119344.000000  50523 80
119378.000000  50547 80
119394.000000  50558 80
119394.000000  50558 80
119426.000000  50580 80
119442.000000  50591 80
119458.000000  50602 80
119510.000000  50638 80
119572.000000  50681 80
119608.000000  50706 80
119608.000000  50706 80
119608.000000  50706 80
119670.000000  50749 80
119694.000000  50766 80
119708.000000  50776 80
119710.000000  50777 80
119740.000000  50798 80
119794.000000  50835 80
119848.000000  50873 80
119882.000000  50897 80
119916.000000  50920 80
119934.000000  50933 80
119948.000000  50942 80
119948.000000  50942 80
120002.000000  50980 80
120042.000000  51008 80
120044.000000  51009 80
120066.000000  51024 80
120088.000000  51039 80
120114.000000  51058 80
120114.000000  51058 80
120142.000000  51077 80
120172.000000  51098 80
120244.000000  51148 80
120268.000000  51165 80
120300.000000  51187 80
120330.000000  51208 80
120332.000000  51209 80
120364.000000  51231 80
120366.000000  51233 80
120442.000000  51286 80
120444.000000  51287 80
120498.000000  51324 80
120592.000000  51390 80
120612.000000  51404 80
120686.000000  51455 80
120778.000000  51519 80
120778.000000  51519 80
120806.000000  51539 80
120838.000000  51561 80
120858.000000  51575 80
120890.000000  51597 80
120914.000000  51614 80
120946.000000  51636 80
120946.000000  51636 80
120972.000000  51654 80
121004.000000  51676 80
121028.000000  51693 80
121062.000000  51716 80
121062.000000  51716 80
121062.000000  51716 80
121084.000000  51732 80
121086.000000  51733 80
121098.000000  51741 80
121132.000000  51765 80
121166.000000  51789 80
121168.000000  51790 80
121206.000000  51816 80
121252.000000  51848 80
121284.000000  51871 80
121284.000000  51871 80
121322.000000  51897 80
121354.000000  51919 80
121380.000000  51937 80
121402.000000  51953 80
121418.000000  51964 80
121418.000000  51964 80
121454.000000  51989 80
121470.000000  52000 80
121470.000000  52000 80
121534.000000  52044 80
121534.000000  52044 80
121544.000000  52051 80
121580.000000  52076 80
121582.000000  52077 80
121612.000000  52098 80
121644.000000  52121 80
121644.000000  52121 80
121680.000000  52146 80
121682.000000  52147 80
121754.000000  52197 80
121814.000000  52239 80
121816.000000  52240 80
121830.000000  52250 80
121846.000000  52261 80
121868.000000  52276 80
121880.000000  52285 80
121908.000000  52304 80
121938.000000  52325 80
121968.000000  52346 80
121980.000000  52354 80
121994.000000  52364 80
121994.000000  52364 80
122024.000000  52385 80
122058.000000  52408 80
122092.000000  52432 80
122126.000000  52455 80
122182.000000  52494 80
122196.000000  52504 80
122208.000000  52513 80
122266.000000  52553 80
122268.000000  52554 80
122344.000000  52607 80
122346.000000  52608 80
122362.000000  52619 80
122424.000000  52662 80
122462.000000  52689 80
122464.000000  52690 80
122484.000000  52704 80
122486.000000  52705 80
122546.000000  52747 80
122582.000000  52772 80
122630.000000  52806 80
122654.000000  52822 80
122680.000000  52840 80
122704.000000  52857 80
122718.000000  52867 80
122756.000000  52893 80
122772.000000  52904 80
122780.000000  52910 80
122804.000000  52927 80
122836.000000  52949 80
122866.000000  52970 80
122868.000000  52971 80
122894.000000  52989 80
122916.000000  53004 80
122950.000000  53028 80
123010.000000  53070 80
123034.000000  53086 80
123066.000000  53109 80
123068.000000  53110 80
123110.000000  53139 80
123130.000000  53153 80
123176.000000  53185 80
123204.000000  53204 80
123264.000000  53246 80
123264.000000  53246 80
123302.000000  53272 80
123304.000000  53274 80
123324.000000  53288 80
123324.000000  53288 80
123340.000000  53299 80
123366.000000  53317 80
123376.000000  53324 80
123396.000000  53338 80
123434.000000  53364 80
123456.000000  53379 80
123490.000000  53403 80
123512.000000  53418 80
123546.000000  53442 80
123570.000000  53459 80
123584.000000  53468 80
123614.000000  53489 80
123616.000000  53491 80
123646.000000  53511 80
123648.000000  53513 80
123700.000000  53549 80
123726.000000  53567 80
123742.000000  53578 80
123758.000000  53589 80
123784.000000  53607 80
123814.000000  53628 80
123814.000000  53628 80
123828.000000  53638 80
123828.000000  53638 80
123858.000000  53659 80
123866.000000  53664 80
123874.000000  53670 80
123886.000000  53678 80
123908.000000  53693 80
123922.000000  53703 80
123928.000000  53707 80
123930.000000  53709 80
123956.000000  53727 80
123970.000000  53736 80
123986.000000  53747 80
124008.000000  53763 80
124022.000000  53772 80
124024.000000  53774 80
124044.000000  53788 80
124076.000000  53810 80
124100.000000  53827 80
124160.000000  53868 80
124160.000000  53868 80
124160.000000  53868 80
124192.000000  53890 80
124192.000000  53890 80
124192.000000  53890 80
124214.000000  53906 80
124216.000000  53907 80
124284.000000  53954 80
124286.000000  53956 80
124288.000000  53957 80
124314.000000  53975 80
124342.000000  53995 80
124378.000000  54020 80
124406.000000  54039 80
124442.000000  54064 80
124454.000000  54072 80
124486.000000  54095 80
124522.000000  54120 80
124548.000000  54138 80
124568.000000  54151 80
124588.000000  54165 80
124624.000000  54191 80
124648.000000  54207 80
124684.000000  54232 80
124716.000000  54254 80
124744.000000  54274 80
124744.000000  54274 80
124762.000000  54286 80
124792.000000  54307 80
124816.000000  54324 80
124848.000000  54346 80
124882.000000  54370 80
124916.000000  54393 80
124918.000000  54395 80
124950.000000  54417 80
125004.000000  54454 80
125024.000000  54468 80
125072.000000  54502 80
125116.000000  54532 80
125148.000000  54554 80
125168.000000  54568 80
125182.000000  54578 80
125184.000000  54579 80
125220.000000  54605 80
125250.000000  54625 80
125250.000000  54625 80
125298.000000  54659 80
125316.000000  54671 80
125380.000000  54716 80
125382.000000  54717 80
125414.000000  54739 80
125470.000000  54778 80
125472.000000  54779 80
125492.000000  54793 80
125564.000000  54843 80
125566.000000  54845 80
125568.000000  54846 80
125664.000000  54913 80
125666.000000  54914 80
125672.000000  54918 80
125708.000000  54943 80
125752.000000  54974 80
125778.000000  54992 80
125828.000000  55027 80
125830.000000  55028 80
125868.000000  55055 80
125904.000000  55080 80
125940.000000  55105 80
125972.000000  55127 80
126006.000000  55151 80
126030.000000  55167 80
126036.000000  55172 80
126058.000000  55187 80
126084.000000  55205 80
126106.000000  55220 80
126116.000000  55227 80
126146.000000  55248 80
126148.000000  55249 80
126202.000000  55287 80
126204.000000  55288 80
126236.000000  55311 80
126270.000000  55334 80
126310.000000  55362 80
126324.000000  55372 80
126340.000000  55383 80
126354.000000  55393 80
126370.000000  55404 80
126372.000000  55405 80
126404.000000  55427 80
126424.000000  55441 80
126438.000000  55451 80
126458.000000  55465 80
126472.000000  55475 80
126490.000000  55487 80
126522.000000  55510 80
126522.000000  55510 80
126546.000000  55526 80
126572.000000  55544 80
126582.000000  55551 80
126604.000000  55567 80
126676.000000  55617 80
126690.000000  55627 80
126714.000000  55643 80
126728.000000  55653 80
126760.000000  55676 80
126782.000000  55692 80
126816.000000  55716 80
126880.000000  55763 80
126882.000000  55764 80
126932.000000  55801 80
126932.000000  55801 80
126952.000000  55815 80
126996.000000  55847 80
126998.000000  55849 80
127014.000000  55860 80
127026.000000  55869 80
127036.000000  55876 80
127060.000000  55894 80
127060.000000  55894 80
127084.000000  55911 80
127100.000000  55923 80
127100.000000  55923 80
127112.000000  55932 80
127130.000000  55945 80
127130.000000  55945 80
127178.000000  55980 80
127180.000000  55981 80
127188.000000  55987 80
127190.000000  55989 80
127212.000000  56005 80
127212.000000  56005 80
127310.000000  56076 80
127312.000000  56078 80
127328.000000  56089 80
127336.000000  56095 80
127360.000000  56113 80
127390.000000  56135 80
127414.000000  56152 80
127428.000000  56162 80
127460.000000  56186 80
127482.000000  56202 80
127538.000000  56243 80
127552.000000  56253 80
127584.000000  56276 80
127586.000000  56278 80
127640.000000  56317 80
127666.000000  56336 80
127682.000000  56347 80
127700.000000  56361 80
127752.000000  56399 80
127754.000000  56400 80
127762.000000  56406 80
127764.000000  56407 80
127786.000000  56423 80
127812.000000  56442 80
127858.000000  56476 80
127858.000000  56476 80
127880.000000  56492 80
127886.000000  56497 80
127920.000000  56521 80
127944.000000  56539 80
127978.000000  56563 80
127978.000000  56563 80
127978.000000  56563 80
128010.000000  56587 80
128044.000000  56612 80
128068.000000  56629 80
128100.000000  56653 80
128128.000000  56673 80
128142.000000  56683 80
128164.000000  56699 80
128166.000000  56701 80
128198.000000  56724 80
128232.000000  56749 80
128248.000000  56761 80
128278.000000  56782 80
128328.000000  56819 80
128332.000000  56822 80
128352.000000  56836 80
129674.000000  57801 80
129694.000000  57815 80
129720.000000  57834 80
129720.000000  57834 80
129768.000000  57869 80
129804.000000  57895 80
129838.000000  57920 80
129892.000000  57960 80
129892.000000  57960 80
129892.000000  57960 80
129916.000000  57977 80
129948.000000  58001 80
130002.000000  58040 80
130026.000000  58058 80
130036.000000  58065 80
130070.000000  58090 80
130072.000000  58091 80
130072.000000  58091 80
130124.000000  58129 80
130146.000000  58145 80
130180.000000  58170 80
130180.000000  58170 80
