44397.000000  9 100
44453.000000  40 100
44543.000000  105 100
44543.000000  105 100
44543.000000  105 100
44543.000000  105 100
44709.000000  237 100
44733.000000  256 100
44765.000000  282 100
44799.000000  309 100
44815.000000  322 100
44815.000000  322 100
44857.000000  356 100
44859.000000  358 100
44899.000000  390 100
44919.000000  407 100
44983.000000  459 100
44985.000000  460 100
45043.000000  507 100
45099.000000  553 100
45161.000000  604 100
45261.000000  685 100
45295.000000  713 100
45319.000000  733 100
45351.000000  759 100
45351.000000  759 100
45437.000000  829 100
45439.000000  831 100
45469.000000  855 100
45469.000000  855 100
45485.000000  868 100
45523.000000  899 100
45525.000000  901 100
45547.000000  919 100
45609.000000  969 100
45663.000000  1014 100
45663.000000  1014 100
45741.000000  1078 100
45777.000000  1107 100
45833.000000  1153 100
45889.000000  1199 100
45903.000000  1210 100
46005.000000  1294 100
46007.000000  1295 100
46011.000000  1299 100
46013.000000  1300 100
46071.000000  1348 100
46123.000000  1391 100
46125.000000  1392 100
46165.000000  1425 100
46387.000000  1607 100
46387.000000  1607 100
46387.000000  1607 100
46395.000000  1614 100
46487.000000  1689 100
46489.000000  1691 100
46517.000000  1714 100
46549.000000  1740 100
46575.000000  1761 100
46575.000000  1761 100
46595.000000  1778 100
46697.000000  1862 100
46697.000000  1862 100
46801.000000  1947 100
46927.000000  2051 100
46929.000000  2052 100
46969.000000  2085 100
46995.000000  2107 100
46995.000000  2107 100
47021.000000  2128 100
47179.000000  2258 100
47309.000000  2365 100
47321.000000  2375 100
47345.000000  2394 100
47347.000000  2396 100
47371.000000  2416 100
47373.000000  2417 100
47405.000000  2444 100
47599.000000  2603 100
47619.000000  2620 100
47647.000000  2643 100
47695.000000  2682 100
47709.000000  2694 100
47765.000000  2740 100
47795.000000  2765 100
47797.000000  2766 100
47799.000000  2768 100
47831.000000  2794 100
47857.000000  2816 100
47889.000000  2842 100
47917.000000  2865 100
47977.000000  2914 100
47985.000000  2921 100
48019.000000  2949 100
48043.000000  2969 100
48045.000000  2970 100
48069.000000  2990 100
48077.000000  2997 100
48103.000000  3018 100
48117.000000  3029 100
48143.000000  3051 100
48313.000000  3191 100
48313.000000  3191 100
48313.000000  3191 100
48313.000000  3191 100
48363.000000  3232 100
48387.000000  3252 100
48551.000000  3387 100
48559.000000  3393 100
48575.000000  3407 100
48633.000000  3455 100
48635.000000  3456 100
48693.000000  3504 100
48693.000000  3504 100
48735.000000  3538 100
48781.000000  3576 100
48815.000000  3604 100
48877.000000  3655 100
48899.000000  3674 100
48901.000000  3675 100
48947.000000  3713 100
48959.000000  3723 100
49067.000000  3812 100
49073.000000  3817 100
49157.000000  3886 100
49193.000000  3916 100
49249.000000  3962 100
49251.000000  3964 100
49271.000000  3980 100
49283.000000  3990 100
49309.000000  4012 100
49329.000000  4028 100
49359.000000  4053 100
49403.000000  4089 100
49413.000000  4097 100
49425.000000  4107 100
49447.000000  4125 100
49469.000000  4144 100
49469.000000  4144 100
49485.000000  4157 100
49501.000000  4170 100
49527.000000  4191 100
49641.000000  4286 100
49677.000000  4315 100
49751.000000  4376 100
49813.000000  4427 100
49827.000000  4439 100
49827.000000  4439 100
49883.000000  4485 100
49941.000000  4533 100
49951.000000  4541 100
49977.000000  4563 100
50035.000000  4611 100
50059.000000  4631 100
50071.000000  4641 100
50089.000000  4655 100
50133.000000  4692 100
50149.000000  4705 100
50159.000000  4713 100
50203.000000  4750 100
50203.000000  4750 100
50281.000000  4814 100
50305.000000  4834 100
50305.000000  4834 100
50339.000000  4862 100
50363.000000  4882 100
50505.000000  4999 100
50543.000000  5030 100
50599.000000  5076 100
50613.000000  5088 100
50629.000000  5101 100
50649.000000  5117 100
50697.000000  5157 100
50709.000000  5167 100
50725.000000  5180 100
50771.000000  5218 100
50857.000000  5289 100
50877.000000  5306 100
50959.000000  5374 100
51019.000000  5423 100
51021.000000  5425 100
51053.000000  5452 100
51075.000000  5470 100
51075.000000  5470 100
51109.000000  5498 100
51137.000000  5521 100
51139.000000  5523 100
51167.000000  5546 100
51199.000000  5572 100
51255.000000  5618 100
51257.000000  5620 100
51271.000000  5631 100
51293.000000  5650 100
51313.000000  5666 100
51353.000000  5699 100
51379.000000  5721 100
51381.000000  5722 100
51419.000000  5754 100
51443.000000  5774 100
51467.000000  5793 100
51475.000000  5800 100
51501.000000  5822 100
51547.000000  5860 100
51559.000000  5870 100
51595.000000  5900 100
51597.000000  5901 100
51647.000000  5943 100
51647.000000  5943 100
51701.000000  5987 100
51725.000000  6007 100
51759.000000  6035 100
51783.000000  6055 100
51897.000000  6149 100
51931.000000  6177 100
51989.000000  6225 100
51989.000000  6225 100
52015.000000  6247 100
52061.000000  6285 100
52099.000000  6316 100
52111.000000  6326 100
52295.000000  6479 100
52297.000000  6480 100
52329.000000  6507 100
52353.000000  6527 100
52425.000000  6586 100
52433.000000  6593 100
52507.000000  6654 100
52597.000000  6728 100
52677.000000  6795 100
52699.000000  6813 100
52731.000000  6839 100
52763.000000  6866 100
52783.000000  6883 100
52819.000000  6912 100
52877.000000  6960 100
52911.000000  6989 100
52945.000000  7017 100
52997.000000  7060 100
53027.000000  7085 100
53093.000000  7139 100
53163.000000  7197 100
53185.000000  7215 100
53199.000000  7227 100
53303.000000  7313 100
53303.000000  7313 100
53361.000000  7361 100
53377.000000  7374 100
53427.000000  7416 100
53427.000000  7416 100
53427.000000  7416 100
53451.000000  7436 100
53485.000000  7464 100
53507.000000  7482 100
53523.000000  7495 100
53541.000000  7510 100
53571.000000  7535 100
53605.000000  7563 100
53633.000000  7587 100
53635.000000  7588 100
53643.000000  7595 100
53643.000000  7595 100
53679.000000  7625 100
53681.000000  7626 100
53705.000000  7646 100
53705.000000  7646 100
53705.000000  7646 100
53755.000000  7687 100
53793.000000  7719 100
53801.000000  7725 100
53835.000000  7754 100
53857.000000  7772 100
53881.000000  7792 100
53927.000000  7830 100
53927.000000  7830 100
53985.000000  7878 100
54015.000000  7903 100
54017.000000  7904 100
54121.000000  7991 100
54123.000000  7992 100
54151.000000  8016 100
54291.000000  8132 100
54309.000000  8146 100
54365.000000  8193 100
54365.000000  8193 100
54365.000000  8193 100
54365.000000  8193 100
54423.000000  8241 100
54457.000000  8269 100
54495.000000  8301 100
54515.000000  8317 100
54523.000000  8324 100
54537.000000  8335 100
54567.000000  8360 100
54605.000000  8392 100
54643.000000  8423 100
54681.000000  8455 100
54721.000000  8488 100
54743.000000  8506 100
54777.000000  8535 100
54777.000000  8535 100
54811.000000  8563 100
54845.000000  8591 100
54867.000000  8609 100
54901.000000  8637 100
54929.000000  8661 100
54929.000000  8661 100
54929.000000  8661 100
54937.000000  8667 100
54951.000000  8679 100
54977.000000  8700 100
54977.000000  8700 100
55007.000000  8725 100
55009.000000  8727 100
55039.000000  8752 100
55041.000000  8753 100
55061.000000  8770 100
55095.000000  8798 100
55097.000000  8800 100
55129.000000  8826 100
55143.000000  8838 100
55283.000000  8954 100
55283.000000  8954 100
55309.000000  8976 100
55335.000000  8997 100
55385.000000  9039 100
55401.000000  9052 100
55429.000000  9076 100
55431.000000  9077 100
55441.000000  9085 100
55473.000000  9112 100
55497.000000  9132 100
55511.000000  9144 100
55531.000000  9160 100
55553.000000  9179 100
55623.000000  9237 100
55623.000000  9237 100
55623.000000  9237 100
55623.000000  9237 100
55663.000000  9270 100
55731.000000  9326 100
55749.000000  9341 100
55777.000000  9364 100
55803.000000  9386 100
55833.000000  9411 100
55887.000000  9456 100
55919.000000  9482 100
55977.000000  9530 100
56087.000000  9622 100
56089.000000  9623 100
56117.000000  9647 100
56119.000000  9648 100
56125.000000  9653 100
56141.000000  9667 100
56163.000000  9685 100
56243.000000  9751 100
56277.000000  9779 100
56373.000000  9859 100
56413.000000  9892 100
56415.000000  9894 100
56441.000000  9915 100
56479.000000  9947 100
56549.000000  10005 100
56549.000000  10005 100
56577.000000  10029 100
56681.000000  10115 100
56703.000000  10133 100
56741.000000  10165 100
56743.000000  10166 100
56793.000000  10208 100
56817.000000  10228 100
56829.000000  10238 100
56883.000000  10283 100
56883.000000  10283 100
56909.000000  10304 100
56941.000000  10331 100
56987.000000  10369 100
57005.000000  10384 100
57005.000000  10384 100
57021.000000  10397 100
57127.000000  10485 100
57269.000000  10603 100
57301.000000  10630 100
57355.000000  10675 100
57425.000000  10733 100
57459.000000  10761 100
57513.000000  10806 100
57543.000000  10831 100
57575.000000  10857 100
57599.000000  10877 100
57641.000000  10912 100
57643.000000  10914 100
57653.000000  10922 100
57689.000000  10952 100
57697.000000  10959 100
57729.000000  10985 100
57785.000000  11032 100
57787.000000  11033 100
57827.000000  11067 100
57855.000000  11090 100
57869.000000  11102 100
57885.000000  11115 100
57929.000000  11151 100
57941.000000  11161 100
57957.000000  11175 100
57989.000000  11201 100
57989.000000  11201 100
57989.000000  11201 100
57997.000000  11208 100
58003.000000  11213 100
58037.000000  11241 100
58039.000000  11243 100
58061.000000  11261 100
58115.000000  11306 100
58283.000000  11446 100
58309.000000  11467 100
58377.000000  11524 100
58393.000000  11537 100
58403.000000  11545 100
58423.000000  11562 100
58467.000000  11599 100
58507.000000  11632 100
58525.000000  11647 100
58527.000000  11649 100
58535.000000  11655 100
58555.000000  11672 100
58557.000000  11673 100
58605.000000  11713 100
58627.000000  11732 100
58637.000000  11740 100
58653.000000  11753 100
58677.000000  11773 100
58761.000000  11843 100
58797.000000  11873 100
58821.000000  11893 100
58833.000000  11903 100
58933.000000  11986 100
58987.000000  12031 100
58989.000000  12032 100
59013.000000  12052 100
59045.000000  12079 100
59045.000000  12079 100
59131.000000  12151 100
59151.000000  12167 100
59271.000000  12267 100
59299.000000  12290 100
59301.000000  12292 100
59309.000000  12298 100
59333.000000  12318 100
59343.000000  12327 100
59351.000000  12333 100
59357.000000  12338 100
59357.000000  12338 100
59357.000000  12338 100
59357.000000  12338 100
59393.000000  12368 100
59403.000000  12376 100
59431.000000  12400 100
59461.000000  12425 100
59525.000000  12478 100
59527.000000  12479 100
59533.000000  12484 100
59563.000000  12509 100
59623.000000  12559 100
59647.000000  12579 100
59667.000000  12595 100
59699.000000  12622 100
59731.000000  12649 100
59747.000000  12662 100
59881.000000  12773 100
59907.000000  12795 100
59921.000000  12807 100
59939.000000  12821 100
59989.000000  12863 100
59991.000000  12865 100
60021.000000  12890 100
60051.000000  12915 100
60085.000000  12943 100
60139.000000  12987 100
60163.000000  13007 100
60249.000000  13079 100
60293.000000  13115 100
60305.000000  13125 100
60321.000000  13139 100
60335.000000  13150 100
60351.000000  13164 100
60351.000000  13164 100
60367.000000  13177 100
60379.000000  13187 100
60389.000000  13195 100
60413.000000  13215 100
60423.000000  13224 100
60443.000000  13240 100
60465.000000  13259 100
60465.000000  13259 100
60489.000000  13278 100
60501.000000  13288 100
60525.000000  13308 100
60631.000000  13397 100
60647.000000  13410 100
60701.000000  13455 100
60727.000000  13476 100
60787.000000  13526 100
60789.000000  13528 100
60819.000000  13553 100
60957.000000  13667 100
60985.000000  13691 100
60987.000000  13692 100
60997.000000  13701 100
61021.000000  13721 100
61039.000000  13736 100
61067.000000  13759 100
61091.000000  13779 100
61109.000000  13794 100
61297.000000  13950 100
61325.000000  13974 100
61325.000000  13974 100
61325.000000  13974 100
61357.000000  14000 100
61389.000000  14027 100
61423.000000  14055 100
61445.000000  14073 100
61445.000000  14073 100
61461.000000  14087 100
61481.000000  14103 100
61517.000000  14133 100
61527.000000  14142 100
61657.000000  14250 100
61689.000000  14277 100
61739.000000  14318 100
61739.000000  14318 100
61777.000000  14350 100
61811.000000  14378 100
61863.000000  14422 100
61865.000000  14423 100
61939.000000  14485 100
61941.000000  14486 100
61961.000000  14503 100
61961.000000  14503 100
62021.000000  14553 100
62023.000000  14555 100
62059.000000  14585 100
62061.000000  14586 100
62081.000000  14603 100
62091.000000  14611 100
62119.000000  14635 100
62175.000000  14681 100
62175.000000  14681 100
62257.000000  14749 100
62275.000000  14764 100
62283.000000  14771 100
62303.000000  14788 100
62321.000000  14803 100
62373.000000  14846 100
62393.000000  14863 100
62447.000000  14908 100
62481.000000  14936 100
62503.000000  14955 100
62513.000000  14963 100
62585.000000  15023 100
62599.000000  15034 100
62601.000000  15036 100
62631.000000  15061 100
62693.000000  15113 100
62695.000000  15114 100
62721.000000  15136 100
62751.000000  15161 100
62751.000000  15161 100
62799.000000  15201 100
62801.000000  15203 100
62811.000000  15211 100
62825.000000  15223 100
62851.000000  15244 100
62867.000000  15257 100
62887.000000  15274 100
62903.000000  15287 100
62919.000000  15301 100
62941.000000  15319 100
62955.000000  15331 100
62965.000000  15339 100
62967.000000  15341 100
62983.000000  15354 100
62999.000000  15367 100
63103.000000  15454 100
63111.000000  15461 100
63145.000000  15489 100
63171.000000  15511 100
63335.000000  15647 100
63337.000000  15649 100
63371.000000  15677 100
63393.000000  15695 100
63429.000000  15725 100
63437.000000  15732 100
63467.000000  15757 100
63491.000000  15777 100
63531.000000  15810 100
63531.000000  15810 100
63555.000000  15830 100
63589.000000  15859 100
63643.000000  15903 100
63655.000000  15914 100
63673.000000  15929 100
63699.000000  15950 100
63731.000000  15977 100
63805.000000  16038 100
63863.000000  16087 100
63897.000000  16115 100
63931.000000  16143 100
63933.000000  16145 100
63985.000000  16188 100
64017.000000  16215 100
64043.000000  16236 100
64099.000000  16283 100
64119.000000  16299 100
64145.000000  16321 100
64201.000000  16368 100
64251.000000  16409 100
66307.000000  18123 100
66319.000000  18133 100
66333.000000  18145 100
66387.000000  18190 100
66389.000000  18192 100
66469.000000  18259 100
66507.000000  18290 100
66509.000000  18292 100
66529.000000  18309 100
66569.000000  18342 100
66609.000000  18375 100
66643.000000  18404 100
66705.000000  18455 100
66705.000000  18455 100
66719.000000  0 100
66719.000000  0 100
66737.000000  18482 100
66749.000000  18492 100
66749.000000  18492 100
66775.000000  18514 100
66807.000000  18541 100
66837.000000  18565 100
66869.000000  18592 100
66883.000000  18604 100
66899.000000  18617 100
66959.000000  18667 100
66961.000000  18669 100
67019.000000  18717 100
67051.000000  18744 100
67075.000000  18764 100
67131.000000  18811 100
67133.000000  18813 100
67163.000000  18837 100
67163.000000  18837 100
67323.000000  18971 100
67345.000000  18989 100
67483.000000  19105 100
67527.000000  19142 100
67561.000000  19170 100
67585.000000  19190 100
67617.000000  19217 100
67679.000000  19269 100
67679.000000  19269 100
67735.000000  19315 100
67737.000000  19317 100
67761.000000  19337 100
67763.000000  19339 100
67823.000000  19389 100
67825.000000  19390 100
67853.000000  19414 100
67869.000000  19427 100
67895.000000  19449 100
67931.000000  19479 100
68047.000000  19575 100
68069.000000  19594 100
68117.000000  19634 100
68155.000000  19666 100
68155.000000  19666 100
68287.000000  19776 100
68315.000000  19799 100
68315.000000  19799 100
68315.000000  19799 100
68331.000000  19813 100
68383.000000  19856 100
68413.000000  19881 100
68447.000000  19909 100
68507.000000  19959 100
68509.000000  19961 100
68559.000000  20003 100
68581.000000  20021 100
68581.000000  20021 100
68617.000000  20051 100
68697.000000  20118 100
68723.000000  20140 100
68775.000000  20183 100
68813.000000  20215 100
68849.000000  20245 100
68879.000000  20270 100
68913.000000  20298 100
68945.000000  20325 100
68945.000000  20325 100
69003.000000  20373 100
69037.000000  20402 100
69065.000000  20425 100
69099.000000  20454 100
69159.000000  20504 100
69229.000000  20562 100
69231.000000  20564 100
69247.000000  20577 100
69269.000000  20596 100
69305.000000  20626 100
69367.000000  20678 100
69401.000000  20706 100
69403.000000  20708 100
69431.000000  20731 100
69491.000000  20781 100
69523.000000  20808 100
69523.000000  20808 100
69555.000000  20835 100
69587.000000  20861 100
69691.000000  20948 100
69715.000000  20968 100
69771.000000  21015 100
69785.000000  21027 100
69785.000000  21027 100
69875.000000  21102 100
69875.000000  21102 100
69901.000000  21124 100
69959.000000  21172 100
69989.000000  21197 100
70003.000000  21209 100
70021.000000  21224 100
70035.000000  21236 100
70053.000000  21251 100
70083.000000  21276 100
70153.000000  21334 100
70237.000000  21404 100
70315.000000  21469 100
70433.000000  21568 100
70489.000000  21614 100
70507.000000  21629 100
70531.000000  21649 100
70575.000000  21686 100
70577.000000  21688 100
70593.000000  21701 100
70649.000000  21748 100
70661.000000  21758 100
70795.000000  21870 100
70859.000000  21923 100
70873.000000  21935 100
70907.000000  21963 100
70909.000000  21965 100
70931.000000  21983 100
70931.000000  21983 100
70931.000000  21983 100
70961.000000  22009 100
70991.000000  22033 100
71027.000000  22063 100
71029.000000  22065 100
71051.000000  22084 100
71081.000000  22109 100
71083.000000  22110 100
71119.000000  22140 100
71209.000000  22215 100
71221.000000  22226 100
71237.000000  22239 100
71329.000000  22316 100
71349.000000  22333 100
71405.000000  22379 100
71437.000000  22406 100
71465.000000  22430 100
71467.000000  22431 100
71495.000000  22455 100
71673.000000  22603 100
71675.000000  22605 100
71695.000000  22621 100
71731.000000  22651 100
71731.000000  22651 100
71763.000000  22678 100
71825.000000  22730 100
71825.000000  22730 100
71857.000000  22757 100
71891.000000  22785 100
71891.000000  22785 100
71915.000000  22805 100
71951.000000  22835 100
71953.000000  22837 100
71979.000000  22859 100
71993.000000  22871 100
72025.000000  22897 100
72055.000000  22922 100
72133.000000  22987 100
72287.000000  23116 100
72383.000000  23196 100
72459.000000  23259 100
72479.000000  23276 100
72507.000000  23299 100
72507.000000  23299 100
72507.000000  23299 100
72507.000000  23299 100
72595.000000  23373 100
72685.000000  23448 100
72699.000000  23460 100
72711.000000  23470 100
72745.000000  23498 100
72799.000000  23543 100
72893.000000  23622 100
72929.000000  23652 100
72951.000000  23670 100
72951.000000  23670 100
72965.000000  23682 100
73013.000000  23722 100
73063.000000  23764 100
73095.000000  23791 100
73129.000000  23819 100
73137.000000  23826 100
73157.000000  23843 100
73157.000000  23843 100
73327.000000  23985 100
73329.000000  23986 100
73387.000000  24035 100
73389.000000  24037 100
73449.000000  24087 100
73451.000000  24089 100
73509.000000  24137 100
73511.000000  24139 100
73545.000000  24167 100
73547.000000  24169 100
73567.000000  24185 100
73599.000000  24212 100
73629.000000  24237 100
73631.000000  24239 100
73647.000000  24252 100
73665.000000  24267 100
73711.000000  24306 100
73737.000000  24327 100
73737.000000  24327 100
73749.000000  24337 100
73763.000000  24349 100
73785.000000  24368 100
73819.000000  24396 100
73855.000000  24426 100
73869.000000  24438 100
73983.000000  24533 100
73991.000000  24540 100
74025.000000  24569 100
74051.000000  24590 100
74083.000000  24617 100
74113.000000  24642 100
74147.000000  24671 100
74171.000000  24691 100
74345.000000  24836 100
74345.000000  24836 100
74385.000000  24870 100
74501.000000  24967 100
74559.000000  25015 100
74585.000000  25037 100
74599.000000  25049 100
74629.000000  25074 100
74629.000000  25074 100
74663.000000  25103 100
74697.000000  25131 100
74721.000000  25151 100
74733.000000  25161 100
74759.000000  25183 100
74773.000000  25195 100
74803.000000  25220 100
74859.000000  25267 100
74917.000000  25315 100
74925.000000  25322 100
74927.000000  25323 100
74947.000000  25340 100
74995.000000  25380 100
75011.000000  25394 100
75025.000000  25405 100
75069.000000  25442 100
75119.000000  25484 100
75263.000000  25605 100
75275.000000  25615 100
75331.000000  25662 100
75363.000000  25689 100
75363.000000  25689 100
75387.000000  25709 100
75397.000000  25717 100
75429.000000  25744 100
75451.000000  25762 100
75453.000000  25764 100
75527.000000  25826 100
75573.000000  25864 100
75609.000000  25894 100
75655.000000  25933 100
75655.000000  25933 100
75705.000000  25975 100
75737.000000  26001 100
75771.000000  26030 100
75791.000000  26047 100
75845.000000  26092 100
75845.000000  26092 100
75905.000000  26143 100
75937.000000  26169 100
75961.000000  26189 100
75963.000000  26191 100
75971.000000  26198 100
75971.000000  26198 100
76035.000000  26251 100
76037.000000  26253 100
76065.000000  26277 100
76089.000000  26297 100
76145.000000  26343 100
76191.000000  26382 100
76203.000000  26392 100
76289.000000  26464 100
76289.000000  26464 100
76289.000000  26464 100
76313.000000  26484 100
76385.000000  26544 100
76387.000000  26546 100
76477.000000  26621 100
76501.000000  26641 100
76533.000000  26668 100
76555.000000  26687 100
76671.000000  26784 100
76687.000000  26797 100
76773.000000  26869 100
76785.000000  26879 100
76821.000000  26909 100
76851.000000  26934 100
77005.000000  27063 100
77029.000000  27083 100
77063.000000  27112 100
77131.000000  27169 100
77165.000000  27197 100
77165.000000  27197 100
77191.000000  27219 100
77223.000000  27246 100
77307.000000  27316 100
77343.000000  27346 100
77365.000000  27365 100
77375.000000  27373 100
77391.000000  27387 100
77479.000000  27460 100
77513.000000  27489 100
77535.000000  27507 100
77555.000000  27524 100
77599.000000  27561 100
77669.000000  27620 100
77691.000000  27638 100
77721.000000  27663 100
77737.000000  27677 100
77737.000000  27677 100
77811.000000  27739 100
77835.000000  27759 100
77843.000000  27766 100
77875.000000  27793 100
77907.000000  27819 100
77909.000000  27821 100
77937.000000  27844 100
77993.000000  27891 100
78021.000000  27915 100
78021.000000  27915 100
78021.000000  27915 100
78055.000000  27943 100
78055.000000  27943 100
78055.000000  27943 100
78109.000000  27988 100
78133.000000  28008 100
78163.000000  28033 100
78209.000000  28072 100
78283.000000  28134 100
78383.000000  28217 100
78395.000000  28227 100
78407.000000  28237 100
78469.000000  28289 100
78471.000000  28291 100
78539.000000  28348 100
78539.000000  28348 100
78563.000000  28368 100
78597.000000  28397 100
78651.000000  28442 100
78653.000000  28443 100
78681.000000  28467 100
78695.000000  28479 100
78745.000000  28520 100
78753.000000  28527 100
78771.000000  28542 100
78773.000000  28544 100
78791.000000  28559 100
78827.000000  28589 100
78875.000000  28629 100
78877.000000  28631 100
78903.000000  28653 100
78925.000000  28671 100
79111.000000  28827 100
79111.000000  28827 100
79111.000000  28827 100
79243.000000  28937 100
79347.000000  29025 100
79385.000000  29057 100
79401.000000  29070 100
79415.000000  29082 100
79447.000000  29109 100
79449.000000  29110 100
79471.000000  29129 100
79489.000000  29144 100
79545.000000  29191 100
79545.000000  29191 100
79557.000000  29201 100
79583.000000  29223 100
79605.000000  29241 100
79631.000000  29263 100
79639.000000  29269 100
79641.000000  29271 100
79655.000000  29283 100
79657.000000  29285 100
79683.000000  29307 100
79723.000000  29340 100
79753.000000  29365 100
79815.000000  29417 100
79817.000000  29419 100
79847.000000  29444 100
79929.000000  29513 100
80043.000000  29608 100
80081.000000  29640 100
80109.000000  29663 100
80129.000000  29680 100
80181.000000  29724 100
80203.000000  29742 100
80225.000000  29761 100
80273.000000  29801 100
80321.000000  29841 100
80321.000000  29841 100
80369.000000  29882 100
80371.000000  29883 100
80399.000000  29907 100
80423.000000  29927 100
80477.000000  29972 100
80511.000000  30001 100
80565.000000  30046 100
80585.000000  30063 100
80605.000000  30079 100
80607.000000  30081 100
80635.000000  30104 100
80661.000000  30126 100
80715.000000  30171 100
80735.000000  30188 100
80775.000000  30222 100
80839.000000  30275 100
80869.000000  30301 100
80901.000000  30327 100
80937.000000  30358 100
81029.000000  30435 100
81065.000000  30465 100
81093.000000  30488 100
81123.000000  30513 100
81145.000000  30532 100
81179.000000  30560 100
81261.000000  30629 100
81261.000000  30629 100
81297.000000  30659 100
81339.000000  30694 100
81363.000000  30715 100
81397.000000  30743 100
81397.000000  30743 100
81413.000000  30756 100
81463.000000  30798 100
81501.000000  30830 100
81501.000000  30830 100
81539.000000  30862 100
81551.000000  30872 100
81611.000000  30923 100
81623.000000  30933 100
81681.000000  30981 100
81697.000000  30995 100
81715.000000  31010 100
81737.000000  31028 100
81759.000000  31047 100
81793.000000  31075 100
81817.000000  31095 100
81829.000000  31105 100
81863.000000  31134 100
81865.000000  31135 100
81917.000000  31179 100
81955.000000  31211 100
81973.000000  31226 100
81993.000000  31243 100
82013.000000  31259 100
82031.000000  31275 100
82055.000000  31295 100
82097.000000  31330 100
82097.000000  31330 100
82283.000000  31486 100
82311.000000  31509 100
82311.000000  31509 100
82311.000000  31509 100
82327.000000  31523 100
82357.000000  31548 100
82391.000000  31577 100
82415.000000  31597 100
82447.000000  31624 100
82521.000000  31686 100
82521.000000  31686 100
82545.000000  31706 100
82607.000000  31758 100
82741.000000  31870 100
82773.000000  31897 100
82773.000000  31897 100
82793.000000  31914 100
82865.000000  31974 100
82891.000000  31996 100
82951.000000  32047 100
82953.000000  32048 100
83007.000000  32094 100
83009.000000  32095 100
83043.000000  32124 100
83045.000000  32125 100
83081.000000  32156 100
83081.000000  32156 100
83119.000000  32187 100
83149.000000  32213 100
83183.000000  32241 100
83207.000000  32261 100
83239.000000  32288 100
83289.000000  32330 100
83323.000000  32358 100
83369.000000  32397 100
83391.000000  32415 100
83407.000000  32429 100
83431.000000  32449 100
83483.000000  32493 100
83497.000000  32504 100
83497.000000  32504 100
83525.000000  32528 100
83563.000000  32560 100
83585.000000  32578 100
83619.000000  32607 100
83647.000000  32630 100
83649.000000  32632 100
83677.000000  32655 100
83751.000000  32717 100
83789.000000  32749 100
83791.000000  32751 100
83813.000000  32769 100
83813.000000  32769 100
83823.000000  32778 100
83843.000000  32795 100
83869.000000  32816 100
83897.000000  32840 100
83897.000000  32840 100
83931.000000  32868 100
83955.000000  32889 100
83975.000000  32905 100
83989.000000  32917 100
84005.000000  32931 100
84041.000000  32961 100
84071.000000  32986 100
84101.000000  33011 100
84153.000000  33055 100
84183.000000  33080 100
84277.000000  33159 100
84385.000000  33249 100
84397.000000  33260 100
84421.000000  33280 100
84455.000000  33308 100
84455.000000  33308 100
84455.000000  33308 100
84455.000000  33308 100
84455.000000  33308 100
84495.000000  33342 100
84525.000000  33367 100
84753.000000  33559 100
84815.000000  33611 100
84815.000000  33611 100
84851.000000  33641 100
84933.000000  33710 100
84969.000000  33741 100
85053.000000  33811 100
85119.000000  33867 100
85163.000000  33904 100
85165.000000  33905 100
85201.000000  33936 100
85201.000000  33936 100
85223.000000  33954 100
85237.000000  33966 100
85267.000000  33991 100
85287.000000  34008 100
85289.000000  34010 100
85335.000000  34048 100
85365.000000  34074 100
85393.000000  34097 100
85425.000000  34124 100
85451.000000  34146 100
85465.000000  34158 100
85497.000000  34185 100
85525.000000  34208 100
85527.000000  34210 100
85559.000000  34237 100
85559.000000  34237 100
85613.000000  34282 100
85639.000000  34304 100
85673.000000  34333 100
85727.000000  34378 100
85759.000000  34405 100
85813.000000  34450 100
85849.000000  34480 100
85971.000000  34583 100
85971.000000  34583 100
85989.000000  34598 100
86005.000000  34611 100
86053.000000  34652 100
86079.000000  34674 100
86143.000000  34727 100
86237.000000  34806 100
86269.000000  34833 100
86305.000000  34863 100
86305.000000  34863 100
86305.000000  34863 100
86333.000000  34887 100
86335.000000  34889 100
86395.000000  34939 100
86397.000000  34941 100
86399.000000  34943 100
86413.000000  34954 100
86439.000000  34976 100
86455.000000  34989 100
86473.000000  35005 100
86481.000000  35011 100
86513.000000  35038 100
86539.000000  35060 100
86563.000000  35080 100
86597.000000  35109 100
86611.000000  35121 100
86611.000000  35121 100
86643.000000  35147 100
86691.000000  35188 100
86691.000000  35188 100
86715.000000  35208 100
86767.000000  35252 100
86883.000000  35349 100
86885.000000  35351 100
86917.000000  35377 100
86971.000000  35423 100
87025.000000  35468 100
87027.000000  35469 100
87049.000000  35488 100
87097.000000  35528 100
87135.000000  35560 100
87211.000000  35624 100
87211.000000  35624 100
87261.000000  35666 100
87277.000000  35679 100
87291.000000  35691 100
87291.000000  35691 100
87321.000000  35716 100
87339.000000  35731 100
87349.000000  35740 100
87373.000000  35760 100
87405.000000  35787 100
87435.000000  35812 100
87435.000000  35812 100
87435.000000  35812 100
87435.000000  35812 100
87463.000000  35835 100
87495.000000  35862 100
87495.000000  35862 100
87513.000000  35877 100
87565.000000  35921 100
87597.000000  35948 100
87621.000000  35968 100
87635.000000  35979 100
87665.000000  36005 100
87665.000000  36005 100
87691.000000  36027 100
87711.000000  36043 100
87735.000000  36063 100
87759.000000  36083 100
87787.000000  36107 100
87787.000000  36107 100
87821.000000  36135 100
87847.000000  36157 100
87873.000000  36179 100
87873.000000  36179 100
89735.000000  37743 100
89741.000000  37748 100
89741.000000  37748 100
89767.000000  37770 100
89799.000000  37797 100
89831.000000  37824 100
89841.000000  37832 100
89881.000000  37866 100
89921.000000  37899 100
89921.000000  37899 100
89969.000000  37939 100
89971.000000  37941 100
89999.000000  37965 100
90027.000000  37988 100
90027.000000  37988 100
90027.000000  37988 100
90083.000000  38035 100
90083.000000  38035 100
90253.000000  38178 100
90267.000000  38190 100
90343.000000  38254 100
90363.000000  38270 100
90363.000000  38270 100
90375.000000  38281 100
90413.000000  38312 100
90461.000000  38353 100
90463.000000  38355 100
90513.000000  38397 100
90547.000000  38425 100
90549.000000  38427 100
90581.000000  38454 100
90635.000000  38499 100
90669.000000  38528 100
90697.000000  38551 100
90725.000000  38575 100
90725.000000  38575 100
90751.000000  38597 100
90783.000000  38623 100
90835.000000  38667 100
90835.000000  38667 100
90889.000000  38712 100
90965.000000  38776 100
91007.000000  38811 100
91027.000000  38828 100
91057.000000  38853 100
91071.000000  38865 100
91115.000000  38902 100
91131.000000  38916 100
91147.000000  38929 100
91211.000000  38983 100
91271.000000  39033 100
91307.000000  39064 100
91309.000000  39065 100
91329.000000  39082 100
91391.000000  39134 100
91393.000000  39136 100
91419.000000  39158 100
91441.000000  39176 100
91475.000000  39205 100
91529.000000  39250 100
91553.000000  39270 100
91553.000000  39270 100
91661.000000  39361 100
91691.000000  39386 100
91717.000000  39408 100
91737.000000  39425 100
91829.000000  39503 100
91851.000000  39521 100
91907.000000  39568 100
91939.000000  39595 100
91941.000000  39597 100
91993.000000  39640 100
92089.000000  39721 100
92123.000000  39749 100
92151.000000  39773 100
92197.000000  39812 100
92197.000000  39812 100
92281.000000  39882 100
92283.000000  39884 100
92311.000000  39907 100
92397.000000  39980 100
92397.000000  39980 100
92445.000000  40020 100
92463.000000  40035 100
92519.000000  40083 100
92555.000000  40113 100
92609.000000  40158 100
92703.000000  40237 100
92739.000000  40267 100
92765.000000  40289 100
92825.000000  40340 100
92825.000000  40340 100
92859.000000  40368 100
92895.000000  40398 100
93063.000000  40540 100
93087.000000  40560 100
93123.000000  40590 100
93125.000000  40592 100
93159.000000  40620 100
93283.000000  40725 100
93371.000000  40799 100
93373.000000  40800 100
93407.000000  40829 100
93431.000000  40849 100
93467.000000  40879 100
93495.000000  40903 100
93523.000000  40926 100
93523.000000  40926 100
93523.000000  40926 100
93523.000000  40926 100
93573.000000  40968 100
93611.000000  41000 100
93645.000000  41029 100
93669.000000  41049 100
93729.000000  41099 100
93761.000000  41127 100
93825.000000  41180 100
93881.000000  41227 100
93915.000000  41256 100
93937.000000  41275 100
93939.000000  41276 100
93971.000000  41303 100
94079.000000  41394 100
94081.000000  41395 100
94103.000000  41414 100
94105.000000  41416 100
94113.000000  41422 100
94131.000000  41437 100
94229.000000  41520 100
94259.000000  41545 100
94309.000000  41587 100
94411.000000  41673 100
94447.000000  41703 100
94501.000000  41749 100
94535.000000  41778 100
94593.000000  41827 100
94649.000000  41873 100
94751.000000  41959 100
94795.000000  41996 100
94825.000000  42022 100
94839.000000  42033 100
94869.000000  42059 100
94917.000000  42099 100
94957.000000  42133 100
94957.000000  42133 100
94981.000000  42153 100
95049.000000  42211 100
95107.000000  42259 100
95305.000000  42426 100
95341.000000  42456 100
95389.000000  42497 100
95495.000000  42586 100
95541.000000  42625 100
95573.000000  42652 100
95691.000000  42751 100
95749.000000  42800 100
95805.000000  42847 100
95841.000000  42878 100
95843.000000  42879 100
95903.000000  42930 100
95923.000000  42947 100
95933.000000  42955 100
95965.000000  42982 100
96069.000000  43069 100
96077.000000  43076 100
96077.000000  43076 100
96109.000000  43103 100
96121.000000  43113 100
96121.000000  43113 100
96121.000000  43113 100
96121.000000  43113 100
96345.000000  43302 100
96399.000000  43348 100
96401.000000  43349 100
96423.000000  43368 100
96487.000000  43422 100
96521.000000  43451 100
96599.000000  43516 100
96601.000000  43518 100
96661.000000  43569 100
96709.000000  43609 100
96709.000000  43609 100
96759.000000  43651 100
96835.000000  43715 100
96911.000000  43779 100
96971.000000  43830 100
97029.000000  43879 100
97087.000000  43928 100
97143.000000  43975 100
97261.000000  44074 100
97275.000000  44086 100
97341.000000  44141 100
97397.000000  44189 100
97397.000000  44189 100
97419.000000  44207 100
97439.000000  44224 100
97439.000000  44224 100
97547.000000  44315 100
97549.000000  44317 100
97587.000000  44349 100
97627.000000  44383 100
97687.000000  44433 100
97721.000000  44462 100
97747.000000  44483 100
97781.000000  44512 100
97835.000000  44557 100
97857.000000  44576 100
97891.000000  44605 100
97915.000000  44625 100
97929.000000  44637 100
97993.000000  44690 100
98025.000000  44717 100
98039.000000  44729 100
98055.000000  44743 100
98103.000000  44783 100
98119.000000  44796 100
98119.000000  44796 100
98145.000000  44818 100
98221.000000  44882 100
98257.000000  44913 100
98257.000000  44913 100
98293.000000  44943 100
98317.000000  44963 100
98331.000000  44975 100
98385.000000  45021 100
98455.000000  45079 100
98513.000000  45128 100
98515.000000  45130 100
98587.000000  45191 100
98639.000000  45235 100
98675.000000  45265 100
98747.000000  45325 100
98941.000000  45489 100
98941.000000  45489 100
98995.000000  45534 100
99019.000000  45555 100
99019.000000  45555 100
99053.000000  45583 100
99105.000000  45627 100
99129.000000  45647 100
99129.000000  45647 100
99145.000000  45661 100
99343.000000  45827 100
99399.000000  45875 100
99417.000000  45890 100
99465.000000  45930 100
99497.000000  45957 100
99523.000000  45979 100
99583.000000  46030 100
99591.000000  46037 100
99625.000000  46065 100
99731.000000  46155 100
99731.000000  46155 100
99757.000000  46176 100
99789.000000  46203 100
99909.000000  46304 100
99981.000000  46365 100
100017.000000  46395 100
100017.000000  46395 100
100065.000000  46436 100
100097.000000  46463 100
100121.000000  46483 100
100147.000000  46505 100
100335.000000  46663 100
100337.000000  46665 100
100445.000000  46756 100
100467.000000  46775 100
100507.000000  46808 100
100537.000000  46834 100
100557.000000  46851 100
100609.000000  46894 100
100683.000000  46957 100
100683.000000  46957 100
100707.000000  46977 100
100733.000000  46999 100
100757.000000  47019 100
100813.000000  47067 100
100849.000000  47097 100
100871.000000  47115 100
100905.000000  47144 100
100931.000000  47166 100
100965.000000  47195 100
100993.000000  47218 100
100993.000000  47218 100
100993.000000  47218 100
101057.000000  47272 100
101089.000000  47299 100
101151.000000  47351 100
101151.000000  47351 100
101151.000000  47351 100
101151.000000  47351 100
101151.000000  47351 100
101277.000000  47457 100
101277.000000  47457 100
101287.000000  0 100
101287.000000  0 100
101315.000000  47490 100
101331.000000  47503 100
101347.000000  47517 100
101387.000000  47550 100
101413.000000  47572 100
101431.000000  47587 100
101787.000000  47887 100
101789.000000  47889 100
101829.000000  47923 100
101867.000000  47955 100
101867.000000  47955 100
101901.000000  47983 100
101951.000000  48026 100
102027.000000  48090 100
102059.000000  48117 100
102073.000000  48129 100
102151.000000  48194 100
102151.000000  48194 100
102389.000000  48395 100
102391.000000  48396 100
102455.000000  48450 100
102493.000000  48482 100
102515.000000  48501 100
102563.000000  48541 100
102575.000000  48551 100
102641.000000  48607 100
102653.000000  48617 100
102687.000000  48646 100
102761.000000  48708 100
102761.000000  48708 100
102787.000000  48730 100
102821.000000  48759 100
102823.000000  48760 100
102843.000000  48777 100
102913.000000  48836 100
102947.000000  48864 100
103001.000000  48910 100
103093.000000  48987 100
103125.000000  49014 100
103143.000000  49029 100
103259.000000  49127 100
103277.000000  49142 100
103323.000000  49181 100
103403.000000  49249 100
103403.000000  49249 100
103421.000000  49264 100
103437.000000  49277 100
103437.000000  49277 100
103437.000000  49277 100
103437.000000  49277 100
103539.000000  49363 100
103573.000000  49392 100
103625.000000  49435 100
103649.000000  49456 100
103681.000000  49483 100
103681.000000  49483 100
103751.000000  49541 100
103751.000000  49541 100
103751.000000  49541 100
103801.000000  49584 100
103817.000000  49597 100
103835.000000  49612 100
103905.000000  49671 100
103927.000000  49690 100
103941.000000  49702 100
103959.000000  49717 100
103983.000000  49737 100
104003.000000  49754 100
104099.000000  49835 100
104101.000000  49837 100
104131.000000  49862 100
104145.000000  49874 100
104169.000000  49894 100
104169.000000  49894 100
104291.000000  49997 100
104293.000000  49998 100
104649.000000  50299 100
104651.000000  50300 100
104683.000000  50327 100
104707.000000  50347 100
104739.000000  50375 100
104793.000000  50420 100
104943.000000  50546 100
104945.000000  50548 100
104967.000000  50566 100
104999.000000  50593 100
105041.000000  50629 100
105043.000000  50630 100
105083.000000  50664 100
105099.000000  50677 100
105149.000000  50720 100
105233.000000  50791 100
105257.000000  50811 100
105307.000000  50853 100
105323.000000  50866 100
105355.000000  50893 100
105357.000000  50895 100
105385.000000  50919 100
105419.000000  50947 100
105473.000000  50993 100
105475.000000  50995 100
105501.000000  51017 100
105503.000000  51018 100
105535.000000  51045 100
105537.000000  51047 100
105557.000000  51064 100
105613.000000  51111 100
105659.000000  51149 100
105659.000000  51149 100
105687.000000  51173 100
105701.000000  51185 100
105719.000000  51200 100
105757.000000  51232 100
105887.000000  51342 100
105981.000000  51421 100
106043.000000  51473 100
106105.000000  51526 100
106141.000000  51556 100
106143.000000  51558 100
106163.000000  51575 100
106231.000000  51632 100
106243.000000  51642 100
106243.000000  51642 100
106265.000000  51661 100
106317.000000  51705 100
106337.000000  51721 100
106383.000000  51760 100
106383.000000  51760 100
106383.000000  51760 100
106383.000000  51760 100
106419.000000  51791 100
106437.000000  51806 100
106461.000000  51826 100
106507.000000  51865 100
106507.000000  51865 100
106519.000000  51875 100
106577.000000  51924 100
106593.000000  51938 100
106625.000000  51965 100
106657.000000  51992 100
106659.000000  51993 100
106693.000000  52022 100
106799.000000  52111 100
106873.000000  52174 100
106961.000000  52248 100
106993.000000  52275 100
107131.000000  52392 100
107143.000000  52402 100
107171.000000  52426 100
107215.000000  52463 100
107281.000000  52519 100
107283.000000  52520 100
107299.000000  52534 100
107329.000000  52559 100
107331.000000  52561 100
107357.000000  52583 100
107391.000000  52612 100
107415.000000  52632 100
107447.000000  52659 100
107475.000000  52683 100
107477.000000  52684 100
107491.000000  52696 100
107567.000000  52760 100
107581.000000  52772 100
107603.000000  52791 100
107619.000000  52804 100
107619.000000  52804 100
107653.000000  52833 100
107701.000000  52873 100
107701.000000  52873 100
107701.000000  52873 100
107725.000000  52894 100
107741.000000  52907 100
107767.000000  52929 100
107823.000000  52977 100
107823.000000  52977 100
107853.000000  53002 100
107867.000000  53014 100
107883.000000  53027 100
107919.000000  53057 100
107977.000000  53107 100
108013.000000  53137 100
108015.000000  53139 100
108035.000000  53155 100
108067.000000  53183 100
108089.000000  53201 100
108103.000000  53213 100
108127.000000  53233 100
108167.000000  53267 100
108211.000000  53304 100
108297.000000  53377 100
108319.000000  53395 100
108347.000000  53419 100
108363.000000  53432 100
108655.000000  53679 100
108677.000000  53698 100
108733.000000  53745 100
108767.000000  53773 100
108789.000000  53792 100
108789.000000  53792 100
108839.000000  53834 100
108873.000000  53863 100
108921.000000  53903 100
108961.000000  53937 100
108983.000000  53956 100
109031.000000  53997 100
109071.000000  54030 100
109117.000000  54069 100
109117.000000  54069 100
109169.000000  54113 100
109169.000000  54113 100
109237.000000  54170 100
109275.000000  54202 100
109277.000000  54204 100
109377.000000  54288 100
109431.000000  54334 100
109481.000000  54376 100
109527.000000  54415 100
109607.000000  54482 100
109691.000000  54553 100
109741.000000  54595 100
109805.000000  54649 100
109827.000000  54668 100
109861.000000  54697 100
109883.000000  54715 100
109917.000000  54744 100
109939.000000  54762 100
109941.000000  54764 100
109995.000000  54809 100
110029.000000  54838 100
110109.000000  54906 100
110121.000000  54916 100
110153.000000  54943 100
110249.000000  55024 100
110309.000000  55074 100
110325.000000  55088 100
110375.000000  55130 100
110377.000000  55132 100
110417.000000  55166 100
110433.000000  55179 100
110463.000000  55205 100
110495.000000  55232 100
110519.000000  55252 100
110521.000000  55254 100
110533.000000  55264 100
110605.000000  55325 100
110659.000000  55370 100
110713.000000  55416 100
110739.000000  55438 100
110855.000000  55536 100
110911.000000  55583 100
110963.000000  55627 100
111045.000000  55696 100
111053.000000  55703 100
111141.000000  55777 100
111221.000000  55845 100
111287.000000  55901 100
111303.000000  55914 100
111339.000000  55945 100
111341.000000  55946 100
111391.000000  55989 100
111439.000000  56029 100
111441.000000  56031 100
111451.000000  56039 100
111473.000000  56058 100
111487.000000  56069 100
111489.000000  56071 100
111509.000000  56088 100
111509.000000  56088 100
111539.000000  56113 100
111563.000000  56134 100
111599.000000  56164 100
111647.000000  56205 100
111685.000000  56237 100
111745.000000  56288 100
111761.000000  56301 100
111795.000000  56330 100
111797.000000  56332 100
111847.000000  56374 100
111871.000000  56394 100
111903.000000  56421 100
111957.000000  56467 100
112005.000000  56507 100
112031.000000  56529 100
112045.000000  56541 100
112081.000000  56571 100
112093.000000  56581 100
112109.000000  56595 100
112129.000000  56612 100
112137.000000  56619 100
112137.000000  56619 100
112163.000000  56641 100
112189.000000  56663 100
112191.000000  56664 100
112205.000000  56676 100
112223.000000  56691 100
112239.000000  56705 100
112249.000000  56713 100
112251.000000  56715 100
112267.000000  56729 100
112293.000000  56751 100
112313.000000  56767 100
112325.000000  56777 100
112343.000000  56793 100
112365.000000  56811 100
112389.000000  56832 100
112397.000000  56838 100
112431.000000  56867 100
112453.000000  56886 100
112467.000000  56898 100
112479.000000  56908 100
112505.000000  56930 100
112515.000000  56938 100
112547.000000  56965 100
112551.000000  56969 100
112571.000000  56985 100
112871.000000  57239 100
112873.000000  57241 100
112893.000000  57257 100
112925.000000  57285 100
112953.000000  57308 100
112967.000000  57320 100
112967.000000  57320 100
112993.000000  57342 100
112995.000000  57344 100
113019.000000  57364 100
113053.000000  57393 100
113055.000000  57394 100
113075.000000  57411 100
113133.000000  57460 100
113135.000000  57462 100
113147.000000  57472 100
113163.000000  57485 100
113191.000000  57509 100
113193.000000  57511 100
113205.000000  57521 100
113229.000000  57541 100
113289.000000  57592 100
113291.000000  57594 100
113329.000000  57626 100
113331.000000  57627 100
113335.000000  57631 100
113379.000000  57668 100
113427.000000  57709 100
113485.000000  57758 100
113497.000000  57768 100
113515.000000  57783 100
113563.000000  57824 100
113587.000000  57844 100
113599.000000  57854 100
113625.000000  57876 100
113685.000000  57927 100
113687.000000  57929 100
113699.000000  57939 100
113719.000000  57956 100
113719.000000  57956 100
113751.000000  57983 100
113781.000000  58008 100
113783.000000  58010 100
113787.000000  58013 100
113803.000000  58027 100
113829.000000  58049 100
113937.000000  58140 100
113937.000000  58140 100
113973.000000  58170 100
113975.000000  58172 100
114003.000000  58195 100
114005.000000  58197 100
114021.000000  58211 100
114041.000000  58228 100
114055.000000  58239 100
114071.000000  58253 100
114081.000000  58262 100
114095.000000  58273 100
114115.000000  58290 100
114115.000000  58290 100
114137.000000  58309 100
114153.000000  58323 100
114315.000000  58460 100
114351.000000  58490 100
114377.000000  58512 100
114399.000000  58531 100
114429.000000  58556 100
114451.000000  58575 100
114487.000000  58605 100
114489.000000  58607 100
114509.000000  58624 100
114567.000000  58673 100
114569.000000  58675 100
114587.000000  58690 100
114587.000000  58690 100
114611.000000  58710 100
114629.000000  58725 100
114629.000000  58725 100
114653.000000  58746 100
114675.000000  58764 100
114695.000000  58781 100
114695.000000  58781 100
114729.000000  58810 100
114783.000000  58856 100
116965.000000  60703 100
116989.000000  60723 100
117021.000000  60750 100
117075.000000  60796 100
117099.000000  60817 100
117113.000000  60828 100
117115.000000  60830 100
117163.000000  60871 100
117185.000000  60889 100
117211.000000  60911 100
117265.000000  60957 100
117283.000000  60972 100
117355.000000  61033 100
117435.000000  61101 100
117447.000000  61111 100
117481.000000  61140 100
117483.000000  61142 100
117509.000000  61164 100
117563.000000  61209 100
117599.000000  61240 100
117601.000000  61242 100
117673.000000  61303 100
117707.000000  61331 100
117707.000000  61331 100
117789.000000  61401 100
117801.000000  61411 100
117853.000000  61455 100
117901.000000  61495 100
117967.000000  61551 100
118043.000000  61616 100
118047.000000  61619 100
118049.000000  61621 100
118069.000000  61638 100
118237.000000  61780 100
118253.000000  61794 100
118311.000000  61843 100
118345.000000  61872 100
118367.000000  61890 100
118431.000000  61945 100
118433.000000  61946 100
118455.000000  61965 100
118469.000000  61977 100
118495.000000  61999 100
118495.000000  61999 100
118569.000000  62061 100
118605.000000  62092 100
118623.000000  62107 100
118643.000000  62124 100
118663.000000  62141 100
118679.000000  62155 100
118699.000000  62171 100
118725.000000  62193 100
118783.000000  62243 100
118797.000000  62255 100
118815.000000  62270 100
118839.000000  62290 100
118861.000000  62309 100
118895.000000  62337 100
118947.000000  62381 100
118947.000000  62381 100
118981.000000  62410 100
119039.000000  62459 100
119109.000000  62519 100
119159.000000  62561 100
119159.000000  62561 100
119401.000000  62766 100
119403.000000  62767 100
119423.000000  62785 100
119437.000000  62796 100
119459.000000  62815 100
119491.000000  62842 100
119515.000000  62862 100
119515.000000  62862 100
119551.000000  62893 100
119553.000000  62895 100
119573.000000  62911 100
119631.000000  62961 100
119665.000000  62989 100
119693.000000  63013 100
119741.000000  63054 100
119755.000000  63065 100
119755.000000  63065 100
119821.000000  63121 100
119865.000000  63159 100
119943.000000  63225 100
120039.000000  63306 100
120069.000000  63332 100
120071.000000  63333 100
120097.000000  63355 100
120121.000000  63376 100
120391.000000  63604 100
120417.000000  63626 100
120431.000000  63638 100
120505.000000  63701 100
120603.000000  63784 100
120611.000000  63791 100
120639.000000  63815 100
120701.000000  63867 100
120701.000000  63867 100
120757.000000  0 100
120757.000000  0 100
120791.000000  63943 100
120815.000000  63963 100
120817.000000  63965 100
120931.000000  64062 100
120933.000000  64063 100
120947.000000  64075 100
121017.000000  64135 100
121039.000000  64153 100
121053.000000  64165 100
121089.000000  64195 100
121089.000000  64195 100
121119.000000  64221 100
121161.000000  64257 100
121217.000000  64304 100
121261.000000  64341 100
121279.000000  64356 100
121287.000000  64363 100
121303.000000  64377 100
121333.000000  64402 100
121333.000000  64402 100
121333.000000  64402 100
121357.000000  64423 100
121387.000000  64448 100
121387.000000  64448 100
121387.000000  64448 100
121387.000000  64448 100
121437.000000  64490 100
121467.000000  64516 100
121469.000000  64517 100
121495.000000  64539 100
121495.000000  64539 100
121495.000000  64539 100
121523.000000  64563 100
121551.000000  64587 100
121553.000000  64588 100
121585.000000  64615 100
121617.000000  64642 100
121617.000000  64642 100
121617.000000  64642 100
121617.000000  64642 100
121857.000000  64846 100
121893.000000  64876 100
121915.000000  64895 100
121915.000000  64895 100
121933.000000  64910 100
121963.000000  64936 100
121993.000000  64961 100
121995.000000  64963 100
122021.000000  64985 100
122051.000000  65010 100
122059.000000  65017 100
122075.000000  65031 100
122099.000000  65051 100
122113.000000  65063 100
122123.000000  65071 100
122151.000000  65095 100
122173.000000  65113 100
122307.000000  65227 100
122323.000000  65240 100
122397.000000  65303 100
122419.000000  65322 100
122421.000000  65323 100
122437.000000  65337 100
122479.000000  65373 100
122479.000000  65373 100
122503.000000  65393 100
122601.000000  65476 100
122631.000000  65502 100
122685.000000  65547 100
122687.000000  65549 100
122751.000000  65603 100
122765.000000  65615 100
122873.000000  65707 100
122903.000000  65732 100
122905.000000  65734 100
122995.000000  65810 100
123031.000000  65841 100
123043.000000  65851 100
123043.000000  65851 100
123069.000000  65873 100
123083.000000  65885 100
123095.000000  65895 100
123139.000000  65932 100
123165.000000  65954 100
123167.000000  65956 100
123203.000000  65987 100
123263.000000  66037 100
123297.000000  66066 100
123351.000000  66112 100
123405.000000  66158 100
123407.000000  66159 100
123429.000000  66178 100
123461.000000  66205 100
123483.000000  66224 100
123497.000000  66236 100
123499.000000  66237 100
123519.000000  66254 100
123543.000000  66275 100
123557.000000  66287 100
123573.000000  66300 100
123591.000000  66315 100
123617.000000  66337 100
123635.000000  66353 100
123659.000000  66373 100
123673.000000  66385 100
123693.000000  66402 100
123709.000000  66415 100
123735.000000  66437 100
123735.000000  66437 100
123735.000000  66437 100
123735.000000  66437 100
123783.000000  66478 100
123805.000000  66497 100
123805.000000  66497 100
123821.000000  66511 100
123845.000000  66531 100
123845.000000  66531 100
123879.000000  66560 100
123903.000000  66580 100
123917.000000  66592 100
123927.000000  66600 100
123955.000000  66624 100
123955.000000  66624 100
123955.000000  66624 100
124041.000000  66697 100
124063.000000  66716 100
124077.000000  66727 100
124133.000000  66775 100
124147.000000  66787 100
124187.000000  66821 100
124197.000000  66829 100
124237.000000  66863 100
124239.000000  66865 100
124255.000000  66879 100
124277.000000  66897 100
124279.000000  66899 100
124299.000000  66916 100
124317.000000  66931 100
124365.000000  66972 100
124377.000000  66982 100
124429.000000  67026 100
124429.000000  67026 100
124447.000000  67041 100
124459.000000  67052 100
124505.000000  67091 100
124539.000000  67119 100
124563.000000  67140 100
124577.000000  67152 100
124589.000000  67162 100
124591.000000  67164 100
124613.000000  67182 100
124645.000000  67209 100
124669.000000  67230 100
124683.000000  67242 100
124715.000000  67269 100
124737.000000  67287 100
124753.000000  67301 100
124785.000000  67328 100
124839.000000  67374 100
124839.000000  67374 100
124863.000000  67395 100
124891.000000  67418 100
124915.000000  67439 100
124915.000000  67439 100
124933.000000  67454 100
124963.000000  67479 100
125011.000000  67520 100
125039.000000  67544 100
125069.000000  67569 100
125089.000000  67587 100
125109.000000  67604 100
125133.000000  67624 100
125249.000000  67723 100
125251.000000  67724 100
125267.000000  67738 100
125293.000000  67760 100
125293.000000  67760 100
125367.000000  67823 100
125395.000000  67847 100
125427.000000  67874 100
125427.000000  67874 100
125511.000000  67945 100
125539.000000  67969 100
125563.000000  67989 100
125571.000000  67996 100
125629.000000  68045 100
125629.000000  68045 100
125657.000000  68069 100
125715.000000  68118 100
125727.000000  68129 100
125751.000000  68149 100
125805.000000  68195 100
125813.000000  68202 100
125813.000000  68202 100
125847.000000  68231 100
125877.000000  68256 100
125879.000000  68258 100
125885.000000  68263 100
125893.000000  68269 100
125927.000000  68299 100
125929.000000  68300 100
125949.000000  68317 100
125963.000000  68329 100
125995.000000  68356 100
126031.000000  68387 100
126053.000000  68405 100
126109.000000  68453 100
126157.000000  68494 100
126165.000000  68500 100
126263.000000  68584 100
126265.000000  68585 100
126287.000000  68604 100
126301.000000  68616 100
126323.000000  68635 100
126361.000000  68667 100
126389.000000  68691 100
126421.000000  68718 100
126433.000000  68728 100
126487.000000  68774 100
126511.000000  68794 100
126543.000000  68821 100
126565.000000  68840 100
126565.000000  68840 100
126599.000000  68869 100
126673.000000  68932 100
126731.000000  68981 100
126731.000000  68981 100
126773.000000  69017 100
126819.000000  69056 100
126847.000000  69079 100
126861.000000  69091 100
126873.000000  69101 100
126895.000000  69120 100
126909.000000  69132 100
126909.000000  69132 100
126941.000000  69159 100
126949.000000  69166 100
126963.000000  69178 100
126983.000000  69195 100
127031.000000  69236 100
127047.000000  69249 100
127081.000000  69278 100
127109.000000  69302 100
127109.000000  69302 100
127109.000000  69302 100
127271.000000  69439 100
127289.000000  69455 100
127381.000000  69533 100
127389.000000  69539 100
127409.000000  69557 100
127423.000000  69568 100
127423.000000  69568 100
127439.000000  69582 100
127465.000000  69604 100
127467.000000  69606 100
127481.000000  69618 100
127501.000000  69635 100
127589.000000  69709 100
127591.000000  69711 100
127627.000000  69742 100
127639.000000  69752 100
127665.000000  69774 100
127667.000000  69775 100
127685.000000  69791 100
127685.000000  69791 100
127699.000000  0 100
127699.000000  0 100
127729.000000  69828 100
127731.000000  69830 100
127761.000000  69855 100
127793.000000  69883 100
127797.000000  69886 100
127801.000000  69889 100
127827.000000  69911 100
127827.000000  69911 100
127935.000000  70003 100
127969.000000  70032 100
127971.000000  70033 100
128025.000000  70079 100
128053.000000  70103 100
128085.000000  70130 100
128085.000000  70130 100
128085.000000  70130 100
128127.000000  70166 100
128149.000000  70185 100
128151.000000  70186 100
128361.000000  70365 100
128389.000000  70388 100
128391.000000  70390 100
128427.000000  70421 100
128429.000000  70422 100
128457.000000  70446 100
128495.000000  70478 100
128497.000000  70480 100
128527.000000  70505 100
128585.000000  70555 100
128617.000000  70582 100
128619.000000  70583 100
128645.000000  70606 100
128645.000000  70606 100
128645.000000  70606 100
128669.000000  70626 100
128743.000000  70689 100
128755.000000  70699 100
128823.000000  70757 100
128855.000000  70784 100
128891.000000  70814 100
128891.000000  70814 100
128943.000000  70859 100
128973.000000  70884 100
129061.000000  70959 100
129063.000000  70961 100
129085.000000  70979 100
129141.000000  71027 100
129147.000000  71032 100
129169.000000  71050 100
129383.000000  71232 100
129385.000000  71234 100
129393.000000  71241 100
129421.000000  71265 100
129441.000000  71282 100
129441.000000  71282 100
129475.000000  71310 100
129481.000000  71315 100
129499.000000  71331 100
129513.000000  71343 100
129525.000000  71353 100
129549.000000  71373 100
129565.000000  71387 100
129593.000000  71411 100
129645.000000  71455 100
129677.000000  71482 100
129677.000000  71482 100
129701.000000  71502 100
129735.000000  71531 100
129759.000000  71551 100
129817.000000  71601 100
129871.000000  71647 100
129883.000000  71657 100
129901.000000  71672 100
129951.000000  71715 100
129967.000000  71728 100
130069.000000  71815 100
130069.000000  71815 100
130147.000000  71881 100
130165.000000  71896 100
130167.000000  71898 100
130209.000000  71933 100
130243.000000  71962 100
130257.000000  71974 100
130275.000000  71990 100
130297.000000  72008 100
130327.000000  72034 100
130329.000000  72035 100
130377.000000  72076 100
130391.000000  72088 100
130409.000000  72103 100
130431.000000  72122 100
130455.000000  72142 100
130487.000000  72169 100
130489.000000  72171 100
130519.000000  72197 100
130519.000000  72197 100
130555.000000  72227 100
130659.000000  72315 100
130659.000000  72315 100
130667.000000  72322 100
130717.000000  72365 100
130767.000000  72407 100
130811.000000  72445 100
130823.000000  72455 100
130845.000000  72474 100
130853.000000  72480 100
130877.000000  72501 100
130899.000000  72519 100
130931.000000  72547 100
130955.000000  72567 100
131049.000000  72647 100
131049.000000  72647 100
131075.000000  72669 100
131089.000000  72681 100
131107.000000  72696 100
131127.000000  72713 100
131129.000000  72715 100
131151.000000  72733 100
131187.000000  72764 100
131189.000000  72766 100
131209.000000  72783 100
131239.000000  72808 100
131309.000000  72867 100
131327.000000  72883 100
131355.000000  72907 100
131379.000000  72927 100
131429.000000  72969 100
131431.000000  72971 100
131451.000000  72988 100
131469.000000  73003 100
131499.000000  73029 100
131537.000000  73061 100
131569.000000  73088 100
131643.000000  73151 100
131659.000000  73165 100
131673.000000  73177 100
131701.000000  73200 100
131729.000000  73224 100
131757.000000  73248 100
131779.000000  73267 100
131817.000000  73299 100
131819.000000  73301 100
131839.000000  73317 100
131881.000000  73353 100
131883.000000  73355 100
131939.000000  73402 100
131947.000000  73409 100
131961.000000  73421 100
131979.000000  73436 100
131989.000000  73445 100
131999.000000  73453 100
131999.000000  73453 100
132021.000000  73472 100
132051.000000  73497 100
132069.000000  73513 100
132115.000000  73552 100
132115.000000  73552 100
132141.000000  73574 100
132179.000000  73606 100
132209.000000  73632 100
132319.000000  73725 100
132321.000000  73727 100
132423.000000  73813 100
132457.000000  73842 100
132479.000000  73861 100
132489.000000  73869 100
132529.000000  73903 100
132529.000000  73903 100
132623.000000  73983 100
132661.000000  74016 100
132685.000000  74036 100
132733.000000  74077 100
132751.000000  74092 100
132751.000000  74092 100
132799.000000  74133 100
132845.000000  74172 100
132877.000000  74199 100
132911.000000  74228 100
132969.000000  74277 100
133003.000000  74306 100
133025.000000  74325 100
133027.000000  74327 100
133059.000000  74354 100
133083.000000  74374 100
133139.000000  74422 100
133163.000000  74442 100
133175.000000  74452 100
133175.000000  74452 100
133223.000000  74493 100
133325.000000  74580 100
133341.000000  74594 100
133351.000000  74602 100
133369.000000  74617 100
133385.000000  74631 100
133401.000000  74645 100
133411.000000  74653 100
133429.000000  74668 100
133483.000000  74714 100
133499.000000  74728 100
133531.000000  74755 100
133555.000000  74775 100
133617.000000  74828 100
133619.000000  74830 100
133629.000000  74838 100
133661.000000  74865 100
133667.000000  74870 100
133717.000000  74913 100
133747.000000  74938 100
133749.000000  74940 100
133751.000000  74942 100
133793.000000  74977 100
133795.000000  74979 100
133825.000000  75004 100
133839.000000  75016 100
133873.000000  75045 100
133891.000000  75060 100
133891.000000  75060 100
133913.000000  75079 100
133933.000000  75096 100
133947.000000  75108 100
133975.000000  75131 100
133989.000000  75143 100
134023.000000  75172 100
134031.000000  75179 100
134051.000000  75196 100
134075.000000  75217 100
134099.000000  75237 100
134131.000000  75264 100
134159.000000  75288 100
134161.000000  75289 100
134193.000000  75317 100
136453.000000  77235 100
136465.000000  77245 100
136485.000000  77262 100
136519.000000  77291 100
136531.000000  77301 100
136567.000000  77332 100
136601.000000  77361 100
136603.000000  77362 100
136631.000000  77386 100
136655.000000  77407 100
136719.000000  77461 100
136755.000000  77491 100
136757.000000  77493 100
136777.000000  77510 100
136811.000000  77539 100
136813.000000  77541 100
136865.000000  77585 100
136867.000000  77587 100
136889.000000  77605 100
136903.000000  77617 100
136913.000000  77625 100
136941.000000  77649 100
137027.000000  77722 100
137061.000000  77751 100
137061.000000  77751 100
137125.000000  77806 100
137133.000000  77812 100
137169.000000  77843 100
137219.000000  77885 100
137227.000000  77892 100
137289.000000  77945 100
137323.000000  77974 100
137323.000000  77974 100
137349.000000  77996 100
137383.000000  78025 100
137383.000000  78025 100
137471.000000  78100 100
137507.000000  78130 100
137529.000000  78149 100
137563.000000  78178 100
137617.000000  78224 100
137637.000000  78241 100
137637.000000  78241 100
137647.000000  78249 100
137711.000000  78304 100
137723.000000  78314 100
137739.000000  78327 100
137765.000000  78350 100
137785.000000  78367 100
137805.000000  78384 100
137853.000000  78425 100
137891.000000  78457 100
137911.000000  78474 100
137967.000000  78522 100
138001.000000  78551 100
138083.000000  78620 100
138085.000000  78622 100
138117.000000  78649 100
138147.000000  78675 100
138149.000000  78677 100
138177.000000  78700 100
138199.000000  78719 100
138209.000000  78727 100
138231.000000  78746 100
138325.000000  78826 100
138357.000000  78853 100
138391.000000  78883 100
138415.000000  78903 100
138435.000000  78920 100
138453.000000  78935 100
138489.000000  78966 100
138505.000000  78979 100
138521.000000  78993 100
138579.000000  79043 100
138613.000000  79071 100
138615.000000  79073 100
138637.000000  79092 100
138705.000000  79150 100
138705.000000  79150 100
138723.000000  79165 100
138733.000000  79174 100
138757.000000  79194 100
138769.000000  79204 100
138769.000000  79204 100
138793.000000  79225 100
138827.000000  79253 100
138829.000000  79255 100
138901.000000  79317 100
138943.000000  79352 100
139055.000000  79447 100
139055.000000  79447 100
139079.000000  79468 100
139097.000000  79483 100
139107.000000  79492 100
139219.000000  79587 100
139331.000000  79683 100
139361.000000  79709 100
139363.000000  79710 100
139377.000000  79722 100
139401.000000  79743 100
139401.000000  79743 100
139437.000000  79773 100
139513.000000  79838 100
139549.000000  79869 100
139623.000000  79932 100
139625.000000  79933 100
139645.000000  79950 100
139677.000000  79978 100
139725.000000  80019 100
139777.000000  80063 100
139793.000000  80077 100
139839.000000  80116 100
139839.000000  80116 100
139879.000000  80150 100
139963.000000  80221 100
139965.000000  80223 100
139967.000000  80225 100
139999.000000  80252 100
140021.000000  80271 100
140021.000000  80271 100
140055.000000  80300 100
140083.000000  80324 100
140085.000000  80325 100
140099.000000  80337 100
140099.000000  80337 100
140121.000000  80356 100
140121.000000  80356 100
140153.000000  80383 100
140153.000000  80383 100
140269.000000  80482 100
140277.000000  80489 100
140297.000000  80506 100
140359.000000  80559 100
140371.000000  80569 100
140419.000000  80610 100
140439.000000  80627 100
140453.000000  80639 100
140469.000000  80652 100
140541.000000  80714 100
140541.000000  80714 100
140549.000000  80720 100
140549.000000  80720 100
140583.000000  80749 100
140607.000000  80770 100
140683.000000  80835 100
140737.000000  80880 100
140765.000000  80904 100
140767.000000  80906 100
140779.000000  80916 100
140829.000000  80959 100
140859.000000  80984 100
140861.000000  80986 100
140875.000000  80998 100
140889.000000  81009 100
140889.000000  81009 100
140917.000000  81033 100
140935.000000  81049 100
140975.000000  81083 100
140989.000000  81095 100
141007.000000  81110 100
141027.000000  81127 100
141027.000000  81127 100
141053.000000  81149 100
141077.000000  81170 100
141097.000000  81187 100
141097.000000  81187 100
141113.000000  81200 100
141295.000000  81355 100
141405.000000  81449 100
141405.000000  81449 100
141475.000000  81509 100
141477.000000  81510 100
141487.000000  81519 100
141511.000000  81539 100
141511.000000  81539 100
141529.000000  81555 100
141545.000000  81568 100
141567.000000  81587 100
141583.000000  81601 100
141595.000000  81611 100
141611.000000  81624 100
141639.000000  81648 100
141737.000000  81732 100
141777.000000  81766 100
141813.000000  81797 100
141835.000000  81815 100
141869.000000  81844 100
141895.000000  81866 100
141929.000000  81895 100
141951.000000  81914 100
141953.000000  81916 100
142007.000000  81962 100
142041.000000  81991 100
142095.000000  82037 100
142151.000000  82084 100
142163.000000  82094 100
142293.000000  82205 100
142313.000000  82222 100
142405.000000  82300 100
142417.000000  82311 100
142449.000000  82338 100
142507.000000  82387 100
142509.000000  82389 100
142561.000000  82433 100
142563.000000  82435 100
142587.000000  82455 100
142601.000000  82467 100
142617.000000  82481 100
142667.000000  82523 100
142721.000000  82569 100
142751.000000  82594 100
142753.000000  82596 100
142763.000000  82605 100
142787.000000  82625 100
142813.000000  82647 100
142845.000000  82674 100
142881.000000  82705 100
142937.000000  82753 100
142951.000000  82765 100
142953.000000  82766 100
142967.000000  82778 100
142983.000000  82792 100
143013.000000  82817 100
143049.000000  82848 100
143081.000000  82875 100
143137.000000  82923 100
143139.000000  82925 100
143165.000000  82947 100
143257.000000  83025 100
143287.000000  83050 100
143289.000000  83052 100
143291.000000  83054 100
143319.000000  83078 100
143319.000000  83078 100
143319.000000  83078 100
143413.000000  83157 100
143495.000000  83227 100
143533.000000  83259 100
143849.000000  83529 100
143849.000000  83529 100
143875.000000  83551 100
143907.000000  83578 100
143983.000000  83643 100
143985.000000  83645 100
143991.000000  83650 100
143991.000000  83650 100
144055.000000  83704 100
144123.000000  83762 100
144139.000000  83776 100
144153.000000  83788 100
144173.000000  83805 100
144295.000000  83909 100
144297.000000  83911 100
144335.000000  83943 100
144369.000000  83972 100
144397.000000  83996 100
144399.000000  83998 100
144459.000000  84049 100
144461.000000  84051 100
144489.000000  84075 100
144513.000000  84095 100
144545.000000  84122 100
144577.000000  84149 100
144595.000000  84165 100
144625.000000  84191 100
144627.000000  84192 100
144651.000000  84213 100
144651.000000  84213 100
144651.000000  84213 100
144695.000000  84250 100
144709.000000  84262 100
144731.000000  84281 100
144735.000000  84284 100
144735.000000  84284 100
144735.000000  84284 100
144735.000000  84284 100
144779.000000  84322 100
144825.000000  84361 100
144931.000000  84451 100
144947.000000  84465 100
145005.000000  84515 100
145129.000000  84620 100
145371.000000  84826 100
145391.000000  84843 100
145405.000000  84855 100
145431.000000  84877 100
145457.000000  84900 100
145475.000000  84915 100
145507.000000  84942 100
145571.000000  84997 100
145571.000000  84997 100
145593.000000  85016 100
145621.000000  85039 100
145653.000000  85067 100
145673.000000  85084 100
145683.000000  85092 100
145685.000000  85094 100
145693.000000  85101 100
145725.000000  85128 100
145759.000000  85157 100
145791.000000  85185 100
145827.000000  85215 100
145855.000000  85239 100
145867.000000  85249 100
145879.000000  85259 100
145909.000000  85285 100
145921.000000  85295 100
145989.000000  85353 100
146033.000000  85391 100
146057.000000  85411 100
146081.000000  85432 100
146101.000000  85449 100
146111.000000  85457 100
146131.000000  85474 100
146155.000000  85495 100
146363.000000  85672 100
146399.000000  85703 100
146423.000000  85723 100
146455.000000  85751 100
146479.000000  85771 100
146513.000000  85800 100
146515.000000  85802 100
146535.000000  85819 100
146569.000000  85848 100
146571.000000  85850 100
146593.000000  85868 100
146609.000000  85882 100
146635.000000  85904 100
146643.000000  85911 100
146679.000000  85942 100
146705.000000  85964 100
146721.000000  85977 100
146759.000000  86010 100
146773.000000  86022 100
146797.000000  86042 100
146833.000000  86073 100
146865.000000  86100 100
146923.000000  86150 100
146937.000000  86162 100
146937.000000  86162 100
147005.000000  86220 100
147039.000000  86249 100
147039.000000  86249 100
147093.000000  86295 100
147117.000000  86315 100
147125.000000  86322 100
147125.000000  86322 100
147181.000000  86370 100
147253.000000  86431 100
147311.000000  86481 100
147311.000000  86481 100
147369.000000  86531 100
147393.000000  86551 100
147429.000000  86582 100
147429.000000  86582 100
147441.000000  86592 100
147471.000000  86618 100
147499.000000  86642 100
147545.000000  86681 100
147545.000000  86681 100
147581.000000  86712 100
147635.000000  86758 100
147675.000000  86792 100
147677.000000  86793 100
147787.000000  86887 100
147799.000000  86897 100
147829.000000  86923 100
147829.000000  86923 100
147885.000000  86971 100
147911.000000  86993 100
147941.000000  87018 100
147969.000000  87042 100
148017.000000  87083 100
148051.000000  87112 100
148099.000000  87153 100
148115.000000  87167 100
148135.000000  87183 100
148161.000000  87206 100
148169.000000  87213 100
148171.000000  87214 100
148227.000000  87262 100
148285.000000  87311 100
148319.000000  87340 100
148341.000000  87359 100
148357.000000  87373 100
148373.000000  87386 100
148405.000000  87413 100
148407.000000  87415 100
148433.000000  87437 100
148453.000000  87454 100
148475.000000  87473 100
148483.000000  87480 100
148489.000000  87485 100
148511.000000  87504 100
148529.000000  87519 100
148537.000000  87526 100
148537.000000  87526 100
148573.000000  87557 100
148575.000000  87558 100
148575.000000  87558 100
148599.000000  87579 100
148633.000000  87607 100
148633.000000  87607 100
148681.000000  87649 100
148697.000000  87662 100
148711.000000  87674 100
148711.000000  87674 100
148735.000000  87695 100
148781.000000  87734 100
148821.000000  87768 100
148879.000000  87817 100
148889.000000  87826 100
148911.000000  87845 100
148933.000000  87863 100
148935.000000  87865 100
148959.000000  87886 100
148973.000000  87897 100
148989.000000  87911 100
149037.000000  87952 100
149061.000000  87972 100
149119.000000  88022 100
149121.000000  88023 100
149135.000000  88035 100
149135.000000  88035 100
149239.000000  88124 100
149285.000000  88163 100
149303.000000  88179 100
149313.000000  88187 100
