120177.000000  20154
120179.000000  20155
120181.000000  20156
120183.000000  20158
120185.000000  20159
120187.000000  20160
120189.000000  20162
120189.000000  20162
120189.000000  20162
120189.000000  20162
120189.000000  20162
123369.000000  20291
123371.000000  20291
123373.000000  20291
123375.000000  20291
123377.000000  20291
123379.000000  20291
123381.000000  20292
123383.000000  20292
123385.000000  20292
123387.000000  20293
123389.000000  20293
123391.000000  20294
123393.000000  20294
123395.000000  20295
123397.000000  20295
123399.000000  20296
123401.000000  20296
123403.000000  20297
123405.000000  20297
123407.000000  20298
123409.000000  20299
123411.000000  20299
123413.000000  20300
123415.000000  20301
123417.000000  20302
123419.000000  20303
123421.000000  20303
123423.000000  20304
123425.000000  20305
123427.000000  20306
123429.000000  20307
123431.000000  20308
123433.000000  20309
123435.000000  20309
123437.000000  20311
123439.000000  20311
123441.000000  20313
123443.000000  20313
123445.000000  20315
123447.000000  20315
123449.000000  20317
123451.000000  20317
123453.000000  20319
123455.000000  20320
123457.000000  20321
123459.000000  20322
123461.000000  20323
123463.000000  20324
123465.000000  20325
123467.000000  20326
123469.000000  20327
123471.000000  20328
123473.000000  20329
123475.000000  20331
123477.000000  20332
123479.000000  20333
123481.000000  20334
123483.000000  20335
123485.000000  20337
123487.000000  20338
123489.000000  20339
123491.000000  20340
123493.000000  20342
123495.000000  20343
123497.000000  20344
123499.000000  20345
123501.000000  20347
123503.000000  20348
123505.000000  20349
123507.000000  20350
123509.000000  20351
123511.000000  20353
123513.000000  20354
123515.000000  20355
123517.000000  20357
123519.000000  20358
123521.000000  20359
123523.000000  20361
123525.000000  20362
123527.000000  20363
123529.000000  20365
123531.000000  20366
123533.000000  20367
123535.000000  20369
123537.000000  20370
123539.000000  20371
123541.000000  20373
123543.000000  20374
123545.000000  20375
123547.000000  20377
123549.000000  20378
123551.000000  20379
123553.000000  20381
123555.000000  20382
123557.000000  20383
123559.000000  20385
123561.000000  20386
123563.000000  20387
123565.000000  20389
123567.000000  20390
123569.000000  20392
123571.000000  20393
123573.000000  20394
123575.000000  20396
123577.000000  20397
123579.000000  20399
123581.000000  20400
123583.000000  20401
123585.000000  20403
123587.000000  20404
123589.000000  20405
123591.000000  20407
123593.000000  20408
123595.000000  20410
123597.000000  20411
123599.000000  20413
123601.000000  20414
123603.000000  20415
123605.000000  20417
123607.000000  20418
123609.000000  20420
123611.000000  20421
123613.000000  20422
123615.000000  20424
123617.000000  20425
123619.000000  20427
123621.000000  20428
123623.000000  20429
123625.000000  20431
123627.000000  20432
123629.000000  20434
123631.000000  20435
123633.000000  20437
123635.000000  20438
123637.000000  20440
123639.000000  20441
123641.000000  20443
123643.000000  20444
123645.000000  20445
123647.000000  20447
123649.000000  20448
123651.000000  20450
123653.000000  20451
123655.000000  20453
123657.000000  20454
123659.000000  20455
123661.000000  20457
123663.000000  20458
123665.000000  20460
123667.000000  20461
123669.000000  20463
123671.000000  20464
123673.000000  20465
123675.000000  20467
123677.000000  20468
123679.000000  20470
123681.000000  20471
123683.000000  20473
123685.000000  20474
123687.000000  20476
123689.000000  20477
123691.000000  20479
123693.000000  20480
123695.000000  20481
123697.000000  20483
123699.000000  20484
123701.000000  20486
123703.000000  20487
123705.000000  20489
123707.000000  20490
123709.000000  20492
123711.000000  20493
123713.000000  20495
123715.000000  20496
123717.000000  20497
123719.000000  20499
123721.000000  20500
123723.000000  20502
123725.000000  20503
123727.000000  20505
123729.000000  20506
123731.000000  20508
123733.000000  20509
123735.000000  20511
123737.000000  20512
123739.000000  20513
123741.000000  20515
123743.000000  20516
123745.000000  20518
123747.000000  20519
123749.000000  20521
123751.000000  20522
123753.000000  20523
123755.000000  20525
123757.000000  20527
123759.000000  20528
123761.000000  20529
123763.000000  20531
123765.000000  20533
123767.000000  20534
123769.000000  20535
123771.000000  20537
123773.000000  20538
123775.000000  20540
123777.000000  20541
123779.000000  20543
123781.000000  20544
123783.000000  20545
123785.000000  20547
123787.000000  20548
123789.000000  20550
123791.000000  20551
123793.000000  20553
123795.000000  20554
123797.000000  20556
123799.000000  20557
123801.000000  20559
123803.000000  20560
123805.000000  20562
123807.000000  20563
123809.000000  20565
123811.000000  20566
123813.000000  20567
123815.000000  20569
123817.000000  20570
123819.000000  20572
123821.000000  20573
123823.000000  20575
123825.000000  20576
123827.000000  20578
123829.000000  20579
123829.000000  20579
0.000000  0
0.000000  0
0.000000  0
0.000000  0
0.000000  0
0.000000  0
0.000000  0
0.000000  0
0.000000  0
0.000000  0
123851.000000  20595
123853.000000  20597
123855.000000  20598
123857.000000  20600
123859.000000  20601
123861.000000  20603
123863.000000  20604
123865.000000  20606
123867.000000  20607
123869.000000  20609
123871.000000  20610
123873.000000  20611
123875.000000  20613
123877.000000  20614
123879.000000  20616
123881.000000  20617
123883.000000  20619
123885.000000  20620
123887.000000  20622
123889.000000  20623
123891.000000  20625
123893.000000  20626
123895.000000  20627
123897.000000  20629
123899.000000  20631
123901.000000  20632
123903.000000  20633
123905.000000  20635
123907.000000  20636
123909.000000  20638
123911.000000  20639
123913.000000  20641
123915.000000  20642
123917.000000  20644
123919.000000  20645
123921.000000  20647
123923.000000  20648
123925.000000  20649
123927.000000  20651
123929.000000  20653
123931.000000  20654
123933.000000  20655
123935.000000  20657
123937.000000  20658
123939.000000  20660
123941.000000  20661
123943.000000  20663
123945.000000  20664
123947.000000  20666
123949.000000  20667
123951.000000  20669
123953.000000  20670
123955.000000  20671
123957.000000  20673
123959.000000  20675
123961.000000  20676
123963.000000  20677
123965.000000  20679
123967.000000  20680
123969.000000  20682
123971.000000  20683
123973.000000  20685
123975.000000  20686
123977.000000  20688
123979.000000  20689
123981.000000  20691
123983.000000  20692
123985.000000  20693
123987.000000  20695
123989.000000  20696
123991.000000  20698
123993.000000  20699
123995.000000  20701
123997.000000  20702
123999.000000  20704
124001.000000  20705
124003.000000  20707
124005.000000  20708
124007.000000  20710
124009.000000  20711
124011.000000  20713
124013.000000  20714
124015.000000  20715
124017.000000  20717
124019.000000  20718
124021.000000  20720
124023.000000  20721
124025.000000  20723
124027.000000  20724
124029.000000  20726
124031.000000  20727
124033.000000  20729
124035.000000  20730
124037.000000  20732
124039.000000  20733
124041.000000  20735
124043.000000  20736
124045.000000  20737
124047.000000  20739
124049.000000  20740
124051.000000  20742
124053.000000  20743
124055.000000  20745
124057.000000  20746
124059.000000  20748
124061.000000  20749
124063.000000  20751
124065.000000  20752
124067.000000  20754
124069.000000  20755
124071.000000  20757
124073.000000  20758
124075.000000  20759
124077.000000  20761
124079.000000  20762
124081.000000  20764
124083.000000  20765
124085.000000  20767
124087.000000  20768
124089.000000  20770
124091.000000  20771
124093.000000  20773
124095.000000  20774
124097.000000  20776
124099.000000  20777
124101.000000  20779
124103.000000  20780
124105.000000  20782
124107.000000  20783
124109.000000  20785
124111.000000  20786
124113.000000  20787
124115.000000  20789
124117.000000  20790
124119.000000  20792
124121.000000  20793
124123.000000  20795
124125.000000  20796
124127.000000  20798
124129.000000  20799
124131.000000  20801
124133.000000  20802
124135.000000  20804
124137.000000  20805
124139.000000  20807
124141.000000  20808
124143.000000  20809
124145.000000  20811
124147.000000  20813
124149.000000  20814
124151.000000  20815
124153.000000  20817
124155.000000  20818
124157.000000  20820
124159.000000  20821
124161.000000  20823
124163.000000  20824
124165.000000  20826
124167.000000  20827
124169.000000  20829
124171.000000  20830
124173.000000  20831
124175.000000  20833
124177.000000  20835
124179.000000  20836
124181.000000  20837
124183.000000  20839
124185.000000  20841
124187.000000  20842
124189.000000  20843
124191.000000  20845
124193.000000  20846
124195.000000  20848
124197.000000  20849
124199.000000  20851
124201.000000  20852
124203.000000  20854
124205.000000  20855
124207.000000  20857
124209.000000  20858
124211.000000  20859
124213.000000  20861
124215.000000  20863
124217.000000  20864
124219.000000  20865
124221.000000  20867
124223.000000  20868
124225.000000  20870
124227.000000  20871
124229.000000  20873
124231.000000  20874
124233.000000  20876
124235.000000  20877
124237.000000  20879
124239.000000  20880
124241.000000  20882
124243.000000  20883
124245.000000  20885
124247.000000  20886
124249.000000  20887
124251.000000  20889
124253.000000  20891
124255.000000  20892
124257.000000  20893
124259.000000  20895
124261.000000  20896
124263.000000  20898
124265.000000  20899
124267.000000  20901
124269.000000  20902
124271.000000  20904
124273.000000  20905
124275.000000  20907
124277.000000  20908
124279.000000  20910
124281.000000  20911
124283.000000  20913
124285.000000  20914
124287.000000  20915
124289.000000  20917
124291.000000  20919
124293.000000  20920
124295.000000  20921
124297.000000  20923
124299.000000  20924
124301.000000  20926
124303.000000  20927
124305.000000  20929
124307.000000  20930
124309.000000  20932
124311.000000  20933
124313.000000  20935
124315.000000  20936
124317.000000  20938
124319.000000  20939
124321.000000  20941
124323.000000  20942
124325.000000  20943
124327.000000  20945
124329.000000  20947
124331.000000  20948
124333.000000  20949
124335.000000  20951
124337.000000  20952
124339.000000  20954
124341.000000  20955
124343.000000  20957
124345.000000  20958
124347.000000  20960
124349.000000  20961
124351.000000  20963
124353.000000  20964
124355.000000  20966
124357.000000  20967
124359.000000  20969
124361.000000  20970
124363.000000  20971
124365.000000  20973
124367.000000  20974
124369.000000  20976
124371.000000  20977
124373.000000  20979
124375.000000  20980
124377.000000  20982
124379.000000  20983
124381.000000  20985
124383.000000  20986
124385.000000  20988
124387.000000  20989
124389.000000  20991
124391.000000  20992
124393.000000  20993
124395.000000  20995
124397.000000  20996
124399.000000  20998
124401.000000  20999
124403.000000  21001
124405.000000  21002
124407.000000  21004
124409.000000  21005
124411.000000  21007
124413.000000  21008
124415.000000  21010
124417.000000  21011
124419.000000  21013
124421.000000  21014
124423.000000  21016
124425.000000  21017
124427.000000  21019
124429.000000  21020
124431.000000  21021
124433.000000  21023
124435.000000  21024
124437.000000  21026
124439.000000  21027
124441.000000  21029
124443.000000  21030
124445.000000  21032
124447.000000  21033
124449.000000  21035
124451.000000  21036
124453.000000  21038
124455.000000  21039
124457.000000  21041
124459.000000  21042
124461.000000  21043
124463.000000  21045
124465.000000  21046
124467.000000  21048
124469.000000  21049
124471.000000  21051
124473.000000  21052
124475.000000  21054
124477.000000  21055
124479.000000  21057
124481.000000  21058
124483.000000  21060
124485.000000  21061
124487.000000  21063
124489.000000  21064
124491.000000  21065
124493.000000  21067
124495.000000  21069
124497.000000  21070
124499.000000  21071
124501.000000  21073
124503.000000  21074
124505.000000  21076
124507.000000  21077
124509.000000  21079
124511.000000  21080
124513.000000  21082
124515.000000  21083
124517.000000  21085
124519.000000  21086
124521.000000  21088
124523.000000  21089
124525.000000  21091
124527.000000  21092
124529.000000  21093
124531.000000  21095
124533.000000  21096
124535.000000  21098
124537.000000  21099
124539.000000  21101
124541.000000  21102
124543.000000  21104
124545.000000  21105
124547.000000  21107
124549.000000  21108
124551.000000  21110
124553.000000  21111
124555.000000  21113
124557.000000  21114
124559.000000  21115
124561.000000  21117
124563.000000  21118
124565.000000  21120
124567.000000  21121
124569.000000  21123
124571.000000  21124
124573.000000  21126
124575.000000  21127
124577.000000  21129
124579.000000  21130
124581.000000  21132
124583.000000  21133
124585.000000  21135
124587.000000  21136
124589.000000  21137
124591.000000  21139
124593.000000  21141
124595.000000  21142
124597.000000  21143
124599.000000  21145
124601.000000  21146
124603.000000  21148
124605.000000  21149
124607.000000  21151
124609.000000  21152
124611.000000  21154
124613.000000  21155
124615.000000  21157
124617.000000  21158
124619.000000  21160
124621.000000  21161
124623.000000  21163
124625.000000  21164
124627.000000  21165
124629.000000  21167
124631.000000  21168
124633.000000  21170
124635.000000  21171
124637.000000  21173
124639.000000  21174
124641.000000  21176
124643.000000  21177
124645.000000  21179
124647.000000  21180
124649.000000  21182
124651.000000  21183
124653.000000  21185
124655.000000  21186
124657.000000  21187
124659.000000  21189
124661.000000  21190
124663.000000  21192
124665.000000  21193
124667.000000  21195
124669.000000  21196
124671.000000  21198
124673.000000  21199
124675.000000  21201
124677.000000  21202
124679.000000  21204
124681.000000  21205
124683.000000  21207
124685.000000  21208
124687.000000  21210
124689.000000  21211
124691.000000  21213
124693.000000  21214
124695.000000  21215
124697.000000  21217
124699.000000  21218
124701.000000  21220
124703.000000  21221
124705.000000  21223
124707.000000  21224
124709.000000  21226
124711.000000  21227
124713.000000  21229
124715.000000  21230
124717.000000  21232
124719.000000  21233
124721.000000  21235
124723.000000  21236
124725.000000  21237
124727.000000  21239
124729.000000  21240
124731.000000  21242
124733.000000  21243
124735.000000  21245
124737.000000  21246
124739.000000  21248
124741.000000  21249
124743.000000  21251
124745.000000  21252
124747.000000  21254
124749.000000  21255
124751.000000  21257
124753.000000  21258
124755.000000  21260
124757.000000  21261
124759.000000  21263
124761.000000  21264
124763.000000  21265
124765.000000  21267
124767.000000  21268
124769.000000  21270
124771.000000  21271
124773.000000  21273
124775.000000  21274
124777.000000  21276
124779.000000  21277
124781.000000  21279
124783.000000  21280
124785.000000  21282
124787.000000  21283
124789.000000  21285
124791.000000  21286
124793.000000  21287
124795.000000  21289
124797.000000  21291
124799.000000  21292
124801.000000  21293
124803.000000  21295
124805.000000  21296
124807.000000  21298
124809.000000  21299
124811.000000  21301
124813.000000  21302
124815.000000  21304
124817.000000  21305
124819.000000  21307
124821.000000  21308
124823.000000  21310
124825.000000  21311
124827.000000  21313
124829.000000  21314
124831.000000  21315
124833.000000  21317
124835.000000  21319
124837.000000  21320
124839.000000  21321
124841.000000  21323
124843.000000  21324
124845.000000  21326
124847.000000  21327
124849.000000  21329
124851.000000  21330
124853.000000  21332
124855.000000  21333
124857.000000  21335
124859.000000  21336
124861.000000  21338
124863.000000  21339
124865.000000  21341
124867.000000  21342
124869.000000  21343
124871.000000  21345
124873.000000  21347
124875.000000  21348
124877.000000  21349
124879.000000  21351
124879.000000  21351
0.000000  0
0.000000  0
0.000000  0
0.000000  0
0.000000  0
0.000000  0
0.000000  0
0.000000  0
0.000000  0
0.000000  0
0.000000  0
0.000000  0
0.000000  0
0.000000  0
0.000000  0
0.000000  0
0.000000  0
0.000000  0
0.000000  0
0.000000  0
0.000000  0
0.000000  0
0.000000  0
0.000000  0
0.000000  0
0.000000  0
0.000000  0
0.000000  0
0.000000  0
0.000000  0
0.000000  0
0.000000  0
0.000000  0
0.000000  0
0.000000  0
0.000000  0
0.000000  0
0.000000  0
0.000000  0
0.000000  0
0.000000  0
0.000000  0
0.000000  0
0.000000  0
0.000000  0
0.000000  0
0.000000  0
0.000000  0
0.000000  0
0.000000  0
0.000000  0
0.000000  0
0.000000  0
0.000000  0
0.000000  0
0.000000  0
0.000000  0
0.000000  0
0.000000  0
0.000000  0
0.000000  0
0.000000  0
0.000000  0
0.000000  0
0.000000  0
0.000000  0
0.000000  0
0.000000  0
0.000000  0
0.000000  0
0.000000  0
0.000000  0
0.000000  0
0.000000  0
0.000000  0
0.000000  0
0.000000  0
0.000000  0
0.000000  0
0.000000  0
0.000000  0
0.000000  0
0.000000  0
0.000000  0
0.000000  0
0.000000  0
0.000000  0
0.000000  0
0.000000  0
0.000000  0
0.000000  0
0.000000  0
0.000000  0
0.000000  0
0.000000  0
0.000000  0
0.000000  0
0.000000  0
0.000000  0
0.000000  0
0.000000  0
0.000000  0
0.000000  0
0.000000  0
0.000000  0
0.000000  0
0.000000  0
0.000000  0
0.000000  0
0.000000  0
0.000000  0
0.000000  0
0.000000  0
0.000000  0
0.000000  0
0.000000  0
0.000000  0
0.000000  0
0.000000  0
0.000000  0
0.000000  0
0.000000  0
0.000000  0
0.000000  0
0.000000  0
0.000000  0
0.000000  0
0.000000  0
0.000000  0
0.000000  0
0.000000  0
0.000000  0
0.000000  0
0.000000  0
0.000000  0
0.000000  0
0.000000  0
0.000000  0
0.000000  0
0.000000  0
0.000000  0
0.000000  0
0.000000  0
0.000000  0
125169.000000  21564
125171.000000  21566
125173.000000  21567
125175.000000  21569
125177.000000  21570
125179.000000  21572
125181.000000  21573
125183.000000  21575
125185.000000  21576
125187.000000  21577
125189.000000  21579
125191.000000  21580
125193.000000  21582
125195.000000  21583
125197.000000  21585
125199.000000  21586
125201.000000  21588
125203.000000  21589
125205.000000  21591
125207.000000  21592
125209.000000  21594
125211.000000  21595
125213.000000  21597
125215.000000  21598
125217.000000  21599
125219.000000  21601
125221.000000  21602
125223.000000  21604
125225.000000  21605
125227.000000  21607
125229.000000  21608
125231.000000  21610
125233.000000  21611
125235.000000  21613
125237.000000  21614
125239.000000  21616
125241.000000  21617
125243.000000  21619
125245.000000  21620
125247.000000  21622
125249.000000  21623
125251.000000  21625
125253.000000  21626
125255.000000  21627
125257.000000  21629
125259.000000  21631
125261.000000  21632
125263.000000  21633
125265.000000  21635
125267.000000  21636
125269.000000  21638
125271.000000  21639
125273.000000  21641
125275.000000  21642
125277.000000  21644
125279.000000  21645
125281.000000  21647
125283.000000  21648
125285.000000  21649
125287.000000  21651
125289.000000  21653
125291.000000  21654
125293.000000  21655
125295.000000  21657
125297.000000  21658
125299.000000  21660
125301.000000  21661
125303.000000  21663
125305.000000  21664
125307.000000  21666
125309.000000  21667
125311.000000  21669
125313.000000  21670
125315.000000  21671
125317.000000  21673
125319.000000  21675
125321.000000  21676
125323.000000  21677
125325.000000  21679
125327.000000  21680
125329.000000  21682
125331.000000  21683
125333.000000  21685
125335.000000  21686
125337.000000  21688
125339.000000  21689
125341.000000  21691
125343.000000  21692
125345.000000  21694
125347.000000  21695
125349.000000  21697
125351.000000  21698
125353.000000  21699
125355.000000  21701
125357.000000  21703
125359.000000  21704
125361.000000  21705
125363.000000  21707
125365.000000  21709
125367.000000  21710
125369.000000  21711
125371.000000  21713
125373.000000  21714
125375.000000  21716
125377.000000  21717
125379.000000  21719
125381.000000  21720
125383.000000  21722
125385.000000  21723
125387.000000  21725
125389.000000  21726
125391.000000  21728
125393.000000  21729
125395.000000  21731
125397.000000  21732
125399.000000  21733
125401.000000  21735
125403.000000  21736
125405.000000  21738
125407.000000  21739
125409.000000  21741
125411.000000  21742
125413.000000  21744
125415.000000  21745
125417.000000  21747
125419.000000  21748
125421.000000  21750
125423.000000  21751
125425.000000  21753
125427.000000  21754
125429.000000  21756
125431.000000  21757
125433.000000  21759
125435.000000  21760
125437.000000  21761
125439.000000  21763
125441.000000  21764
125443.000000  21766
125445.000000  21767
125447.000000  21769
125449.000000  21770
125451.000000  21772
125453.000000  21773
125455.000000  21775
125457.000000  21776
125459.000000  21778
125461.000000  21779
125463.000000  21781
125465.000000  21782
125467.000000  21784
125469.000000  21785
125471.000000  21787
125473.000000  21788
125475.000000  21789
125477.000000  21791
125479.000000  21792
125481.000000  21794
125483.000000  21795
125485.000000  21797
125487.000000  21798
125489.000000  21800
125491.000000  21801
125493.000000  21803
125495.000000  21804
125497.000000  21806
125499.000000  21807
125501.000000  21809
125503.000000  21810
125505.000000  21812
125507.000000  21813
125509.000000  21815
125511.000000  21816
125513.000000  21817
125515.000000  21819
125517.000000  21820
125519.000000  21822
125521.000000  21823
125523.000000  21825
125525.000000  21826
125527.000000  21828
125529.000000  21829
125531.000000  21831
125533.000000  21832
125535.000000  21834
125537.000000  21835
125539.000000  21837
125541.000000  21838
125543.000000  21839
125545.000000  21841
125547.000000  21843
125549.000000  21844
125551.000000  21845
125553.000000  21847
125555.000000  21848
125557.000000  21850
125559.000000  21851
125561.000000  21853
125563.000000  21854
125565.000000  21856
125567.000000  21857
125569.000000  21859
125571.000000  21860
125573.000000  21862
125575.000000  21863
125577.000000  21865
125579.000000  21866
125581.000000  21867
125583.000000  21869
125585.000000  21871
125587.000000  21872
125589.000000  21873
125591.000000  21875
125593.000000  21877
125595.000000  21878
125597.000000  21879
125599.000000  21881
125601.000000  21882
125603.000000  21884
125605.000000  21885
125607.000000  21887
125609.000000  21888
125611.000000  21890
125613.000000  21891
125615.000000  21893
125617.000000  21894
125619.000000  21896
125621.000000  21897
125623.000000  21899
125625.000000  21900
125627.000000  21901
125629.000000  21903
125631.000000  21905
125633.000000  21906
125635.000000  21907
125637.000000  21909
125639.000000  21910
125641.000000  21912
125643.000000  21913
125645.000000  21915
125647.000000  21916
125649.000000  21918
125651.000000  21919
125653.000000  21921
125655.000000  21922
125657.000000  21924
125659.000000  21925
125661.000000  21927
125663.000000  21928
125665.000000  21930
125667.000000  21931
125669.000000  21933
125671.000000  21934
125673.000000  21935
125675.000000  21937
125677.000000  21938
125679.000000  21940
125681.000000  21941
125683.000000  21943
125685.000000  21944
125687.000000  21946
125689.000000  21947
125691.000000  21949
125693.000000  21950
125695.000000  21952
125697.000000  21953
125699.000000  21955
125701.000000  21956
125703.000000  21957
125705.000000  21959
125707.000000  21960
125709.000000  21962
125711.000000  21963
125713.000000  21965
125715.000000  21966
125717.000000  21968
125719.000000  21969
125721.000000  21971
125723.000000  21972
125725.000000  21974
125727.000000  21975
125729.000000  21977
125731.000000  21978
125733.000000  21980
125735.000000  21981
125737.000000  21983
125739.000000  21984
125741.000000  21985
125743.000000  21987
125745.000000  21988
125747.000000  21990
125749.000000  21991
125751.000000  21993
125753.000000  21994
125755.000000  21996
125757.000000  21997
125759.000000  21999
125761.000000  22000
125763.000000  22002
125765.000000  22003
125767.000000  22005
125769.000000  22006
125771.000000  22007
125773.000000  22009
125775.000000  22011
125777.000000  22012
125779.000000  22013
125781.000000  22015
125783.000000  22016
125785.000000  22018
125787.000000  22019
125789.000000  22021
125791.000000  22022
125793.000000  22024
125795.000000  22025
125797.000000  22027
125799.000000  22028
125801.000000  22030
125803.000000  22031
125805.000000  22033
125807.000000  22034
125809.000000  22035
125811.000000  22037
125813.000000  22038
125815.000000  22040
125817.000000  22041
125819.000000  22043
125821.000000  22044
125823.000000  22046
125825.000000  22047
125827.000000  22049
125829.000000  22050
125831.000000  22052
125833.000000  22053
125835.000000  22055
125837.000000  22056
125839.000000  22057
125841.000000  22059
125843.000000  22061
125845.000000  22062
125847.000000  22063
125849.000000  22065
125851.000000  22066
125853.000000  22068
125855.000000  22069
125857.000000  22071
125859.000000  22072
125861.000000  22074
125863.000000  22075
125865.000000  22077
125867.000000  22078
125869.000000  22080
125871.000000  22081
125873.000000  22083
125875.000000  22084
125877.000000  22085
125879.000000  22087
125881.000000  22089
125883.000000  22090
125885.000000  22091
125887.000000  22093
125889.000000  22094
125891.000000  22096
125893.000000  22097
125895.000000  22099
125897.000000  22100
125899.000000  22102
125901.000000  22103
125903.000000  22105
125905.000000  22106
125907.000000  22107
125909.000000  22109
125911.000000  22111
125913.000000  22112
125915.000000  22113
125917.000000  22115
125919.000000  22116
125921.000000  22118
125923.000000  22119
125925.000000  22121
125927.000000  22122
125929.000000  22124
125931.000000  22125
125933.000000  22127
125935.000000  22128
125937.000000  22130
125939.000000  22131
125941.000000  22133
125943.000000  22134
125945.000000  22135
125947.000000  22137
125949.000000  22139
125951.000000  22140
125953.000000  22141
125955.000000  22143
125957.000000  22144
125959.000000  22146
125961.000000  22147
125963.000000  22149
125965.000000  22150
125967.000000  22152
125969.000000  22153
125971.000000  22155
125973.000000  22156
125975.000000  22158
125977.000000  22159
125979.000000  22161
125981.000000  22162
125983.000000  22163
125985.000000  22165
125987.000000  22167
125989.000000  22168
125991.000000  22169
125993.000000  22171
125995.000000  22172
125997.000000  22174
125999.000000  22175
126001.000000  22177
126003.000000  22178
126005.000000  22180
126007.000000  22181
126009.000000  22183
126011.000000  22184
126013.000000  22186
126015.000000  22187
126017.000000  22189
126019.000000  22190
126021.000000  22192
126023.000000  22193
126025.000000  22195
126027.000000  22196
126029.000000  22197
126031.000000  22199
126033.000000  22200
126035.000000  22202
126037.000000  22203
126039.000000  22205
126041.000000  22206
126043.000000  22208
126045.000000  22209
126047.000000  22211
126049.000000  22212
126051.000000  22214
126053.000000  22215
126055.000000  22217
126057.000000  22218
126059.000000  22219
126061.000000  22221
126063.000000  22223
126065.000000  22224
126067.000000  22225
126069.000000  22227
126071.000000  22228
126073.000000  22230
126075.000000  22231
126077.000000  22233
126079.000000  22234
126081.000000  22236
126083.000000  22237
126085.000000  22239
126087.000000  22240
126089.000000  22242
126091.000000  22243
126093.000000  22245
126095.000000  22246
126097.000000  22247
126099.000000  22249
126101.000000  22251
126103.000000  22252
126105.000000  22253
126107.000000  22255
126109.000000  22256
126111.000000  22258
126113.000000  22259
126115.000000  22261
126117.000000  22262
126119.000000  22264
126121.000000  22265
126123.000000  22267
126125.000000  22268
126127.000000  22270
126129.000000  22271
126131.000000  22273
126133.000000  22274
126135.000000  22276
126137.000000  22277
126139.000000  22279
126141.000000  22280
126143.000000  22281
126145.000000  22283
126147.000000  22285
126149.000000  22286
126151.000000  22287
126153.000000  22289
126155.000000  22290
126157.000000  22292
126159.000000  22293
126159.000000  22293
0.000000  0
0.000000  0
0.000000  0
0.000000  0
0.000000  0
0.000000  0
0.000000  0
0.000000  0
0.000000  0
0.000000  0
0.000000  -2147483648
0.000000  -2147483648
0.000000  -2147483648
126185.000000  22313
126187.000000  22314
126189.000000  22315
126191.000000  22317
126193.000000  22318
126195.000000  22320
126197.000000  22321
126199.000000  22323
126201.000000  22324
126203.000000  22326
126205.000000  22327
126207.000000  22329
126209.000000  22330
126211.000000  22332
126213.000000  22333
126215.000000  22335
126217.000000  22336
126219.000000  22338
126221.000000  22339
126223.000000  22341
126225.000000  22342
126227.000000  22343
126229.000000  22345
126231.000000  22346
126233.000000  22348
126235.000000  22349
126237.000000  22351
126239.000000  22352
126241.000000  22354
126243.000000  22355
126245.000000  22357
126247.000000  22358
126249.000000  22360
126251.000000  22361
126253.000000  22363
126255.000000  22364
126257.000000  22365
126259.000000  22367
126261.000000  22369
126263.000000  22370
126265.000000  22371
126267.000000  22373
126269.000000  22374
126271.000000  22376
126273.000000  22377
126275.000000  22379
126277.000000  22380
126279.000000  22382
126281.000000  22383
126283.000000  22385
126285.000000  22386
126287.000000  22388
126289.000000  22389
126291.000000  22391
126293.000000  22392
126295.000000  22393
126297.000000  22395
126299.000000  22397
126301.000000  22398
126303.000000  22399
126305.000000  22401
126307.000000  22402
126309.000000  22404
126311.000000  22405
126313.000000  22407
126315.000000  22408
126317.000000  22410
126319.000000  22411
126321.000000  22413
126323.000000  22414
126325.000000  22416
126327.000000  22417
126329.000000  22419
126331.000000  22420
126333.000000  22421
126335.000000  22423
126337.000000  22425
126339.000000  22426
126341.000000  22427
126343.000000  22429
126345.000000  22431
126347.000000  22432
126349.000000  22433
126351.000000  22435
126353.000000  22436
126355.000000  22438
126357.000000  22439
126359.000000  22441
126361.000000  22442
126363.000000  22444
126365.000000  22445
126367.000000  22447
126369.000000  22448
126371.000000  22449
126373.000000  22451
126375.000000  22453
126377.000000  22454
126379.000000  22455
126381.000000  22457
126383.000000  22458
126385.000000  22460
126387.000000  22461
126389.000000  22463
126391.000000  22464
126393.000000  22466
126395.000000  22467
126397.000000  22469
126399.000000  22470
126401.000000  22472
126403.000000  22473
126405.000000  22475
126407.000000  22476
126409.000000  22477
126411.000000  22479
126413.000000  22481
126415.000000  22482
126417.000000  22483
126419.000000  22485
126421.000000  22486
126423.000000  22488
126425.000000  22489
126427.000000  22491
126429.000000  22492
126431.000000  22494
126433.000000  22495
126435.000000  22497
126437.000000  22498
126439.000000  22500
126441.000000  22501
126443.000000  22503
126445.000000  22504
126447.000000  22505
126449.000000  22507
126451.000000  22509
126453.000000  22510
126455.000000  22511
126457.000000  22513
126459.000000  22514
126461.000000  22516
126463.000000  22517
126465.000000  22519
126467.000000  22520
126469.000000  22522
126471.000000  22523
126473.000000  22525
126475.000000  22526
126477.000000  22528
126479.000000  22529
126481.000000  22531
126483.000000  22532
126485.000000  22533
126487.000000  22535
126489.000000  22536
126491.000000  22538
126493.000000  22539
126495.000000  22541
126497.000000  22542
126499.000000  22544
126501.000000  22545
126503.000000  22547
126505.000000  22548
126507.000000  22550
126509.000000  22551
126511.000000  22553
126513.000000  22554
126515.000000  22556
126517.000000  22557
126519.000000  22559
126521.000000  22560
126523.000000  22561
126525.000000  22563
126527.000000  22564
126529.000000  22566
126531.000000  22567
126533.000000  22569
126535.000000  22570
126537.000000  22572
126539.000000  22573
126541.000000  22575
126543.000000  22576
126545.000000  22578
126547.000000  22579
126549.000000  22581
126551.000000  22582
126553.000000  22583
126555.000000  22585
126557.000000  22586
126559.000000  22588
126561.000000  22589
126563.000000  22591
126565.000000  22592
126567.000000  22594
126569.000000  22595
126571.000000  22597
126573.000000  22598
126575.000000  22600
126577.000000  22601
126579.000000  22603
126581.000000  22604
126583.000000  22606
126585.000000  22607
126587.000000  22609
126589.000000  22610
126591.000000  22611
126593.000000  22613
126595.000000  22615
126597.000000  22616
126599.000000  22617
126601.000000  22619
126603.000000  22620
126605.000000  22622
126607.000000  22623
126609.000000  22625
126611.000000  22626
126613.000000  22628
126615.000000  22629
126617.000000  22631
126619.000000  22632
126621.000000  22633
126623.000000  22635
126625.000000  22637
126627.000000  22638
126629.000000  22639
126631.000000  22641
126633.000000  22643
126635.000000  22644
126637.000000  22645
126639.000000  22647
126641.000000  22648
126643.000000  22650
126645.000000  22651
126647.000000  22653
126649.000000  22654
126651.000000  22656
126653.000000  22657
126655.000000  22659
126657.000000  22660
126659.000000  22661
126661.000000  22663
126663.000000  22665
126665.000000  22666
126667.000000  22667
126669.000000  22669
126671.000000  22671
126673.000000  22672
126675.000000  22673
126677.000000  22675
126679.000000  22676
126681.000000  22678
126683.000000  22679
126685.000000  22681
126687.000000  22682
126689.000000  22684
126691.000000  22685
126693.000000  22687
126695.000000  22688
126697.000000  22690
126699.000000  22691
126701.000000  22693
126703.000000  22694
126705.000000  22696
126707.000000  22697
126709.000000  22699
126711.000000  22700
126713.000000  22701
126715.000000  22703
126717.000000  22704
126719.000000  22706
126721.000000  22707
126723.000000  22709
126725.000000  22710
126727.000000  22712
126729.000000  22713
126731.000000  22715
126733.000000  22716
126735.000000  22718
126737.000000  22719
126739.000000  22721
126741.000000  22722
126743.000000  22724
126745.000000  22725
126747.000000  22727
126749.000000  22728
126751.000000  22729
126753.000000  22731
126755.000000  22732
126757.000000  22734
126759.000000  22735
126761.000000  22737
126763.000000  22738
126765.000000  22740
126767.000000  22741
126769.000000  22743
126771.000000  22744
126773.000000  22746
126775.000000  22747
126777.000000  22749
126779.000000  22750
126781.000000  22751
126783.000000  22753
126785.000000  22755
126787.000000  22756
126789.000000  22757
126791.000000  22759
126793.000000  22760
126795.000000  22762
126797.000000  22763
126799.000000  22765
126801.000000  22766
126803.000000  22768
126805.000000  22769
126807.000000  22771
126809.000000  22772
126811.000000  22774
126813.000000  22775
126815.000000  22777
126817.000000  22778
126819.000000  22779
126821.000000  22781
126823.000000  22783
126825.000000  22784
126827.000000  22785
126829.000000  22787
126831.000000  22789
126833.000000  22790
126835.000000  22791
126837.000000  22793
126839.000000  22794
126841.000000  22796
126843.000000  22797
126845.000000  22799
126847.000000  22800
126849.000000  22802
126851.000000  22803
126853.000000  22805
126855.000000  22806
126857.000000  22808
126859.000000  22809
126861.000000  22811
126863.000000  22812
126865.000000  22814
126867.000000  22815
126869.000000  22817
126871.000000  22818
126873.000000  22819
126875.000000  22821
126877.000000  22822
126879.000000  22824
126881.000000  22825
126883.000000  22827
126885.000000  22828
126887.000000  22830
126889.000000  22831
126891.000000  22833
126893.000000  22834
126895.000000  22836
126897.000000  22837
126899.000000  22839
126901.000000  22840
126903.000000  22842
126905.000000  22843
126907.000000  22845
126909.000000  22846
126911.000000  22847
126913.000000  22849
126915.000000  22850
126917.000000  22852
126919.000000  22853
126921.000000  22855
126923.000000  22856
126925.000000  22858
126927.000000  22859
126929.000000  22861
126931.000000  22862
126933.000000  22864
126935.000000  22865
126937.000000  22867
126939.000000  22868
126941.000000  22869
126943.000000  22871
126945.000000  22873
126947.000000  22874
126949.000000  22875
126951.000000  22877
126953.000000  22878
126955.000000  22880
126957.000000  22881
126959.000000  22883
126961.000000  22884
126963.000000  22886
126965.000000  22887
126967.000000  22889
126969.000000  22890
126971.000000  22892
126973.000000  22893
126975.000000  22895
126977.000000  22896
126979.000000  22898
126981.000000  22899
126983.000000  22901
126985.000000  22902
126987.000000  22903
126989.000000  22905
126991.000000  22907
126993.000000  22908
126995.000000  22909
126997.000000  22911
126999.000000  22912
127001.000000  22914
127003.000000  22915
127005.000000  22917
127007.000000  22918
127009.000000  22920
127011.000000  22921
127013.000000  22923
127015.000000  22924
127017.000000  22926
127019.000000  22927
127021.000000  22929
127023.000000  22930
127025.000000  22931
127027.000000  22933
127029.000000  22935
127031.000000  22936
127033.000000  22937
127035.000000  22939
127037.000000  22940
127039.000000  22942
127041.000000  22943
127043.000000  22945
127045.000000  22946
127047.000000  22948
127049.000000  22949
127051.000000  22951
127053.000000  22952
127055.000000  22954
127057.000000  22955
127059.000000  22957
127061.000000  22958
127063.000000  22959
127065.000000  22961
127067.000000  22963
127069.000000  22964
127071.000000  22965
127073.000000  22967
127075.000000  22968
127077.000000  22970
127079.000000  22971
127081.000000  22973
127083.000000  22974
127085.000000  22976
127087.000000  22977
127089.000000  22979
127091.000000  22980
127093.000000  22982
127095.000000  22983
127097.000000  22985
127099.000000  22986
127101.000000  22987
127103.000000  22989
127105.000000  22990
127107.000000  22992
127109.000000  22993
127111.000000  22995
127113.000000  22996
127115.000000  22998
127117.000000  22999
127119.000000  23001
127121.000000  23002
127123.000000  23004
127125.000000  23005
127127.000000  23007
127129.000000  23008
127131.000000  23010
127133.000000  23011
127135.000000  23013
127137.000000  23014
127139.000000  23015
127141.000000  23017
127143.000000  23018
127145.000000  23020
127147.000000  23021
127149.000000  23023
127151.000000  23024
127153.000000  23026
127155.000000  23027
127157.000000  23029
127159.000000  23030
127161.000000  23032
127163.000000  23033
127165.000000  23035
127167.000000  23036
127169.000000  23037
127171.000000  23039
127173.000000  23041
127175.000000  23042
127177.000000  23043
127179.000000  23045
127181.000000  23046
127183.000000  23048
127185.000000  23049
127187.000000  23051
127189.000000  23052
127191.000000  23054
127193.000000  23055
127195.000000  23057
127197.000000  23058
127199.000000  23060
127201.000000  23061
127203.000000  23063
127205.000000  23064
127207.000000  23065
127209.000000  23067
127211.000000  23069
127213.000000  23070
127215.000000  23071
127217.000000  23073
127219.000000  23074
127221.000000  23076
127223.000000  23077
127225.000000  23079
127227.000000  23080
127229.000000  23082
127231.000000  23083
127233.000000  23085
127235.000000  23086
127237.000000  23088
127239.000000  23089
127241.000000  23091
127243.000000  23092
127245.000000  23093
127247.000000  23095
127249.000000  23097
127251.000000  23098
127253.000000  23099
127255.000000  23101
127257.000000  23102
127259.000000  23104
127261.000000  23105
127263.000000  23107
127265.000000  23108
127267.000000  23110
127269.000000  23111
127271.000000  23113
127273.000000  23114
127275.000000  23116
127277.000000  23117
127279.000000  23119
127281.000000  23120
127283.000000  23121
127285.000000  23123
127287.000000  23125
127289.000000  23126
127291.000000  23127
127293.000000  23129
127295.000000  23131
127297.000000  23132
127299.000000  23133
127301.000000  23135
127303.000000  23136
127305.000000  23138
127307.000000  23139
127309.000000  23141
127311.000000  23142
127313.000000  23144
127315.000000  23145
127317.000000  23147
127319.000000  23148
127321.000000  23150
127323.000000  23151
127325.000000  23153
127327.000000  23154
127329.000000  23155
127331.000000  23157
127333.000000  23159
127335.000000  23160
127337.000000  23161
127339.000000  23163
127341.000000  23164
127343.000000  23166
127345.000000  23167
127347.000000  23169
127349.000000  23170
127351.000000  23172
127353.000000  23173
127355.000000  23175
127357.000000  23176
127359.000000  23178
127361.000000  23179
127363.000000  23181
127365.000000  23182
127367.000000  23183
127369.000000  23185
127371.000000  23187
127373.000000  23188
127375.000000  23189
127377.000000  23191
127379.000000  23192
127381.000000  23194
127383.000000  23195
127385.000000  23197
127387.000000  23198
127389.000000  23200
127391.000000  23201
127393.000000  23203
127395.000000  23204
127397.000000  23206
127399.000000  23207
127401.000000  23209
127403.000000  23210
127405.000000  23211
127407.000000  23213
127409.000000  23215
127411.000000  23216
127413.000000  23217
127415.000000  23219
127417.000000  23221
127419.000000  23222
127421.000000  23223
127423.000000  23225
127425.000000  23226
127427.000000  23228
127429.000000  23229
127431.000000  23231
127433.000000  23232
127435.000000  23234
127437.000000  23235
127439.000000  23237
127441.000000  23238
127443.000000  23240
127445.000000  23241
127447.000000  23243
127449.000000  23244
127451.000000  23246
127453.000000  23247
127455.000000  23249
127457.000000  23250
127459.000000  23251
127461.000000  23253
127463.000000  23254
127465.000000  23256
127467.000000  23257
127469.000000  23259
127471.000000  23260
127473.000000  23262
127475.000000  23263
127477.000000  23265
127479.000000  23266
127481.000000  23268
127483.000000  23269
127485.000000  23271
127487.000000  23272
127489.000000  23274
127491.000000  23275
127493.000000  23277
127495.000000  23278
127497.000000  23279
127499.000000  23281
127501.000000  23282
127503.000000  23284
127505.000000  23285
127507.000000  23287
127509.000000  23288
127511.000000  23290
127513.000000  23291
127515.000000  23293
127517.000000  23294
127519.000000  23296
127521.000000  23297
127523.000000  23299
127525.000000  23300
127527.000000  23302
127529.000000  23303
127531.000000  23305
127533.000000  23306
127535.000000  23307
127537.000000  23309
127539.000000  23311
127541.000000  23312
127543.000000  23313
127545.000000  23315
127547.000000  23316
127549.000000  23318
127551.000000  23319
127553.000000  23321
127555.000000  23322
127557.000000  23324
127559.000000  23325
127561.000000  23327
127563.000000  23328
127565.000000  23330
127567.000000  23331
127569.000000  23333
127571.000000  23334
127573.000000  23335
127575.000000  23337
127577.000000  23339
127579.000000  23340
127581.000000  23341
127583.000000  23343
127585.000000  23345
127587.000000  23346
127589.000000  23347
127591.000000  23349
127593.000000  23350
127595.000000  23352
127597.000000  23353
127599.000000  23355
127601.000000  23356
127603.000000  23358
127605.000000  23359
127607.000000  23361
127609.000000  23362
127611.000000  23364
127613.000000  23365
127615.000000  23367
127617.000000  23368
127619.000000  23369
127621.000000  23371
127623.000000  23373
127625.000000  23374
127627.000000  23375
127629.000000  23377
127631.000000  23378
127633.000000  23380
127635.000000  23381
127637.000000  23383
127639.000000  23384
127641.000000  23386
127643.000000  23387
127645.000000  23389
127647.000000  23390
127649.000000  23392
127651.000000  23393
127653.000000  23395
127655.000000  23396
127657.000000  23397
127659.000000  23399
127661.000000  23400
127663.000000  23402
127665.000000  23403
127667.000000  23405
127669.000000  23406
127671.000000  23408
127673.000000  23409
127675.000000  23411
127677.000000  23412
127679.000000  23414
127681.000000  23415
127683.000000  23417
127685.000000  23418
127687.000000  23420
127689.000000  23421
127691.000000  23423
127693.000000  23424
127695.000000  23425
127697.000000  23427
127699.000000  23429
127701.000000  23430
127703.000000  23431
127705.000000  23433
127707.000000  23434
127709.000000  23436
127711.000000  23437
127713.000000  23439
127715.000000  23440
127717.000000  23442
127719.000000  23443
127721.000000  23445
127723.000000  23446
127725.000000  23448
127727.000000  23449
127729.000000  23451
127731.000000  23452
127733.000000  23453
127735.000000  23455
127737.000000  23457
127739.000000  23458
127741.000000  23459
127743.000000  23461
127745.000000  23463
127747.000000  23464
127749.000000  23465
127751.000000  23467
127753.000000  23468
127755.000000  23470
127757.000000  23471
127759.000000  23473
127761.000000  23474
127763.000000  23476
127765.000000  23477
127767.000000  23479
127769.000000  23480
127771.000000  23481
127773.000000  23483
127775.000000  23485
127777.000000  23486
127779.000000  23487
127781.000000  23489
127783.000000  23490
127785.000000  23492
127787.000000  23493
127789.000000  23495
127791.000000  23496
127793.000000  23498
127795.000000  23499
127797.000000  23501
127799.000000  23502
127801.000000  23504
127803.000000  23505
127805.000000  23507
127807.000000  23508
127809.000000  23510
127811.000000  23511
127813.000000  23513
127815.000000  23514
127817.000000  23515
127819.000000  23517
127821.000000  23518
127823.000000  23520
127825.000000  23521
127827.000000  23523
127829.000000  23524
127831.000000  23526
127833.000000  23527
127835.000000  23529
127837.000000  23530
127839.000000  23532
127841.000000  23533
127843.000000  23535
127845.000000  23536
127847.000000  23538
127849.000000  23539
127851.000000  23541
127853.000000  23542
127855.000000  23543
127857.000000  23545
127859.000000  23546
127861.000000  23548
127863.000000  23549
127865.000000  23551
127867.000000  23552
127869.000000  23554
127871.000000  23555
127873.000000  23557
127875.000000  23558
127877.000000  23560
127879.000000  23561
127881.000000  23563
127883.000000  23564
127885.000000  23565
127887.000000  23567
127889.000000  23568
127891.000000  23570
127893.000000  23571
127895.000000  23573
127897.000000  23574
127899.000000  23576
127901.000000  23577
127903.000000  23579
127905.000000  23580
127907.000000  23582
127909.000000  23583
127911.000000  23585
127913.000000  23586
127915.000000  23588
127917.000000  23589
127919.000000  23591
127921.000000  23592
127923.000000  23593
127925.000000  23595
127927.000000  23597
127929.000000  23598
127931.000000  23599
127933.000000  23601
127935.000000  23603
127937.000000  23604
127939.000000  23605
127941.000000  23607
127943.000000  23608
127945.000000  23610
127947.000000  23611
127949.000000  23613
127951.000000  23614
127953.000000  23616
127955.000000  23617
127957.000000  23619
127959.000000  23620
127961.000000  23621
127963.000000  23623
127965.000000  23625
127967.000000  23626
127969.000000  23627
127971.000000  23629
127973.000000  23631
127975.000000  23632
127977.000000  23633
127979.000000  23635
127981.000000  23636
127983.000000  23638
127985.000000  23639
127987.000000  23641
127989.000000  23642
127991.000000  23644
127993.000000  23645
127995.000000  23647
127997.000000  23648
127999.000000  23650
128001.000000  23651
128003.000000  23653
128005.000000  23654
128007.000000  23656
128009.000000  23657
128011.000000  23659
128013.000000  23660
128015.000000  23661
128017.000000  23663
128019.000000  23664
128021.000000  23666
128023.000000  23667
128025.000000  23669
128027.000000  23670
128029.000000  23672
128031.000000  23673
128033.000000  23675
128035.000000  23676
128037.000000  23678
128039.000000  23679
128041.000000  23681
128043.000000  23682
128045.000000  23684
128047.000000  23685
128049.000000  23687
128051.000000  23688
128053.000000  23689
128055.000000  23691
128057.000000  23692
128059.000000  23694
128061.000000  23695
128063.000000  23697
128065.000000  23698
128067.000000  23700
128069.000000  23701
128071.000000  23703
128073.000000  23704
128075.000000  23706
128077.000000  23707
128079.000000  23709
128081.000000  23710
128083.000000  23712
128085.000000  23713
128087.000000  23715
128089.000000  23716
128091.000000  23717
128093.000000  23719
128095.000000  23721
128097.000000  23722
128099.000000  23723
128101.000000  23725
128103.000000  23727
128105.000000  23728
128107.000000  23729
128109.000000  23731
128111.000000  23732
128113.000000  23734
128115.000000  23735
128117.000000  23737
128119.000000  23738
128121.000000  23740
128123.000000  23741
128125.000000  23743
128127.000000  23744
128129.000000  23746
128131.000000  23747
128133.000000  23749
128135.000000  23750
128137.000000  23751
128139.000000  23753
128141.000000  23755
128143.000000  23756
128145.000000  23757
128147.000000  23759
128149.000000  23760
128151.000000  23762
128153.000000  23763
128155.000000  23765
128157.000000  23766
128159.000000  23768
128161.000000  23769
128163.000000  23771
128165.000000  23772
128167.000000  23774
128169.000000  23775
128171.000000  23777
128173.000000  23778
128175.000000  23780
128177.000000  23781
128179.000000  23783
128181.000000  23784
128183.000000  23785
128185.000000  23787
128187.000000  23788
128189.000000  23790
128191.000000  23791
128193.000000  23793
128195.000000  23794
128197.000000  23796
128199.000000  23797
128201.000000  23799
128203.000000  23800
128205.000000  23802
128207.000000  23803
128209.000000  23805
128211.000000  23806
128213.000000  23808
128215.000000  23809
128217.000000  23811
128219.000000  23812
128221.000000  23813
128223.000000  23815
128225.000000  23817
128227.000000  23818
128229.000000  23819
128231.000000  23821
128233.000000  23822
128235.000000  23824
128237.000000  23825
128239.000000  23827
128241.000000  23828
128243.000000  23830
128245.000000  23831
128247.000000  23833
128249.000000  23834
128251.000000  23836
128253.000000  23837
128255.000000  23839
128257.000000  23840
128259.000000  23842
128261.000000  23843
128263.000000  23845
128265.000000  23846
128267.000000  23847
128269.000000  23849
128271.000000  23851
128273.000000  23852
128275.000000  23853
128277.000000  23855
128279.000000  23856
128281.000000  23858
128283.000000  23859
128285.000000  23861
128287.000000  23862
128289.000000  23864
128291.000000  23865
128293.000000  23867
128295.000000  23868
128297.000000  23870
128299.000000  23871
128301.000000  23873
128303.000000  23874
128305.000000  23875
128307.000000  23877
128309.000000  23879
128311.000000  23880
128313.000000  23881
128315.000000  23883
128317.000000  23884
128319.000000  23886
128321.000000  23887
128323.000000  23889
128325.000000  23890
128327.000000  23892
128329.000000  23893
128331.000000  23895
128333.000000  23896
128335.000000  23898
128337.000000  23899
128339.000000  23901
128341.000000  23902
128343.000000  23903
128345.000000  23905
128347.000000  23906
128349.000000  23908
128351.000000  23909
128353.000000  23911
128355.000000  23912
128357.000000  23914
128359.000000  23915
128361.000000  23917
128363.000000  23918
128365.000000  23920
128367.000000  23921
128369.000000  23923
128371.000000  23924
128373.000000  23926
128375.000000  23927
128377.000000  23929
128379.000000  23930
128381.000000  23931
128383.000000  23933
128385.000000  23935
128387.000000  23936
128389.000000  23937
128391.000000  23939
128393.000000  23940
128395.000000  23942
128397.000000  23943
128399.000000  23945
128401.000000  23946
128403.000000  23948
128405.000000  23949
128407.000000  23951
128409.000000  23952
128411.000000  23954
128413.000000  23955
128415.000000  23957
128417.000000  23958
128419.000000  23959
128421.000000  23961
128423.000000  23963
128425.000000  23964
128427.000000  23965
128429.000000  23967
128431.000000  23968
128433.000000  23970
128435.000000  23971
128437.000000  23973
128439.000000  23974
128441.000000  23976
128443.000000  23977
128445.000000  23979
128447.000000  23980
128449.000000  23982
128451.000000  23983
128453.000000  23985
128455.000000  23986
128457.000000  23988
128459.000000  23989
128461.000000  23991
128463.000000  23992
128465.000000  23993
128467.000000  23995
128469.000000  23996
128471.000000  23998
128473.000000  23999
128475.000000  24001
128477.000000  24002
128479.000000  24004
128481.000000  24005
128483.000000  24007
128485.000000  24008
128487.000000  24010
128489.000000  24011
128491.000000  24013
128493.000000  24014
128495.000000  24016
128497.000000  24017
128499.000000  24019
128501.000000  24020
128503.000000  24021
128505.000000  24023
128507.000000  24024
128509.000000  24026
128511.000000  24027
128513.000000  24029
128515.000000  24030
128517.000000  24032
128519.000000  24033
128521.000000  24035
128523.000000  24036
128525.000000  24038
128527.000000  24039
128529.000000  24041
128531.000000  24042
128533.000000  24044
128535.000000  24045
128537.000000  24047
128539.000000  24048
128541.000000  24049
128543.000000  24051
128545.000000  24052
128547.000000  24054
128549.000000  24055
128551.000000  24057
128553.000000  24058
128555.000000  24060
128557.000000  24061
128559.000000  24063
128561.000000  24064
128563.000000  24066
128565.000000  24067
128567.000000  24069
128569.000000  24070
128571.000000  24072
128573.000000  24073
128575.000000  24075
128577.000000  24076
128579.000000  24077
128581.000000  24079
128583.000000  24081
128585.000000  24082
128587.000000  24083
128589.000000  24085
128591.000000  24086
128593.000000  24088
128595.000000  24089
128597.000000  24091
128599.000000  24092
128601.000000  24094
128603.000000  24095
128605.000000  24097
128607.000000  24098
128609.000000  24100
128611.000000  24101
128613.000000  24103
128615.000000  24104
128617.000000  24105
128619.000000  24107
128621.000000  24109
128623.000000  24110
128625.000000  24111
128627.000000  24113
128629.000000  24115
128631.000000  24116
128633.000000  24117
128635.000000  24119
128637.000000  24120
128639.000000  24122
128641.000000  24123
128643.000000  24125
128645.000000  24126
128647.000000  24128
128649.000000  24129
128651.000000  24131
128653.000000  24132
128655.000000  24134
128657.000000  24135
128659.000000  24137
128661.000000  24138
128663.000000  24139
128665.000000  24141
128667.000000  24143
128669.000000  24144
128671.000000  24145
128673.000000  24147
128675.000000  24148
128677.000000  24150
128679.000000  24151
128681.000000  24153
128683.000000  24154
128685.000000  24156
128687.000000  24157
128689.000000  24159
128691.000000  24160
128693.000000  24162
128695.000000  24163
128697.000000  24165
128699.000000  24166
128701.000000  24168
128703.000000  24169
128705.000000  24171
128707.000000  24172
128709.000000  24173
128711.000000  24175
128713.000000  24177
128715.000000  24178
128717.000000  24179
128719.000000  24181
128721.000000  24182
128723.000000  24184
128725.000000  24185
128727.000000  24187
128729.000000  24188
128731.000000  24190
128733.000000  24191
128735.000000  24193
128737.000000  24194
128739.000000  24196
128741.000000  24197
128743.000000  24199
128745.000000  24200
128747.000000  24202
128749.000000  24203
128751.000000  24205
128753.000000  24206
128755.000000  24207
128757.000000  24209
128759.000000  24211
128761.000000  24212
128763.000000  24213
128765.000000  24215
128767.000000  24216
128769.000000  24218
128771.000000  24219
128773.000000  24221
128775.000000  24222
128777.000000  24224
128779.000000  24225
128781.000000  24227
128783.000000  24228
128785.000000  24230
128787.000000  24231
128789.000000  24233
128791.000000  24234
128793.000000  24235
128795.000000  24237
128797.000000  24239
128799.000000  24240
128801.000000  24241
128803.000000  24243
128805.000000  24244
128807.000000  24246
128809.000000  24247
128811.000000  24249
128813.000000  24250
128815.000000  24252
128817.000000  24253
128819.000000  24255
128821.000000  24256
128823.000000  24258
128825.000000  24259
128827.000000  24261
128829.000000  24262
128831.000000  24263
128833.000000  24265
128835.000000  24267
128837.000000  24268
128839.000000  24269
128841.000000  24271
128843.000000  24273
128845.000000  24274
128847.000000  24275
128849.000000  24277
128851.000000  24278
128853.000000  24280
128855.000000  24281
128857.000000  24283
128859.000000  24284
128861.000000  24286
128863.000000  24287
128865.000000  24289
128867.000000  24290
128869.000000  24292
128871.000000  24293
128873.000000  24295
128875.000000  24296
128877.000000  24297
128879.000000  24299
128881.000000  24301
128883.000000  24302
128885.000000  24303
128887.000000  24305
128889.000000  24306
128891.000000  24308
128893.000000  24309
128895.000000  24311
128897.000000  24312
128899.000000  24314
128901.000000  24315
128903.000000  24317
128905.000000  24318
128907.000000  24320
128909.000000  24321
128911.000000  24323
128913.000000  24324
128915.000000  24326
128917.000000  24327
128919.000000  24329
128921.000000  24330
128923.000000  24331
128925.000000  24333
128927.000000  24334
128929.000000  24336
128931.000000  24337
128933.000000  24339
128935.000000  24340
128937.000000  24342
128939.000000  24343
128941.000000  24345
128943.000000  24346
128945.000000  24348
128947.000000  24349
128949.000000  24351
128951.000000  24352
128953.000000  24354
128955.000000  24355
128957.000000  24357
128959.000000  24358
128961.000000  24359
128963.000000  24361
128965.000000  24362
128967.000000  24364
128969.000000  24365
128971.000000  24367
128973.000000  24368
128975.000000  24370
128977.000000  24371
128979.000000  24373
128981.000000  24374
128983.000000  24376
128985.000000  24377
128987.000000  24379
128989.000000  24380
128991.000000  24382
128993.000000  24383
128995.000000  24385
128997.000000  24386
128999.000000  24387
129001.000000  24389
129003.000000  24391
129005.000000  24392
129007.000000  24393
129009.000000  24395
129011.000000  24396
129013.000000  24398
129015.000000  24399
129017.000000  24401
129019.000000  24402
129021.000000  24404
129023.000000  24405
129025.000000  24407
129027.000000  24408
129029.000000  24410
129031.000000  24411
129033.000000  24413
129035.000000  24414
129037.000000  24415
129039.000000  24417
129041.000000  24419
129043.000000  24420
129045.000000  24421
129047.000000  24423
129049.000000  24425
129051.000000  24426
129053.000000  24427
129055.000000  24429
129057.000000  24430
129059.000000  24432
129061.000000  24433
129063.000000  24435
129065.000000  24436
129067.000000  24438
129069.000000  24439
129071.000000  24441
129073.000000  24442
129075.000000  24444
129077.000000  24445
129079.000000  24447
129081.000000  24448
129083.000000  24449
129085.000000  24451
129087.000000  24452
129089.000000  24454
129091.000000  24455
129093.000000  24457
129095.000000  24458
129097.000000  24460
129099.000000  24461
129101.000000  24463
129103.000000  24464
129105.000000  24466
129107.000000  24467
129109.000000  24469
129111.000000  24470
129113.000000  24472
129115.000000  24473
129117.000000  24475
129119.000000  24476
129121.000000  24477
129123.000000  24479
129125.000000  24480
129127.000000  24482
129129.000000  24483
129131.000000  24485
129133.000000  24486
129135.000000  24488
129137.000000  24489
129139.000000  24491
129141.000000  24492
129143.000000  24494
129145.000000  24495
129147.000000  24497
129149.000000  24498
129151.000000  24500
129153.000000  24501
129155.000000  24503
129157.000000  24504
129159.000000  24505
129161.000000  24507
129163.000000  24508
129165.000000  24510
129167.000000  24511
129169.000000  24513
129171.000000  24514
129173.000000  24516
129175.000000  24517
129177.000000  24519
129179.000000  24520
129181.000000  24522
129183.000000  24523
129185.000000  24525
129187.000000  24526
129189.000000  24528
129191.000000  24529
129193.000000  24531
129195.000000  24532
129197.000000  24533
129199.000000  24535
129201.000000  24537
129203.000000  24538
129205.000000  24539
129207.000000  24541
129209.000000  24542
129211.000000  24544
129213.000000  24545
129215.000000  24547
129217.000000  24548
129219.000000  24550
129221.000000  24551
129223.000000  24553
129225.000000  24554
129227.000000  24556
129229.000000  24557
129231.000000  24559
129233.000000  24560
129235.000000  24562
129237.000000  24563
129239.000000  24565
129241.000000  24566
129243.000000  24567
129245.000000  24569
129247.000000  24571
129249.000000  24572
129251.000000  24573
129253.000000  24575
129255.000000  24576
129257.000000  24578
129259.000000  24579
129261.000000  24581
129263.000000  24582
129265.000000  24584
129267.000000  24585
129269.000000  24587
129271.000000  24588
129273.000000  24590
129275.000000  24591
129277.000000  24593
129279.000000  24594
129281.000000  24595
129283.000000  24597
129285.000000  24599
129287.000000  24600
129289.000000  24601
129291.000000  24603
129293.000000  24604
129295.000000  24606
129297.000000  24607
129299.000000  24609
129301.000000  24610
129303.000000  24612
129305.000000  24613
129307.000000  24615
129309.000000  24616
129311.000000  24618
129313.000000  24619
129315.000000  24621
129317.000000  24622
129319.000000  24624
129321.000000  24625
129323.000000  24627
129325.000000  24628
129327.000000  24629
129329.000000  24631
129331.000000  24633
129333.000000  24634
129335.000000  24635
129337.000000  24637
