18501.000000  1737
18501.000000  1737
18501.000000  1737
18501.000000  1737
18501.000000  1737
21885.000000  1863
21887.000000  1864
21889.000000  1864
21891.000000  1865
21893.000000  1865
21895.000000  1866
21897.000000  1867
21899.000000  1867
21901.000000  1868
21903.000000  1868
21905.000000  1869
21907.000000  1870
21909.000000  1870
21911.000000  1871
21913.000000  1871
21915.000000  1872
21917.000000  1873
21919.000000  1873
21921.000000  1874
21923.000000  1875
21925.000000  1876
21927.000000  1876
21929.000000  1877
21931.000000  1878
21933.000000  1879
21935.000000  1879
21937.000000  1880
21939.000000  1881
21941.000000  1881
21943.000000  1882
21945.000000  1883
21947.000000  1884
21949.000000  1885
21951.000000  1885
21953.000000  1886
21955.000000  1887
21957.000000  1887
21959.000000  1888
21961.000000  1889
21963.000000  1890
21965.000000  1891
21967.000000  1891
21969.000000  1892
21971.000000  1893
21973.000000  1894
21975.000000  1895
21977.000000  1895
21979.000000  1896
21981.000000  1897
21983.000000  1898
21985.000000  1899
21987.000000  1899
21989.000000  1900
21991.000000  1901
21993.000000  1902
21995.000000  1903
21997.000000  1903
21999.000000  1904
22001.000000  1905
22003.000000  1906
22005.000000  1907
22007.000000  1908
22009.000000  1908
22011.000000  1909
22013.000000  1910
22015.000000  1911
22017.000000  1912
22019.000000  1913
22021.000000  1913
22023.000000  1914
22025.000000  1915
22027.000000  1916
22029.000000  1917
22031.000000  1917
22033.000000  1918
22035.000000  1919
22037.000000  1920
22039.000000  1921
22041.000000  1922
22043.000000  1923
22045.000000  1923
22047.000000  1924
22049.000000  1925
22051.000000  1926
22053.000000  1927
22055.000000  1928
22057.000000  1929
22059.000000  1929
22061.000000  1930
22063.000000  1931
22065.000000  1932
22067.000000  1933
22069.000000  1934
22071.000000  1935
22073.000000  1935
22075.000000  1936
22077.000000  1937
22079.000000  1938
22081.000000  1939
22083.000000  1940
22085.000000  1941
22087.000000  1941
22089.000000  1942
22091.000000  1943
22093.000000  1944
22095.000000  1945
22097.000000  1946
22099.000000  1947
22101.000000  1947
22103.000000  1948
22105.000000  1949
22107.000000  1950
22109.000000  1951
22111.000000  1952
22113.000000  1953
22115.000000  1953
22117.000000  1954
22119.000000  1955
22121.000000  1956
22123.000000  1957
22125.000000  1958
22127.000000  1959
22129.000000  1960
22131.000000  1961
22133.000000  1961
22135.000000  1962
22137.000000  1963
22139.000000  1964
22141.000000  1965
22143.000000  1966
22145.000000  1967
22147.000000  1967
22149.000000  1968
22151.000000  1969
22153.000000  1970
22155.000000  1971
22157.000000  1972
22159.000000  1973
22161.000000  1973
22163.000000  1974
22165.000000  1975
22167.000000  1976
22169.000000  1977
22171.000000  1978
22173.000000  1979
22175.000000  1980
22177.000000  1981
22179.000000  1981
22181.000000  1982
22183.000000  1983
22185.000000  1984
22187.000000  1985
22189.000000  1986
22191.000000  1987
22193.000000  1987
22195.000000  1988
22197.000000  1989
22199.000000  1990
22201.000000  1991
22203.000000  1992
22205.000000  1993
22207.000000  1993
22209.000000  1994
22211.000000  1995
22213.000000  1996
22215.000000  1997
22217.000000  1998
22219.000000  1999
22221.000000  2000
22223.000000  2000
22225.000000  2001
22227.000000  2002
22229.000000  2003
22231.000000  2004
22233.000000  2005
22235.000000  2006
22237.000000  2007
22239.000000  2007
22241.000000  2008
22243.000000  2009
22245.000000  2010
22247.000000  2011
22249.000000  2012
22251.000000  2013
22253.000000  2013
22255.000000  2014
22257.000000  2015
22259.000000  2016
22261.000000  2017
22263.000000  2018
22265.000000  2019
22267.000000  2020
22269.000000  2020
22271.000000  2021
22273.000000  2022
22275.000000  2023
22277.000000  2024
22279.000000  2025
22281.000000  2026
22283.000000  2027
22285.000000  2027
22287.000000  2028
22289.000000  2029
22291.000000  2030
22293.000000  2031
22295.000000  2032
22297.000000  2033
22299.000000  2033
22301.000000  2034
22303.000000  2035
22305.000000  2036
22307.000000  2037
22309.000000  2038
22311.000000  2039
22313.000000  2040
22315.000000  2041
22317.000000  2041
22319.000000  2042
22321.000000  2043
22323.000000  2044
22325.000000  2045
22327.000000  2046
22329.000000  2047
22331.000000  2047
22333.000000  2048
22335.000000  2049
22337.000000  2050
22339.000000  2051
22341.000000  2052
22343.000000  2053
22345.000000  2054
22347.000000  2055
22349.000000  2055
22351.000000  2056
22353.000000  2057
22355.000000  2058
22357.000000  2059
22359.000000  2060
22361.000000  2061
22363.000000  2061
22365.000000  2062
22367.000000  2063
22369.000000  2064
22371.000000  2065
22373.000000  2066
22375.000000  2067
22377.000000  2068
22379.000000  2069
22381.000000  2069
22383.000000  2070
22385.000000  2071
22387.000000  2072
22389.000000  2073
22391.000000  2074
22393.000000  2075
22395.000000  2075
22397.000000  2076
22399.000000  2077
22401.000000  2078
22403.000000  2079
22405.000000  2080
22407.000000  2081
22409.000000  2082
22411.000000  2083
22413.000000  2083
22415.000000  2084
22417.000000  2085
22419.000000  2086
22421.000000  2087
22423.000000  2088
22425.000000  2089
22427.000000  2089
22429.000000  2090
22431.000000  2091
22433.000000  2092
22435.000000  2093
22437.000000  2094
22439.000000  2095
22441.000000  2096
22443.000000  2097
22445.000000  2097
22447.000000  2098
22449.000000  2099
22451.000000  2100
22453.000000  2101
22455.000000  2102
22457.000000  2103
22459.000000  2103
22461.000000  2104
22463.000000  2105
22465.000000  2106
22467.000000  2107
22469.000000  2108
22471.000000  2109
22473.000000  2110
22475.000000  2110
22477.000000  2111
22479.000000  2112
22481.000000  2113
22483.000000  2114
22485.000000  2115
22487.000000  2116
22489.000000  2117
22491.000000  2117
22493.000000  2118
22495.000000  2119
22497.000000  2120
22499.000000  2121
22501.000000  2122
22503.000000  2123
22505.000000  2124
22507.000000  2125
22509.000000  2125
22511.000000  2126
22513.000000  2127
22515.000000  2128
22517.000000  2129
22519.000000  2130
22521.000000  2131
22523.000000  2131
22525.000000  2132
22527.000000  2133
22529.000000  2134
22531.000000  2135
22533.000000  2136
22535.000000  2137
22537.000000  2137
22539.000000  2138
22541.000000  2139
22543.000000  2140
22545.000000  2141
22547.000000  2142
22549.000000  2143
22551.000000  2144
22553.000000  2145
22555.000000  2145
22557.000000  2146
22559.000000  2147
22561.000000  2148
22563.000000  2149
22565.000000  2150
22567.000000  2151
22569.000000  2152
22571.000000  2153
22573.000000  2153
22575.000000  2154
22577.000000  2155
22579.000000  2156
22581.000000  2157
22583.000000  2158
22585.000000  2159
22587.000000  2159
22589.000000  2160
22591.000000  2161
22593.000000  2162
22595.000000  2163
22597.000000  2164
22599.000000  2165
22601.000000  2166
22603.000000  2167
22605.000000  2167
22607.000000  2168
22609.000000  2169
22611.000000  2170
22613.000000  2171
22615.000000  2172
22617.000000  2173
22619.000000  2173
22621.000000  2174
22623.000000  2175
22625.000000  2176
22627.000000  2177
22629.000000  2178
22631.000000  2179
22633.000000  2180
22635.000000  2181
22637.000000  2181
22639.000000  2182
22641.000000  2183
22643.000000  2184
22645.000000  2185
22647.000000  2186
22649.000000  2187
22651.000000  2187
22653.000000  2188
22655.000000  2189
22657.000000  2190
22659.000000  2191
22661.000000  2192
22663.000000  2193
22665.000000  2194
22667.000000  2195
22669.000000  2195
22671.000000  2196
22673.000000  2197
22675.000000  2198
22677.000000  2199
22679.000000  2200
22681.000000  2201
22683.000000  2201
22685.000000  2202
22687.000000  2203
22689.000000  2204
22691.000000  2205
22693.000000  2206
22695.000000  2207
22697.000000  2207
22699.000000  2208
22701.000000  2209
22703.000000  2210
22705.000000  2211
22707.000000  2212
22709.000000  2213
22711.000000  2214
22713.000000  2215
22715.000000  2215
22717.000000  2216
22719.000000  2217
22721.000000  2218
22723.000000  2219
22725.000000  2220
22727.000000  2221
22729.000000  2222
22731.000000  2223
22733.000000  2223
22735.000000  2224
22737.000000  2225
22739.000000  2226
22741.000000  2227
22743.000000  2228
22745.000000  2229
22747.000000  2229
22749.000000  2230
22751.000000  2231
22753.000000  2232
22755.000000  2233
22757.000000  2234
22759.000000  2235
22761.000000  2235
22763.000000  2236
22765.000000  2237
22767.000000  2238
22769.000000  2239
22771.000000  2240
22773.000000  2241
22775.000000  2242
22777.000000  2243
22779.000000  2243
22781.000000  2244
22783.000000  2245
22785.000000  2246
22787.000000  2247
22789.000000  2248
22791.000000  2249
22793.000000  2249
22795.000000  2250
22797.000000  2251
22799.000000  2252
22801.000000  2253
22803.000000  2254
22805.000000  2255
22807.000000  2256
22809.000000  2257
22811.000000  2257
22813.000000  2258
22815.000000  2259
22817.000000  2260
22819.000000  2261
22821.000000  2262
22823.000000  2263
22825.000000  2263
22827.000000  2264
22829.000000  2265
22831.000000  2266
22833.000000  2267
22835.000000  2268
22837.000000  2269
22839.000000  2270
22841.000000  2271
22843.000000  2271
22845.000000  2272
22847.000000  2273
22849.000000  2274
22851.000000  2275
22853.000000  2276
22855.000000  2277
22857.000000  2277
22859.000000  2278
22861.000000  2279
22863.000000  2280
22865.000000  2281
22867.000000  2282
22869.000000  2283
22871.000000  2284
22873.000000  2285
22875.000000  2285
22877.000000  2286
22879.000000  2287
22881.000000  2288
22883.000000  2289
22885.000000  2290
22887.000000  2291
22889.000000  2291
22891.000000  2292
22893.000000  2293
22895.000000  2294
22897.000000  2295
22899.000000  2296
22901.000000  2297
22903.000000  2298
22905.000000  2298
22907.000000  2299
22909.000000  2300
22911.000000  2301
22913.000000  2302
22915.000000  2303
22917.000000  2304
22919.000000  2305
22921.000000  2305
22923.000000  2306
22925.000000  2307
22927.000000  2308
22929.000000  2309
22931.000000  2310
22933.000000  2311
22935.000000  2311
22937.000000  2312
22939.000000  2313
22941.000000  2314
22943.000000  2315
22945.000000  2316
22947.000000  2317
22949.000000  2318
22951.000000  2319
22953.000000  2319
22955.000000  2320
22957.000000  2321
22959.000000  2322
22961.000000  2323
22963.000000  2324
22965.000000  2325
22967.000000  2325
22969.000000  2326
22971.000000  2327
22973.000000  2328
22975.000000  2329
22977.000000  2330
22979.000000  2331
22981.000000  2332
22983.000000  2333
22985.000000  2333
22987.000000  2334
22989.000000  2335
22991.000000  2336
22993.000000  2337
22995.000000  2338
22997.000000  2339
22999.000000  2339
23001.000000  2340
23003.000000  2341
23005.000000  2342
23007.000000  2343
23009.000000  2344
23011.000000  2345
23013.000000  2346
23015.000000  2347
23017.000000  2347
23019.000000  2348
23021.000000  2349
23023.000000  2350
23025.000000  2351
23027.000000  2352
23029.000000  2353
23031.000000  2353
23033.000000  2354
23035.000000  2355
23037.000000  2356
23039.000000  2357
23041.000000  2358
23043.000000  2359
23045.000000  2360
23047.000000  2361
23049.000000  2361
23051.000000  2362
23053.000000  2363
23055.000000  2364
23057.000000  2365
23059.000000  2366
23061.000000  2367
23063.000000  2367
23065.000000  2368
23067.000000  2369
23069.000000  2370
23071.000000  2371
23073.000000  2372
23075.000000  2373
23077.000000  2373
23079.000000  2374
23081.000000  2375
23083.000000  2376
23085.000000  2377
23087.000000  2378
23089.000000  2379
23091.000000  2380
23093.000000  2381
23095.000000  2381
23097.000000  2382
23099.000000  2383
23101.000000  2384
23103.000000  2385
23105.000000  2386
23107.000000  2387
23109.000000  2387
23111.000000  2388
23113.000000  2389
23115.000000  2390
23117.000000  2391
23119.000000  2392
23121.000000  2393
23123.000000  2394
23125.000000  2395
23127.000000  2395
23129.000000  2396
23131.000000  2397
23133.000000  2398
23135.000000  2399
23137.000000  2400
23139.000000  2401
23141.000000  2401
23143.000000  2402
23145.000000  2403
23147.000000  2404
23149.000000  2405
23151.000000  2406
23153.000000  2407
23155.000000  2408
23157.000000  2409
23159.000000  2409
23161.000000  2410
23163.000000  2411
23165.000000  2412
23167.000000  2413
23169.000000  2414
23171.000000  2415
23173.000000  2415
23175.000000  2416
23177.000000  2417
23179.000000  2418
23181.000000  2419
23183.000000  2420
23185.000000  2421
23187.000000  2422
23189.000000  2423
23191.000000  2423
23193.000000  2424
23195.000000  2425
23197.000000  2426
23199.000000  2427
23201.000000  2428
23203.000000  2429
23205.000000  2429
23207.000000  2430
23209.000000  2431
23211.000000  2432
23213.000000  2433
23215.000000  2434
23217.000000  2435
23219.000000  2436
23221.000000  2437
23223.000000  2437
23225.000000  2438
23227.000000  2439
23229.000000  2440
23231.000000  2441
23233.000000  2442
23235.000000  2443
23237.000000  2443
23239.000000  2444
23241.000000  2445
23243.000000  2446
23245.000000  2447
23247.000000  2448
23249.000000  2449
23251.000000  2450
23253.000000  2451
23255.000000  2451
23257.000000  2452
23259.000000  2453
23261.000000  2454
23263.000000  2455
23265.000000  2456
23267.000000  2457
23269.000000  2458
23271.000000  2459
23273.000000  2459
23275.000000  2460
23277.000000  2461
23279.000000  2462
23281.000000  2463
23283.000000  2464
23285.000000  2465
23287.000000  2465
23289.000000  2466
23291.000000  2467
23293.000000  2468
23295.000000  2469
23297.000000  2470
23299.000000  2471
23301.000000  2471
23303.000000  2472
23305.000000  2473
23307.000000  2474
23309.000000  2475
23311.000000  2476
23313.000000  2477
23315.000000  2478
23317.000000  2479
23319.000000  2479
23321.000000  2480
23323.000000  2481
23325.000000  2482
23327.000000  2483
23329.000000  2484
23331.000000  2485
23333.000000  2485
23335.000000  2486
23337.000000  2487
23339.000000  2488
23341.000000  2489
23343.000000  2490
23345.000000  2491
23347.000000  2492
23349.000000  2493
23351.000000  2493
23353.000000  2494
23355.000000  2495
23357.000000  2496
23359.000000  2497
23361.000000  2498
23363.000000  2499
23365.000000  2499
23367.000000  2500
23369.000000  2501
23371.000000  2502
23373.000000  2503
23375.000000  2504
23377.000000  2505
23379.000000  2506
23381.000000  2507
23383.000000  2507
23385.000000  2508
23387.000000  2509
23389.000000  2510
23391.000000  2511
23393.000000  2512
23395.000000  2513
23397.000000  2513
23399.000000  2514
23401.000000  2515
23403.000000  2516
23405.000000  2517
23407.000000  2518
23409.000000  2519
23411.000000  2520
23413.000000  2521
23415.000000  2521
23417.000000  2522
23419.000000  2523
23421.000000  2524
23423.000000  2525
23425.000000  2526
23427.000000  2527
23429.000000  2528
23431.000000  2529
23433.000000  2529
23435.000000  2530
23437.000000  2531
23439.000000  2532
23441.000000  2533
23443.000000  2534
23445.000000  2535
23447.000000  2535
23449.000000  2536
23451.000000  2537
23453.000000  2538
23455.000000  2539
23457.000000  2540
23459.000000  2541
23461.000000  2541
23463.000000  2542
23465.000000  2543
23467.000000  2544
23469.000000  2545
23471.000000  2546
23473.000000  2547
23475.000000  2548
23477.000000  2549
23479.000000  2549
23481.000000  2550
23483.000000  2551
23485.000000  2552
23487.000000  2553
23489.000000  2554
23491.000000  2555
23493.000000  2555
23495.000000  2556
23497.000000  2557
23499.000000  2558
23501.000000  2559
23503.000000  2560
23505.000000  2561
23507.000000  2562
23509.000000  2563
23511.000000  2563
23513.000000  2564
23515.000000  2565
23517.000000  2566
23519.000000  2567
23521.000000  2568
23523.000000  2569
23525.000000  2569
23527.000000  2570
23529.000000  2571
23531.000000  2572
23533.000000  2573
23535.000000  2574
23537.000000  2575
23539.000000  2576
23541.000000  2577
23543.000000  2577
23545.000000  2578
23547.000000  2579
23549.000000  2580
23551.000000  2581
23553.000000  2582
23555.000000  2583
23557.000000  2583
23559.000000  2584
23561.000000  2585
23563.000000  2586
23565.000000  2587
23567.000000  2588
23569.000000  2589
23571.000000  2590
23573.000000  2590
23575.000000  2591
23577.000000  2592
23579.000000  2593
23581.000000  2594
23583.000000  2595
23585.000000  2596
23587.000000  2597
23589.000000  2597
23591.000000  2598
23593.000000  2599
23595.000000  2600
23597.000000  2601
23599.000000  2602
23601.000000  2603
23603.000000  2604
23605.000000  2605
23607.000000  2605
23609.000000  2606
23611.000000  2607
23613.000000  2608
23615.000000  2609
23617.000000  2610
23619.000000  2611
23621.000000  2611
23623.000000  2612
23625.000000  2613
23627.000000  2614
23629.000000  2615
23631.000000  2616
23633.000000  2617
23635.000000  2618
23637.000000  2619
23639.000000  2619
23641.000000  2620
23643.000000  2621
23645.000000  2622
23647.000000  2623
23649.000000  2624
23651.000000  2625
23653.000000  2625
23655.000000  2626
23657.000000  2627
23659.000000  2628
23661.000000  2629
23663.000000  2630
23665.000000  2631
23667.000000  2632
23669.000000  2633
23671.000000  2633
23673.000000  2634
23675.000000  2635
23677.000000  2636
23679.000000  2637
23681.000000  2638
23683.000000  2639
23685.000000  2639
23687.000000  2640
23689.000000  2641
23691.000000  2642
23693.000000  2643
23695.000000  2644
23697.000000  2645
23699.000000  2646
23701.000000  2647
23703.000000  2647
23705.000000  2648
23707.000000  2649
23709.000000  2650
23711.000000  2651
23713.000000  2652
23715.000000  2653
23717.000000  2653
23719.000000  2654
23721.000000  2655
23723.000000  2656
23725.000000  2657
23727.000000  2658
23729.000000  2659
23731.000000  2660
23733.000000  2660
23735.000000  2661
23737.000000  2662
23739.000000  2663
23741.000000  2664
23743.000000  2665
23745.000000  2666
23747.000000  2667
23749.000000  2667
23751.000000  2668
23753.000000  2669
23755.000000  2670
23757.000000  2671
23759.000000  2672
23761.000000  2673
23763.000000  2674
23765.000000  2675
23767.000000  2675
23769.000000  2676
23771.000000  2677
23773.000000  2678
23775.000000  2679
23777.000000  2680
23779.000000  2681
23781.000000  2681
23783.000000  2682
23785.000000  2683
23787.000000  2684
23789.000000  2685
23791.000000  2686
23793.000000  2687
23795.000000  2687
23797.000000  2688
23799.000000  2689
23801.000000  2690
23803.000000  2691
23805.000000  2692
23807.000000  2693
23809.000000  2694
23811.000000  2695
23813.000000  2695
23815.000000  2696
23817.000000  2697
23819.000000  2698
23821.000000  2699
23823.000000  2700
23825.000000  2701
23827.000000  2702
23829.000000  2703
23831.000000  2703
23833.000000  2704
23835.000000  2705
23837.000000  2706
23839.000000  2707
23841.000000  2708
23843.000000  2709
23845.000000  2709
23847.000000  2710
23849.000000  2711
23851.000000  2712
23853.000000  2713
23855.000000  2714
23857.000000  2715
23859.000000  2715
23861.000000  2716
23863.000000  2717
23865.000000  2718
23867.000000  2719
23869.000000  2720
23871.000000  2721
23873.000000  2722
