39459.000000  6381
39461.000000  6382
39463.000000  6383
39465.000000  6385
39467.000000  6386
39467.000000  6386
39467.000000  6386
39467.000000  6386
39467.000000  6386
42701.000000  6532
42703.000000  6533
42705.000000  6534
42707.000000  6535
42709.000000  6536
42711.000000  6537
42713.000000  6537
42715.000000  6538
42717.000000  6539
42719.000000  6540
42721.000000  6541
42723.000000  6542
42725.000000  6543
42727.000000  6544
42729.000000  6545
42731.000000  6546
42733.000000  6547
42735.000000  6548
42737.000000  6549
42739.000000  6550
42741.000000  6551
42743.000000  6553
42745.000000  6554
42747.000000  6555
42749.000000  6556
42751.000000  6557
42753.000000  6558
42755.000000  6559
42757.000000  6561
42759.000000  6562
42761.000000  6563
42763.000000  6564
42765.000000  6565
42767.000000  6566
42769.000000  6568
42771.000000  6569
42773.000000  6570
42775.000000  6571
42777.000000  6572
42779.000000  6574
42781.000000  6575
42783.000000  6576
42785.000000  6577
42787.000000  6579
42789.000000  6580
42791.000000  6581
42793.000000  6582
42795.000000  6584
42797.000000  6585
42799.000000  6586
42801.000000  6587
42803.000000  6589
42805.000000  6590
42807.000000  6591
42809.000000  6593
42811.000000  6594
42813.000000  6595
42815.000000  6597
42817.000000  6598
42819.000000  6599
42821.000000  6600
42823.000000  6602
42825.000000  6603
42827.000000  6604
42829.000000  6606
42831.000000  6607
42833.000000  6609
42835.000000  6610
42837.000000  6611
42839.000000  6613
42841.000000  6614
42843.000000  6615
42845.000000  6617
42847.000000  6618
42849.000000  6619
42851.000000  6621
42853.000000  6622
42855.000000  6623
42857.000000  6625
42859.000000  6626
42861.000000  6627
42863.000000  6629
42865.000000  6630
42867.000000  6631
42869.000000  6633
42871.000000  6634
42873.000000  6636
42875.000000  6637
42877.000000  6638
42879.000000  6640
42881.000000  6641
42883.000000  6643
42885.000000  6644
42887.000000  6645
42889.000000  6647
42891.000000  6648
42893.000000  6649
42895.000000  6651
42897.000000  6652
42899.000000  6654
42901.000000  6655
42903.000000  6657
42905.000000  6658
42907.000000  6659
42909.000000  6661
42911.000000  6662
42913.000000  6663
42915.000000  6665
42917.000000  6666
42919.000000  6668
42921.000000  6669
42923.000000  6671
42925.000000  6672
42927.000000  6673
42929.000000  6675
42931.000000  6676
42933.000000  6678
42935.000000  6679
42937.000000  6681
42939.000000  6682
42941.000000  6683
42943.000000  6685
42945.000000  6686
42947.000000  6687
42949.000000  6689
42951.000000  6690
42953.000000  6692
42955.000000  6693
42957.000000  6695
42959.000000  6696
42961.000000  6697
42963.000000  6699
42965.000000  6700
42967.000000  6702
42969.000000  6703
42971.000000  6705
42973.000000  6706
42975.000000  6707
42977.000000  6709
42979.000000  6710
42981.000000  6712
42983.000000  6713
42985.000000  6715
42987.000000  6716
42989.000000  6717
42991.000000  6719
42993.000000  6720
42995.000000  6722
42997.000000  6723
42999.000000  6725
43001.000000  6726
43003.000000  6727
43005.000000  6729
43007.000000  6730
43009.000000  6732
43011.000000  6733
43013.000000  6735
43015.000000  6736
43017.000000  6737
43019.000000  6739
43021.000000  6740
43023.000000  6742
43025.000000  6743
43027.000000  6745
43029.000000  6746
43031.000000  6747
43033.000000  6749
43035.000000  6750
43037.000000  6752
43039.000000  6753
43041.000000  6755
43043.000000  6756
43045.000000  6758
43047.000000  6759
43049.000000  6761
43051.000000  6762
43053.000000  6763
43055.000000  6765
43057.000000  6766
43059.000000  6768
43061.000000  6769
43063.000000  6771
43065.000000  6772
43067.000000  6773
43069.000000  6775
43071.000000  6776
43073.000000  6778
43075.000000  6779
43077.000000  6781
43079.000000  6782
43081.000000  6783
43083.000000  6785
43085.000000  6786
43087.000000  6788
43089.000000  6789
43091.000000  6791
43093.000000  6792
43095.000000  6793
43097.000000  6795
43099.000000  6796
43101.000000  6798
43103.000000  6799
43105.000000  6801
43107.000000  6802
43109.000000  6804
43111.000000  6805
43113.000000  6807
43115.000000  6808
43117.000000  6809
43119.000000  6811
43121.000000  6812
43123.000000  6814
43125.000000  6815
43127.000000  6817
43129.000000  6818
43131.000000  6819
43133.000000  6821
43135.000000  6822
43137.000000  6824
43139.000000  6825
43141.000000  6827
43143.000000  6828
43145.000000  6830
43147.000000  6831
43149.000000  6833
43151.000000  6834
43153.000000  6835
43155.000000  6837
43157.000000  6838
43159.000000  6840
43161.000000  6841
43163.000000  6843
43165.000000  6844
43167.000000  6845
43169.000000  6847
43171.000000  6848
43173.000000  6850
43175.000000  6851
43177.000000  6853
43179.000000  6854
43181.000000  6856
43183.000000  6857
43185.000000  6859
43187.000000  6860
43189.000000  6861
43191.000000  6863
43193.000000  6864
43195.000000  6866
43197.000000  6867
43199.000000  6869
43201.000000  6870
43203.000000  6871
43205.000000  6873
43207.000000  6874
43209.000000  6876
43211.000000  6877
43213.000000  6879
43215.000000  6880
43217.000000  6882
43219.000000  6883
43221.000000  6884
43223.000000  6886
43225.000000  6887
43227.000000  6889
43229.000000  6890
43231.000000  6892
43233.000000  6893
43235.000000  6895
43237.000000  6896
43239.000000  6897
43241.000000  6899
43243.000000  6900
43245.000000  6902
43247.000000  6903
43249.000000  6905
43251.000000  6906
43253.000000  6907
43255.000000  6909
43257.000000  6910
43259.000000  6912
43261.000000  6913
43263.000000  6915
43265.000000  6916
43267.000000  6918
43269.000000  6919
43271.000000  6921
43273.000000  6922
43275.000000  6923
43277.000000  6925
43279.000000  6926
43281.000000  6928
43283.000000  6929
43285.000000  6931
43287.000000  6932
43289.000000  6933
43291.000000  6935
43293.000000  6936
43295.000000  6938
43297.000000  6939
43299.000000  6941
43301.000000  6942
43303.000000  6944
43305.000000  6945
43307.000000  6947
43309.000000  6948
43311.000000  6949
43313.000000  6951
43315.000000  6952
43317.000000  6954
43319.000000  6955
43321.000000  6957
43323.000000  6958
43325.000000  6959
43327.000000  6961
43329.000000  6962
43331.000000  6964
43333.000000  6965
43335.000000  6967
43337.000000  6968
43339.000000  6970
43341.000000  6971
43343.000000  6973
43345.000000  6974
43347.000000  6975
43349.000000  6977
43351.000000  6978
43353.000000  6980
43355.000000  6981
43357.000000  6983
43359.000000  6984
43361.000000  6985
43363.000000  6987
43365.000000  6988
43367.000000  6990
43369.000000  6991
43371.000000  6993
43373.000000  6994
43375.000000  6996
43377.000000  6997
43379.000000  6999
43381.000000  7000
43383.000000  7001
43385.000000  7003
43387.000000  7004
43389.000000  7006
43391.000000  7007
43393.000000  7009
43395.000000  7010
43397.000000  7011
43399.000000  7013
43401.000000  7014
43403.000000  7016
43405.000000  7017
43407.000000  7019
43409.000000  7020
43411.000000  7022
43413.000000  7023
43415.000000  7025
43417.000000  7026
43419.000000  7027
43421.000000  7029
43423.000000  7030
43425.000000  7032
43427.000000  7033
43429.000000  7035
43431.000000  7036
43433.000000  7037
43435.000000  7039
43437.000000  7040
43439.000000  7042
43441.000000  7043
43443.000000  7045
43445.000000  7046
43447.000000  7048
43449.000000  7049
43451.000000  7051
43453.000000  7052
43455.000000  7053
43457.000000  7055
43459.000000  7056
43461.000000  7058
43463.000000  7059
43465.000000  7061
43467.000000  7062
43469.000000  7063
43471.000000  7065
43473.000000  7066
43475.000000  7068
43477.000000  7069
43479.000000  7071
43481.000000  7072
43483.000000  7074
43485.000000  7075
43487.000000  7076
43489.000000  7078
43491.000000  7079
43493.000000  7081
43495.000000  7082
43497.000000  7084
43499.000000  7085
43501.000000  7087
43503.000000  7088
43505.000000  7089
43507.000000  7091
43509.000000  7092
43511.000000  7094
43513.000000  7095
43515.000000  7097
43517.000000  7098
43519.000000  7100
43521.000000  7101
43523.000000  7103
43525.000000  7104
43527.000000  7105
43529.000000  7107
43531.000000  7108
43533.000000  7110
43535.000000  7111
43537.000000  7113
43539.000000  7114
43541.000000  7116
43543.000000  7117
43545.000000  7119
43547.000000  7120
43549.000000  7121
43551.000000  7123
43553.000000  7124
43555.000000  7126
43557.000000  7127
43559.000000  7129
43561.000000  7130
43563.000000  7131
43565.000000  7133
43567.000000  7134
43569.000000  7136
43571.000000  7137
43573.000000  7139
43575.000000  7140
43577.000000  7142
43579.000000  7143
43581.000000  7145
43583.000000  7146
43585.000000  7147
43587.000000  7149
43589.000000  7150
43591.000000  7152
43593.000000  7153
43595.000000  7155
43597.000000  7156
43599.000000  7157
43601.000000  7159
43603.000000  7160
43605.000000  7162
43607.000000  7163
43609.000000  7165
43611.000000  7166
43613.000000  7168
43615.000000  7169
43617.000000  7171
43619.000000  7172
43621.000000  7173
43623.000000  7175
43625.000000  7176
43627.000000  7178
43629.000000  7179
43631.000000  7181
43633.000000  7182
43635.000000  7183
43637.000000  7185
43639.000000  7187
43641.000000  7188
43643.000000  7189
43645.000000  7191
43647.000000  7192
43649.000000  7194
43651.000000  7195
43653.000000  7197
43655.000000  7198
43657.000000  7199
43659.000000  7201
43661.000000  7202
43663.000000  7204
43665.000000  7205
43667.000000  7207
43669.000000  7208
43671.000000  7210
43673.000000  7211
43675.000000  7213
43677.000000  7214
43679.000000  7215
43681.000000  7217
43683.000000  7218
43685.000000  7220
43687.000000  7221
43689.000000  7223
43691.000000  7224
43693.000000  7225
43695.000000  7227
43697.000000  7229
43699.000000  7230
43701.000000  7231
43703.000000  7233
43705.000000  7234
43707.000000  7236
43709.000000  7237
43711.000000  7239
43713.000000  7240
43715.000000  7241
43717.000000  7243
43719.000000  7244
43721.000000  7246
43723.000000  7247
43725.000000  7249
43727.000000  7250
43729.000000  7252
43731.000000  7253
43733.000000  7255
43735.000000  7256
43737.000000  7257
43739.000000  7259
43741.000000  7260
43743.000000  7262
43745.000000  7263
43747.000000  7265
43749.000000  7266
43751.000000  7268
43753.000000  7269
43755.000000  7271
43757.000000  7272
43759.000000  7273
43761.000000  7275
43763.000000  7276
43765.000000  7278
43767.000000  7279
43769.000000  7281
43771.000000  7282
43773.000000  7284
43775.000000  7285
43777.000000  7287
43779.000000  7288
43781.000000  7289
43783.000000  7291
43785.000000  7292
43787.000000  7294
43789.000000  7295
43791.000000  7297
43793.000000  7298
43795.000000  7299
43797.000000  7301
43799.000000  7302
43801.000000  7304
43803.000000  7305
43805.000000  7307
43807.000000  7308
43809.000000  7310
43811.000000  7311
43813.000000  7313
43815.000000  7314
43817.000000  7315
43819.000000  7317
43821.000000  7318
43823.000000  7320
43825.000000  7321
43827.000000  7323
43829.000000  7324
43831.000000  7326
43833.000000  7327
43835.000000  7329
43837.000000  7330
43839.000000  7331
43841.000000  7333
43843.000000  7334
43845.000000  7336
43847.000000  7337
43849.000000  7339
43851.000000  7340
43853.000000  7341
43855.000000  7343
43857.000000  7344
43859.000000  7346
43861.000000  7347
43863.000000  7349
43865.000000  7350
43867.000000  7352
43869.000000  7353
43871.000000  7355
43873.000000  7356
43875.000000  7357
43877.000000  7359
43879.000000  7360
43881.000000  7362
43883.000000  7363
43885.000000  7365
43887.000000  7366
43889.000000  7367
43891.000000  7369
43893.000000  7370
43895.000000  7372
43897.000000  7373
43899.000000  7375
43901.000000  7376
43903.000000  7378
43905.000000  7379
43907.000000  7381
43909.000000  7382
43911.000000  7383
43913.000000  7385
43915.000000  7386
43917.000000  7388
43919.000000  7389
43921.000000  7391
43923.000000  7392
43925.000000  7394
43927.000000  7395
43929.000000  7397
43931.000000  7398
43933.000000  7399
43935.000000  7401
43937.000000  7402
43939.000000  7404
43941.000000  7405
43943.000000  7407
43945.000000  7408
43947.000000  7410
43949.000000  7411
43951.000000  7413
43953.000000  7414
43955.000000  7415
43957.000000  7417
43959.000000  7418
43961.000000  7420
43963.000000  7421
43965.000000  7423
43967.000000  7424
43969.000000  7425
43971.000000  7427
43973.000000  7428
43975.000000  7430
43977.000000  7431
43979.000000  7433
43981.000000  7434
43983.000000  7436
43985.000000  7437
43987.000000  7438
43989.000000  7440
43991.000000  7441
43993.000000  7443
43995.000000  7444
43997.000000  7446
43999.000000  7447
44001.000000  7449
44003.000000  7450
44005.000000  7451
44007.000000  7453
44009.000000  7455
44011.000000  7456
44013.000000  7457
44015.000000  7459
44017.000000  7460
44019.000000  7462
44021.000000  7463
44023.000000  7465
44025.000000  7466
44027.000000  7467
44029.000000  7469
44031.000000  7470
44033.000000  7472
44035.000000  7473
44037.000000  7475
44039.000000  7476
44041.000000  7478
44043.000000  7479
44045.000000  7481
44047.000000  7482
44049.000000  7483
44051.000000  7485
44053.000000  7486
44055.000000  7488
44057.000000  7489
44059.000000  7491
44061.000000  7492
44063.000000  7493
44065.000000  7495
44067.000000  7496
44069.000000  7498
44071.000000  7499
44073.000000  7501
44075.000000  7502
44077.000000  7504
44079.000000  7505
44081.000000  7507
44083.000000  7508
44085.000000  7509
44087.000000  7511
44089.000000  7512
44091.000000  7514
44093.000000  7515
44095.000000  7517
44097.000000  7518
44099.000000  7519
44101.000000  7521
44103.000000  7523
44105.000000  7524
44107.000000  7525
44109.000000  7527
44111.000000  7528
44113.000000  7530
44115.000000  7531
44117.000000  7533
44119.000000  7534
44121.000000  7535
44123.000000  7537
44125.000000  7538
44127.000000  7540
44129.000000  7541
44131.000000  7543
44133.000000  7544
44135.000000  7546
44137.000000  7547
44139.000000  7549
44141.000000  7550
44143.000000  7551
44145.000000  7553
44147.000000  7554
44149.000000  7556
44151.000000  7557
44153.000000  7559
44155.000000  7560
44157.000000  7561
44159.000000  7563
44161.000000  7565
44163.000000  7566
44165.000000  7567
44167.000000  7569
44169.000000  7570
44171.000000  7572
44173.000000  7573
44175.000000  7575
44177.000000  7576
44179.000000  7578
44181.000000  7579
44183.000000  7580
44185.000000  7582
44187.000000  7583
44189.000000  7585
44191.000000  7586
44193.000000  7588
44195.000000  7589
44197.000000  7591
44199.000000  7592
44201.000000  7593
44203.000000  7595
44205.000000  7596
44207.000000  7598
44209.000000  7599
44211.000000  7601
44213.000000  7602
44215.000000  7604
44217.000000  7605
44219.000000  7607
44221.000000  7608
44223.000000  7609
44225.000000  7611
44227.000000  7612
44229.000000  7614
44231.000000  7615
44233.000000  7617
44235.000000  7618
44237.000000  7620
44239.000000  7621
44241.000000  7623
44243.000000  7624
44245.000000  7625
44247.000000  7627
44249.000000  7628
44251.000000  7630
44253.000000  7631
44255.000000  7633
44257.000000  7634
44259.000000  7635
44261.000000  7637
44263.000000  7639
44265.000000  7640
44267.000000  7641
44269.000000  7643
44271.000000  7644
44273.000000  7646
44275.000000  7647
44277.000000  7649
44279.000000  7650
44281.000000  7651
44283.000000  7653
44285.000000  7654
44287.000000  7656
44289.000000  7657
44291.000000  7659
44293.000000  7660
44295.000000  7662
44297.000000  7663
44299.000000  7665
44301.000000  7666
44303.000000  7668
44305.000000  7669
44307.000000  7671
44309.000000  7672
44311.000000  7673
44313.000000  7675
44315.000000  7676
44317.000000  7678
44319.000000  7679
44321.000000  7681
44323.000000  7682
44325.000000  7683
44327.000000  7685
44329.000000  7686
44331.000000  7688
44333.000000  7689
44335.000000  7691
44337.000000  7692
44339.000000  7694
44341.000000  7695
44343.000000  7697
44345.000000  7698
44347.000000  7699
44349.000000  7701
44351.000000  7702
44353.000000  7704
44355.000000  7705
44357.000000  7707
44359.000000  7708
44361.000000  7710
44363.000000  7711
44365.000000  7713
44367.000000  7714
44369.000000  7715
44371.000000  7717
44373.000000  7718
44375.000000  7720
44377.000000  7721
44379.000000  7723
44381.000000  7724
44383.000000  7725
44385.000000  7727
44387.000000  7729
44389.000000  7730
44391.000000  7731
44393.000000  7733
44395.000000  7734
44397.000000  7736
44399.000000  7737
44401.000000  7739
44403.000000  7740
44405.000000  7742
44407.000000  7743
44409.000000  7745
44411.000000  7746
44413.000000  7747
44415.000000  7749
44417.000000  7750
44419.000000  7752
44421.000000  7753
44423.000000  7755
44425.000000  7756
44427.000000  7757
44429.000000  7759
44431.000000  7761
44433.000000  7762
44435.000000  7763
44437.000000  7765
44439.000000  7766
44441.000000  7768
44443.000000  7769
44445.000000  7771
44447.000000  7772
44449.000000  7773
44451.000000  7775
44453.000000  7776
44455.000000  7778
44457.000000  7779
44459.000000  7781
44461.000000  7782
44463.000000  7784
44465.000000  7785
44467.000000  7787
44469.000000  7788
44471.000000  7789
44473.000000  7791
44475.000000  7792
44477.000000  7794
44479.000000  7795
44481.000000  7797
44483.000000  7798
44485.000000  7799
44487.000000  7801
44489.000000  7802
44491.000000  7804
44493.000000  7805
44495.000000  7807
44497.000000  7808
44499.000000  7810
44501.000000  7811
44503.000000  7813
44505.000000  7814
44507.000000  7815
44509.000000  7817
44511.000000  7818
44513.000000  7820
44515.000000  7821
44517.000000  7823
44519.000000  7824
44521.000000  7826
44523.000000  7827
44525.000000  7829
44527.000000  7830
44529.000000  7831
44531.000000  7833
44533.000000  7834
44535.000000  7836
44537.000000  7837
44539.000000  7839
44541.000000  7840
44543.000000  7842
44545.000000  7843
44547.000000  7845
44549.000000  7846
44551.000000  7847
44553.000000  7849
44555.000000  7850
44557.000000  7852
44559.000000  7853
44561.000000  7855
44563.000000  7856
44565.000000  7858
44567.000000  7859
44569.000000  7861
44571.000000  7862
44573.000000  7863
44575.000000  7865
44577.000000  7866
44579.000000  7868
44581.000000  7869
44583.000000  7871
44585.000000  7872
44587.000000  7873
44589.000000  7875
44591.000000  7876
44593.000000  7878
44595.000000  7879
44597.000000  7881
44599.000000  7882
44601.000000  7884
44603.000000  7885
44605.000000  7887
44607.000000  7888
44609.000000  7889
44611.000000  7891
44613.000000  7892
44615.000000  7894
44617.000000  7895
44619.000000  7897
44621.000000  7898
44623.000000  7900
44625.000000  7901
44627.000000  7903
44629.000000  7904
44631.000000  7905
44633.000000  7907
44635.000000  7908
44637.000000  7910
44639.000000  7911
44641.000000  7913
44643.000000  7914
44645.000000  7915
44647.000000  7917
44649.000000  7918
44651.000000  7920
44653.000000  7921
44655.000000  7923
44657.000000  7924
44659.000000  7926
44661.000000  7927
44663.000000  7929
44665.000000  7930
44667.000000  7931
44669.000000  7933
44671.000000  7935
44673.000000  7936
44675.000000  7937
44677.000000  7939
44679.000000  7940
44681.000000  7942
