34301.000000  5045
34303.000000  5046
34305.000000  5047
34307.000000  5048
34307.000000  5048
34307.000000  5048
34307.000000  5048
34307.000000  5048
37469.000000  5143
37471.000000  5143
37473.000000  5143
37475.000000  5143
37477.000000  5144
37479.000000  5144
37481.000000  5144
37483.000000  5144
37485.000000  5145
37487.000000  5145
37489.000000  5145
37491.000000  5146
37493.000000  5146
37495.000000  5147
37497.000000  5147
37499.000000  5147
37501.000000  5148
37503.000000  5149
37505.000000  5149
37507.000000  5150
37509.000000  5150
37511.000000  5151
37513.000000  5151
37515.000000  5152
37517.000000  5153
37519.000000  5154
37521.000000  5154
37523.000000  5155
37525.000000  5156
37527.000000  5157
37529.000000  5157
37531.000000  5158
37533.000000  5159
37535.000000  5160
37537.000000  5161
37539.000000  5161
37541.000000  5162
37543.000000  5163
37545.000000  5164
37547.000000  5165
37549.000000  5166
37551.000000  5167
37553.000000  5168
37555.000000  5169
37557.000000  5169
37559.000000  5171
37561.000000  5171
37563.000000  5172
37565.000000  5173
37567.000000  5174
37569.000000  5175
37571.000000  5176
37573.000000  5177
37575.000000  5178
37577.000000  5179
37579.000000  5180
37581.000000  5181
37583.000000  5182
37585.000000  5183
37587.000000  5185
37589.000000  5185
37591.000000  5187
37593.000000  5188
37595.000000  5189
37597.000000  5190
37599.000000  5191
37601.000000  5192
37603.000000  5193
37605.000000  5194
37607.000000  5195
37609.000000  5197
37611.000000  5198
37613.000000  5199
37615.000000  5200
37617.000000  5201
37619.000000  5202
37621.000000  5203
37623.000000  5204
37625.000000  5205
37627.000000  5207
37629.000000  5208
37631.000000  5209
37633.000000  5210
37635.000000  5211
37637.000000  5213
37639.000000  5214
37641.000000  5215
37643.000000  5216
37645.000000  5217
37647.000000  5218
37649.000000  5220
37651.000000  5221
37653.000000  5222
37655.000000  5223
37657.000000  5224
37659.000000  5225
37661.000000  5227
37663.000000  5228
37665.000000  5229
37667.000000  5230
37669.000000  5231
37671.000000  5233
37673.000000  5234
37675.000000  5235
37677.000000  5236
37679.000000  5238
37681.000000  5239
37683.000000  5240
37685.000000  5241
37687.000000  5243
37689.000000  5244
37691.000000  5245
37693.000000  5246
37695.000000  5247
37697.000000  5249
37699.000000  5250
37701.000000  5251
37703.000000  5252
37705.000000  5253
37707.000000  5255
37709.000000  5256
37711.000000  5257
37713.000000  5259
37715.000000  5260
37717.000000  5261
37719.000000  5262
37721.000000  5263
37723.000000  5265
37725.000000  5266
37727.000000  5267
37729.000000  5269
37731.000000  5270
37733.000000  5271
37735.000000  5272
37737.000000  5273
37739.000000  5275
37741.000000  5276
37743.000000  5277
37745.000000  5279
37747.000000  5280
37749.000000  5281
37751.000000  5282
37753.000000  5283
37755.000000  5285
37757.000000  5286
37759.000000  5287
37761.000000  5289
37763.000000  5290
37765.000000  5291
37767.000000  5292
37769.000000  5294
37771.000000  5295
37773.000000  5296
37775.000000  5297
37777.000000  5299
37779.000000  5300
37781.000000  5301
37783.000000  5303
37785.000000  5304
37787.000000  5305
37789.000000  5306
37791.000000  5308
37793.000000  5309
37795.000000  5310
37797.000000  5311
37799.000000  5313
37801.000000  5314
37803.000000  5315
37805.000000  5317
37807.000000  5318
37809.000000  5319
37811.000000  5320
37813.000000  5322
37815.000000  5323
37817.000000  5324
37819.000000  5325
37821.000000  5327
37823.000000  5328
37825.000000  5329
37827.000000  5331
37829.000000  5332
37831.000000  5333
37833.000000  5334
37835.000000  5336
37837.000000  5337
37839.000000  5338
37841.000000  5339
37843.000000  5341
37845.000000  5342
37847.000000  5343
37849.000000  5345
37851.000000  5346
37853.000000  5347
37855.000000  5348
37857.000000  5350
37859.000000  5351
37861.000000  5352
37863.000000  5353
37865.000000  5355
37867.000000  5356
37869.000000  5357
37871.000000  5359
37873.000000  5360
37875.000000  5361
37877.000000  5363
37879.000000  5364
37881.000000  5365
37883.000000  5366
37885.000000  5368
37887.000000  5369
37889.000000  5370
37891.000000  5371
37893.000000  5373
37895.000000  5374
37897.000000  5375
37899.000000  5377
37901.000000  5378
37903.000000  5379
37905.000000  5380
37907.000000  5382
37909.000000  5383
37911.000000  5384
37913.000000  5386
37915.000000  5387
37917.000000  5388
37919.000000  5389
37921.000000  5391
37923.000000  5392
37925.000000  5393
37927.000000  5395
37929.000000  5396
37931.000000  5397
37933.000000  5398
37935.000000  5400
37937.000000  5401
37939.000000  5402
37941.000000  5403
37943.000000  5405
37945.000000  5406
37947.000000  5407
37949.000000  5409
37951.000000  5410
37953.000000  5411
37955.000000  5413
37957.000000  5414
37959.000000  5415
37961.000000  5416
37963.000000  5418
37965.000000  5419
37967.000000  5420
37969.000000  5421
37971.000000  5423
37973.000000  5424
37975.000000  5425
37977.000000  5427
37979.000000  5428
37981.000000  5429
37983.000000  5431
37985.000000  5432
37987.000000  5433
37989.000000  5434
37991.000000  5436
37993.000000  5437
37995.000000  5438
37997.000000  5439
37999.000000  5441
38001.000000  5442
38003.000000  5443
38005.000000  5445
38007.000000  5446
38009.000000  5447
38011.000000  5449
38013.000000  5450
38015.000000  5451
38017.000000  5452
38019.000000  5454
38021.000000  5455
38023.000000  5456
38025.000000  5457
38027.000000  5459
38029.000000  5460
38031.000000  5461
38033.000000  5463
38035.000000  5464
38037.000000  5465
38039.000000  5467
38041.000000  5468
38043.000000  5469
38045.000000  5470
38047.000000  5471
38049.000000  5473
38051.000000  5474
38053.000000  5475
38055.000000  5477
38057.000000  5478
38059.000000  5479
38061.000000  5481
38063.000000  5482
38065.000000  5483
38067.000000  5485
38069.000000  5486
38071.000000  5487
38073.000000  5488
38075.000000  5490
38077.000000  5491
38079.000000  5492
38081.000000  5493
38083.000000  5495
38085.000000  5496
38087.000000  5497
38089.000000  5499
38091.000000  5500
38093.000000  5501
38095.000000  5503
38097.000000  5504
38099.000000  5505
38101.000000  5506
38103.000000  5508
38105.000000  5509
38107.000000  5510
38109.000000  5511
38111.000000  5513
38113.000000  5514
38115.000000  5515
38117.000000  5517
38119.000000  5518
38121.000000  5519
38123.000000  5520
38125.000000  5522
38127.000000  5523
38129.000000  5524
38131.000000  5526
38133.000000  5527
38135.000000  5528
38137.000000  5529
38139.000000  5531
38141.000000  5532
38143.000000  5533
38145.000000  5535
38147.000000  5536
38149.000000  5537
38151.000000  5539
38153.000000  5540
38155.000000  5541
38157.000000  5542
38159.000000  5543
38161.000000  5545
38163.000000  5546
38165.000000  5547
38167.000000  5549
38169.000000  5550
38171.000000  5551
38173.000000  5553
38175.000000  5554
38177.000000  5555
38179.000000  5557
38181.000000  5558
38183.000000  5559
38185.000000  5560
38187.000000  5562
38189.000000  5563
38191.000000  5564
38193.000000  5565
38195.000000  5567
38197.000000  5568
38199.000000  5569
38201.000000  5571
38203.000000  5572
38205.000000  5573
38207.000000  5574
38209.000000  5576
38211.000000  5577
38213.000000  5578
38215.000000  5580
38217.000000  5581
38219.000000  5582
38221.000000  5583
38223.000000  5585
38225.000000  5586
38227.000000  5587
38229.000000  5589
38231.000000  5590
38233.000000  5591
38235.000000  5592
38237.000000  5594
38239.000000  5595
38241.000000  5596
38243.000000  5597
38245.000000  5599
38247.000000  5600
38249.000000  5601
38251.000000  5603
38253.000000  5604
38255.000000  5605
38257.000000  5607
38259.000000  5608
38261.000000  5609
38263.000000  5610
38265.000000  5612
38267.000000  5613
38269.000000  5614
38271.000000  5615
38273.000000  5617
38275.000000  5618
38277.000000  5619
38279.000000  5621
38281.000000  5622
38283.000000  5623
38285.000000  5625
38287.000000  5626
38289.000000  5627
38291.000000  5628
38293.000000  5630
38295.000000  5631
38297.000000  5632
38299.000000  5633
38301.000000  5635
38303.000000  5636
38305.000000  5637
38307.000000  5639
38309.000000  5640
38311.000000  5641
38313.000000  5642
38315.000000  5644
38317.000000  5645
38319.000000  5646
38321.000000  5648
38323.000000  5649
38325.000000  5650
38327.000000  5651
38329.000000  5653
38331.000000  5654
38333.000000  5655
38335.000000  5657
38337.000000  5658
38339.000000  5659
38341.000000  5660
38343.000000  5662
38345.000000  5663
38347.000000  5664
38349.000000  5665
38351.000000  5667
38353.000000  5668
38355.000000  5669
38357.000000  5671
38359.000000  5672
38361.000000  5673
38363.000000  5675
38365.000000  5676
38367.000000  5677
38369.000000  5679
38371.000000  5680
38373.000000  5681
38375.000000  5682
38377.000000  5684
38379.000000  5685
38381.000000  5686
38383.000000  5687
38385.000000  5689
38387.000000  5690
38389.000000  5691
38391.000000  5693
38393.000000  5694
38395.000000  5695
38397.000000  5697
38399.000000  5698
38401.000000  5699
38403.000000  5700
38405.000000  5702
38407.000000  5703
38409.000000  5704
38411.000000  5705
38413.000000  5707
38415.000000  5708
38417.000000  5709
38419.000000  5711
38421.000000  5712
38423.000000  5713
38425.000000  5715
38427.000000  5716
38429.000000  5717
38431.000000  5718
38433.000000  5720
38435.000000  5721
38437.000000  5722
38439.000000  5723
38441.000000  5725
38443.000000  5726
38445.000000  5727
38447.000000  5729
38449.000000  5730
38451.000000  5731
38453.000000  5733
38455.000000  5734
38457.000000  5735
38459.000000  5736
38461.000000  5738
38463.000000  5739
38465.000000  5740
38467.000000  5741
38469.000000  5743
38471.000000  5744
38473.000000  5745
38475.000000  5747
38477.000000  5748
38479.000000  5749
38481.000000  5751
38483.000000  5752
38485.000000  5753
38487.000000  5755
38489.000000  5756
38491.000000  5757
38493.000000  5758
38495.000000  5759
38497.000000  5761
38499.000000  5762
38501.000000  5763
38503.000000  5765
38505.000000  5766
38507.000000  5767
38509.000000  5769
38511.000000  5770
38513.000000  5771
38515.000000  5773
38517.000000  5774
38519.000000  5775
38521.000000  5776
38523.000000  5778
38525.000000  5779
38527.000000  5780
38529.000000  5781
38531.000000  5783
38533.000000  5784
38535.000000  5785
38537.000000  5787
38539.000000  5788
38541.000000  5789
38543.000000  5791
38545.000000  5792
38547.000000  5793
38549.000000  5795
38551.000000  5796
38553.000000  5797
38555.000000  5798
38557.000000  5800
38559.000000  5801
38561.000000  5802
38563.000000  5803
38565.000000  5805
38567.000000  5806
38569.000000  5807
38571.000000  5809
38573.000000  5810
38575.000000  5811
38577.000000  5812
38579.000000  5814
38581.000000  5815
38583.000000  5816
38585.000000  5818
38587.000000  5819
38589.000000  5820
38591.000000  5821
38593.000000  5823
38595.000000  5824
38597.000000  5825
38599.000000  5827
38601.000000  5828
38603.000000  5829
38605.000000  5831
38607.000000  5832
38609.000000  5833
38611.000000  5834
38613.000000  5836
38615.000000  5837
38617.000000  5838
38619.000000  5839
38621.000000  5841
38623.000000  5842
38625.000000  5843
38627.000000  5845
38629.000000  5846
38631.000000  5847
38633.000000  5849
38635.000000  5850
38637.000000  5851
38639.000000  5853
38641.000000  5854
38643.000000  5855
38645.000000  5856
38647.000000  5858
38649.000000  5859
38651.000000  5860
38653.000000  5861
38655.000000  5863
38657.000000  5864
38659.000000  5865
38661.000000  5867
38663.000000  5868
38665.000000  5869
38667.000000  5871
38669.000000  5872
38671.000000  5873
38673.000000  5874
38675.000000  5876
38677.000000  5877
38679.000000  5878
38681.000000  5879
38683.000000  5881
38685.000000  5882
38687.000000  5883
38689.000000  5885
38691.000000  5886
38693.000000  5887
38695.000000  5889
38697.000000  5890
38699.000000  5891
38701.000000  5893
38703.000000  5894
38705.000000  5895
38707.000000  5896
38709.000000  5898
38711.000000  5899
38713.000000  5900
38715.000000  5901
38717.000000  5903
38719.000000  5904
38721.000000  5905
38723.000000  5907
38725.000000  5908
38727.000000  5909
38729.000000  5911
38731.000000  5912
38733.000000  5913
38735.000000  5914
38737.000000  5916
38739.000000  5917
38741.000000  5918
38743.000000  5919
38745.000000  5921
38747.000000  5922
38749.000000  5923
38751.000000  5925
38753.000000  5926
38755.000000  5927
38757.000000  5929
38759.000000  5930
38761.000000  5931
38763.000000  5932
38765.000000  5934
38767.000000  5935
38769.000000  5936
38771.000000  5938
38773.000000  5939
38775.000000  5940
38777.000000  5941
38779.000000  5943
38781.000000  5944
38783.000000  5945
38785.000000  5947
38787.000000  5948
38789.000000  5949
38791.000000  5950
38793.000000  5952
38795.000000  5953
38797.000000  5954
38799.000000  5955
38801.000000  5957
38803.000000  5958
38805.000000  5959
38807.000000  5961
38809.000000  5962
38811.000000  5963
38813.000000  5965
38815.000000  5966
38817.000000  5967
38819.000000  5969
38821.000000  5970
38823.000000  5971
38825.000000  5972
38827.000000  5973
38829.000000  5975
38831.000000  5976
38833.000000  5977
38835.000000  5979
38837.000000  5980
38839.000000  5981
38841.000000  5983
38843.000000  5984
38845.000000  5985
38847.000000  5987
38849.000000  5988
38851.000000  5989
38853.000000  5990
38855.000000  5992
38857.000000  5993
38859.000000  5994
38861.000000  5995
38863.000000  5997
38865.000000  5998
38867.000000  5999
38869.000000  6001
38871.000000  6002
38873.000000  6003
38875.000000  6004
38877.000000  6006
38879.000000  6007
38881.000000  6008
38883.000000  6010
38885.000000  6011
38887.000000  6012
38889.000000  6013
38891.000000  6015
38893.000000  6016
38895.000000  6017
38897.000000  6019
38899.000000  6020
38901.000000  6021
38903.000000  6022
38905.000000  6024
38907.000000  6025
38907.000000  6025
0.000000  0
0.000000  0
0.000000  0
0.000000  0
0.000000  0
0.000000  0
0.000000  0
0.000000  0
0.000000  0
0.000000  0
0.000000  0
0.000000  0
0.000000  0
0.000000  0
0.000000  0
0.000000  0
0.000000  0
0.000000  0
0.000000  0
0.000000  0
0.000000  0
0.000000  0
0.000000  0
0.000000  0
0.000000  0
0.000000  0
0.000000  0
0.000000  0
0.000000  0
0.000000  0
0.000000  0
0.000000  0
0.000000  0
0.000000  0
0.000000  0
0.000000  0
0.000000  0
0.000000  0
0.000000  0
0.000000  0
0.000000  0
0.000000  0
0.000000  0
0.000000  0
0.000000  0
0.000000  0
0.000000  0
0.000000  0
0.000000  0
0.000000  0
0.000000  0
39011.000000  6092
39013.000000  6093
39015.000000  6095
39017.000000  6096
39019.000000  6097
39021.000000  6098
39023.000000  6100
39025.000000  6101
39027.000000  6102
39029.000000  6104
39031.000000  6105
39033.000000  6106
39035.000000  6107
39037.000000  6109
39039.000000  6110
39041.000000  6111
39043.000000  6113
39045.000000  6114
39047.000000  6115
39049.000000  6117
39051.000000  6118
39053.000000  6119
39055.000000  6120
39057.000000  6122
39059.000000  6123
39061.000000  6124
39063.000000  6125
39065.000000  6127
39067.000000  6128
39069.000000  6129
39071.000000  6131
39073.000000  6132
39075.000000  6133
39077.000000  6135
39079.000000  6136
39081.000000  6137
39083.000000  6139
39085.000000  6140
39087.000000  6141
39089.000000  6142
39091.000000  6144
39093.000000  6145
39095.000000  6146
39097.000000  6147
39099.000000  6149
39101.000000  6150
39103.000000  6151
39105.000000  6153
39107.000000  6154
39109.000000  6155
39111.000000  6157
39113.000000  6158
39115.000000  6159
39117.000000  6161
39119.000000  6162
39121.000000  6163
39123.000000  6164
39125.000000  6165
39127.000000  6167
39129.000000  6168
39131.000000  6169
39133.000000  6171
39135.000000  6172
39137.000000  6173
39139.000000  6175
39141.000000  6176
39143.000000  6177
39145.000000  6179
39147.000000  6180
39149.000000  6181
39151.000000  6182
39153.000000  6184
39155.000000  6185
39157.000000  6186
39159.000000  6187
39161.000000  6189
39163.000000  6190
39165.000000  6191
39167.000000  6193
39169.000000  6194
39171.000000  6195
39173.000000  6197
39175.000000  6198
39177.000000  6199
39179.000000  6201
39181.000000  6202
39183.000000  6203
39185.000000  6204
39187.000000  6206
39189.000000  6207
39191.000000  6208
39193.000000  6209
39195.000000  6211
39197.000000  6212
39199.000000  6213
39201.000000  6215
39203.000000  6216
39205.000000  6217
39207.000000  6219
39209.000000  6220
39211.000000  6221
39213.000000  6222
39215.000000  6224
39217.000000  6225
39219.000000  6226
39221.000000  6228
39223.000000  6229
39225.000000  6230
39227.000000  6231
39229.000000  6233
39231.000000  6234
39233.000000  6235
39235.000000  6237
39237.000000  6238
39239.000000  6239
39241.000000  6240
39243.000000  6242
39245.000000  6243
39247.000000  6244
39249.000000  6246
39251.000000  6247
39253.000000  6248
39255.000000  6249
39257.000000  6251
39259.000000  6252
39261.000000  6253
39263.000000  6255
39265.000000  6256
39267.000000  6257
39269.000000  6259
39271.000000  6260
39273.000000  6261
39275.000000  6262
39277.000000  6264
39279.000000  6265
39281.000000  6266
39283.000000  6267
39285.000000  6269
39287.000000  6270
39289.000000  6271
39291.000000  6273
39293.000000  6274
39295.000000  6275
39297.000000  6277
39299.000000  6278
39301.000000  6279
39303.000000  6281
39305.000000  6282
39307.000000  6283
39309.000000  6284
39311.000000  6286
39313.000000  6287
39315.000000  6288
39317.000000  6289
39319.000000  6291
39321.000000  6292
39323.000000  6293
39325.000000  6295
39327.000000  6296
39329.000000  6297
39331.000000  6299
39333.000000  6300
39335.000000  6301
39337.000000  6303
39339.000000  6304
39341.000000  6305
39343.000000  6306
39345.000000  6307
39347.000000  6309
39349.000000  6310
39351.000000  6311
39353.000000  6313
39355.000000  6314
39357.000000  6315
39359.000000  6317
39361.000000  6318
39363.000000  6319
39365.000000  6321
39367.000000  6322
39369.000000  6323
39371.000000  6324
39373.000000  6326
39375.000000  6327
39377.000000  6328
39379.000000  6329
39381.000000  6331
39383.000000  6332
39385.000000  6333
39387.000000  6335
39389.000000  6336
39391.000000  6337
39393.000000  6338
39395.000000  6340
39397.000000  6341
39399.000000  6342
39401.000000  6344
39403.000000  6345
39405.000000  6346
39407.000000  6347
39409.000000  6349
39411.000000  6350
39413.000000  6351
39415.000000  6353
39417.000000  6354
39419.000000  6355
39421.000000  6357
39423.000000  6358
39425.000000  6359
39427.000000  6360
39429.000000  6362
39431.000000  6363
39433.000000  6364
39435.000000  6365
39437.000000  6367
39439.000000  6368
39441.000000  6369
39443.000000  6371
39445.000000  6372
39447.000000  6373
39449.000000  6375
