29097.000000  3853
29099.000000  3854
29101.000000  3855
29101.000000  3855
29101.000000  3855
29101.000000  3855
29101.000000  3855
32309.000000  3972
32311.000000  3972
32313.000000  3973
32315.000000  3973
32317.000000  3973
32319.000000  3974
32321.000000  3974
32323.000000  3975
32325.000000  3975
32327.000000  3975
32329.000000  3976
32331.000000  3977
32333.000000  3977
32335.000000  3978
32337.000000  3978
32339.000000  3979
32341.000000  3979
32343.000000  3980
32345.000000  3981
32347.000000  3981
32349.000000  3982
32351.000000  3982
32353.000000  3983
32355.000000  3984
32357.000000  3984
32359.000000  3985
32361.000000  3986
32363.000000  3987
32365.000000  3987
32367.000000  3988
32369.000000  3989
32371.000000  3990
32373.000000  3990
32375.000000  3991
32377.000000  3992
32379.000000  3993
32381.000000  3993
32383.000000  3994
32385.000000  3995
32387.000000  3996
32389.000000  3997
32391.000000  3998
32393.000000  3999
32395.000000  3999
32397.000000  4000
32399.000000  4001
32401.000000  4002
32403.000000  4003
32405.000000  4004
32407.000000  4005
32409.000000  4005
32411.000000  4006
32413.000000  4007
32415.000000  4008
32417.000000  4009
32419.000000  4010
32421.000000  4011
32423.000000  4012
32425.000000  4013
32427.000000  4014
32429.000000  4015
32431.000000  4016
32433.000000  4017
32435.000000  4018
32437.000000  4019
32439.000000  4020
32441.000000  4021
32443.000000  4022
32445.000000  4023
32447.000000  4024
32449.000000  4025
32451.000000  4025
32453.000000  4027
32455.000000  4027
32457.000000  4029
32459.000000  4029
32461.000000  4031
32463.000000  4031
32465.000000  4033
32467.000000  4033
32469.000000  4035
32471.000000  4035
32473.000000  4037
32475.000000  4038
32477.000000  4039
32479.000000  4040
32481.000000  4041
32483.000000  4042
32485.000000  4043
32487.000000  4044
32489.000000  4045
32491.000000  4046
32493.000000  4047
32495.000000  4048
32497.000000  4049
32499.000000  4050
32501.000000  4051
32503.000000  4052
32505.000000  4053
32507.000000  4054
32509.000000  4055
32511.000000  4056
32513.000000  4057
32515.000000  4058
32517.000000  4059
32519.000000  4061
32521.000000  4062
32523.000000  4063
32525.000000  4064
32527.000000  4065
32529.000000  4066
32531.000000  4067
32533.000000  4068
32535.000000  4069
32537.000000  4070
32539.000000  4071
32541.000000  4072
32543.000000  4073
32545.000000  4074
32547.000000  4075
32549.000000  4077
32551.000000  4077
32553.000000  4079
32555.000000  4080
32557.000000  4081
32559.000000  4082
32561.000000  4083
32563.000000  4084
32565.000000  4085
32567.000000  4086
32569.000000  4087
32571.000000  4088
32573.000000  4089
32575.000000  4091
32577.000000  4092
32579.000000  4093
32581.000000  4094
32583.000000  4095
32585.000000  4096
32587.000000  4097
32589.000000  4098
32591.000000  4099
32593.000000  4100
32595.000000  4101
32597.000000  4102
32599.000000  4103
32601.000000  4105
32603.000000  4105
32605.000000  4107
32607.000000  4108
32609.000000  4109
32611.000000  4110
32613.000000  4111
32615.000000  4112
32617.000000  4113
32619.000000  4114
32621.000000  4115
32623.000000  4117
32625.000000  4118
32627.000000  4119
32629.000000  4120
32631.000000  4121
32633.000000  4122
32635.000000  4123
32637.000000  4124
32639.000000  4125
32641.000000  4126
32643.000000  4127
32645.000000  4128
32647.000000  4129
32649.000000  4131
32651.000000  4132
32653.000000  4133
32655.000000  4134
32657.000000  4135
32659.000000  4136
32661.000000  4137
32663.000000  4138
32665.000000  4139
32667.000000  4141
32669.000000  4142
32671.000000  4143
32673.000000  4144
32675.000000  4145
32677.000000  4146
32679.000000  4147
32681.000000  4148
32683.000000  4149
32685.000000  4150
32687.000000  4151
32689.000000  4153
32691.000000  4154
32693.000000  4155
32695.000000  4156
32697.000000  4157
32699.000000  4158
32701.000000  4159
32703.000000  4160
32705.000000  4161
32707.000000  4162
32709.000000  4163
32711.000000  4165
32713.000000  4166
32715.000000  4167
32717.000000  4168
32719.000000  4169
32721.000000  4170
32723.000000  4171
32725.000000  4172
32727.000000  4173
32729.000000  4174
32731.000000  4175
32733.000000  4177
32735.000000  4178
32737.000000  4179
32739.000000  4180
32741.000000  4181
32743.000000  4182
32745.000000  4183
32747.000000  4184
32749.000000  4185
32751.000000  4187
32753.000000  4188
32755.000000  4189
32757.000000  4190
32759.000000  4191
32761.000000  4192
32763.000000  4193
32765.000000  4194
32767.000000  4195
32769.000000  4196
32771.000000  4197
32773.000000  4199
32775.000000  4200
32777.000000  4201
32779.000000  4202
32781.000000  4203
32783.000000  4204
32785.000000  4205
32787.000000  4206
32789.000000  4207
32791.000000  4209
32793.000000  4210
32795.000000  4211
32797.000000  4212
32799.000000  4213
32801.000000  4214
32803.000000  4215
32805.000000  4216
32807.000000  4217
32809.000000  4219
32811.000000  4219
32813.000000  4221
32815.000000  4222
32817.000000  4223
32819.000000  4224
32821.000000  4225
32823.000000  4226
32825.000000  4227
32827.000000  4228
32829.000000  4229
32831.000000  4231
32833.000000  4232
32835.000000  4233
32837.000000  4234
32839.000000  4235
32841.000000  4236
32843.000000  4237
32845.000000  4238
32847.000000  4239
32849.000000  4241
32851.000000  4242
32853.000000  4243
32855.000000  4244
32857.000000  4245
32859.000000  4246
32861.000000  4247
32863.000000  4248
32865.000000  4249
32867.000000  4250
32869.000000  4251
32871.000000  4253
32873.000000  4254
32875.000000  4255
32877.000000  4256
32879.000000  4257
32881.000000  4258
32883.000000  4259
32885.000000  4260
32887.000000  4261
32889.000000  4263
32891.000000  4264
32893.000000  4265
32895.000000  4266
32897.000000  4267
32899.000000  4268
32901.000000  4269
32903.000000  4270
32905.000000  4271
32907.000000  4273
32909.000000  4273
32911.000000  4275
32913.000000  4276
32915.000000  4277
32917.000000  4278
32919.000000  4279
32921.000000  4280
32923.000000  4281
32925.000000  4283
32927.000000  4284
32929.000000  4285
32931.000000  4286
32933.000000  4287
32935.000000  4288
32937.000000  4289
32939.000000  4290
32941.000000  4291
32943.000000  4292
32945.000000  4293
32947.000000  4295
32949.000000  4296
32951.000000  4297
32953.000000  4298
32955.000000  4299
32957.000000  4300
32959.000000  4301
32961.000000  4302
32963.000000  4303
32965.000000  4305
32967.000000  4306
32969.000000  4307
32971.000000  4308
32973.000000  4309
32975.000000  4310
32977.000000  4311
32979.000000  4312
32981.000000  4313
32983.000000  4315
32985.000000  4315
32987.000000  4317
32989.000000  4318
32991.000000  4319
32993.000000  4320
32995.000000  4321
32997.000000  4322
32999.000000  4323
33001.000000  4324
33003.000000  4325
33005.000000  4327
33007.000000  4328
33009.000000  4329
33011.000000  4330
33013.000000  4331
33015.000000  4332
33017.000000  4333
33019.000000  4334
33021.000000  4335
33023.000000  4337
33025.000000  4338
33027.000000  4339
33029.000000  4340
33031.000000  4341
33033.000000  4342
33035.000000  4343
33037.000000  4344
33039.000000  4345
33041.000000  4346
33043.000000  4347
33045.000000  4349
33047.000000  4350
33049.000000  4351
33051.000000  4352
33053.000000  4353
33055.000000  4354
33057.000000  4355
33059.000000  4356
33061.000000  4358
33063.000000  4359
33065.000000  4360
33067.000000  4361
33069.000000  4362
33071.000000  4363
33073.000000  4364
33075.000000  4365
33077.000000  4366
33079.000000  4367
33081.000000  4369
33083.000000  4370
33085.000000  4371
33087.000000  4372
33089.000000  4373
33091.000000  4374
33093.000000  4375
33095.000000  4376
33097.000000  4377
33099.000000  4379
33101.000000  4380
33103.000000  4381
33105.000000  4382
33107.000000  4383
33109.000000  4384
33111.000000  4385
33113.000000  4386
33115.000000  4387
33117.000000  4388
33119.000000  4389
33121.000000  4391
33123.000000  4392
33125.000000  4393
33127.000000  4394
33129.000000  4395
33131.000000  4396
33133.000000  4397
33135.000000  4398
33137.000000  4399
33139.000000  4401
33141.000000  4402
33143.000000  4403
33145.000000  4404
33147.000000  4405
33149.000000  4406
33151.000000  4407
33153.000000  4408
33155.000000  4409
33157.000000  4411
33159.000000  4412
33161.000000  4413
33163.000000  4414
33165.000000  4415
33167.000000  4416
33169.000000  4417
33171.000000  4418
33173.000000  4419
33175.000000  4421
33177.000000  4421
33179.000000  4423
33181.000000  4424
33183.000000  4425
33185.000000  4426
33187.000000  4427
33189.000000  4428
33191.000000  4429
33193.000000  4430
33195.000000  4431
33197.000000  4433
33199.000000  4434
33201.000000  4435
33203.000000  4436
33205.000000  4437
33207.000000  4438
33209.000000  4439
33211.000000  4440
33213.000000  4441
33215.000000  4443
33217.000000  4444
33219.000000  4445
33221.000000  4446
33223.000000  4447
33225.000000  4448
33227.000000  4449
33229.000000  4450
33231.000000  4451
33233.000000  4453
33235.000000  4454
33237.000000  4455
33239.000000  4456
33241.000000  4457
33243.000000  4458
33245.000000  4459
33247.000000  4460
33249.000000  4461
33251.000000  4462
33253.000000  4463
33255.000000  4465
33257.000000  4466
33259.000000  4467
33261.000000  4468
33263.000000  4469
33265.000000  4470
33267.000000  4471
33269.000000  4472
33271.000000  4473
33273.000000  4475
33275.000000  4476
33277.000000  4477
33279.000000  4478
33281.000000  4479
33283.000000  4480
33285.000000  4481
33287.000000  4482
33289.000000  4483
33291.000000  4485
33293.000000  4486
33295.000000  4487
33297.000000  4488
33299.000000  4489
33301.000000  4490
33303.000000  4491
33305.000000  4492
33307.000000  4493
33309.000000  4495
33311.000000  4496
33313.000000  4497
33315.000000  4498
33317.000000  4499
33319.000000  4500
33321.000000  4501
33323.000000  4502
33325.000000  4503
33327.000000  4505
33329.000000  4505
33331.000000  4507
33333.000000  4508
33335.000000  4509
33337.000000  4510
33339.000000  4511
33341.000000  4512
33343.000000  4513
33345.000000  4514
33347.000000  4515
33349.000000  4517
33351.000000  4518
33353.000000  4519
33355.000000  4520
33357.000000  4521
33359.000000  4522
33361.000000  4523
33363.000000  4524
33365.000000  4525
33367.000000  4527
33369.000000  4528
33371.000000  4529
33373.000000  4530
33375.000000  4531
33377.000000  4532
33379.000000  4533
33381.000000  4534
33383.000000  4535
33385.000000  4537
33387.000000  4538
33389.000000  4539
33391.000000  4540
33393.000000  4541
33395.000000  4542
33397.000000  4543
33399.000000  4544
33401.000000  4545
33403.000000  4547
33405.000000  4548
33407.000000  4549
33409.000000  4550
33411.000000  4551
33413.000000  4552
33415.000000  4553
33417.000000  4554
33419.000000  4555
33421.000000  4556
33423.000000  4557
33425.000000  4559
33427.000000  4560
33429.000000  4561
33431.000000  4562
33433.000000  4563
33435.000000  4564
33437.000000  4565
33439.000000  4566
33441.000000  4567
33443.000000  4569
33445.000000  4570
33447.000000  4571
33449.000000  4572
33451.000000  4573
33453.000000  4574
33455.000000  4575
33457.000000  4576
33459.000000  4577
33461.000000  4579
33463.000000  4580
33465.000000  4581
33467.000000  4582
33469.000000  4583
33471.000000  4584
33473.000000  4585
33475.000000  4586
33477.000000  4587
33479.000000  4589
33481.000000  4590
33483.000000  4591
33485.000000  4592
33487.000000  4593
33489.000000  4594
33491.000000  4595
33493.000000  4596
33495.000000  4597
33497.000000  4599
33499.000000  4600
33501.000000  4601
33503.000000  4602
33505.000000  4603
33507.000000  4604
33509.000000  4605
33511.000000  4606
33513.000000  4607
33515.000000  4609
33517.000000  4610
33519.000000  4611
33521.000000  4612
33523.000000  4613
33525.000000  4614
33527.000000  4615
33529.000000  4616
33531.000000  4617
33533.000000  4619
33535.000000  4620
33537.000000  4621
33539.000000  4622
33541.000000  4623
33543.000000  4624
33545.000000  4625
33547.000000  4626
33549.000000  4627
33551.000000  4629
33553.000000  4630
33555.000000  4631
33557.000000  4632
33559.000000  4633
33561.000000  4634
33563.000000  4635
33565.000000  4636
33567.000000  4637
33569.000000  4639
33571.000000  4640
33573.000000  4641
33575.000000  4642
33577.000000  4643
33579.000000  4644
33581.000000  4645
33583.000000  4646
33585.000000  4647
33587.000000  4649
33589.000000  4650
33591.000000  4651
33593.000000  4652
33595.000000  4653
33597.000000  4654
33599.000000  4655
33601.000000  4656
33603.000000  4657
33605.000000  4658
33607.000000  4659
33609.000000  4661
33611.000000  4662
33613.000000  4663
33615.000000  4664
33617.000000  4665
33619.000000  4666
33621.000000  4667
33623.000000  4669
33625.000000  4670
33627.000000  4671
33629.000000  4672
33631.000000  4673
33633.000000  4674
33635.000000  4675
33637.000000  4676
33639.000000  4677
33641.000000  4678
33643.000000  4679
33645.000000  4681
33647.000000  4682
33649.000000  4683
33651.000000  4684
33653.000000  4685
33655.000000  4686
33657.000000  4687
33659.000000  4688
33661.000000  4690
33663.000000  4691
33665.000000  4692
33667.000000  4693
33669.000000  4694
33671.000000  4695
33673.000000  4696
33675.000000  4697
33677.000000  4698
33679.000000  4699
33681.000000  4701
33683.000000  4702
33685.000000  4703
33687.000000  4704
33689.000000  4705
33691.000000  4706
33693.000000  4707
33695.000000  4708
33697.000000  4709
33699.000000  4711
33701.000000  4712
33703.000000  4713
33705.000000  4714
33707.000000  4715
33709.000000  4716
33711.000000  4717
33713.000000  4718
33715.000000  4719
33717.000000  4721
33719.000000  4722
33721.000000  4723
33723.000000  4724
33725.000000  4725
33727.000000  4726
33729.000000  4727
33731.000000  4728
33733.000000  4729
33735.000000  4731
33737.000000  4732
33739.000000  4733
33741.000000  4734
33743.000000  4735
33745.000000  4736
33747.000000  4737
33749.000000  4738
33751.000000  4739
33753.000000  4741
33755.000000  4742
33757.000000  4743
33759.000000  4744
33761.000000  4745
33763.000000  4746
33765.000000  4747
33767.000000  4748
33769.000000  4749
33771.000000  4750
33773.000000  4751
33775.000000  4753
33777.000000  4754
33779.000000  4755
33781.000000  4756
33783.000000  4757
33783.000000  4757
0.000000  0
0.000000  0
0.000000  0
0.000000  0
0.000000  0
0.000000  0
0.000000  0
0.000000  0
0.000000  0
0.000000  0
0.000000  0
0.000000  0
0.000000  0
0.000000  0
0.000000  0
0.000000  0
0.000000  0
0.000000  0
0.000000  0
0.000000  0
0.000000  0
0.000000  0
33829.000000  4783
33831.000000  4784
33833.000000  4785
33835.000000  4786
33837.000000  4787
33839.000000  4788
33841.000000  4789
33843.000000  4790
33845.000000  4791
33847.000000  4793
33849.000000  4794
33851.000000  4795
33853.000000  4796
33855.000000  4797
33857.000000  4798
33859.000000  4799
33861.000000  4800
33863.000000  4801
33865.000000  4803
33867.000000  4804
33869.000000  4805
33871.000000  4806
33873.000000  4807
33875.000000  4808
33877.000000  4809
33879.000000  4810
33881.000000  4811
33883.000000  4813
33885.000000  4814
33887.000000  4815
33889.000000  4816
33891.000000  4817
33893.000000  4818
33895.000000  4819
33897.000000  4820
33899.000000  4821
33901.000000  4822
33903.000000  4823
33905.000000  4825
33907.000000  4826
33909.000000  4827
33911.000000  4828
33913.000000  4829
33915.000000  4830
33917.000000  4831
33919.000000  4833
33921.000000  4834
33923.000000  4835
33925.000000  4836
33927.000000  4837
33929.000000  4838
33931.000000  4839
33933.000000  4840
33935.000000  4841
33937.000000  4842
33939.000000  4843
33941.000000  4845
33943.000000  4846
33945.000000  4847
33947.000000  4848
33949.000000  4849
33951.000000  4850
33953.000000  4851
33955.000000  4852
33957.000000  4853
33959.000000  4855
33961.000000  4856
33963.000000  4857
33965.000000  4858
33967.000000  4859
33969.000000  4860
33971.000000  4861
33973.000000  4862
33975.000000  4863
33977.000000  4865
33979.000000  4866
33981.000000  4867
33983.000000  4868
33985.000000  4869
33987.000000  4870
33989.000000  4871
33991.000000  4872
33993.000000  4873
33995.000000  4875
33997.000000  4876
33999.000000  4877
34001.000000  4878
34003.000000  4879
34005.000000  4880
34007.000000  4881
34009.000000  4882
34011.000000  4883
34013.000000  4885
34015.000000  4886
34017.000000  4887
34019.000000  4888
34021.000000  4889
34023.000000  4890
34025.000000  4891
34027.000000  4892
34029.000000  4893
34031.000000  4895
34033.000000  4896
34035.000000  4897
34037.000000  4898
34039.000000  4899
34041.000000  4900
34043.000000  4901
34045.000000  4902
34047.000000  4903
34049.000000  4905
34051.000000  4906
34053.000000  4907
34055.000000  4908
34057.000000  4909
34059.000000  4910
34061.000000  4911
34063.000000  4912
34065.000000  4913
34067.000000  4915
34069.000000  4916
34071.000000  4917
34073.000000  4918
34075.000000  4919
34077.000000  4920
34079.000000  4921
34081.000000  4922
34083.000000  4923
34085.000000  4925
34087.000000  4926
34089.000000  4927
34091.000000  4928
34093.000000  4929
34095.000000  4930
34097.000000  4931
34099.000000  4932
34101.000000  4933
34103.000000  4935
34105.000000  4936
34107.000000  4937
34109.000000  4938
34111.000000  4939
34113.000000  4940
34115.000000  4941
34117.000000  4942
34119.000000  4943
34121.000000  4945
34123.000000  4946
34125.000000  4947
34127.000000  4948
34129.000000  4949
34131.000000  4950
34133.000000  4951
34135.000000  4952
34137.000000  4953
34139.000000  4955
34141.000000  4956
34143.000000  4957
34145.000000  4958
34147.000000  4959
34149.000000  4960
34151.000000  4961
34153.000000  4962
34155.000000  4963
34157.000000  4965
34159.000000  4966
34161.000000  4967
34163.000000  4968
34165.000000  4969
34167.000000  4970
34169.000000  4971
34171.000000  4972
34173.000000  4973
34175.000000  4975
34177.000000  4976
34179.000000  4977
34181.000000  4978
34183.000000  4979
34185.000000  4980
34187.000000  4981
34189.000000  4982
34191.000000  4983
34193.000000  4985
34195.000000  4986
34197.000000  4987
34199.000000  4988
34201.000000  4989
34203.000000  4990
34205.000000  4991
34207.000000  4992
34209.000000  4993
34211.000000  4995
34213.000000  4996
34215.000000  4997
34217.000000  4998
34219.000000  4999
34221.000000  5000
34223.000000  5001
34225.000000  5002
34227.000000  5003
34229.000000  5005
34231.000000  5006
34233.000000  5007
34235.000000  5008
34237.000000  5009
34239.000000  5010
34241.000000  5011
34243.000000  5012
34245.000000  5013
34247.000000  5015
34249.000000  5015
34251.000000  5017
34253.000000  5018
34255.000000  5019
34257.000000  5020
34259.000000  5021
34261.000000  5022
34263.000000  5023
34265.000000  5025
34267.000000  5026
34269.000000  5027
34271.000000  5028
34273.000000  5029
34275.000000  5030
34277.000000  5031
34279.000000  5032
34281.000000  5033
34283.000000  5035
34285.000000  5036
34287.000000  5037
34289.000000  5038
34291.000000  5039
