44691.000000  7949
44693.000000  7950
44695.000000  7952
44697.000000  7953
44699.000000  7955
44699.000000  7955
44699.000000  7955
44699.000000  7955
44699.000000  7955
44699.000000  7955
47937.000000  8124
47939.000000  8124
47941.000000  8125
47943.000000  8126
47945.000000  8127
47947.000000  8127
47949.000000  8128
47951.000000  8129
47953.000000  8130
47955.000000  8131
47957.000000  8132
47959.000000  8133
47961.000000  8134
47963.000000  8135
47965.000000  8136
47967.000000  8137
47969.000000  8138
47971.000000  8139
47973.000000  8140
47975.000000  8141
47977.000000  8142
47979.000000  8143
47981.000000  8145
47983.000000  8146
47985.000000  8147
47987.000000  8148
47989.000000  8149
47991.000000  8151
47993.000000  8152
47995.000000  8153
47997.000000  8155
47999.000000  8156
48001.000000  8157
48003.000000  8158
48005.000000  8160
48007.000000  8161
48009.000000  8162
48011.000000  8164
48013.000000  8165
48015.000000  8167
48017.000000  8168
48019.000000  8169
48021.000000  8171
48023.000000  8172
48025.000000  8173
48027.000000  8175
48029.000000  8176
48031.000000  8178
48033.000000  8179
48035.000000  8181
48037.000000  8182
48039.000000  8183
48041.000000  8185
48043.000000  8187
48045.000000  8188
48047.000000  8189
48049.000000  8191
48051.000000  8193
48053.000000  8194
48055.000000  8195
48057.000000  8197
48059.000000  8199
48061.000000  8200
48063.000000  8201
48065.000000  8203
48067.000000  8205
48069.000000  8206
48071.000000  8207
48073.000000  8209
48075.000000  8211
48077.000000  8212
48079.000000  8214
48081.000000  8215
48083.000000  8217
48085.000000  8218
48087.000000  8220
48089.000000  8221
48091.000000  8223
48093.000000  8225
48095.000000  8226
48097.000000  8228
48099.000000  8229
48101.000000  8231
48103.000000  8232
48105.000000  8234
48107.000000  8235
48109.000000  8237
48111.000000  8239
48113.000000  8240
48115.000000  8242
48117.000000  8243
48119.000000  8245
48121.000000  8247
48123.000000  8248
48125.000000  8250
48127.000000  8251
48129.000000  8253
48131.000000  8255
48133.000000  8256
48135.000000  8258
48137.000000  8259
48139.000000  8261
48141.000000  8263
48143.000000  8264
48145.000000  8266
48147.000000  8267
48149.000000  8269
48151.000000  8271
48153.000000  8272
48155.000000  8274
48157.000000  8275
48159.000000  8277
48161.000000  8279
48163.000000  8280
48165.000000  8282
48167.000000  8283
48169.000000  8285
48171.000000  8287
48173.000000  8288
48175.000000  8290
48177.000000  8292
48179.000000  8293
48181.000000  8295
48183.000000  8297
48185.000000  8298
48187.000000  8300
48189.000000  8301
48191.000000  8303
48193.000000  8305
48195.000000  8306
48197.000000  8308
48199.000000  8309
48201.000000  8311
48203.000000  8313
48205.000000  8314
48207.000000  8316
48209.000000  8318
48211.000000  8319
48213.000000  8321
48215.000000  8323
48217.000000  8324
48219.000000  8326
48221.000000  8327
48223.000000  8329
48225.000000  8331
48227.000000  8332
48229.000000  8334
48231.000000  8336
48233.000000  8337
48235.000000  8339
48237.000000  8341
48239.000000  8342
48241.000000  8344
48243.000000  8345
48245.000000  8347
48247.000000  8349
48249.000000  8350
48251.000000  8352
48253.000000  8353
48255.000000  8355
48257.000000  8357
48259.000000  8359
48261.000000  8360
48263.000000  8362
48265.000000  8363
48267.000000  8365
48269.000000  8367
48271.000000  8368
48273.000000  8370
48275.000000  8371
48277.000000  8373
48279.000000  8375
48281.000000  8376
48283.000000  8378
48285.000000  8380
48287.000000  8381
48289.000000  8383
48291.000000  8385
48293.000000  8386
48295.000000  8388
48297.000000  8390
48299.000000  8391
48301.000000  8393
48303.000000  8395
48305.000000  8396
48307.000000  8398
48309.000000  8399
48311.000000  8401
48313.000000  8403
48315.000000  8404
48317.000000  8406
48319.000000  8408
48321.000000  8409
48323.000000  8411
48325.000000  8413
48327.000000  8414
48329.000000  8416
48331.000000  8417
48333.000000  8419
48335.000000  8421
48337.000000  8422
48339.000000  8424
48341.000000  8426
48343.000000  8427
48345.000000  8429
48347.000000  8431
48349.000000  8432
48351.000000  8434
48353.000000  8435
48355.000000  8437
48357.000000  8439
48359.000000  8441
48361.000000  8442
48363.000000  8444
48365.000000  8445
48367.000000  8447
48369.000000  8449
48371.000000  8450
48373.000000  8452
48375.000000  8454
48377.000000  8455
48379.000000  8457
48381.000000  8459
48383.000000  8460
48385.000000  8462
48387.000000  8463
48389.000000  8465
48391.000000  8467
48393.000000  8468
48395.000000  8470
48397.000000  8472
48399.000000  8473
48401.000000  8475
48403.000000  8477
48405.000000  8478
48407.000000  8480
48409.000000  8481
48411.000000  8483
48413.000000  8485
48415.000000  8487
48417.000000  8488
48419.000000  8490
48421.000000  8491
48423.000000  8493
48425.000000  8495
48427.000000  8496
48429.000000  8498
48431.000000  8500
48433.000000  8501
48435.000000  8503
48437.000000  8505
48439.000000  8506
48441.000000  8508
48443.000000  8509
48445.000000  8511
48447.000000  8513
48449.000000  8514
48451.000000  8516
48453.000000  8518
48455.000000  8519
48457.000000  8521
48459.000000  8523
48461.000000  8524
48463.000000  8526
48465.000000  8528
48467.000000  8529
48469.000000  8531
48471.000000  8533
48473.000000  8534
48475.000000  8536
48477.000000  8537
48479.000000  8539
48481.000000  8541
48483.000000  8542
48485.000000  8544
48487.000000  8546
48489.000000  8547
48491.000000  8549
48493.000000  8551
48495.000000  8552
48497.000000  8554
48499.000000  8555
48501.000000  8557
48503.000000  8559
48505.000000  8561
48507.000000  8562
48509.000000  8564
48511.000000  8565
48513.000000  8567
48515.000000  8569
48517.000000  8570
48519.000000  8572
48521.000000  8574
48523.000000  8575
48525.000000  8577
48527.000000  8579
48529.000000  8580
48531.000000  8582
48533.000000  8583
48535.000000  8585
48537.000000  8587
48539.000000  8588
48541.000000  8590
48543.000000  8592
48545.000000  8593
48547.000000  8595
48549.000000  8597
48551.000000  8598
48553.000000  8600
48555.000000  8602
48557.000000  8603
48559.000000  8605
48561.000000  8607
48563.000000  8608
48565.000000  8610
48567.000000  8611
48569.000000  8613
48571.000000  8615
48573.000000  8616
48575.000000  8618
48577.000000  8620
48579.000000  8621
48581.000000  8623
48583.000000  8625
48585.000000  8626
48587.000000  8628
48589.000000  8630
48591.000000  8631
48593.000000  8633
48595.000000  8635
48597.000000  8636
48599.000000  8638
48601.000000  8639
48603.000000  8641
48605.000000  8643
48607.000000  8644
48609.000000  8646
48611.000000  8648
48613.000000  8649
48615.000000  8651
48617.000000  8653
48619.000000  8654
48621.000000  8656
48623.000000  8658
48625.000000  8659
48627.000000  8661
48629.000000  8663
48631.000000  8664
48633.000000  8666
48635.000000  8667
48637.000000  8669
48639.000000  8671
48641.000000  8673
48643.000000  8674
48645.000000  8676
48647.000000  8677
48649.000000  8679
48651.000000  8681
48653.000000  8682
48655.000000  8684
48657.000000  8686
48659.000000  8687
48661.000000  8689
48663.000000  8691
48665.000000  8692
48667.000000  8694
48669.000000  8695
48671.000000  8697
48673.000000  8699
48675.000000  8701
48677.000000  8702
48679.000000  8704
48681.000000  8705
48683.000000  8707
48685.000000  8709
48687.000000  8710
48689.000000  8712
48691.000000  8714
48693.000000  8715
48695.000000  8717
48697.000000  8719
48699.000000  8720
48701.000000  8722
48703.000000  8723
48705.000000  8725
48707.000000  8727
48709.000000  8729
48711.000000  8730
48713.000000  8732
48715.000000  8733
48717.000000  8735
48719.000000  8737
48721.000000  8738
48723.000000  8740
48725.000000  8742
48727.000000  8743
48729.000000  8745
48731.000000  8747
48733.000000  8748
48735.000000  8750
48737.000000  8752
48739.000000  8753
48741.000000  8755
48743.000000  8757
48745.000000  8758
48747.000000  8760
48749.000000  8761
48751.000000  8763
48753.000000  8765
48755.000000  8766
48757.000000  8768
48759.000000  8770
48761.000000  8771
48763.000000  8773
48765.000000  8775
48767.000000  8776
48769.000000  8778
48771.000000  8780
48773.000000  8781
48775.000000  8783
48777.000000  8785
48779.000000  8786
48781.000000  8788
48783.000000  8789
48785.000000  8791
48787.000000  8793
48789.000000  8795
48791.000000  8796
48793.000000  8798
48795.000000  8799
48797.000000  8801
48799.000000  8803
48801.000000  8804
48803.000000  8806
48805.000000  8808
48807.000000  8809
48809.000000  8811
48811.000000  8813
48813.000000  8814
48815.000000  8816
48817.000000  8818
48819.000000  8819
48821.000000  8821
48823.000000  8823
48825.000000  8824
48827.000000  8826
48829.000000  8827
48831.000000  8829
48833.000000  8831
48835.000000  8832
48837.000000  8834
48839.000000  8836
48841.000000  8837
48843.000000  8839
48845.000000  8841
48847.000000  8842
48849.000000  8844
48851.000000  8846
48853.000000  8847
48855.000000  8849
48857.000000  8851
48859.000000  8852
48861.000000  8854
48863.000000  8855
48865.000000  8857
48867.000000  8859
48869.000000  8861
48871.000000  8862
48873.000000  8864
48875.000000  8865
48877.000000  8867
48879.000000  8869
48881.000000  8870
48883.000000  8872
48885.000000  8874
48887.000000  8875
48889.000000  8877
48891.000000  8879
48893.000000  8880
48895.000000  8882
48897.000000  8883
48899.000000  8885
48901.000000  8887
48903.000000  8889
48905.000000  8890
48907.000000  8892
48909.000000  8893
48911.000000  8895
48913.000000  8897
48915.000000  8898
48917.000000  8900
48919.000000  8902
48921.000000  8903
48923.000000  8905
48925.000000  8907
48927.000000  8908
48929.000000  8910
48931.000000  8912
48933.000000  8913
48935.000000  8915
48937.000000  8917
48939.000000  8918
48941.000000  8920
48943.000000  8921
48945.000000  8923
48947.000000  8925
48949.000000  8926
48951.000000  8928
48953.000000  8930
48955.000000  8931
48957.000000  8933
48959.000000  8935
48961.000000  8936
48963.000000  8938
48965.000000  8940
48967.000000  8941
48969.000000  8943
48971.000000  8945
48973.000000  8946
48975.000000  8948
48977.000000  8949
48979.000000  8951
48981.000000  8953
48983.000000  8954
48985.000000  8956
48987.000000  8958
48989.000000  8959
48991.000000  8961
48993.000000  8963
48995.000000  8964
48997.000000  8966
48999.000000  8968
49001.000000  8969
49003.000000  8971
49005.000000  8973
49007.000000  8974
49009.000000  8976
49011.000000  8977
49013.000000  8979
49015.000000  8981
49017.000000  8983
49019.000000  8984
49021.000000  8986
49023.000000  8987
49025.000000  8989
49027.000000  8991
49029.000000  8992
49031.000000  8994
49033.000000  8996
49035.000000  8997
49037.000000  8999
49039.000000  9001
49041.000000  9002
49043.000000  9004
49045.000000  9006
49047.000000  9007
49049.000000  9009
49051.000000  9011
49053.000000  9012
49055.000000  9014
49057.000000  9015
49059.000000  9017
49061.000000  9019
49063.000000  9020
49065.000000  9022
49067.000000  9024
49069.000000  9025
49071.000000  9027
49073.000000  9029
49075.000000  9030
49077.000000  9032
49079.000000  9034
49081.000000  9035
49083.000000  9037
49085.000000  9039
49087.000000  9040
49089.000000  9042
49091.000000  9043
49093.000000  9045
49095.000000  9047
49097.000000  9048
49099.000000  9050
49101.000000  9052
49103.000000  9053
49105.000000  9055
49107.000000  9057
49109.000000  9058
49111.000000  9060
49113.000000  9062
49115.000000  9063
49117.000000  9065
49119.000000  9067
49121.000000  9068
49123.000000  9070
49125.000000  9071
49127.000000  9073
49129.000000  9075
49131.000000  9077
49133.000000  9078
49135.000000  9080
49137.000000  9081
49139.000000  9083
49141.000000  9085
49143.000000  9087
49145.000000  9088
49147.000000  9090
49149.000000  9091
49151.000000  9093
49153.000000  9095
49155.000000  9096
49157.000000  9098
49159.000000  9100
49161.000000  9101
49163.000000  9103
49165.000000  9105
49167.000000  9106
49169.000000  9108
49171.000000  9109
49173.000000  9111
49175.000000  9113
49177.000000  9115
49179.000000  9116
49181.000000  9118
49183.000000  9119
49185.000000  9121
49187.000000  9123
49189.000000  9124
49191.000000  9126
49193.000000  9128
49195.000000  9129
49197.000000  9131
49199.000000  9133
49201.000000  9134
49203.000000  9136
49205.000000  9137
49207.000000  9139
49209.000000  9141
49211.000000  9142
49213.000000  9144
49215.000000  9146
49217.000000  9147
49219.000000  9149
49221.000000  9151
49223.000000  9152
49225.000000  9154
49227.000000  9156
49229.000000  9157
49231.000000  9159
49233.000000  9161
49235.000000  9162
49237.000000  9164
49239.000000  9165
49241.000000  9167
49243.000000  9169
49245.000000  9170
49247.000000  9172
49249.000000  9174
49251.000000  9175
49253.000000  9177
49255.000000  9179
49257.000000  9180
49259.000000  9182
49261.000000  9184
49263.000000  9185
49265.000000  9187
49267.000000  9189
49269.000000  9190
49271.000000  9192
49273.000000  9193
49275.000000  9195
49277.000000  9197
49279.000000  9199
49281.000000  9200
49283.000000  9202
49285.000000  9203
49287.000000  9205
49289.000000  9207
49291.000000  9209
49293.000000  9210
49295.000000  9212
49297.000000  9213
49299.000000  9215
49301.000000  9217
49303.000000  9218
49305.000000  9220
49307.000000  9222
49309.000000  9223
49311.000000  9225
49313.000000  9227
49315.000000  9228
49317.000000  9230
49319.000000  9231
49321.000000  9233
49323.000000  9235
49325.000000  9236
49327.000000  9238
49329.000000  9240
49331.000000  9241
49333.000000  9243
49335.000000  9245
49337.000000  9246
49339.000000  9248
49341.000000  9250
49343.000000  9251
49345.000000  9253
49347.000000  9255
49349.000000  9256
49351.000000  9258
49353.000000  9260
49355.000000  9261
49357.000000  9263
49359.000000  9265
49361.000000  9266
49363.000000  9268
49365.000000  9269
49367.000000  9271
49369.000000  9273
49371.000000  9275
49373.000000  9276
49375.000000  9278
49377.000000  9279
49379.000000  9281
49381.000000  9283
49383.000000  9284
49385.000000  9286
49387.000000  9288
49389.000000  9289
49391.000000  9291
49393.000000  9293
49395.000000  9294
49397.000000  9296
49399.000000  9298
49401.000000  9299
49403.000000  9301
49405.000000  9303
49407.000000  9304
49409.000000  9306
49411.000000  9307
49413.000000  9309
49415.000000  9311
49417.000000  9312
49419.000000  9314
49421.000000  9316
49423.000000  9317
49425.000000  9319
49427.000000  9321
49429.000000  9322
49431.000000  9324
49433.000000  9326
49435.000000  9327
49437.000000  9329
49439.000000  9331
49441.000000  9332
49443.000000  9334
49445.000000  9335
49447.000000  9337
49449.000000  9339
49451.000000  9341
49453.000000  9342
49455.000000  9344
49457.000000  9346
49459.000000  9347
49461.000000  9349
49463.000000  9351
49465.000000  9352
49467.000000  9354
49469.000000  9355
49471.000000  9357
49473.000000  9359
49475.000000  9360
49477.000000  9362
49479.000000  9364
49481.000000  9365
49483.000000  9367
49485.000000  9369
49487.000000  9370
49489.000000  9372
49491.000000  9374
49493.000000  9375
49495.000000  9377
49497.000000  9379
49499.000000  9380
49501.000000  9382
49503.000000  9383
49505.000000  9385
49507.000000  9387
49509.000000  9389
49511.000000  9390
49513.000000  9392
49515.000000  9393
49517.000000  9395
49519.000000  9397
49521.000000  9399
49523.000000  9400
49525.000000  9402
49527.000000  9403
49529.000000  9405
49531.000000  9407
49533.000000  9408
49535.000000  9410
49537.000000  9412
49539.000000  9413
49541.000000  9415
49543.000000  9417
49545.000000  9418
49547.000000  9420
49549.000000  9422
49551.000000  9423
49553.000000  9425
49555.000000  9427
49557.000000  9428
49559.000000  9430
49561.000000  9431
49563.000000  9433
49565.000000  9435
49567.000000  9437
49569.000000  9438
49571.000000  9440
49573.000000  9441
49575.000000  9443
49577.000000  9445
49579.000000  9446
49581.000000  9448
49583.000000  9450
49585.000000  9451
49587.000000  9453
49589.000000  9455
49591.000000  9456
49593.000000  9458
49595.000000  9460
49597.000000  9461
49599.000000  9463
49601.000000  9465
49603.000000  9466
49605.000000  9468
49607.000000  9469
49609.000000  9471
49611.000000  9473
49613.000000  9475
49615.000000  9476
49617.000000  9478
49619.000000  9479
49621.000000  9481
49623.000000  9483
49625.000000  9484
49627.000000  9486
49629.000000  9488
49631.000000  9489
49633.000000  9491
49635.000000  9493
49637.000000  9494
49639.000000  9496
49641.000000  9498
49643.000000  9499
49645.000000  9501
49647.000000  9503
49649.000000  9504
49651.000000  9506
49653.000000  9507
49655.000000  9509
49657.000000  9511
49659.000000  9512
49661.000000  9514
49663.000000  9516
49665.000000  9517
49667.000000  9519
49669.000000  9521
49671.000000  9522
49673.000000  9524
49675.000000  9526
49677.000000  9527
49679.000000  9529
49681.000000  9531
49683.000000  9532
49685.000000  9534
49687.000000  9535
49689.000000  9537
49691.000000  9539
49693.000000  9541
49695.000000  9542
49697.000000  9544
49699.000000  9545
49701.000000  9547
49703.000000  9549
49705.000000  9550
49707.000000  9552
49709.000000  9554
49711.000000  9555
49713.000000  9557
49715.000000  9559
49717.000000  9560
49719.000000  9562
49721.000000  9564
49723.000000  9565
49725.000000  9567
49727.000000  9569
49729.000000  9570
49731.000000  9572
49733.000000  9573
49735.000000  9575
49737.000000  9577
49739.000000  9578
49741.000000  9580
49743.000000  9582
49745.000000  9583
49747.000000  9585
49749.000000  9587
49751.000000  9588
49753.000000  9590
49755.000000  9591
49757.000000  9593
49759.000000  9595
49761.000000  9597
49763.000000  9598
49765.000000  9600
49767.000000  9601
49769.000000  9603
49771.000000  9605
49773.000000  9606
49775.000000  9608
49777.000000  9610
49779.000000  9611
49781.000000  9613
49783.000000  9615
49785.000000  9616
49787.000000  9618
49789.000000  9619
49791.000000  9621
49793.000000  9623
49795.000000  9625
49797.000000  9626
49799.000000  9628
49801.000000  9629
49803.000000  9631
49805.000000  9633
49807.000000  9635
49809.000000  9636
49811.000000  9638
49813.000000  9639
49815.000000  9641
49817.000000  9643
49819.000000  9644
49821.000000  9646
49823.000000  9648
49825.000000  9649
49827.000000  9651
49829.000000  9653
49831.000000  9654
49833.000000  9656
49835.000000  9658
49837.000000  9659
49839.000000  9661
49841.000000  9663
49843.000000  9664
49845.000000  9666
49847.000000  9667
49849.000000  9669
49851.000000  9671
49853.000000  9672
49855.000000  9674
49857.000000  9676
49859.000000  9677
49861.000000  9679
49863.000000  9681
49865.000000  9682
49867.000000  9684
49869.000000  9686
49871.000000  9687
49873.000000  9689
49875.000000  9691
49877.000000  9692
49879.000000  9694
49881.000000  9695
49883.000000  9697
49885.000000  9699
49887.000000  9701
49889.000000  9702
49891.000000  9704
49893.000000  9705
49895.000000  9707
49897.000000  9709
49899.000000  9710
49901.000000  9712
49903.000000  9714
49905.000000  9715
49907.000000  9717
49909.000000  9719
49911.000000  9720
49913.000000  9722
49915.000000  9724
