23883.000000  2726
23883.000000  2726
23883.000000  2726
23883.000000  2726
23883.000000  2726
27103.000000  2827
27105.000000  2827
27107.000000  2827
27109.000000  2827
27111.000000  2827
27113.000000  2828
27115.000000  2828
27117.000000  2828
27119.000000  2828
27121.000000  2829
27123.000000  2829
27125.000000  2829
27127.000000  2829
27129.000000  2830
27131.000000  2830
27133.000000  2831
27135.000000  2831
27137.000000  2831
27139.000000  2832
27141.000000  2832
27143.000000  2833
27145.000000  2833
27147.000000  2834
27149.000000  2834
27151.000000  2835
27153.000000  2835
27155.000000  2836
27157.000000  2836
27159.000000  2837
27161.000000  2838
27163.000000  2838
27165.000000  2839
27167.000000  2839
27169.000000  2840
27171.000000  2841
27173.000000  2841
27175.000000  2842
27177.000000  2843
27179.000000  2843
27181.000000  2844
27183.000000  2845
27185.000000  2846
27187.000000  2846
27189.000000  2847
27191.000000  2848
27193.000000  2849
27195.000000  2849
27197.000000  2850
27199.000000  2851
27201.000000  2852
27203.000000  2852
27205.000000  2853
27207.000000  2854
27209.000000  2855
27211.000000  2856
27213.000000  2857
27215.000000  2857
27217.000000  2858
27219.000000  2859
27221.000000  2860
27223.000000  2861
27225.000000  2862
27227.000000  2863
27229.000000  2863
27231.000000  2864
27233.000000  2865
27235.000000  2866
27237.000000  2867
27239.000000  2868
27241.000000  2869
27243.000000  2870
27245.000000  2871
27247.000000  2872
27249.000000  2873
27251.000000  2874
27253.000000  2875
27255.000000  2875
27257.000000  2876
27259.000000  2877
27261.000000  2878
27263.000000  2879
27265.000000  2880
27267.000000  2881
27269.000000  2882
27271.000000  2883
27273.000000  2884
27275.000000  2885
27275.000000  2885
0.000000  0
0.000000  0
0.000000  0
0.000000  0
0.000000  0
27287.000000  2891
27289.000000  2892
27291.000000  2893
27293.000000  2894
27295.000000  2895
27297.000000  2896
27299.000000  2897
27301.000000  2898
27303.000000  2899
27305.000000  2900
27307.000000  2901
27309.000000  2902
27311.000000  2903
27313.000000  2904
27315.000000  2905
27317.000000  2906
27319.000000  2907
27321.000000  2908
27323.000000  2909
27325.000000  2910
27327.000000  2911
27329.000000  2912
27331.000000  2913
27333.000000  2914
27335.000000  2915
27337.000000  2916
27339.000000  2917
27341.000000  2919
27343.000000  2919
27345.000000  2921
27347.000000  2922
27349.000000  2923
27351.000000  2924
27353.000000  2925
27355.000000  2926
27357.000000  2927
27359.000000  2928
27361.000000  2929
27363.000000  2930
27365.000000  2931
27367.000000  2932
27369.000000  2933
27371.000000  2934
27373.000000  2935
27375.000000  2936
27377.000000  2937
27379.000000  2938
27381.000000  2939
27383.000000  2940
27385.000000  2941
27387.000000  2943
27389.000000  2943
27391.000000  2945
27393.000000  2946
27395.000000  2947
27397.000000  2948
27399.000000  2949
27401.000000  2950
27403.000000  2951
27405.000000  2952
27407.000000  2953
27409.000000  2954
27411.000000  2955
27413.000000  2956
27415.000000  2957
27417.000000  2958
27419.000000  2959
27421.000000  2960
27423.000000  2961
27425.000000  2963
27427.000000  2964
27429.000000  2965
27431.000000  2966
27433.000000  2967
27435.000000  2968
27437.000000  2969
27439.000000  2970
27441.000000  2971
27443.000000  2972
27445.000000  2973
27447.000000  2974
27449.000000  2975
27451.000000  2976
27453.000000  2977
27455.000000  2978
27457.000000  2979
27459.000000  2981
27461.000000  2981
27463.000000  2983
27465.000000  2984
27467.000000  2985
27469.000000  2986
27471.000000  2987
27473.000000  2988
27475.000000  2989
27477.000000  2990
27479.000000  2991
27481.000000  2992
27483.000000  2993
27485.000000  2994
27487.000000  2995
27489.000000  2996
27491.000000  2997
27493.000000  2999
27495.000000  2999
27497.000000  3001
27499.000000  3002
27501.000000  3003
27503.000000  3004
27505.000000  3005
27507.000000  3006
27509.000000  3007
27511.000000  3008
27513.000000  3009
27515.000000  3010
27517.000000  3011
27519.000000  3012
27521.000000  3013
27523.000000  3015
27525.000000  3016
27527.000000  3017
27529.000000  3018
27531.000000  3019
27533.000000  3020
27535.000000  3021
27537.000000  3022
27539.000000  3023
27541.000000  3024
27543.000000  3025
27545.000000  3026
27547.000000  3027
27549.000000  3028
27551.000000  3029
27553.000000  3030
27555.000000  3031
27557.000000  3033
27559.000000  3034
27561.000000  3035
27563.000000  3036
27565.000000  3037
27567.000000  3038
27569.000000  3039
27571.000000  3040
27573.000000  3041
27575.000000  3042
27577.000000  3043
27579.000000  3044
27581.000000  3045
27583.000000  3046
27585.000000  3047
27587.000000  3049
27589.000000  3049
27591.000000  3051
27593.000000  3052
27595.000000  3053
27597.000000  3054
27599.000000  3055
27601.000000  3056
27603.000000  3057
27605.000000  3058
27607.000000  3059
27609.000000  3060
27611.000000  3061
27613.000000  3062
27615.000000  3063
27617.000000  3065
27619.000000  3066
27621.000000  3067
27623.000000  3068
27625.000000  3069
27627.000000  3070
27629.000000  3071
27631.000000  3072
27633.000000  3073
27635.000000  3074
27637.000000  3075
27639.000000  3076
27641.000000  3077
27643.000000  3078
27645.000000  3079
27647.000000  3081
27649.000000  3081
27651.000000  3083
27653.000000  3084
27655.000000  3085
27657.000000  3086
27659.000000  3087
27661.000000  3088
27663.000000  3089
27665.000000  3090
27667.000000  3091
27669.000000  3092
27671.000000  3093
27673.000000  3094
27675.000000  3095
27677.000000  3096
27679.000000  3097
27681.000000  3099
27683.000000  3100
27685.000000  3101
27687.000000  3102
27689.000000  3103
27691.000000  3104
27693.000000  3105
27695.000000  3106
27697.000000  3107
27699.000000  3108
27701.000000  3109
27703.000000  3110
27705.000000  3111
27707.000000  3112
27709.000000  3113
27711.000000  3115
27713.000000  3115
27715.000000  3117
27717.000000  3118
27719.000000  3119
27721.000000  3120
27723.000000  3121
27725.000000  3122
27727.000000  3123
27729.000000  3124
27731.000000  3125
27733.000000  3126
27735.000000  3127
27737.000000  3128
27739.000000  3129
27741.000000  3131
27743.000000  3132
27745.000000  3133
27747.000000  3134
27749.000000  3135
27751.000000  3136
27753.000000  3137
27755.000000  3138
27757.000000  3139
27759.000000  3140
27761.000000  3141
27763.000000  3142
27765.000000  3143
27767.000000  3144
27769.000000  3145
27771.000000  3146
27773.000000  3147
27775.000000  3149
27777.000000  3150
27779.000000  3151
27781.000000  3152
27783.000000  3153
27785.000000  3154
27787.000000  3155
27789.000000  3156
27791.000000  3157
27793.000000  3158
27795.000000  3159
27797.000000  3160
27799.000000  3161
27801.000000  3163
27803.000000  3163
27805.000000  3165
27807.000000  3166
27809.000000  3167
27811.000000  3168
27813.000000  3169
27815.000000  3170
27817.000000  3171
27819.000000  3172
27821.000000  3173
27823.000000  3174
27825.000000  3175
27827.000000  3176
27829.000000  3177
27831.000000  3179
27833.000000  3179
27835.000000  3181
27837.000000  3182
27839.000000  3183
27841.000000  3184
27843.000000  3185
27845.000000  3186
27847.000000  3187
27849.000000  3188
27851.000000  3189
27853.000000  3190
27855.000000  3191
27857.000000  3192
27859.000000  3193
27861.000000  3194
27863.000000  3195
27865.000000  3197
27867.000000  3198
27869.000000  3199
27871.000000  3200
27873.000000  3201
27875.000000  3202
27877.000000  3203
27879.000000  3204
27881.000000  3205
27883.000000  3206
27885.000000  3207
27887.000000  3208
27889.000000  3209
27891.000000  3210
27893.000000  3211
27895.000000  3213
27897.000000  3213
27899.000000  3215
27901.000000  3216
27903.000000  3217
27905.000000  3218
27907.000000  3219
27909.000000  3220
27911.000000  3221
27913.000000  3222
27915.000000  3223
27917.000000  3224
27919.000000  3225
27921.000000  3226
27923.000000  3227
27925.000000  3229
27927.000000  3230
27929.000000  3231
27931.000000  3232
27933.000000  3233
27935.000000  3234
27937.000000  3235
27939.000000  3236
27941.000000  3237
27943.000000  3238
27945.000000  3239
27947.000000  3240
27949.000000  3241
27951.000000  3242
27953.000000  3243
27955.000000  3245
27957.000000  3245
27959.000000  3247
27961.000000  3248
27963.000000  3249
27965.000000  3250
27967.000000  3251
27969.000000  3252
27971.000000  3253
27973.000000  3254
27975.000000  3255
27977.000000  3256
27979.000000  3257
27981.000000  3258
27983.000000  3259
27985.000000  3261
27987.000000  3261
27989.000000  3263
27991.000000  3264
27993.000000  3265
27995.000000  3266
27997.000000  3267
27999.000000  3268
28001.000000  3269
28003.000000  3270
28005.000000  3271
28007.000000  3272
28009.000000  3273
28011.000000  3274
28013.000000  3275
28015.000000  3277
28017.000000  3278
28019.000000  3279
28021.000000  3280
28023.000000  3281
28025.000000  3282
28027.000000  3283
28029.000000  3284
28031.000000  3285
28033.000000  3286
28035.000000  3287
28037.000000  3288
28039.000000  3289
28041.000000  3290
28043.000000  3291
28045.000000  3292
28047.000000  3293
28049.000000  3295
28051.000000  3296
28053.000000  3297
28055.000000  3298
28057.000000  3299
28059.000000  3300
28061.000000  3301
28063.000000  3302
28065.000000  3303
28067.000000  3304
28069.000000  3305
28071.000000  3306
28073.000000  3307
28075.000000  3308
28077.000000  3309
28079.000000  3311
28081.000000  3311
28083.000000  3313
28085.000000  3314
28087.000000  3315
28089.000000  3316
28091.000000  3317
28093.000000  3318
28095.000000  3319
28097.000000  3320
28099.000000  3321
28101.000000  3322
28103.000000  3323
28105.000000  3325
28107.000000  3325
28109.000000  3327
28111.000000  3328
28113.000000  3329
28115.000000  3330
28117.000000  3331
28119.000000  3332
28121.000000  3333
28123.000000  3334
28125.000000  3335
28127.000000  3336
28129.000000  3337
28131.000000  3338
28133.000000  3339
28135.000000  3340
28137.000000  3341
28139.000000  3343
28141.000000  3344
28143.000000  3345
28145.000000  3346
28147.000000  3347
28149.000000  3348
28151.000000  3349
28153.000000  3350
28155.000000  3351
28157.000000  3352
28159.000000  3353
28161.000000  3354
28163.000000  3355
28165.000000  3356
28167.000000  3357
28169.000000  3359
28171.000000  3359
28173.000000  3361
28175.000000  3362
28177.000000  3363
28179.000000  3364
28181.000000  3365
28183.000000  3366
28185.000000  3367
28187.000000  3368
28189.000000  3369
28191.000000  3370
28193.000000  3371
28195.000000  3372
28197.000000  3373
28199.000000  3375
28201.000000  3376
28203.000000  3377
28205.000000  3378
28207.000000  3379
28209.000000  3380
28211.000000  3381
28213.000000  3382
28215.000000  3383
28217.000000  3384
28219.000000  3385
28221.000000  3386
28223.000000  3387
28225.000000  3388
28227.000000  3389
28229.000000  3391
28231.000000  3391
28233.000000  3393
28235.000000  3394
28237.000000  3395
28239.000000  3396
28241.000000  3397
28243.000000  3398
28245.000000  3399
28247.000000  3400
28249.000000  3401
28251.000000  3402
28253.000000  3403
28255.000000  3404
28257.000000  3405
28259.000000  3406
28261.000000  3407
28263.000000  3409
28265.000000  3410
28267.000000  3411
28269.000000  3412
28271.000000  3413
28273.000000  3414
28275.000000  3415
28277.000000  3416
28279.000000  3417
28281.000000  3418
28283.000000  3419
28285.000000  3420
28287.000000  3421
28289.000000  3423
28291.000000  3423
28293.000000  3425
28295.000000  3426
28297.000000  3427
28299.000000  3428
28301.000000  3429
28303.000000  3430
28305.000000  3431
28307.000000  3432
28309.000000  3433
28311.000000  3434
28313.000000  3435
28315.000000  3436
28317.000000  3437
28319.000000  3438
28321.000000  3439
28323.000000  3441
28325.000000  3442
28327.000000  3443
28329.000000  3444
28331.000000  3445
28333.000000  3446
28335.000000  3447
28337.000000  3448
28339.000000  3449
28341.000000  3450
28343.000000  3451
28345.000000  3452
28347.000000  3453
28349.000000  3454
28351.000000  3455
28353.000000  3456
28355.000000  3457
28357.000000  3459
28359.000000  3460
28361.000000  3461
28363.000000  3462
28365.000000  3463
28367.000000  3464
28369.000000  3465
28371.000000  3466
28373.000000  3467
28375.000000  3468
28377.000000  3469
28379.000000  3470
28381.000000  3471
28383.000000  3473
28385.000000  3473
28387.000000  3475
28389.000000  3476
28391.000000  3477
28393.000000  3478
28395.000000  3479
28397.000000  3480
28399.000000  3481
28401.000000  3482
28403.000000  3483
28405.000000  3484
28407.000000  3485
28409.000000  3486
28411.000000  3487
28413.000000  3488
28415.000000  3489
28417.000000  3491
28419.000000  3492
28421.000000  3493
28423.000000  3494
28425.000000  3495
28427.000000  3496
28429.000000  3497
28431.000000  3498
28433.000000  3499
28435.000000  3500
28437.000000  3501
28439.000000  3502
28441.000000  3503
28443.000000  3504
28445.000000  3505
28447.000000  3507
28449.000000  3508
28451.000000  3509
28453.000000  3510
28455.000000  3511
28457.000000  3512
28459.000000  3513
28461.000000  3514
28463.000000  3515
28465.000000  3516
28467.000000  3517
28469.000000  3518
28471.000000  3519
28473.000000  3521
28475.000000  3521
28475.000000  3521
12727.619141  0
28479.000000  3524
28481.000000  3525
28483.000000  3526
28485.000000  3527
28487.000000  3528
28489.000000  3529
28491.000000  3530
28493.000000  3531
28495.000000  3532
28497.000000  3533
28499.000000  3534
28501.000000  3535
28503.000000  3536
28505.000000  3537
28507.000000  3539
28509.000000  3540
28511.000000  3541
28513.000000  3542
28515.000000  3543
28517.000000  3544
28519.000000  3545
28521.000000  3546
28523.000000  3547
28525.000000  3548
28527.000000  3549
28529.000000  3550
28531.000000  3551
28533.000000  3552
28535.000000  3553
28537.000000  3554
28539.000000  3555
28541.000000  3557
28543.000000  3558
28545.000000  3559
28547.000000  3560
28549.000000  3561
28551.000000  3562
28553.000000  3563
28555.000000  3564
28557.000000  3565
28559.000000  3566
28561.000000  3567
28563.000000  3568
28565.000000  3569
28567.000000  3571
28569.000000  3571
28571.000000  3573
28573.000000  3574
28575.000000  3575
28577.000000  3576
28579.000000  3577
28581.000000  3578
28583.000000  3579
28585.000000  3580
28587.000000  3581
28589.000000  3582
28591.000000  3583
28593.000000  3584
28595.000000  3585
28597.000000  3587
28599.000000  3588
28601.000000  3589
28603.000000  3590
28605.000000  3591
28607.000000  3592
28609.000000  3593
28611.000000  3594
28613.000000  3595
28615.000000  3596
28617.000000  3597
28619.000000  3598
28621.000000  3599
28623.000000  3600
28625.000000  3601
28627.000000  3602
28629.000000  3603
28631.000000  3605
28633.000000  3606
28635.000000  3607
28637.000000  3608
28639.000000  3609
28641.000000  3610
28643.000000  3611
28645.000000  3612
28647.000000  3613
28649.000000  3614
28651.000000  3615
28653.000000  3616
28655.000000  3617
28657.000000  3619
28659.000000  3619
28661.000000  3621
28663.000000  3622
28665.000000  3623
28667.000000  3624
28669.000000  3625
28671.000000  3626
28673.000000  3627
28675.000000  3628
28677.000000  3629
28679.000000  3630
28681.000000  3631
28683.000000  3632
28685.000000  3633
28687.000000  3635
28689.000000  3635
28691.000000  3637
28693.000000  3638
28695.000000  3639
28697.000000  3640
28699.000000  3641
28701.000000  3642
28703.000000  3643
28705.000000  3644
28707.000000  3645
28709.000000  3646
28711.000000  3647
28713.000000  3648
28715.000000  3649
28717.000000  3650
28719.000000  3651
28721.000000  3653
28723.000000  3654
28725.000000  3655
28727.000000  3656
28729.000000  3657
28731.000000  3658
28733.000000  3659
28735.000000  3660
28737.000000  3661
28739.000000  3662
28741.000000  3663
28743.000000  3664
28745.000000  3665
28747.000000  3666
28749.000000  3667
28751.000000  3669
28753.000000  3669
28755.000000  3671
28757.000000  3672
28759.000000  3673
28761.000000  3674
28763.000000  3675
28765.000000  3676
28767.000000  3677
28769.000000  3678
28771.000000  3679
28773.000000  3680
28775.000000  3681
28777.000000  3682
28779.000000  3683
28781.000000  3685
28783.000000  3686
28785.000000  3687
28787.000000  3688
28789.000000  3689
28791.000000  3690
28793.000000  3691
28795.000000  3692
28797.000000  3693
28799.000000  3694
28801.000000  3695
28803.000000  3696
28805.000000  3697
28807.000000  3698
28809.000000  3699
28811.000000  3701
28813.000000  3702
28815.000000  3703
28817.000000  3704
28819.000000  3705
28821.000000  3706
28823.000000  3707
28825.000000  3708
28827.000000  3709
28829.000000  3710
28831.000000  3711
28833.000000  3712
28835.000000  3713
28837.000000  3714
28839.000000  3715
28841.000000  3717
28843.000000  3717
28845.000000  3719
28847.000000  3720
28849.000000  3721
28851.000000  3722
28853.000000  3723
28855.000000  3724
28857.000000  3725
28859.000000  3726
28861.000000  3727
28863.000000  3728
28865.000000  3729
28867.000000  3730
28869.000000  3731
28871.000000  3733
28873.000000  3734
28875.000000  3735
28877.000000  3736
28879.000000  3737
28881.000000  3738
28883.000000  3739
28885.000000  3740
28887.000000  3741
28889.000000  3742
28891.000000  3743
28893.000000  3744
28895.000000  3745
28897.000000  3746
28899.000000  3747
28901.000000  3749
28903.000000  3749
28905.000000  3751
28907.000000  3752
28909.000000  3753
28911.000000  3754
28913.000000  3755
28915.000000  3756
28917.000000  3757
28919.000000  3758
28921.000000  3759
28923.000000  3760
28925.000000  3761
28927.000000  3762
28929.000000  3763
28931.000000  3765
28933.000000  3765
28935.000000  3767
28937.000000  3768
28939.000000  3769
28941.000000  3770
28943.000000  3771
28945.000000  3772
28947.000000  3773
28949.000000  3774
28951.000000  3775
28953.000000  3776
28955.000000  3777
28957.000000  3778
28959.000000  3779
28961.000000  3781
28963.000000  3782
28965.000000  3783
28967.000000  3784
28969.000000  3785
28971.000000  3786
28973.000000  3787
28975.000000  3788
28977.000000  3789
28979.000000  3790
28981.000000  3791
28983.000000  3792
28985.000000  3793
28987.000000  3794
28989.000000  3795
28991.000000  3796
28993.000000  3797
28995.000000  3799
28997.000000  3800
28999.000000  3801
29001.000000  3802
29003.000000  3803
29005.000000  3804
29007.000000  3805
29009.000000  3806
29011.000000  3807
29013.000000  3808
29015.000000  3809
29017.000000  3810
29019.000000  3811
29021.000000  3812
29023.000000  3813
29025.000000  3815
29027.000000  3815
29029.000000  3817
29031.000000  3818
29033.000000  3819
29035.000000  3820
29037.000000  3821
29039.000000  3822
29041.000000  3823
29043.000000  3824
29045.000000  3825
29047.000000  3826
29049.000000  3827
29051.000000  3828
29053.000000  3829
29055.000000  3831
29057.000000  3832
29059.000000  3833
29061.000000  3834
29063.000000  3835
29065.000000  3836
29067.000000  3837
29069.000000  3838
29071.000000  3839
29073.000000  3840
29075.000000  3841
29077.000000  3842
29079.000000  3843
29081.000000  3844
29083.000000  3845
29085.000000  3847
29087.000000  3847
