0.504363 0.000000
0.398681 0.004000
0.384405 0.008000
0.553291 0.012000
0.348325 0.016000
0.670037 0.020000
0.441207 0.024000
0.666109 0.028000
0.379749 0.032000
0.591126 0.036000
0.542099 0.040000
0.593784 0.044000
0.489759 0.048000
0.427918 0.052000
0.487729 0.056000
0.469041 0.060000
0.338664 0.064000
0.594804 0.068000
0.305780 0.072000
0.487170 0.076000
0.442657 0.080000
0.415210 0.084000
0.650752 0.088000
0.630516 0.092000
0.222616 0.096000
0.527142 0.100000
0.475228 0.104000
0.359759 0.108000
0.308769 0.112000
0.552403 0.116000
0.316370 0.120000
0.240747 0.124000
0.294966 0.128000
0.448221 0.132000
0.341408 0.136000
0.475626 0.140000
0.636308 0.144000
0.660063 0.148000
0.395850 0.152000
0.407012 0.156000
0.283892 0.160000
0.494363 0.164000
0.498191 0.168000
0.363962 0.172000
0.550412 0.176000
0.329922 0.180000
0.524847 0.184000
0.218497 0.188000
0.300363 0.192000
0.486733 0.196000
0.329074 0.200000
0.321412 0.204000
0.458618 0.208000
0.370974 0.212000
0.637626 0.216000
0.386143 0.220000
0.331102 0.224000
0.314926 0.228000
0.368894 0.232000
0.489421 0.236000
0.531330 0.240000
0.630564 0.244000
0.516279 0.248000
0.457485 0.252000
0.406558 0.256000
0.495564 0.260000
0.340551 0.264000
0.506578 0.268000
0.557286 0.272000
0.390489 0.276000
0.414943 0.280000
0.506501 0.284000
0.443876 0.288000
0.505890 0.292000
0.466725 0.296000
0.335958 0.300000
0.474028 0.304000
0.238086 0.308000
0.259019 0.312000
0.498451 0.316000
0.664863 0.320000
0.392360 0.324000
0.356594 0.328000
0.367469 0.332000
0.473370 0.336000
0.412329 0.340000
0.419394 0.344000
0.429726 0.348000
0.288958 0.352000
0.454237 0.356000
0.467556 0.360000
0.395193 0.364000
0.381869 0.368000
0.424919 0.372000
0.661656 0.376000
0.542684 0.380000
0.201200 0.384000
0.302187 0.388000
0.641943 0.392000
0.569730 0.396000
0.416289 0.400000
0.556384 0.404000
0.470311 0.408000
0.515503 0.412000
0.495199 0.416000
0.491869 0.420000
0.418745 0.424000
0.425542 0.428000
0.414075 0.432000
0.227165 0.436000
0.548010 0.440000
0.327018 0.444000
0.591100 0.448000
0.432534 0.452000
0.420323 0.456000
0.683299 0.460000
0.638818 0.464000
0.243718 0.468000
0.489758 0.472000
0.396567 0.476000
0.328559 0.480000
0.370612 0.484000
0.314133 0.488000
0.227220 0.492000
0.260728 0.496000
0.319599 0.500000
0.432139 0.504000
0.598835 0.508000
0.634704 0.512000
0.648312 0.516000
0.649442 0.520000
0.457416 0.524000
0.212095 0.528000
0.371566 0.532000
0.377532 0.536000
0.353697 0.540000
0.367108 0.544000
0.437212 0.548000
0.469047 0.552000
0.217236 0.556000
0.417768 0.560000
0.490666 0.564000
0.293333 0.568000
0.591062 0.572000
0.331760 0.576000
0.246854 0.580000
0.495993 0.584000
0.495612 0.588000
0.400616 0.592000
0.688334 0.596000
0.586168 0.600000
0.390719 0.604000
0.376026 0.608000
0.308338 0.612000
0.395296 0.616000
0.204399 0.620000
0.261998 0.624000
0.517484 0.628000
0.551117 0.632000
0.497177 0.636000
0.256628 0.640000
0.332915 0.644000
0.410654 0.648000
0.330720 0.652000
0.337235 0.656000
0.368603 0.660000
0.495931 0.664000
0.309509 0.668000
0.482602 0.672000
0.445581 0.676000
0.376175 0.680000
0.564312 0.684000
0.426076 0.688000
0.340844 0.692000
0.440251 0.696000
0.346200 0.700000
0.533277 0.704000
0.493671 0.708000
0.503087 0.712000
0.699866 0.716000
0.498168 0.720000
0.388122 0.724000
0.689825 0.728000
0.484986 0.732000
0.551234 0.736000
0.330453 0.740000
0.541463 0.744000
0.414376 0.748000
0.473522 0.752000
0.440206 0.756000
0.385729 0.760000
0.477701 0.764000
0.210284 0.768000
0.373720 0.772000
0.316937 0.776000
0.419476 0.780000
0.377987 0.784000
0.498814 0.788000
0.328585 0.792000
0.440118 0.796000
0.358429 0.800000
0.339388 0.804000
0.242424 0.808000
0.588790 0.812000
0.373714 0.816000
0.308704 0.820000
0.377779 0.824000
0.416796 0.828000
0.635837 0.832000
0.350083 0.836000
0.204836 0.840000
0.360271 0.844000
0.364627 0.848000
0.403773 0.852000
0.525681 0.856000
0.620920 0.860000
0.467805 0.864000
0.518743 0.868000
0.426806 0.872000
0.513548 0.876000
0.476891 0.880000
0.328145 0.884000
0.346863 0.888000
0.449147 0.892000
0.232732 0.896000
0.407203 0.900000
0.403399 0.904000
0.322269 0.908000
0.614381 0.912000
0.432267 0.916000
0.222319 0.920000
0.571452 0.924000
0.305087 0.928000
0.459795 0.932000
0.413840 0.936000
0.381443 0.940000
0.489150 0.944000
0.444004 0.948000
0.538679 0.952000
0.395965 0.956000
0.473376 0.960000
0.311942 0.964000
0.508224 0.968000
0.409785 0.972000
0.426900 0.976000
0.614732 0.980000
0.262437 0.984000
0.408823 0.988000
0.233112 0.992000
0.673745 0.996000
0.269243 1.000000
0.427062 1.004000
0.347448 1.008000
0.240432 1.012000
0.489159 1.016000
0.489006 1.020000
0.654784 1.024000
0.388586 1.028000
0.448897 1.032000
0.506432 1.036000
0.320196 1.040000
0.557780 1.044000
0.367709 1.048000
0.698188 1.052000
0.526824 1.056000
0.466715 1.060000
0.480216 1.064000
0.501791 1.068000
0.294600 1.072000
0.415248 1.076000
0.399467 1.080000
0.645573 1.084000
0.273580 1.088000
0.593845 1.092000
0.463983 1.096000
0.450118 1.100000
0.605639 1.104000
0.319192 1.108000
0.512544 1.112000
0.327748 1.116000
0.648278 1.120000
0.214748 1.124000
0.430445 1.128000
0.348813 1.132000
0.654283 1.136000
0.354947 1.140000
0.511004 1.144000
0.243517 1.148000
0.400999 1.152000
0.391846 1.156000
0.576037 1.160000
0.308049 1.164000
0.362961 1.168000
0.482923 1.172000
0.299083 1.176000
0.383753 1.180000
0.321638 1.184000
0.338809 1.188000
0.475099 1.192000
0.578107 1.196000
0.606031 1.200000
0.409693 1.204000
0.480405 1.208000
0.696236 1.212000
0.357883 1.216000
0.429143 1.220000
0.666595 1.224000
0.551727 1.228000
0.315250 1.232000
0.234097 1.236000
0.332203 1.240000
0.425498 1.244000
0.508177 1.248000
0.479787 1.252000
0.415832 1.256000
0.241449 1.260000
0.560239 1.264000
0.468323 1.268000
0.454538 1.272000
0.327672 1.276000
0.589687 1.280000
0.309707 1.284000
0.251179 1.288000
0.531954 1.292000
0.403956 1.296000
0.234012 1.300000
0.594515 1.304000
0.360326 1.308000
0.381277 1.312000
0.373490 1.316000
0.375783 1.320000
0.307412 1.324000
0.533160 1.328000
0.433345 1.332000
0.345507 1.336000
0.647317 1.340000
0.341473 1.344000
0.469935 1.348000
0.254293 1.352000
0.253824 1.356000
0.463886 1.360000
0.495138 1.364000
0.221365 1.368000
0.318626 1.372000
0.401431 1.376000
0.425650 1.380000
0.474574 1.384000
0.536365 1.388000
0.521908 1.392000
0.595939 1.396000
0.605649 1.400000
0.225209 1.404000
0.532911 1.408000
0.553643 1.412000
0.384429 1.416000
0.551731 1.420000
0.598209 1.424000
0.456117 1.428000
0.275833 1.432000
0.528835 1.436000
0.491239 1.440000
0.386919 1.444000
0.403313 1.448000
0.355477 1.452000
0.479454 1.456000
0.210959 1.460000
0.602536 1.464000
0.566933 1.468000
0.633283 1.472000
0.487071 1.476000
0.509059 1.480000
0.564365 1.484000
0.553452 1.488000
0.356761 1.492000
0.423733 1.496000
0.492435 1.500000
0.510413 1.504000
0.427873 1.508000
0.599591 1.512000
0.433709 1.516000
0.689631 1.520000
0.371927 1.524000
0.493975 1.528000
0.588620 1.532000
0.336479 1.536000
0.353879 1.540000
0.329644 1.544000
0.309714 1.548000
0.394501 1.552000
0.613056 1.556000
0.408612 1.560000
0.358956 1.564000
0.330773 1.568000
0.514009 1.572000
0.322484 1.576000
0.356823 1.580000
0.542129 1.584000
0.486041 1.588000
0.303007 1.592000
0.491948 1.596000
0.435999 1.600000
0.370150 1.604000
0.256626 1.608000
0.460061 1.612000
0.379602 1.616000
0.692158 1.620000
0.426756 1.624000
0.200977 1.628000
0.611247 1.632000
0.380746 1.636000
0.527552 1.640000
0.402377 1.644000
0.507500 1.648000
0.549167 1.652000
0.292906 1.656000
0.639144 1.660000
0.499953 1.664000
0.359390 1.668000
0.384432 1.672000
0.216987 1.676000
0.335360 1.680000
0.487397 1.684000
0.502179 1.688000
0.489119 1.692000
0.372875 1.696000
0.608423 1.700000
0.441840 1.704000
0.414723 1.708000
0.512152 1.712000
0.420847 1.716000
0.342183 1.720000
0.427979 1.724000
0.246058 1.728000
0.627523 1.732000
0.266475 1.736000
0.586371 1.740000
0.331740 1.744000
0.393273 1.748000
0.361635 1.752000
0.467054 1.756000
0.373805 1.760000
0.697303 1.764000
0.438877 1.768000
0.480015 1.772000
0.313356 1.776000
0.699291 1.780000
0.319581 1.784000
0.466772 1.788000
0.516643 1.792000
0.337899 1.796000
0.490151 1.800000
0.453385 1.804000
0.457066 1.808000
0.480459 1.812000
0.509610 1.816000
0.326500 1.820000
0.484295 1.824000
0.642571 1.828000
0.413677 1.832000
0.501198 1.836000
0.474241 1.840000
0.596382 1.844000
0.459078 1.848000
0.349389 1.852000
0.353645 1.856000
0.386289 1.860000
0.251840 1.864000
0.657502 1.868000
0.493022 1.872000
0.370799 1.876000
0.303323 1.880000
0.382220 1.884000
0.361711 1.888000
0.209332 1.892000
0.457737 1.896000
0.373019 1.900000
0.338793 1.904000
0.212678 1.908000
0.334887 1.912000
0.530244 1.916000
0.273610 1.920000
0.475883 1.924000
0.331907 1.928000
0.467490 1.932000
0.289649 1.936000
0.412310 1.940000
0.427730 1.944000
0.447027 1.948000
0.425530 1.952000
0.207616 1.956000
0.334040 1.960000
0.457019 1.964000
0.406861 1.968000
0.412404 1.972000
0.236455 1.976000
0.499296 1.980000
0.342695 1.984000
0.492296 1.988000
0.469702 1.992000
0.456415 1.996000
0.340350 2.000000
0.354180 2.004000
0.270520 2.008000
0.406778 2.012000
0.332337 2.016000
0.367372 2.020000
0.352052 2.024000
0.556537 2.028000
0.309151 2.032000
0.698460 2.036000
0.543464 2.040000
0.657050 2.044000
0.351664 2.048000
0.378565 2.052000
0.238559 2.056000
0.476638 2.060000
0.356886 2.064000
0.321768 2.068000
0.297117 2.072000
0.595378 2.076000
0.350828 2.080000
0.213471 2.084000
0.542723 2.088000
0.491708 2.092000
0.582230 2.096000
0.387417 2.100000
0.400828 2.104000
0.489562 2.108000
0.590893 2.112000
0.510146 2.116000
0.420795 2.120000
0.234818 2.124000
0.644379 2.128000
0.391608 2.132000
0.525678 2.136000
0.569780 2.140000
0.636807 2.144000
0.540707 2.148000
0.433490 2.152000
0.574464 2.156000
0.443522 2.160000
0.584518 2.164000
0.593699 2.168000
0.443431 2.172000
0.525366 2.176000
0.369920 2.180000
0.482713 2.184000
0.466911 2.188000
0.476308 2.192000
0.466402 2.196000
0.602096 2.200000
0.684981 2.204000
0.308188 2.208000
0.288797 2.212000
0.423272 2.216000
0.483536 2.220000
0.566314 2.224000
0.358678 2.228000
0.322461 2.232000
0.300805 2.236000
0.669676 2.240000
0.423188 2.244000
0.349600 2.248000
0.313171 2.252000
0.569514 2.256000
0.350027 2.260000
0.574997 2.264000
0.469029 2.268000
0.319994 2.272000
0.417376 2.276000
0.357473 2.280000
0.539448 2.284000
0.454749 2.288000
0.417483 2.292000
0.577733 2.296000
0.354377 2.300000
0.463027 2.304000
0.492673 2.308000
0.480727 2.312000
0.493145 2.316000
0.459195 2.320000
0.322530 2.324000
0.270743 2.328000
0.498014 2.332000
0.339357 2.336000
0.381006 2.340000
0.402981 2.344000
0.579524 2.348000
0.218830 2.352000
0.582192 2.356000
0.315368 2.360000
0.282389 2.364000
0.444229 2.368000
0.633520 2.372000
0.244351 2.376000
0.380681 2.380000
0.373909 2.384000
0.515131 2.388000
0.668429 2.392000
0.371077 2.396000
0.420520 2.400000
0.304167 2.404000
0.323170 2.408000
0.432885 2.412000
0.549422 2.416000
0.362736 2.420000
0.331453 2.424000
0.423628 2.428000
0.626706 2.432000
0.308298 2.436000
0.592709 2.440000
0.478922 2.444000
0.610574 2.448000
0.485220 2.452000
0.674885 2.456000
0.585404 2.460000
0.479834 2.464000
0.356261 2.468000
0.452896 2.472000
0.495445 2.476000
0.393246 2.480000
0.332716 2.484000
0.437311 2.488000
0.652429 2.492000
0.273487 2.496000
0.661994 2.500000
0.437028 2.504000
0.595309 2.508000
0.309468 2.512000
0.391362 2.516000
0.499675 2.520000
0.411228 2.524000
0.370759 2.528000
0.626614 2.532000
0.573501 2.536000
0.504920 2.540000
0.427884 2.544000
0.204406 2.548000
0.334498 2.552000
0.253673 2.556000
0.372215 2.560000
0.397019 2.564000
0.522516 2.568000
0.616578 2.572000
0.329226 2.576000
0.368292 2.580000
0.330098 2.584000
0.266829 2.588000
0.658866 2.592000
0.599474 2.596000
0.487810 2.600000
0.415820 2.604000
0.436777 2.608000
0.403754 2.612000
0.489806 2.616000
0.497790 2.620000
0.310137 2.624000
0.548207 2.628000
0.503366 2.632000
0.583763 2.636000
0.321845 2.640000
0.401915 2.644000
0.206186 2.648000
0.293533 2.652000
0.396834 2.656000
0.529007 2.660000
0.395135 2.664000
0.674451 2.668000
0.684227 2.672000
0.345376 2.676000
0.310258 2.680000
0.315755 2.684000
0.649113 2.688000
0.457812 2.692000
0.317756 2.696000
0.267195 2.700000
0.407680 2.704000
0.604312 2.708000
0.395708 2.712000
0.630716 2.716000
0.499451 2.720000
0.314306 2.724000
0.366270 2.728000
0.593919 2.732000
0.490391 2.736000
0.307563 2.740000
0.318114 2.744000
0.674089 2.748000
0.500612 2.752000
0.350511 2.756000
0.562846 2.760000
0.441502 2.764000
0.350445 2.768000
0.588733 2.772000
0.369164 2.776000
0.290797 2.780000
0.518617 2.784000
0.274382 2.788000
0.418494 2.792000
0.529125 2.796000
0.406291 2.800000
0.307276 2.804000
0.225869 2.808000
0.449862 2.812000
0.500712 2.816000
0.308402 2.820000
0.269785 2.824000
0.460609 2.828000
0.432215 2.832000
0.344600 2.836000
0.674790 2.840000
0.334244 2.844000
0.318339 2.848000
0.323171 2.852000
0.390570 2.856000
0.351765 2.860000
0.588805 2.864000
0.575149 2.868000
0.311251 2.872000
0.405689 2.876000
0.585100 2.880000
0.446005 2.884000
0.278701 2.888000
0.632736 2.892000
0.228422 2.896000
0.612508 2.900000
0.313558 2.904000
0.244571 2.908000
0.549733 2.912000
0.344527 2.916000
0.417746 2.920000
0.325337 2.924000
0.575670 2.928000
0.430487 2.932000
0.392222 2.936000
0.264734 2.940000
0.364073 2.944000
0.385262 2.948000
0.613711 2.952000
0.395402 2.956000
0.482860 2.960000
0.359223 2.964000
0.614173 2.968000
0.403340 2.972000
0.326026 2.976000
0.567229 2.980000
0.306755 2.984000
0.580130 2.988000
0.460485 2.992000
0.456268 2.996000
0.601980 3.000000
0.285707 3.004000
0.497536 3.008000
0.530537 3.012000
0.457913 3.016000
0.690423 3.020000
0.682681 3.024000
0.652685 3.028000
0.608072 3.032000
0.565158 3.036000
0.497553 3.040000
0.439977 3.044000
0.310812 3.048000
0.388234 3.052000
0.467705 3.056000
0.474140 3.060000
0.463955 3.064000
0.437863 3.068000
0.370005 3.072000
0.543617 3.076000
0.528392 3.080000
0.338909 3.084000
0.433396 3.088000
0.337001 3.092000
0.404430 3.096000
0.232682 3.100000
0.526761 3.104000
0.506394 3.108000
0.204620 3.112000
0.438534 3.116000
0.327647 3.120000
0.419425 3.124000
0.366814 3.128000
0.376007 3.132000
0.365604 3.136000
0.618709 3.140000
0.451215 3.144000
0.616271 3.148000
0.333875 3.152000
0.407456 3.156000
0.365155 3.160000
0.231612 3.164000
0.563202 3.168000
0.580021 3.172000
0.359362 3.176000
0.411712 3.180000
0.351487 3.184000
0.616116 3.188000
0.539456 3.192000
0.315489 3.196000
0.243069 3.200000
0.357442 3.204000
0.436435 3.208000
0.627215 3.212000
0.351350 3.216000
0.385502 3.220000
0.679889 3.224000
0.585697 3.228000
0.318541 3.232000
0.319326 3.236000
0.517709 3.240000
0.355249 3.244000
0.406260 3.248000
0.451877 3.252000
0.426017 3.256000
0.507205 3.260000
0.510742 3.264000
0.343869 3.268000
0.453088 3.272000
0.480741 3.276000
0.496410 3.280000
0.593765 3.284000
0.341009 3.288000
0.391734 3.292000
0.441551 3.296000
0.502696 3.300000
0.468816 3.304000
0.558419 3.308000
0.589859 3.312000
0.453045 3.316000
0.560865 3.320000
0.612601 3.324000
0.301576 3.328000
0.519462 3.332000
0.504197 3.336000
0.465152 3.340000
0.498003 3.344000
0.531043 3.348000
0.518626 3.352000
0.394564 3.356000
0.393115 3.360000
0.603439 3.364000
0.423319 3.368000
0.427296 3.372000
0.606039 3.376000
0.559629 3.380000
0.643603 3.384000
0.278666 3.388000
0.448133 3.392000
0.458117 3.396000
0.401766 3.400000
0.423042 3.404000
0.378438 3.408000
0.547306 3.412000
0.435586 3.416000
0.362077 3.420000
0.421225 3.424000
0.664788 3.428000
0.488342 3.432000
0.459750 3.436000
0.339412 3.440000
0.400308 3.444000
0.314069 3.448000
0.412940 3.452000
0.457586 3.456000
0.241150 3.460000
0.641786 3.464000
0.626305 3.468000
0.428383 3.472000
0.418694 3.476000
0.442468 3.480000
0.560210 3.484000
0.535981 3.488000
0.374895 3.492000
0.342493 3.496000
0.420448 3.500000
0.430451 3.504000
0.667437 3.508000
0.527335 3.512000
0.458505 3.516000
0.486715 3.520000
0.232302 3.524000
0.579231 3.528000
0.651131 3.532000
0.381865 3.536000
0.222521 3.540000
0.392586 3.544000
0.627945 3.548000
0.384596 3.552000
0.441835 3.556000
0.610862 3.560000
0.215853 3.564000
0.350488 3.568000
0.692037 3.572000
0.328708 3.576000
0.668996 3.580000
0.416910 3.584000
0.652733 3.588000
0.503060 3.592000
0.453007 3.596000
0.491270 3.600000
0.212272 3.604000
0.416989 3.608000
0.352313 3.612000
0.326388 3.616000
0.568605 3.620000
0.640027 3.624000
0.469225 3.628000
0.676714 3.632000
0.318806 3.636000
0.228728 3.640000
0.583588 3.644000
0.329171 3.648000
0.456025 3.652000
0.311215 3.656000
0.441718 3.660000
0.602345 3.664000
0.692605 3.668000
0.299460 3.672000
0.243390 3.676000
0.407787 3.680000
0.328124 3.684000
0.473046 3.688000
0.495623 3.692000
0.567179 3.696000
0.381112 3.700000
0.578170 3.704000
0.502009 3.708000
0.479108 3.712000
0.203184 3.716000
0.385625 3.720000
0.356344 3.724000
0.529194 3.728000
0.294347 3.732000
0.251516 3.736000
0.409300 3.740000
0.437332 3.744000
0.538232 3.748000
0.624465 3.752000
0.576899 3.756000
0.435794 3.760000
0.575994 3.764000
0.543044 3.768000
0.359530 3.772000
0.371939 3.776000
0.537635 3.780000
0.567201 3.784000
0.440262 3.788000
0.329282 3.792000
0.449499 3.796000
0.287410 3.800000
0.431214 3.804000
0.260671 3.808000
0.336692 3.812000
0.455313 3.816000
0.236706 3.820000
0.427327 3.824000
0.339164 3.828000
0.479594 3.832000
0.601970 3.836000
0.537492 3.840000
0.360227 3.844000
0.530840 3.848000
0.316148 3.852000
0.378433 3.856000
0.266235 3.860000
0.599126 3.864000
0.238350 3.868000
0.535562 3.872000
0.356187 3.876000
0.548103 3.880000
0.615492 3.884000
0.492407 3.888000
0.320005 3.892000
0.309298 3.896000
0.360695 3.900000
0.605203 3.904000
0.204231 3.908000
0.660421 3.912000
0.560973 3.916000
0.345830 3.920000
0.403899 3.924000
0.531386 3.928000
0.582971 3.932000
0.406871 3.936000
0.599326 3.940000
0.381832 3.944000
0.345501 3.948000
0.362523 3.952000
0.256573 3.956000
0.493869 3.960000
0.227618 3.964000
0.379120 3.968000
0.410339 3.972000
0.423811 3.976000
0.581004 3.980000
0.569017 3.984000
0.548007 3.988000
0.556645 3.992000
0.515390 3.996000
0.281576 4.000000
0.313634 4.004000
0.606985 4.008000
0.325775 4.012000
0.325021 4.016000
0.250596 4.020000
0.410253 4.024000
0.530199 4.028000
0.612899 4.032000
0.501664 4.036000
0.247858 4.040000
0.586808 4.044000
0.428894 4.048000
0.285247 4.052000
0.650091 4.056000
0.258963 4.060000
0.503761 4.064000
0.466563 4.068000
0.420525 4.072000
0.597152 4.076000
0.598109 4.080000
0.642472 4.084000
0.425633 4.088000
0.206445 4.092000
0.384805 4.096000
0.558742 4.100000
0.293396 4.104000
0.468246 4.108000
0.324725 4.112000
0.378480 4.116000
0.664649 4.120000
0.485097 4.124000
0.329622 4.128000
0.620483 4.132000
0.340906 4.136000
0.217269 4.140000
0.405853 4.144000
0.486272 4.148000
0.472423 4.152000
0.479908 4.156000
0.572713 4.160000
0.394532 4.164000
0.230243 4.168000
0.469478 4.172000
0.349129 4.176000
0.641736 4.180000
0.305975 4.184000
0.488243 4.188000
0.402463 4.192000
0.207690 4.196000
0.383061 4.200000
0.635557 4.204000
0.453178 4.208000
0.424740 4.212000
0.523275 4.216000
0.534690 4.220000
0.329107 4.224000
0.529412 4.228000
0.412202 4.232000
0.563958 4.236000
0.563086 4.240000
0.415222 4.244000
0.507463 4.248000
0.560900 4.252000
0.427698 4.256000
0.405398 4.260000
0.633411 4.264000
0.268246 4.268000
0.300869 4.272000
0.564289 4.276000
0.366072 4.280000
0.390437 4.284000
0.456080 4.288000
0.366185 4.292000
0.452060 4.296000
0.329440 4.300000
0.370937 4.304000
0.440311 4.308000
0.205239 4.312000
0.268614 4.316000
0.547850 4.320000
0.310745 4.324000
0.624860 4.328000
0.373362 4.332000
0.340570 4.336000
0.350008 4.340000
0.478933 4.344000
0.377343 4.348000
0.380335 4.352000
0.365074 4.356000
0.596587 4.360000
0.322974 4.364000
0.495380 4.368000
0.334551 4.372000
0.313165 4.376000
0.324976 4.380000
0.417552 4.384000
0.315790 4.388000
0.311796 4.392000
0.525727 4.396000
0.369785 4.400000
0.440654 4.404000
0.605212 4.408000
0.511150 4.412000
0.228185 4.416000
0.418724 4.420000
0.401540 4.424000
0.455905 4.428000
0.252474 4.432000
0.466663 4.436000
0.397835 4.440000
0.566628 4.444000
0.478546 4.448000
0.582514 4.452000
0.545092 4.456000
0.491963 4.460000
0.466878 4.464000
0.583658 4.468000
0.428497 4.472000
0.368145 4.476000
0.600551 4.480000
0.427201 4.484000
0.406659 4.488000
0.368877 4.492000
0.626636 4.496000
0.431538 4.500000
0.553580 4.504000
0.528254 4.508000
0.334683 4.512000
0.517821 4.516000
0.447105 4.520000
0.405485 4.524000
0.266070 4.528000
0.490121 4.532000
0.347609 4.536000
0.460163 4.540000
0.447964 4.544000
0.372996 4.548000
0.310667 4.552000
0.406830 4.556000
0.645644 4.560000
0.325237 4.564000
0.477464 4.568000
0.317588 4.572000
0.526924 4.576000
0.548535 4.580000
0.286676 4.584000
0.441507 4.588000
0.332443 4.592000
0.309819 4.596000
0.451604 4.600000
0.409586 4.604000
0.445565 4.608000
0.596020 4.612000
0.346274 4.616000
0.494002 4.620000
0.355634 4.624000
0.319998 4.628000
0.344285 4.632000
0.490410 4.636000
0.408338 4.640000
0.696403 4.644000
0.454133 4.648000
0.492040 4.652000
0.436939 4.656000
0.506197 4.660000
0.494774 4.664000
0.324342 4.668000
0.268104 4.672000
0.368604 4.676000
0.455173 4.680000
0.508926 4.684000
0.596102 4.688000
0.439227 4.692000
0.381576 4.696000
0.525546 4.700000
0.219106 4.704000
0.453095 4.708000
0.236284 4.712000
0.540891 4.716000
0.431358 4.720000
0.331374 4.724000
0.271644 4.728000
0.472907 4.732000
0.564938 4.736000
0.670503 4.740000
0.363041 4.744000
0.359433 4.748000
0.374902 4.752000
0.432502 4.756000
0.444605 4.760000
0.399872 4.764000
0.461515 4.768000
0.355200 4.772000
0.391424 4.776000
0.338664 4.780000
0.423359 4.784000
0.401138 4.788000
0.391974 4.792000
0.359301 4.796000
0.335038 4.800000
0.263894 4.804000
0.654539 4.808000
0.557650 4.812000
0.243250 4.816000
0.350574 4.820000
0.291374 4.824000
0.563307 4.828000
0.674965 4.832000
0.359230 4.836000
0.324333 4.840000
0.577760 4.844000
0.451463 4.848000
0.469952 4.852000
0.655756 4.856000
0.498096 4.860000
0.201981 4.864000
0.268376 4.868000
0.548315 4.872000
0.495003 4.876000
0.670720 4.880000
0.420366 4.884000
0.657617 4.888000
0.213818 4.892000
0.410963 4.896000
0.316621 4.900000
0.461275 4.904000
0.567378 4.908000
0.360048 4.912000
0.305950 4.916000
0.428220 4.920000
0.589407 4.924000
0.488954 4.928000
0.335969 4.932000
0.371999 4.936000
0.317213 4.940000
0.420245 4.944000
0.619973 4.948000
0.431807 4.952000
0.472421 4.956000
0.608126 4.960000
0.448729 4.964000
0.324996 4.968000
0.408512 4.972000
0.674351 4.976000
0.565936 4.980000
0.414827 4.984000
0.293896 4.988000
0.593753 4.992000
0.326114 4.996000
0.637206 5.000000
0.499297 5.004000
0.523117 5.008000
0.553661 5.012000
0.230148 5.016000
0.658177 5.020000
0.567179 5.024000
0.421831 5.028000
0.509729 5.032000
0.368954 5.036000
0.675471 5.040000
0.570388 5.044000
0.336276 5.048000
0.407773 5.052000
0.363785 5.056000
0.680676 5.060000
0.414535 5.064000
0.220572 5.068000
0.653990 5.072000
0.426867 5.076000
0.371578 5.080000
0.463193 5.084000
0.325959 5.088000
0.422127 5.092000
0.356191 5.096000
0.458292 5.100000
0.675364 5.104000
0.478455 5.108000
0.403497 5.112000
0.337795 5.116000
0.471066 5.120000
0.298940 5.124000
0.308571 5.128000
0.239649 5.132000
0.505873 5.136000
0.621203 5.140000
0.252772 5.144000
0.227625 5.148000
0.334412 5.152000
0.430740 5.156000
0.326582 5.160000
0.302913 5.164000
0.391847 5.168000
0.462958 5.172000
0.692657 5.176000
0.576265 5.180000
0.387219 5.184000
0.512616 5.188000
0.432880 5.192000
0.369437 5.196000
0.465139 5.200000
0.569450 5.204000
0.223138 5.208000
0.314675 5.212000
0.329590 5.216000
0.498713 5.220000
0.479588 5.224000
0.420998 5.228000
0.223594 5.232000
0.485390 5.236000
0.520155 5.240000
0.576034 5.244000
0.358479 5.248000
0.460831 5.252000
0.485016 5.256000
0.452142 5.260000
0.486517 5.264000
0.630562 5.268000
0.659817 5.272000
0.685591 5.276000
0.310659 5.280000
0.522012 5.284000
0.545378 5.288000
0.497527 5.292000
0.625141 5.296000
0.470916 5.300000
0.317625 5.304000
0.625499 5.308000
0.380690 5.312000
0.465138 5.316000
0.621515 5.320000
0.534267 5.324000
0.468096 5.328000
0.564664 5.332000
0.342687 5.336000
0.374669 5.340000
0.313891 5.344000
0.416523 5.348000
0.300607 5.352000
0.659276 5.356000
0.481881 5.360000
0.683372 5.364000
0.306938 5.368000
0.423604 5.372000
0.574304 5.376000
0.404509 5.380000
0.432899 5.384000
0.341611 5.388000
0.626327 5.392000
0.408055 5.396000
0.229359 5.400000
0.364251 5.404000
0.287668 5.408000
0.593057 5.412000
0.343413 5.416000
0.349818 5.420000
0.585070 5.424000
0.500268 5.428000
0.275195 5.432000
0.454840 5.436000
0.559384 5.440000
0.590341 5.444000
0.318673 5.448000
0.454271 5.452000
0.371017 5.456000
0.348203 5.460000
0.430177 5.464000
0.459728 5.468000
0.467484 5.472000
0.432345 5.476000
0.468419 5.480000
0.604522 5.484000
0.306819 5.488000
0.587783 5.492000
0.549736 5.496000
0.264244 5.500000
0.230601 5.504000
0.541451 5.508000
0.362328 5.512000
0.381640 5.516000
0.380334 5.520000
0.598751 5.524000
0.583223 5.528000
0.464535 5.532000
0.650938 5.536000
0.460039 5.540000
0.441731 5.544000
0.525556 5.548000
0.575101 5.552000
0.275770 5.556000
0.373131 5.560000
0.332402 5.564000
0.532237 5.568000
0.359077 5.572000
0.406337 5.576000
0.337408 5.580000
0.375805 5.584000
0.274511 5.588000
0.229310 5.592000
0.555155 5.596000
0.572743 5.600000
0.321715 5.604000
0.375943 5.608000
0.456883 5.612000
0.248748 5.616000
0.432753 5.620000
0.278187 5.624000
0.450446 5.628000
0.233181 5.632000
0.401880 5.636000
0.427160 5.640000
0.514562 5.644000
0.497317 5.648000
0.666469 5.652000
0.486986 5.656000
0.556119 5.660000
0.279717 5.664000
0.357869 5.668000
0.505128 5.672000
0.359264 5.676000
0.492452 5.680000
0.440927 5.684000
0.462945 5.688000
0.295052 5.692000
0.301933 5.696000
0.460943 5.700000
0.310239 5.704000
0.460387 5.708000
0.678115 5.712000
0.516781 5.716000
0.527535 5.720000
0.215003 5.724000
0.305791 5.728000
0.378920 5.732000
0.559849 5.736000
0.685255 5.740000
0.551761 5.744000
0.371162 5.748000
0.465680 5.752000
0.303448 5.756000
0.281603 5.760000
0.434771 5.764000
0.625002 5.768000
0.451462 5.772000
0.319805 5.776000
0.493777 5.780000
0.349974 5.784000
0.577431 5.788000
0.247003 5.792000
0.440209 5.796000
0.542148 5.800000
0.254212 5.804000
0.528088 5.808000
0.357997 5.812000
0.439902 5.816000
0.548404 5.820000
0.664910 5.824000
0.204290 5.828000
0.399861 5.832000
0.568666 5.836000
0.467351 5.840000
0.366956 5.844000
0.456055 5.848000
0.562074 5.852000
0.436501 5.856000
0.416998 5.860000
0.400556 5.864000
0.327285 5.868000
0.453700 5.872000
0.574643 5.876000
0.529354 5.880000
0.313241 5.884000
0.269180 5.888000
0.207848 5.892000
0.497212 5.896000
0.572173 5.900000
0.684077 5.904000
0.381992 5.908000
0.225264 5.912000
0.435649 5.916000
0.219543 5.920000
0.379472 5.924000
0.505086 5.928000
0.682423 5.932000
0.466726 5.936000
0.407983 5.940000
0.243015 5.944000
0.466824 5.948000
0.611351 5.952000
0.216217 5.956000
0.588436 5.960000
0.376455 5.964000
0.426666 5.968000
0.435730 5.972000
0.589821 5.976000
0.687921 5.980000
0.428496 5.984000
0.467737 5.988000
0.322236 5.992000
0.489369 5.996000
0.686155 6.000000
0.233574 6.004000
0.330097 6.008000
0.338567 6.012000
0.682971 6.016000
0.407587 6.020000
0.528898 6.024000
0.425280 6.028000
0.520162 6.032000
0.451184 6.036000
0.409681 6.040000
0.506701 6.044000
0.457836 6.048000
0.266820 6.052000
0.289988 6.056000
0.484667 6.060000
0.586834 6.064000
0.590643 6.068000
0.455048 6.072000
0.593427 6.076000
0.325194 6.080000
0.542574 6.084000
0.332947 6.088000
0.266713 6.092000
0.332967 6.096000
0.452545 6.100000
0.347533 6.104000
0.652848 6.108000
0.439149 6.112000
0.681672 6.116000
0.692808 6.120000
0.446654 6.124000
0.474470 6.128000
0.457089 6.132000
0.572548 6.136000
0.606913 6.140000
0.603786 6.144000
0.439212 6.148000
0.548916 6.152000
0.428117 6.156000
0.451841 6.160000
0.640171 6.164000
0.543801 6.168000
0.335265 6.172000
0.416130 6.176000
0.412164 6.180000
0.336647 6.184000
0.370466 6.188000
0.360628 6.192000
0.524482 6.196000
0.302514 6.200000
0.340078 6.204000
0.484122 6.208000
0.447960 6.212000
0.634125 6.216000
0.291149 6.220000
0.356906 6.224000
0.365596 6.228000
0.591643 6.232000
0.485906 6.236000
0.319584 6.240000
0.328091 6.244000
0.423941 6.248000
0.343036 6.252000
0.537735 6.256000
0.473066 6.260000
0.305096 6.264000
0.314522 6.268000
0.306187 6.272000
0.326697 6.276000
0.329875 6.280000
0.366767 6.284000
0.696641 6.288000
0.306522 6.292000
0.311951 6.296000
0.634768 6.300000
0.342423 6.304000
0.344167 6.308000
0.628609 6.312000
0.518093 6.316000
0.554076 6.320000
0.446756 6.324000
0.355678 6.328000
0.487393 6.332000
0.459573 6.336000
0.415726 6.340000
0.336453 6.344000
0.570222 6.348000
0.362888 6.352000
0.441825 6.356000
0.528353 6.360000
0.484898 6.364000
0.414672 6.368000
0.395031 6.372000
0.471056 6.376000
0.691162 6.380000
0.588793 6.384000
0.328138 6.388000
0.619879 6.392000
0.526383 6.396000
0.258483 6.400000
0.412768 6.404000
0.588131 6.408000
0.396064 6.412000
0.365843 6.416000
0.626553 6.420000
0.442208 6.424000
0.287388 6.428000
0.278463 6.432000
0.310241 6.436000
0.693170 6.440000
0.574567 6.444000
0.326892 6.448000
0.613471 6.452000
0.328553 6.456000
0.484736 6.460000
0.416730 6.464000
0.647970 6.468000
0.628164 6.472000
0.293140 6.476000
0.409067 6.480000
0.466926 6.484000
0.407612 6.488000
0.316378 6.492000
0.263038 6.496000
0.389280 6.500000
0.333323 6.504000
0.372428 6.508000
0.334236 6.512000
0.287685 6.516000
0.352786 6.520000
0.476237 6.524000
0.422736 6.528000
0.358898 6.532000
0.583792 6.536000
0.539593 6.540000
0.464476 6.544000
0.595335 6.548000
0.306396 6.552000
0.344053 6.556000
0.359748 6.560000
0.676549 6.564000
0.301373 6.568000
0.455661 6.572000
0.532546 6.576000
0.699382 6.580000
0.578902 6.584000
0.550222 6.588000
0.314531 6.592000
0.365542 6.596000
0.441240 6.600000
0.417863 6.604000
0.647348 6.608000
0.545343 6.612000
0.523123 6.616000
0.315647 6.620000
0.497053 6.624000
0.536374 6.628000
0.253661 6.632000
0.436981 6.636000
0.574404 6.640000
0.435838 6.644000
0.583456 6.648000
0.566573 6.652000
0.354756 6.656000
0.445313 6.660000
0.420716 6.664000
0.389688 6.668000
0.291319 6.672000
0.326685 6.676000
0.320093 6.680000
0.424440 6.684000
0.315525 6.688000
0.528001 6.692000
0.568013 6.696000
0.545897 6.700000
0.218252 6.704000
0.497996 6.708000
0.508240 6.712000
0.570718 6.716000
0.405660 6.720000
0.308043 6.724000
0.451413 6.728000
0.471100 6.732000
0.223385 6.736000
0.400268 6.740000
0.212337 6.744000
0.586759 6.748000
0.542843 6.752000
0.380600 6.756000
0.218741 6.760000
0.303716 6.764000
0.603391 6.768000
0.675477 6.772000
0.635277 6.776000
0.368633 6.780000
0.204103 6.784000
0.470986 6.788000
0.546509 6.792000
0.607432 6.796000
0.438902 6.800000
0.553172 6.804000
0.342624 6.808000
0.316977 6.812000
0.468794 6.816000
0.568261 6.820000
0.351637 6.824000
0.398544 6.828000
0.324979 6.832000
0.421569 6.836000
0.461829 6.840000
0.401839 6.844000
0.436554 6.848000
0.633821 6.852000
0.578166 6.856000
0.348310 6.860000
0.476583 6.864000
0.373646 6.868000
0.256455 6.872000
0.502516 6.876000
0.320278 6.880000
0.484996 6.884000
0.358982 6.888000
0.260282 6.892000
0.209037 6.896000
0.328234 6.900000
0.375389 6.904000
0.322405 6.908000
0.414089 6.912000
0.353644 6.916000
0.452530 6.920000
0.422659 6.924000
0.393503 6.928000
0.326113 6.932000
0.677065 6.936000
0.578842 6.940000
0.436302 6.944000
0.419740 6.948000
0.254538 6.952000
0.635627 6.956000
0.387443 6.960000
0.501106 6.964000
0.528684 6.968000
0.367948 6.972000
0.347397 6.976000
0.619976 6.980000
0.684731 6.984000
0.413701 6.988000
0.440095 6.992000
0.426169 6.996000
0.480427 7.000000
0.404471 7.004000
0.442983 7.008000
0.431349 7.012000
0.448554 7.016000
0.563073 7.020000
0.472935 7.024000
0.434489 7.028000
0.214678 7.032000
0.236631 7.036000
0.321773 7.040000
0.429759 7.044000
0.473885 7.048000
0.333954 7.052000
0.535151 7.056000
0.515578 7.060000
0.370244 7.064000
0.535963 7.068000
0.428547 7.072000
0.623601 7.076000
0.422761 7.080000
0.447914 7.084000
0.434110 7.088000
0.386363 7.092000
0.241569 7.096000
0.562163 7.100000
0.672124 7.104000
0.462357 7.108000
0.578091 7.112000
0.300233 7.116000
0.340825 7.120000
0.437280 7.124000
0.352956 7.128000
0.502927 7.132000
0.318330 7.136000
0.520195 7.140000
0.605377 7.144000
0.637238 7.148000
0.570426 7.152000
0.253374 7.156000
0.407786 7.160000
0.688801 7.164000
0.457966 7.168000
0.454557 7.172000
0.489433 7.176000
0.608650 7.180000
0.437628 7.184000
0.310385 7.188000
0.412735 7.192000
0.683018 7.196000
0.449778 7.200000
0.639755 7.204000
0.346102 7.208000
0.294929 7.212000
0.387198 7.216000
0.445845 7.220000
0.576996 7.224000
0.246347 7.228000
0.538423 7.232000
0.475565 7.236000
0.308978 7.240000
0.609614 7.244000
0.399429 7.248000
0.405174 7.252000
0.386491 7.256000
0.576937 7.260000
0.447443 7.264000
0.370823 7.268000
0.291122 7.272000
0.276671 7.276000
0.470603 7.280000
0.662769 7.284000
0.453099 7.288000
0.325154 7.292000
0.547229 7.296000
0.302012 7.300000
0.421780 7.304000
0.582832 7.308000
0.368460 7.312000
0.518102 7.316000
0.238866 7.320000
0.683433 7.324000
0.297991 7.328000
0.246865 7.332000
0.258105 7.336000
0.404942 7.340000
0.362674 7.344000
0.466810 7.348000
0.555230 7.352000
0.451117 7.356000
0.667728 7.360000
0.492949 7.364000
0.371875 7.368000
0.412305 7.372000
0.330311 7.376000
0.346793 7.380000
0.437236 7.384000
0.374302 7.388000
0.425195 7.392000
0.421268 7.396000
0.311207 7.400000
0.344020 7.404000
0.436306 7.408000
0.459305 7.412000
0.592757 7.416000
0.460681 7.420000
0.307872 7.424000
0.564850 7.428000
0.237284 7.432000
0.661333 7.436000
0.688929 7.440000
0.365047 7.444000
0.326712 7.448000
0.369387 7.452000
0.464936 7.456000
0.542343 7.460000
0.436066 7.464000
0.474976 7.468000
0.670253 7.472000
0.655263 7.476000
0.240284 7.480000
0.375838 7.484000
0.375224 7.488000
0.466609 7.492000
0.205013 7.496000
0.447512 7.500000
0.441624 7.504000
0.697832 7.508000
0.205140 7.512000
0.611577 7.516000
0.440208 7.520000
0.628319 7.524000
0.414804 7.528000
0.370681 7.532000
0.524128 7.536000
0.358363 7.540000
0.512648 7.544000
0.379123 7.548000
0.651956 7.552000
0.454544 7.556000
0.446053 7.560000
0.317737 7.564000
0.254063 7.568000
0.696289 7.572000
0.698099 7.576000
0.441808 7.580000
0.336110 7.584000
0.342351 7.588000
0.201029 7.592000
0.670801 7.596000
0.513403 7.600000
0.335959 7.604000
0.439922 7.608000
0.388624 7.612000
0.569848 7.616000
0.567394 7.620000
0.490376 7.624000
0.323197 7.628000
0.435273 7.632000
0.212732 7.636000
0.633905 7.640000
0.574064 7.644000
0.474855 7.648000
0.467512 7.652000
0.294831 7.656000
0.556800 7.660000
0.284411 7.664000
0.694074 7.668000
0.342412 7.672000
0.332970 7.676000
0.385291 7.680000
0.501319 7.684000
0.401943 7.688000
0.394379 7.692000
0.312641 7.696000
0.575646 7.700000
0.418605 7.704000
0.570373 7.708000
0.490762 7.712000
0.481800 7.716000
0.617788 7.720000
0.626939 7.724000
0.589341 7.728000
0.452404 7.732000
0.205658 7.736000
0.426341 7.740000
0.354285 7.744000
0.484903 7.748000
0.453696 7.752000
0.316067 7.756000
0.606912 7.760000
0.464688 7.764000
0.310982 7.768000
0.415815 7.772000
0.205260 7.776000
0.533134 7.780000
0.587960 7.784000
0.371274 7.788000
0.661246 7.792000
0.419318 7.796000
0.355436 7.800000
0.343461 7.804000
0.407438 7.808000
0.554151 7.812000
0.502562 7.816000
0.602342 7.820000
0.207193 7.824000
0.285687 7.828000
0.397553 7.832000
0.393511 7.836000
0.301889 7.840000
0.314354 7.844000
0.494890 7.848000
0.446661 7.852000
0.589034 7.856000
0.566855 7.860000
0.432755 7.864000
0.594604 7.868000
0.324970 7.872000
0.427487 7.876000
0.564454 7.880000
0.471581 7.884000
0.545947 7.888000
0.345643 7.892000
0.567572 7.896000
0.659633 7.900000
0.301296 7.904000
0.538223 7.908000
0.474609 7.912000
0.551750 7.916000
0.692475 7.920000
0.605727 7.924000
0.468860 7.928000
0.400587 7.932000
0.411708 7.936000
0.380762 7.940000
0.489268 7.944000
0.521460 7.948000
0.373998 7.952000
0.227729 7.956000
0.388022 7.960000
0.518398 7.964000
0.536240 7.968000
0.312425 7.972000
0.484629 7.976000
0.301990 7.980000
0.497198 7.984000
0.460317 7.988000
0.260227 7.992000
0.567778 7.996000
0.372089 8.000000
0.422245 8.004000
0.235885 8.008000
0.303949 8.012000
0.435530 8.016000
0.566290 8.020000
0.478626 8.024000
0.497071 8.028000
0.526586 8.032000
0.314566 8.036000
0.678948 8.040000
0.404624 8.044000
0.509690 8.048000
0.443681 8.052000
0.243571 8.056000
0.463089 8.060000
0.385160 8.064000
0.367629 8.068000
0.547169 8.072000
0.600318 8.076000
0.343085 8.080000
0.621842 8.084000
0.386837 8.088000
0.420962 8.092000
0.354312 8.096000
0.367173 8.100000
0.383050 8.104000
0.433696 8.108000
0.592300 8.112000
0.632546 8.116000
0.570838 8.120000
0.588979 8.124000
0.479578 8.128000
0.215027 8.132000
0.324969 8.136000
0.296130 8.140000
0.552566 8.144000
0.656073 8.148000
0.362846 8.152000
0.288431 8.156000
0.438503 8.160000
0.412699 8.164000
0.468899 8.168000
0.305043 8.172000
0.338233 8.176000
0.442311 8.180000
0.484210 8.184000
0.458456 8.188000
0.608607 8.192000
0.319975 8.196000
0.305120 8.200000
0.656249 8.204000
0.338234 8.208000
0.506844 8.212000
0.434575 8.216000
0.445882 8.220000
0.310354 8.224000
0.388513 8.228000
0.429947 8.232000
0.451301 8.236000
0.446556 8.240000
0.302048 8.244000
0.691101 8.248000
0.470073 8.252000
0.225121 8.256000
0.670432 8.260000
0.332440 8.264000
0.599832 8.268000
0.667710 8.272000
0.463185 8.276000
0.382682 8.280000
0.462767 8.284000
0.388169 8.288000
0.501909 8.292000
0.656130 8.296000
0.396902 8.300000
0.497195 8.304000
0.529498 8.308000
0.339164 8.312000
0.382929 8.316000
0.456607 8.320000
0.561776 8.324000
0.335731 8.328000
0.575337 8.332000
0.276974 8.336000
0.440302 8.340000
0.415561 8.344000
0.306585 8.348000
0.352363 8.352000
0.305104 8.356000
0.408866 8.360000
0.433076 8.364000
0.325935 8.368000
0.506078 8.372000
0.391281 8.376000
0.591673 8.380000
0.680156 8.384000
0.471809 8.388000
0.402780 8.392000
0.435515 8.396000
0.345366 8.400000
0.354570 8.404000
0.544337 8.408000
0.217882 8.412000
0.520458 8.416000
0.370235 8.420000
0.596061 8.424000
0.492849 8.428000
0.399419 8.432000
0.351874 8.436000
0.300571 8.440000
0.301498 8.444000
0.597471 8.448000
0.535755 8.452000
0.455358 8.456000
0.312416 8.460000
0.370584 8.464000
0.598536 8.468000
0.457872 8.472000
0.385249 8.476000
0.222088 8.480000
0.564361 8.484000
0.347102 8.488000
0.526044 8.492000
0.490152 8.496000
0.500643 8.500000
0.285389 8.504000
0.303145 8.508000
0.609866 8.512000
0.421259 8.516000
0.424221 8.520000
0.492387 8.524000
0.543687 8.528000
0.515920 8.532000
0.597760 8.536000
0.320327 8.540000
0.473994 8.544000
0.324463 8.548000
0.587862 8.552000
0.574280 8.556000
0.551496 8.560000
0.274818 8.564000
0.304322 8.568000
0.447903 8.572000
0.493261 8.576000
0.303388 8.580000
0.624109 8.584000
0.291071 8.588000
0.424094 8.592000
0.376613 8.596000
0.533333 8.600000
0.232801 8.604000
0.455027 8.608000
0.332444 8.612000
0.415699 8.616000
0.345974 8.620000
0.392674 8.624000
0.460499 8.628000
0.431192 8.632000
0.522606 8.636000
0.673188 8.640000
0.639631 8.644000
0.328746 8.648000
0.528408 8.652000
0.314580 8.656000
0.551679 8.660000
0.336654 8.664000
0.305405 8.668000
0.281148 8.672000
0.590130 8.676000
0.474454 8.680000
0.491341 8.684000
0.553768 8.688000
0.582461 8.692000
0.330054 8.696000
0.624635 8.700000
0.599787 8.704000
0.344899 8.708000
0.445841 8.712000
0.403635 8.716000
0.336282 8.720000
0.388352 8.724000
0.557522 8.728000
0.368919 8.732000
0.380427 8.736000
0.694267 8.740000
0.429453 8.744000
0.477390 8.748000
0.480718 8.752000
0.479151 8.756000
0.330201 8.760000
0.336919 8.764000
0.422807 8.768000
0.566525 8.772000
0.592087 8.776000
0.370286 8.780000
0.203696 8.784000
0.485041 8.788000
0.598469 8.792000
0.477170 8.796000
0.368044 8.800000
0.311523 8.804000
0.342506 8.808000
0.462929 8.812000
0.400326 8.816000
0.477685 8.820000
0.401156 8.824000
0.602933 8.828000
0.366608 8.832000
0.259263 8.836000
0.468161 8.840000
0.311192 8.844000
0.499678 8.848000
0.566322 8.852000
0.389763 8.856000
0.482032 8.860000
0.421288 8.864000
0.553490 8.868000
0.546908 8.872000
0.473562 8.876000
0.695252 8.880000
0.268855 8.884000
0.527681 8.888000
0.301700 8.892000
0.405159 8.896000
0.460290 8.900000
0.333726 8.904000
0.513481 8.908000
0.350442 8.912000
0.357948 8.916000
0.664407 8.920000
0.508424 8.924000
0.554556 8.928000
0.551680 8.932000
0.322438 8.936000
0.376691 8.940000
0.579013 8.944000
0.482121 8.948000
0.484767 8.952000
0.322788 8.956000
0.637037 8.960000
0.464204 8.964000
0.382428 8.968000
0.543577 8.972000
0.400562 8.976000
0.461841 8.980000
0.333135 8.984000
0.329316 8.988000
0.594356 8.992000
0.332527 8.996000
0.470360 9.000000
0.356512 9.004000
0.570991 9.008000
0.560617 9.012000
0.612645 9.016000
0.541314 9.020000
0.460429 9.024000
0.598026 9.028000
0.316897 9.032000
0.422201 9.036000
0.487972 9.040000
0.231095 9.044000
0.259418 9.048000
0.540720 9.052000
0.554305 9.056000
0.692387 9.060000
0.388420 9.064000
0.389022 9.068000
0.371421 9.072000
0.436149 9.076000
0.491776 9.080000
0.392941 9.084000
0.448133 9.088000
0.396197 9.092000
0.223748 9.096000
0.499372 9.100000
0.518963 9.104000
0.644976 9.108000
0.434461 9.112000
0.436699 9.116000
0.510130 9.120000
0.472538 9.124000
0.645852 9.128000
0.317012 9.132000
0.436402 9.136000
0.604193 9.140000
0.217857 9.144000
0.348877 9.148000
0.222554 9.152000
0.575582 9.156000
0.348581 9.160000
0.329405 9.164000
0.443189 9.168000
0.583924 9.172000
0.552204 9.176000
0.484360 9.180000
0.674666 9.184000
0.434181 9.188000
0.458372 9.192000
0.525070 9.196000
0.352890 9.200000
0.598899 9.204000
0.476820 9.208000
0.590880 9.212000
0.230707 9.216000
0.410466 9.220000
0.370979 9.224000
0.445913 9.228000
0.328660 9.232000
0.404547 9.236000
0.384320 9.240000
0.598859 9.244000
0.372858 9.248000
0.433437 9.252000
0.263181 9.256000
0.214582 9.260000
0.613702 9.264000
0.468089 9.268000
0.419831 9.272000
0.586254 9.276000
0.619217 9.280000
0.307558 9.284000
0.579510 9.288000
0.436803 9.292000
0.436747 9.296000
0.314629 9.300000
0.555216 9.304000
0.318398 9.308000
0.416761 9.312000
0.396351 9.316000
0.293964 9.320000
0.678730 9.324000
0.492514 9.328000
0.448254 9.332000
0.538290 9.336000
0.462848 9.340000
0.409319 9.344000
0.480987 9.348000
0.546728 9.352000
0.319283 9.356000
0.397182 9.360000
0.248122 9.364000
0.417036 9.368000
0.579225 9.372000
0.480538 9.376000
0.493886 9.380000
0.655891 9.384000
0.377494 9.388000
0.418859 9.392000
0.339560 9.396000
0.338830 9.400000
0.584060 9.404000
0.571856 9.408000
0.327304 9.412000
0.504168 9.416000
0.414854 9.420000
0.583052 9.424000
0.340153 9.428000
0.424656 9.432000
0.590636 9.436000
0.475463 9.440000
0.516932 9.444000
0.300616 9.448000
0.312650 9.452000
0.453133 9.456000
0.480843 9.460000
0.218322 9.464000
0.423833 9.468000
0.402280 9.472000
0.200484 9.476000
0.317353 9.480000
0.524316 9.484000
0.385808 9.488000
0.302020 9.492000
0.310686 9.496000
0.409973 9.500000
0.524919 9.504000
0.251296 9.508000
0.401277 9.512000
0.402771 9.516000
0.661589 9.520000
0.324613 9.524000
0.538869 9.528000
0.441660 9.532000
0.495655 9.536000
0.286920 9.540000
0.460787 9.544000
0.302765 9.548000
0.390258 9.552000
0.596190 9.556000
0.560474 9.560000
0.417626 9.564000
0.339396 9.568000
0.352712 9.572000
0.327498 9.576000
0.358226 9.580000
0.491340 9.584000
0.312049 9.588000
0.302807 9.592000
0.557577 9.596000
0.421651 9.600000
0.580430 9.604000
0.392961 9.608000
0.334596 9.612000
0.449569 9.616000
0.311307 9.620000
0.387097 9.624000
0.492031 9.628000
0.591497 9.632000
0.621830 9.636000
0.320384 9.640000
0.356182 9.644000
0.345358 9.648000
0.548003 9.652000
0.327710 9.656000
0.427169 9.660000
0.599550 9.664000
0.557254 9.668000
0.331349 9.672000
0.308497 9.676000
0.460268 9.680000
0.337183 9.684000
0.606371 9.688000
0.484672 9.692000
0.290932 9.696000
0.579227 9.700000
0.367529 9.704000
0.615604 9.708000
0.457476 9.712000
0.376000 9.716000
0.521383 9.720000
0.316568 9.724000
0.673242 9.728000
0.351052 9.732000
0.627410 9.736000
0.492457 9.740000
0.337242 9.744000
0.439804 9.748000
0.211844 9.752000
0.595078 9.756000
0.459521 9.760000
0.340400 9.764000
0.578007 9.768000
0.572251 9.772000
0.467384 9.776000
0.453236 9.780000
0.256867 9.784000
0.377453 9.788000
0.486227 9.792000
0.627907 9.796000
0.541586 9.800000
0.308759 9.804000
0.388737 9.808000
0.636326 9.812000
0.449799 9.816000
0.545826 9.820000
0.406195 9.824000
0.590767 9.828000
0.557380 9.832000
0.453680 9.836000
0.295633 9.840000
0.425579 9.844000
0.247438 9.848000
0.522049 9.852000
0.356613 9.856000
0.461323 9.860000
0.318306 9.864000
0.308983 9.868000
0.391358 9.872000
0.470078 9.876000
0.594254 9.880000
0.457540 9.884000
0.501990 9.888000
0.460668 9.892000
0.682691 9.896000
0.454247 9.900000
0.318632 9.904000
0.202569 9.908000
0.421605 9.912000
0.698127 9.916000
0.452120 9.920000
0.607228 9.924000
0.460982 9.928000
0.349008 9.932000
0.465070 9.936000
0.385561 9.940000
0.321959 9.944000
0.423891 9.948000
0.555056 9.952000
0.500366 9.956000
0.477470 9.960000
0.410102 9.964000
0.443653 9.968000
0.232416 9.972000
0.498111 9.976000
0.364008 9.980000
0.365076 9.984000
0.378969 9.988000
0.407008 9.992000
0.364009 9.996000
0.448196 10.000000
