0.000000 29451.000000
0.000000 29453.000000
0.000000 29455.000000
0.000000 29457.000000
0.000000 29459.000000
0.000000 29461.000000
0.000000 29463.000000
0.000000 29465.000000
0.000000 29467.000000
0.000000 29469.000000
1.000000 29471.000000
1.000000 29473.000000
1.000000 29475.000000
1.000000 29477.000000
1.000000 29479.000000
1.000000 29481.000000
1.000000 29483.000000
1.000000 29485.000000
1.000000 29487.000000
2.000000 29489.000000
2.000000 29491.000000
2.000000 29493.000000
2.000000 29495.000000
2.000000 29497.000000
3.000000 29499.000000
3.000000 29501.000000
3.000000 29503.000000
3.000000 29505.000000
3.000000 29507.000000
4.000000 29509.000000
4.000000 29511.000000
4.000000 29513.000000
4.000000 29515.000000
5.000000 29517.000000
5.000000 29519.000000
5.000000 29521.000000
5.000000 29523.000000
5.000000 29525.000000
6.000000 29527.000000
6.000000 29529.000000
6.000000 29531.000000
7.000000 29533.000000
7.000000 29535.000000
7.000000 29537.000000
7.000000 29539.000000
7.000000 29541.000000
8.000000 29543.000000
8.000000 29545.000000
8.000000 29547.000000
9.000000 29549.000000
9.000000 29551.000000
9.000000 29553.000000
9.000000 29555.000000
10.000000 29557.000000
10.000000 29559.000000
10.000000 29561.000000
11.000000 29563.000000
11.000000 29565.000000
11.000000 29567.000000
11.000000 29569.000000
12.000000 29571.000000
12.000000 29573.000000
12.000000 29575.000000
13.000000 29577.000000
13.000000 29579.000000
13.000000 29581.000000
14.000000 29583.000000
14.000000 29585.000000
14.000000 29587.000000
15.000000 29589.000000
15.000000 29591.000000
15.000000 29593.000000
15.000000 29595.000000
16.000000 29597.000000
16.000000 29599.000000
16.000000 29601.000000
17.000000 29603.000000
17.000000 29605.000000
17.000000 29607.000000
18.000000 29609.000000
18.000000 29611.000000
18.000000 29613.000000
19.000000 29615.000000
19.000000 29617.000000
19.000000 29619.000000
19.000000 29621.000000
20.000000 29623.000000
20.000000 29625.000000
21.000000 29627.000000
21.000000 29629.000000
21.000000 29631.000000
21.000000 29633.000000
22.000000 29635.000000
22.000000 29637.000000
22.000000 29639.000000
23.000000 29641.000000
23.000000 29643.000000
23.000000 29645.000000
24.000000 29647.000000
24.000000 29649.000000
24.000000 29651.000000
25.000000 29653.000000
25.000000 29655.000000
25.000000 29657.000000
26.000000 29659.000000
26.000000 29661.000000
26.000000 29663.000000
27.000000 29665.000000
27.000000 29667.000000
27.000000 29669.000000
28.000000 29671.000000
28.000000 29673.000000
28.000000 29675.000000
29.000000 29677.000000
29.000000 29679.000000
29.000000 29681.000000
29.000000 29683.000000
30.000000 29685.000000
30.000000 29687.000000
31.000000 29689.000000
31.000000 29691.000000
31.000000 29693.000000
31.000000 29695.000000
32.000000 29697.000000
32.000000 29699.000000
32.000000 29701.000000
33.000000 29703.000000
33.000000 29705.000000
33.000000 29707.000000
34.000000 29709.000000
34.000000 29711.000000
34.000000 29713.000000
35.000000 29715.000000
35.000000 29717.000000
35.000000 29719.000000
36.000000 29721.000000
36.000000 29723.000000
36.000000 29725.000000
37.000000 29727.000000
37.000000 29729.000000
37.000000 29731.000000
38.000000 29733.000000
38.000000 29735.000000
38.000000 29737.000000
39.000000 29739.000000
39.000000 29741.000000
39.000000 29743.000000
40.000000 29745.000000
40.000000 29747.000000
40.000000 29749.000000
41.000000 29751.000000
41.000000 29753.000000
41.000000 29755.000000
42.000000 29757.000000
42.000000 29759.000000
42.000000 29761.000000
43.000000 29763.000000
43.000000 29765.000000
43.000000 29767.000000
43.000000 29769.000000
44.000000 29771.000000
44.000000 29773.000000
45.000000 29775.000000
45.000000 29777.000000
45.000000 29779.000000
45.000000 29781.000000
46.000000 29783.000000
46.000000 29785.000000
47.000000 29787.000000
47.000000 29789.000000
47.000000 29791.000000
47.000000 29793.000000
48.000000 29795.000000
48.000000 29797.000000
48.000000 29799.000000
49.000000 29801.000000
49.000000 29803.000000
49.000000 29805.000000
50.000000 29807.000000
50.000000 29809.000000
50.000000 29811.000000
51.000000 29813.000000
51.000000 29815.000000
51.000000 29817.000000
52.000000 29819.000000
52.000000 29821.000000
52.000000 29823.000000
53.000000 29825.000000
53.000000 29827.000000
53.000000 29829.000000
54.000000 29831.000000
54.000000 29833.000000
54.000000 29835.000000
55.000000 29837.000000
55.000000 29839.000000
55.000000 29841.000000
56.000000 29843.000000
56.000000 29845.000000
56.000000 29847.000000
57.000000 29849.000000
57.000000 29851.000000
57.000000 29853.000000
57.000000 29855.000000
58.000000 29857.000000
58.000000 29859.000000
59.000000 29861.000000
59.000000 29863.000000
59.000000 29865.000000
59.000000 29867.000000
60.000000 29869.000000
60.000000 29871.000000
60.000000 29873.000000
61.000000 29875.000000
61.000000 29877.000000
61.000000 29879.000000
62.000000 29881.000000
62.000000 29883.000000
62.000000 29885.000000
63.000000 29887.000000
63.000000 29889.000000
63.000000 29891.000000
64.000000 29893.000000
64.000000 29895.000000
64.000000 29897.000000
65.000000 29899.000000
65.000000 29901.000000
65.000000 29903.000000
66.000000 29905.000000
66.000000 29907.000000
66.000000 29909.000000
67.000000 29911.000000
67.000000 29913.000000
67.000000 29915.000000
68.000000 29917.000000
68.000000 29919.000000
68.000000 29921.000000
69.000000 29923.000000
69.000000 29925.000000
69.000000 29927.000000
70.000000 29929.000000
70.000000 29931.000000
70.000000 29933.000000
71.000000 29935.000000
71.000000 29937.000000
71.000000 29939.000000
72.000000 29941.000000
72.000000 29943.000000
72.000000 29945.000000
73.000000 29947.000000
73.000000 29949.000000
73.000000 29951.000000
74.000000 29953.000000
74.000000 29955.000000
74.000000 29957.000000
75.000000 29959.000000
75.000000 29961.000000
75.000000 29963.000000
76.000000 29965.000000
76.000000 29967.000000
76.000000 29969.000000
77.000000 29971.000000
77.000000 29973.000000
77.000000 29975.000000
77.000000 29977.000000
78.000000 29979.000000
78.000000 29981.000000
79.000000 29983.000000
79.000000 29985.000000
79.000000 29987.000000
79.000000 29989.000000
80.000000 29991.000000
80.000000 29993.000000
80.000000 29995.000000
81.000000 29997.000000
81.000000 29999.000000
81.000000 30001.000000
82.000000 30003.000000
82.000000 30005.000000
82.000000 30007.000000
83.000000 30009.000000
83.000000 30011.000000
83.000000 30013.000000
84.000000 30015.000000
84.000000 30017.000000
84.000000 30019.000000
85.000000 30021.000000
85.000000 30023.000000
85.000000 30025.000000
86.000000 30027.000000
86.000000 30029.000000
86.000000 30031.000000
87.000000 30033.000000
87.000000 30035.000000
87.000000 30037.000000
88.000000 30039.000000
88.000000 30041.000000
88.000000 30043.000000
89.000000 30045.000000
89.000000 30047.000000
89.000000 30049.000000
90.000000 30051.000000
90.000000 30053.000000
90.000000 30055.000000
91.000000 30057.000000
91.000000 30059.000000
91.000000 30061.000000
92.000000 30063.000000
92.000000 30065.000000
92.000000 30067.000000
93.000000 30069.000000
93.000000 30071.000000
93.000000 30073.000000
94.000000 30075.000000
94.000000 30077.000000
94.000000 30079.000000
95.000000 30081.000000
95.000000 30083.000000
95.000000 30085.000000
96.000000 30087.000000
96.000000 30089.000000
96.000000 30091.000000
97.000000 30093.000000
97.000000 30095.000000
97.000000 30097.000000
97.000000 30099.000000
98.000000 30101.000000
98.000000 30103.000000
99.000000 30105.000000
99.000000 30107.000000
99.000000 30109.000000
99.000000 30111.000000
100.000000 30113.000000
100.000000 30115.000000
100.000000 30117.000000
101.000000 30119.000000
101.000000 30121.000000
101.000000 30123.000000
102.000000 30125.000000
102.000000 30127.000000
102.000000 30129.000000
103.000000 30131.000000
103.000000 30133.000000
103.000000 30135.000000
104.000000 30137.000000
104.000000 30139.000000
104.000000 30141.000000
105.000000 30143.000000
105.000000 30145.000000
105.000000 30147.000000
106.000000 30149.000000
106.000000 30151.000000
106.000000 30153.000000
107.000000 30155.000000
107.000000 30157.000000
107.000000 30159.000000
107.000000 30161.000000
108.000000 30163.000000
108.000000 30165.000000
109.000000 30167.000000
109.000000 30169.000000
109.000000 30171.000000
109.000000 30173.000000
110.000000 30175.000000
110.000000 30177.000000
111.000000 30179.000000
111.000000 30181.000000
111.000000 30183.000000
111.000000 30185.000000
112.000000 30187.000000
112.000000 30189.000000
113.000000 30191.000000
113.000000 30193.000000
113.000000 30195.000000
113.000000 30197.000000
114.000000 30199.000000
114.000000 30201.000000
115.000000 30203.000000
115.000000 30205.000000
115.000000 30207.000000
115.000000 30209.000000
116.000000 30211.000000
116.000000 30213.000000
117.000000 30215.000000
117.000000 30217.000000
117.000000 30219.000000
117.000000 30221.000000
118.000000 30223.000000
118.000000 30225.000000
118.000000 30227.000000
119.000000 30229.000000
119.000000 30231.000000
119.000000 30233.000000
120.000000 30235.000000
120.000000 30237.000000
120.000000 30239.000000
121.000000 30241.000000
121.000000 30243.000000
121.000000 30245.000000
122.000000 30247.000000
122.000000 30249.000000
122.000000 30251.000000
123.000000 30253.000000
123.000000 30255.000000
123.000000 30257.000000
124.000000 30259.000000
124.000000 30261.000000
124.000000 30263.000000
125.000000 30265.000000
125.000000 30267.000000
125.000000 30269.000000
126.000000 30271.000000
126.000000 30273.000000
126.000000 30275.000000
127.000000 30277.000000
127.000000 30279.000000
127.000000 30281.000000
127.000000 30283.000000
128.000000 30285.000000
128.000000 30287.000000
129.000000 30289.000000
129.000000 30291.000000
129.000000 30293.000000
129.000000 30295.000000
130.000000 30297.000000
130.000000 30299.000000
130.000000 30301.000000
131.000000 30303.000000
131.000000 30305.000000
131.000000 30307.000000
132.000000 30309.000000
132.000000 30311.000000
132.000000 30313.000000
133.000000 30315.000000
133.000000 30317.000000
133.000000 30319.000000
134.000000 30321.000000
134.000000 30323.000000
134.000000 30325.000000
135.000000 30327.000000
135.000000 30329.000000
135.000000 30331.000000
136.000000 30333.000000
136.000000 30335.000000
136.000000 30337.000000
137.000000 30339.000000
137.000000 30341.000000
137.000000 30343.000000
138.000000 30345.000000
138.000000 30347.000000
138.000000 30349.000000
139.000000 30351.000000
139.000000 30353.000000
139.000000 30355.000000
140.000000 30357.000000
140.000000 30359.000000
140.000000 30361.000000
141.000000 30363.000000
141.000000 30365.000000
141.000000 30367.000000
142.000000 30369.000000
142.000000 30371.000000
142.000000 30373.000000
143.000000 30375.000000
143.000000 30377.000000
143.000000 30379.000000
144.000000 30381.000000
144.000000 30383.000000
144.000000 30385.000000
145.000000 30387.000000
145.000000 30389.000000
145.000000 30391.000000
145.000000 30393.000000
146.000000 30395.000000
146.000000 30397.000000
147.000000 30399.000000
147.000000 30401.000000
147.000000 30403.000000
147.000000 30405.000000
148.000000 30407.000000
148.000000 30409.000000
149.000000 30411.000000
149.000000 30413.000000
149.000000 30415.000000
149.000000 30417.000000
150.000000 30419.000000
150.000000 30421.000000
150.000000 30423.000000
151.000000 30425.000000
151.000000 30427.000000
151.000000 30429.000000
152.000000 30431.000000
152.000000 30433.000000
152.000000 30435.000000
153.000000 30437.000000
153.000000 30439.000000
153.000000 30441.000000
154.000000 30443.000000
154.000000 30445.000000
154.000000 30447.000000
155.000000 30449.000000
155.000000 30451.000000
155.000000 30453.000000
156.000000 30455.000000
156.000000 30457.000000
156.000000 30459.000000
157.000000 30461.000000
157.000000 30463.000000
157.000000 30465.000000
157.000000 30467.000000
158.000000 30469.000000
158.000000 30471.000000
159.000000 30473.000000
159.000000 30475.000000
159.000000 30477.000000
159.000000 30479.000000
160.000000 30481.000000
160.000000 30483.000000
161.000000 30485.000000
161.000000 30487.000000
161.000000 30489.000000
161.000000 30491.000000
162.000000 30493.000000
162.000000 30495.000000
163.000000 30497.000000
163.000000 30499.000000
163.000000 30501.000000
163.000000 30503.000000
164.000000 30505.000000
164.000000 30507.000000
165.000000 30509.000000
165.000000 30511.000000
165.000000 30513.000000
165.000000 30515.000000
166.000000 30517.000000
166.000000 30519.000000
167.000000 30521.000000
167.000000 30523.000000
167.000000 30525.000000
167.000000 30527.000000
168.000000 30529.000000
168.000000 30531.000000
168.000000 30533.000000
169.000000 30535.000000
169.000000 30537.000000
169.000000 30539.000000
170.000000 30541.000000
170.000000 30543.000000
170.000000 30545.000000
171.000000 30547.000000
171.000000 30549.000000
171.000000 30551.000000
172.000000 30553.000000
172.000000 30555.000000
172.000000 30557.000000
173.000000 30559.000000
173.000000 30561.000000
173.000000 30563.000000
174.000000 30565.000000
174.000000 30567.000000
174.000000 30569.000000
175.000000 30571.000000
175.000000 30573.000000
175.000000 30575.000000
176.000000 30577.000000
176.000000 30579.000000
176.000000 30581.000000
177.000000 30583.000000
177.000000 30585.000000
177.000000 30587.000000
177.000000 30589.000000
178.000000 30591.000000
178.000000 30593.000000
179.000000 30595.000000
179.000000 30597.000000
179.000000 30599.000000
179.000000 30601.000000
180.000000 30603.000000
180.000000 30605.000000
180.000000 30607.000000
181.000000 30609.000000
181.000000 30611.000000
181.000000 30613.000000
182.000000 30615.000000
182.000000 30617.000000
182.000000 30619.000000
183.000000 30621.000000
183.000000 30623.000000
183.000000 30625.000000
184.000000 30627.000000
184.000000 30629.000000
184.000000 30631.000000
185.000000 30633.000000
185.000000 30635.000000
185.000000 30637.000000
186.000000 30639.000000
186.000000 30641.000000
186.000000 30643.000000
187.000000 30645.000000
187.000000 30647.000000
187.000000 30649.000000
188.000000 30651.000000
188.000000 30653.000000
188.000000 30655.000000
189.000000 30657.000000
189.000000 30657.000000
0.000000 0.000000
0.000000 0.000000
0.000000 0.000000
0.000000 0.000000
0.000000 0.000000
0.000000 0.000000
0.000000 0.000000
0.000000 0.000000
0.000000 0.000000
0.000000 0.000000
0.000000 0.000000
0.000000 0.000000
0.000000 0.000000
0.000000 0.000000
0.000000 0.000000
0.000000 0.000000
0.000000 0.000000
0.000000 0.000000
0.000000 0.000000
0.000000 0.000000
0.000000 0.000000
196.000000 30701.000000
196.000000 30703.000000
197.000000 30705.000000
197.000000 30707.000000
197.000000 30709.000000
197.000000 30711.000000
198.000000 30713.000000
198.000000 30715.000000
199.000000 30717.000000
199.000000 30719.000000
199.000000 30721.000000
199.000000 30723.000000
200.000000 30725.000000
200.000000 30727.000000
200.000000 30729.000000
201.000000 30731.000000
201.000000 30733.000000
201.000000 30735.000000
202.000000 30737.000000
202.000000 30739.000000
202.000000 30741.000000
203.000000 30743.000000
203.000000 30745.000000
203.000000 30747.000000
204.000000 30749.000000
204.000000 30751.000000
204.000000 30753.000000
205.000000 30755.000000
205.000000 30757.000000
205.000000 30759.000000
206.000000 30761.000000
206.000000 30763.000000
206.000000 30765.000000
207.000000 30767.000000
207.000000 30769.000000
207.000000 30771.000000
208.000000 30773.000000
208.000000 30775.000000
208.000000 30777.000000
209.000000 30779.000000
209.000000 30781.000000
209.000000 30783.000000
210.000000 30785.000000
210.000000 30787.000000
210.000000 30789.000000
211.000000 30791.000000
211.000000 30793.000000
211.000000 30795.000000
212.000000 30797.000000
212.000000 30799.000000
212.000000 30801.000000
213.000000 30803.000000
213.000000 30805.000000
213.000000 30807.000000
214.000000 30809.000000
214.000000 30811.000000
214.000000 30813.000000
215.000000 30815.000000
215.000000 30817.000000
215.000000 30819.000000
216.000000 30821.000000
216.000000 30823.000000
216.000000 30825.000000
217.000000 30827.000000
217.000000 30829.000000
217.000000 30831.000000
217.000000 30833.000000
218.000000 30835.000000
218.000000 30837.000000
219.000000 30839.000000
219.000000 30841.000000
219.000000 30843.000000
219.000000 30845.000000
220.000000 30847.000000
220.000000 30849.000000
220.000000 30851.000000
221.000000 30853.000000
221.000000 30855.000000
221.000000 30857.000000
222.000000 30859.000000
222.000000 30861.000000
222.000000 30863.000000
223.000000 30865.000000
223.000000 30867.000000
223.000000 30869.000000
224.000000 30871.000000
224.000000 30873.000000
224.000000 30875.000000
225.000000 30877.000000
225.000000 30879.000000
225.000000 30881.000000
226.000000 30883.000000
226.000000 30885.000000
226.000000 30887.000000
227.000000 30889.000000
227.000000 30891.000000
227.000000 30893.000000
227.000000 30895.000000
228.000000 30897.000000
228.000000 30899.000000
229.000000 30901.000000
229.000000 30903.000000
229.000000 30905.000000
229.000000 30907.000000
230.000000 30909.000000
230.000000 30911.000000
231.000000 30913.000000
231.000000 30915.000000
231.000000 30917.000000
231.000000 30919.000000
232.000000 30921.000000
232.000000 30923.000000
233.000000 30925.000000
233.000000 30927.000000
233.000000 30929.000000
233.000000 30931.000000
234.000000 30933.000000
234.000000 30935.000000
235.000000 30937.000000
235.000000 30939.000000
235.000000 30941.000000
235.000000 30943.000000
236.000000 30945.000000
236.000000 30947.000000
237.000000 30949.000000
237.000000 30951.000000
237.000000 30953.000000
237.000000 30955.000000
238.000000 30957.000000
238.000000 30959.000000
239.000000 30961.000000
239.000000 30963.000000
239.000000 30965.000000
239.000000 30967.000000
240.000000 30969.000000
240.000000 30971.000000
240.000000 30973.000000
241.000000 30975.000000
241.000000 30977.000000
241.000000 30979.000000
242.000000 30981.000000
242.000000 30983.000000
242.000000 30985.000000
243.000000 30987.000000
243.000000 30989.000000
243.000000 30991.000000
244.000000 30993.000000
244.000000 30995.000000
244.000000 30997.000000
245.000000 30999.000000
245.000000 31001.000000
245.000000 31003.000000
246.000000 31005.000000
246.000000 31007.000000
246.000000 31009.000000
247.000000 31011.000000
247.000000 31013.000000
247.000000 31015.000000
247.000000 31017.000000
248.000000 31019.000000
248.000000 31021.000000
249.000000 31023.000000
249.000000 31025.000000
249.000000 31027.000000
249.000000 31029.000000
250.000000 31031.000000
250.000000 31033.000000
250.000000 31035.000000
251.000000 31037.000000
251.000000 31039.000000
251.000000 31041.000000
252.000000 31043.000000
252.000000 31045.000000
252.000000 31047.000000
253.000000 31049.000000
253.000000 31051.000000
253.000000 31053.000000
254.000000 31055.000000
254.000000 31057.000000
254.000000 31059.000000
255.000000 31061.000000
255.000000 31063.000000
255.000000 31065.000000
256.000000 31067.000000
256.000000 31069.000000
256.000000 31071.000000
257.000000 31073.000000
257.000000 31075.000000
257.000000 31077.000000
258.000000 31079.000000
258.000000 31081.000000
258.000000 31083.000000
259.000000 31085.000000
259.000000 31087.000000
259.000000 31089.000000
260.000000 31091.000000
260.000000 31093.000000
260.000000 31095.000000
261.000000 31097.000000
261.000000 31099.000000
261.000000 31101.000000
262.000000 31103.000000
262.000000 31105.000000
262.000000 31107.000000
263.000000 31109.000000
263.000000 31111.000000
263.000000 31113.000000
264.000000 31115.000000
264.000000 31117.000000
264.000000 31119.000000
265.000000 31121.000000
265.000000 31123.000000
265.000000 31125.000000
266.000000 31127.000000
266.000000 31129.000000
266.000000 31131.000000
267.000000 31133.000000
267.000000 31135.000000
267.000000 31137.000000
267.000000 31139.000000
268.000000 31141.000000
268.000000 31143.000000
269.000000 31145.000000
269.000000 31147.000000
269.000000 31149.000000
269.000000 31151.000000
270.000000 31153.000000
270.000000 31155.000000
270.000000 31157.000000
271.000000 31159.000000
271.000000 31161.000000
271.000000 31163.000000
272.000000 31165.000000
272.000000 31167.000000
272.000000 31169.000000
273.000000 31171.000000
273.000000 31173.000000
273.000000 31175.000000
274.000000 31177.000000
274.000000 31179.000000
274.000000 31181.000000
275.000000 31183.000000
275.000000 31185.000000
275.000000 31187.000000
276.000000 31189.000000
276.000000 31191.000000
276.000000 31193.000000
277.000000 31195.000000
277.000000 31197.000000
277.000000 31199.000000
278.000000 31201.000000
278.000000 31203.000000
278.000000 31205.000000
279.000000 31207.000000
279.000000 31209.000000
279.000000 31211.000000
280.000000 31213.000000
280.000000 31215.000000
280.000000 31217.000000
281.000000 31219.000000
281.000000 31221.000000
281.000000 31223.000000
281.000000 31225.000000
282.000000 31227.000000
282.000000 31229.000000
283.000000 31231.000000
283.000000 31233.000000
283.000000 31235.000000
283.000000 31237.000000
284.000000 31239.000000
284.000000 31241.000000
285.000000 31243.000000
285.000000 31245.000000
285.000000 31247.000000
285.000000 31249.000000
286.000000 31251.000000
286.000000 31253.000000
287.000000 31255.000000
287.000000 31257.000000
287.000000 31259.000000
287.000000 31261.000000
288.000000 31263.000000
288.000000 31265.000000
289.000000 31267.000000
289.000000 31269.000000
289.000000 31271.000000
289.000000 31273.000000
290.000000 31275.000000
290.000000 31277.000000
290.000000 31279.000000
291.000000 31281.000000
291.000000 31283.000000
291.000000 31285.000000
292.000000 31287.000000
292.000000 31289.000000
292.000000 31291.000000
293.000000 31293.000000
293.000000 31295.000000
293.000000 31297.000000
294.000000 31299.000000
294.000000 31301.000000
294.000000 31303.000000
295.000000 31305.000000
295.000000 31307.000000
295.000000 31309.000000
296.000000 31311.000000
296.000000 31313.000000
296.000000 31315.000000
297.000000 31317.000000
297.000000 31319.000000
297.000000 31321.000000
297.000000 31323.000000
298.000000 31325.000000
298.000000 31327.000000
299.000000 31329.000000
299.000000 31331.000000
299.000000 31333.000000
299.000000 31335.000000
300.000000 31337.000000
300.000000 31339.000000
301.000000 31341.000000
301.000000 31343.000000
301.000000 31345.000000
301.000000 31347.000000
302.000000 31349.000000
302.000000 31351.000000
303.000000 31353.000000
303.000000 31355.000000
303.000000 31357.000000
303.000000 31359.000000
304.000000 31361.000000
304.000000 31363.000000
304.000000 31365.000000
305.000000 31367.000000
305.000000 31369.000000
305.000000 31371.000000
306.000000 31373.000000
306.000000 31375.000000
306.000000 31377.000000
307.000000 31379.000000
307.000000 31381.000000
307.000000 31383.000000
308.000000 31385.000000
308.000000 31387.000000
308.000000 31389.000000
309.000000 31391.000000
309.000000 31393.000000
309.000000 31395.000000
310.000000 31397.000000
310.000000 31399.000000
310.000000 31401.000000
311.000000 31403.000000
311.000000 31405.000000
311.000000 31407.000000
312.000000 31409.000000
312.000000 31411.000000
312.000000 31413.000000
313.000000 31415.000000
313.000000 31417.000000
313.000000 31419.000000
314.000000 31421.000000
314.000000 31423.000000
314.000000 31425.000000
315.000000 31427.000000
315.000000 31429.000000
315.000000 31431.000000
316.000000 31433.000000
316.000000 31435.000000
316.000000 31437.000000
317.000000 31439.000000
317.000000 31441.000000
317.000000 31443.000000
317.000000 31445.000000
318.000000 31447.000000
318.000000 31447.000000
0.000000 0.000000
0.000000 0.000000
0.000000 0.000000
0.000000 0.000000
0.000000 0.000000
0.000000 0.000000
0.000000 0.000000
0.000000 0.000000
0.000000 0.000000
0.000000 0.000000
0.000000 0.000000
0.000000 0.000000
0.000000 0.000000
0.000000 0.000000
0.000000 0.000000
0.000000 0.000000
0.000000 0.000000
0.000000 0.000000
0.000000 0.000000
0.000000 0.000000
0.000000 0.000000
0.000000 0.000000
325.000000 31493.000000
326.000000 31495.000000
326.000000 31497.000000
326.000000 31499.000000
327.000000 31501.000000
327.000000 31503.000000
327.000000 31505.000000
328.000000 31507.000000
328.000000 31509.000000
328.000000 31511.000000
329.000000 31513.000000
329.000000 31515.000000
329.000000 31517.000000
330.000000 31519.000000
330.000000 31521.000000
330.000000 31523.000000
331.000000 31525.000000
331.000000 31527.000000
331.000000 31529.000000
332.000000 31531.000000
332.000000 31533.000000
332.000000 31535.000000
333.000000 31537.000000
333.000000 31539.000000
333.000000 31541.000000
334.000000 31543.000000
334.000000 31545.000000
334.000000 31547.000000
335.000000 31549.000000
335.000000 31551.000000
335.000000 31553.000000
335.000000 31555.000000
336.000000 31557.000000
336.000000 31559.000000
337.000000 31561.000000
337.000000 31563.000000
337.000000 31565.000000
337.000000 31567.000000
338.000000 31569.000000
338.000000 31571.000000
339.000000 31573.000000
339.000000 31575.000000
339.000000 31577.000000
339.000000 31579.000000
340.000000 31581.000000
340.000000 31583.000000
340.000000 31585.000000
341.000000 31587.000000
341.000000 31589.000000
341.000000 31591.000000
342.000000 31593.000000
342.000000 31595.000000
342.000000 31597.000000
343.000000 31599.000000
343.000000 31601.000000
343.000000 31603.000000
344.000000 31605.000000
344.000000 31607.000000
344.000000 31609.000000
345.000000 31611.000000
345.000000 31613.000000
345.000000 31615.000000
345.000000 31617.000000
346.000000 31619.000000
346.000000 31621.000000
347.000000 31623.000000
347.000000 31625.000000
347.000000 31627.000000
347.000000 31629.000000
348.000000 31631.000000
348.000000 31633.000000
348.000000 31635.000000
349.000000 31637.000000
349.000000 31639.000000
349.000000 31641.000000
350.000000 31643.000000
350.000000 31645.000000
350.000000 31647.000000
351.000000 31649.000000
351.000000 31651.000000
351.000000 31653.000000
352.000000 31655.000000
352.000000 31657.000000
352.000000 31659.000000
353.000000 31661.000000
353.000000 31663.000000
353.000000 31665.000000
354.000000 31667.000000
354.000000 31669.000000
354.000000 31671.000000
355.000000 31673.000000
355.000000 31675.000000
355.000000 31677.000000
356.000000 31679.000000
356.000000 31681.000000
356.000000 31683.000000
357.000000 31685.000000
357.000000 31687.000000
357.000000 31689.000000
358.000000 31691.000000
358.000000 31693.000000
358.000000 31695.000000
359.000000 31697.000000
359.000000 31699.000000
359.000000 31701.000000
360.000000 31703.000000
360.000000 31705.000000
360.000000 31707.000000
361.000000 31709.000000
361.000000 31711.000000
361.000000 31713.000000
362.000000 31715.000000
362.000000 31717.000000
362.000000 31719.000000
363.000000 31721.000000
363.000000 31723.000000
363.000000 31725.000000
364.000000 31727.000000
364.000000 31729.000000
364.000000 31731.000000
365.000000 31733.000000
365.000000 31735.000000
365.000000 31737.000000
365.000000 31739.000000
366.000000 31741.000000
366.000000 31743.000000
367.000000 31745.000000
367.000000 31747.000000
367.000000 31749.000000
367.000000 31751.000000
368.000000 31753.000000
368.000000 31755.000000
368.000000 31757.000000
369.000000 31759.000000
369.000000 31761.000000
369.000000 31763.000000
370.000000 31765.000000
370.000000 31767.000000
370.000000 31769.000000
371.000000 31771.000000
371.000000 31773.000000
371.000000 31775.000000
372.000000 31777.000000
372.000000 31779.000000
372.000000 31781.000000
373.000000 31783.000000
373.000000 31785.000000
373.000000 31787.000000
374.000000 31789.000000
374.000000 31791.000000
374.000000 31793.000000
375.000000 31795.000000
375.000000 31797.000000
375.000000 31799.000000
376.000000 31801.000000
376.000000 31803.000000
376.000000 31805.000000
377.000000 31807.000000
377.000000 31809.000000
377.000000 31811.000000
378.000000 31813.000000
378.000000 31815.000000
378.000000 31817.000000
379.000000 31819.000000
379.000000 31821.000000
379.000000 31823.000000
379.000000 31825.000000
380.000000 31827.000000
380.000000 31829.000000
381.000000 31831.000000
381.000000 31833.000000
381.000000 31835.000000
381.000000 31837.000000
382.000000 31839.000000
382.000000 31841.000000
383.000000 31843.000000
383.000000 31845.000000
383.000000 31847.000000
383.000000 31849.000000
384.000000 31851.000000
384.000000 31853.000000
385.000000 31855.000000
385.000000 31857.000000
385.000000 31859.000000
385.000000 31861.000000
386.000000 31863.000000
386.000000 31865.000000
386.000000 31867.000000
387.000000 31869.000000
387.000000 31871.000000
387.000000 31873.000000
388.000000 31875.000000
388.000000 31877.000000
388.000000 31879.000000
389.000000 31881.000000
389.000000 31883.000000
389.000000 31885.000000
390.000000 31887.000000
390.000000 31889.000000
390.000000 31891.000000
391.000000 31893.000000
391.000000 31895.000000
391.000000 31897.000000
392.000000 31899.000000
392.000000 31901.000000
392.000000 31903.000000
393.000000 31905.000000
393.000000 31907.000000
393.000000 31909.000000
393.000000 31911.000000
394.000000 31913.000000
394.000000 31915.000000
395.000000 31917.000000
395.000000 31919.000000
395.000000 31921.000000
395.000000 31923.000000
396.000000 31925.000000
396.000000 31927.000000
397.000000 31929.000000
397.000000 31931.000000
397.000000 31933.000000
397.000000 31935.000000
398.000000 31937.000000
398.000000 31939.000000
398.000000 31941.000000
399.000000 31943.000000
399.000000 31945.000000
399.000000 31947.000000
400.000000 31949.000000
400.000000 31951.000000
400.000000 31953.000000
401.000000 31955.000000
401.000000 31957.000000
401.000000 31959.000000
402.000000 31961.000000
402.000000 31963.000000
402.000000 31965.000000
403.000000 31967.000000
403.000000 31969.000000
403.000000 31971.000000
404.000000 31973.000000
404.000000 31975.000000
404.000000 31977.000000
405.000000 31979.000000
405.000000 31981.000000
405.000000 31983.000000
406.000000 31985.000000
406.000000 31987.000000
406.000000 31989.000000
407.000000 31991.000000
407.000000 31993.000000
407.000000 31995.000000
408.000000 31997.000000
408.000000 31999.000000
408.000000 32001.000000
409.000000 32003.000000
409.000000 32005.000000
409.000000 32007.000000
410.000000 32009.000000
410.000000 32011.000000
410.000000 32013.000000
411.000000 32015.000000
411.000000 32017.000000
411.000000 32019.000000
412.000000 32021.000000
412.000000 32023.000000
412.000000 32025.000000
413.000000 32027.000000
413.000000 32029.000000
413.000000 32031.000000
413.000000 32033.000000
414.000000 32035.000000
414.000000 32037.000000
415.000000 32039.000000
415.000000 32041.000000
415.000000 32043.000000
415.000000 32045.000000
416.000000 32047.000000
416.000000 32049.000000
416.000000 32051.000000
417.000000 32053.000000
417.000000 32055.000000
417.000000 32057.000000
418.000000 32059.000000
418.000000 32061.000000
418.000000 32063.000000
419.000000 32065.000000
419.000000 32067.000000
419.000000 32069.000000
420.000000 32071.000000
420.000000 32073.000000
420.000000 32075.000000
421.000000 32077.000000
421.000000 32079.000000
421.000000 32081.000000
422.000000 32083.000000
422.000000 32085.000000
422.000000 32087.000000
423.000000 32089.000000
423.000000 32091.000000
423.000000 32093.000000
424.000000 32095.000000
424.000000 32097.000000
424.000000 32099.000000
425.000000 32101.000000
425.000000 32103.000000
425.000000 32105.000000
426.000000 32107.000000
426.000000 32109.000000
426.000000 32111.000000
427.000000 32113.000000
427.000000 32115.000000
427.000000 32117.000000
428.000000 32119.000000
428.000000 32121.000000
428.000000 32123.000000
429.000000 32125.000000
429.000000 32127.000000
429.000000 32129.000000
429.000000 32131.000000
430.000000 32133.000000
430.000000 32135.000000
431.000000 32137.000000
431.000000 32139.000000
431.000000 32141.000000
431.000000 32143.000000
432.000000 32145.000000
432.000000 32147.000000
433.000000 32149.000000
433.000000 32151.000000
433.000000 32153.000000
433.000000 32155.000000
434.000000 32157.000000
434.000000 32159.000000
434.000000 32161.000000
435.000000 32163.000000
435.000000 32165.000000
435.000000 32167.000000
436.000000 32169.000000
436.000000 32171.000000
436.000000 32173.000000
437.000000 32175.000000
437.000000 32177.000000
437.000000 32179.000000
438.000000 32181.000000
438.000000 32183.000000
438.000000 32185.000000
439.000000 32187.000000
439.000000 32189.000000
439.000000 32191.000000
439.000000 32193.000000
440.000000 32195.000000
440.000000 32197.000000
441.000000 32199.000000
441.000000 32201.000000
441.000000 32203.000000
441.000000 32205.000000
442.000000 32207.000000
442.000000 32209.000000
442.000000 32211.000000
443.000000 32213.000000
443.000000 32215.000000
443.000000 32217.000000
444.000000 32219.000000
444.000000 32221.000000
444.000000 32223.000000
445.000000 32225.000000
445.000000 32227.000000
445.000000 32229.000000
446.000000 32231.000000
446.000000 32233.000000
446.000000 32235.000000
447.000000 32237.000000
447.000000 32239.000000
447.000000 32241.000000
448.000000 32243.000000
448.000000 32245.000000
448.000000 32247.000000
449.000000 32249.000000
449.000000 32251.000000
449.000000 32253.000000
450.000000 32255.000000
450.000000 32257.000000
450.000000 32259.000000
451.000000 32261.000000
451.000000 32263.000000
451.000000 32265.000000
452.000000 32267.000000
452.000000 32269.000000
452.000000 32271.000000
453.000000 32273.000000
453.000000 32275.000000
453.000000 32277.000000
454.000000 32279.000000
454.000000 32281.000000
454.000000 32283.000000
455.000000 32285.000000
455.000000 32287.000000
455.000000 32289.000000
456.000000 32291.000000
456.000000 32293.000000
456.000000 32295.000000
457.000000 32297.000000
457.000000 32299.000000
457.000000 32301.000000
458.000000 32303.000000
458.000000 32305.000000
458.000000 32307.000000
459.000000 32309.000000
459.000000 32311.000000
459.000000 32313.000000
460.000000 32315.000000
460.000000 32317.000000
460.000000 32319.000000
461.000000 32321.000000
461.000000 32323.000000
461.000000 32325.000000
461.000000 32327.000000
462.000000 32329.000000
462.000000 32331.000000
462.000000 32333.000000
463.000000 32335.000000
463.000000 32337.000000
463.000000 32339.000000
464.000000 32341.000000
464.000000 32343.000000
464.000000 32345.000000
465.000000 32347.000000
465.000000 32349.000000
465.000000 32351.000000
466.000000 32353.000000
466.000000 32355.000000
466.000000 32357.000000
467.000000 32359.000000
467.000000 32361.000000
467.000000 32363.000000
468.000000 32365.000000
468.000000 32367.000000
468.000000 32369.000000
469.000000 32371.000000
469.000000 32373.000000
469.000000 32375.000000
470.000000 32377.000000
470.000000 32379.000000
470.000000 32381.000000
471.000000 32383.000000
471.000000 32385.000000
471.000000 32387.000000
472.000000 32389.000000
472.000000 32391.000000
472.000000 32393.000000
473.000000 32395.000000
473.000000 32397.000000
473.000000 32399.000000
473.000000 32401.000000
474.000000 32403.000000
474.000000 32405.000000
475.000000 32407.000000
475.000000 32409.000000
475.000000 32411.000000
475.000000 32413.000000
476.000000 32415.000000
476.000000 32417.000000
477.000000 32419.000000
477.000000 32421.000000
477.000000 32423.000000
477.000000 32425.000000
478.000000 32427.000000
478.000000 32429.000000
479.000000 32431.000000
479.000000 32433.000000
479.000000 32435.000000
479.000000 32437.000000
480.000000 32439.000000
480.000000 32441.000000
480.000000 32443.000000
481.000000 32445.000000
481.000000 32447.000000
481.000000 32449.000000
482.000000 32451.000000
482.000000 32453.000000
482.000000 32455.000000
483.000000 32457.000000
483.000000 32459.000000
483.000000 32461.000000
484.000000 32463.000000
484.000000 32465.000000
484.000000 32467.000000
485.000000 32469.000000
485.000000 32471.000000
485.000000 32473.000000
486.000000 32475.000000
486.000000 32477.000000
486.000000 32479.000000
487.000000 32481.000000
487.000000 32483.000000
487.000000 32485.000000
488.000000 32487.000000
488.000000 32489.000000
488.000000 32491.000000
489.000000 32493.000000
489.000000 32495.000000
489.000000 32497.000000
489.000000 32499.000000
490.000000 32501.000000
490.000000 32503.000000
491.000000 32505.000000
491.000000 32507.000000
491.000000 32509.000000
491.000000 32511.000000
492.000000 32513.000000
492.000000 32515.000000
492.000000 32517.000000
493.000000 32519.000000
493.000000 32521.000000
493.000000 32523.000000
494.000000 32525.000000
494.000000 32527.000000
494.000000 32529.000000
495.000000 32531.000000
495.000000 32533.000000
495.000000 32535.000000
496.000000 32537.000000
496.000000 32539.000000
496.000000 32541.000000
497.000000 32543.000000
497.000000 32545.000000
497.000000 32547.000000
498.000000 32549.000000
498.000000 32551.000000
498.000000 32553.000000
499.000000 32555.000000
499.000000 32557.000000
499.000000 32559.000000
500.000000 32561.000000
500.000000 32563.000000
500.000000 32565.000000
501.000000 32567.000000
501.000000 32569.000000
501.000000 32571.000000
502.000000 32573.000000
502.000000 32575.000000
502.000000 32577.000000
503.000000 32579.000000
503.000000 32581.000000
503.000000 32583.000000
504.000000 32585.000000
504.000000 32587.000000
504.000000 32589.000000
505.000000 32591.000000
505.000000 32593.000000
505.000000 32595.000000
506.000000 32597.000000
506.000000 32599.000000
506.000000 32601.000000
507.000000 32603.000000
507.000000 32605.000000
507.000000 32607.000000
507.000000 32609.000000
508.000000 32611.000000
508.000000 32613.000000
509.000000 32615.000000
509.000000 32617.000000
509.000000 32619.000000
509.000000 32621.000000
510.000000 32623.000000
510.000000 32625.000000
510.000000 32627.000000
511.000000 32629.000000
511.000000 32631.000000
511.000000 32633.000000
512.000000 32635.000000
512.000000 32637.000000
512.000000 32639.000000
513.000000 32641.000000
513.000000 32643.000000
513.000000 32645.000000
514.000000 32647.000000
514.000000 32649.000000
514.000000 32651.000000
515.000000 32653.000000
515.000000 32655.000000
515.000000 32657.000000
516.000000 32659.000000
516.000000 32661.000000
516.000000 32663.000000
517.000000 32665.000000
517.000000 32667.000000
517.000000 32669.000000
518.000000 32671.000000
518.000000 32673.000000
518.000000 32675.000000
519.000000 32677.000000
519.000000 32679.000000
519.000000 32681.000000
520.000000 32683.000000
520.000000 32685.000000
520.000000 32687.000000
521.000000 32689.000000
521.000000 32691.000000
521.000000 32693.000000
521.000000 32695.000000
522.000000 32697.000000
522.000000 32699.000000
523.000000 32701.000000
523.000000 32703.000000
523.000000 32705.000000
523.000000 32707.000000
524.000000 32709.000000
524.000000 32711.000000
525.000000 32713.000000
525.000000 32715.000000
525.000000 32717.000000
525.000000 32719.000000
526.000000 32721.000000
526.000000 32723.000000
526.000000 32725.000000
527.000000 32727.000000
527.000000 32729.000000
527.000000 32731.000000
528.000000 32733.000000
528.000000 32735.000000
528.000000 32737.000000
529.000000 32739.000000
529.000000 32741.000000
529.000000 32743.000000
530.000000 32745.000000
530.000000 32747.000000
530.000000 32749.000000
531.000000 32751.000000
531.000000 32753.000000
531.000000 32755.000000
532.000000 32757.000000
532.000000 32759.000000
532.000000 32761.000000
533.000000 32763.000000
533.000000 32765.000000
533.000000 32767.000000
534.000000 32769.000000
534.000000 32771.000000
534.000000 32773.000000
535.000000 32775.000000
535.000000 32777.000000
535.000000 32779.000000
535.000000 32781.000000
536.000000 32783.000000
536.000000 32785.000000
537.000000 32787.000000
537.000000 32789.000000
537.000000 32791.000000
537.000000 32793.000000
538.000000 32795.000000
538.000000 32797.000000
539.000000 32799.000000
539.000000 32801.000000
539.000000 32803.000000
539.000000 32805.000000
540.000000 32807.000000
540.000000 32809.000000
540.000000 32811.000000
541.000000 32813.000000
541.000000 32815.000000
541.000000 32817.000000
542.000000 32819.000000
542.000000 32821.000000
542.000000 32823.000000
543.000000 32825.000000
543.000000 32827.000000
543.000000 32829.000000
544.000000 32831.000000
544.000000 32833.000000
544.000000 32835.000000
545.000000 32837.000000
545.000000 32839.000000
545.000000 32841.000000
545.000000 32841.000000
0.000000 0.000000
0.000000 0.000000
0.000000 0.000000
0.000000 0.000000
0.000000 0.000000
0.000000 0.000000
0.000000 0.000000
0.000000 0.000000
0.000000 0.000000
0.000000 0.000000
0.000000 0.000000
0.000000 0.000000
0.000000 0.000000
0.000000 0.000000
0.000000 0.000000
0.000000 0.000000
0.000000 0.000000
0.000000 0.000000
0.000000 0.000000
0.000000 0.000000
552.000000 32883.000000
553.000000 32885.000000
553.000000 32887.000000
553.000000 32889.000000
554.000000 32891.000000
554.000000 32893.000000
554.000000 32895.000000
555.000000 32897.000000
555.000000 32899.000000
555.000000 32901.000000
555.000000 32903.000000
556.000000 32905.000000
556.000000 32907.000000
557.000000 32909.000000
557.000000 32911.000000
557.000000 32913.000000
557.000000 32915.000000
558.000000 32917.000000
558.000000 32919.000000
558.000000 32921.000000
559.000000 32923.000000
559.000000 32925.000000
559.000000 32927.000000
560.000000 32929.000000
560.000000 32931.000000
560.000000 32933.000000
561.000000 32935.000000
561.000000 32937.000000
561.000000 32939.000000
562.000000 32941.000000
562.000000 32943.000000
562.000000 32945.000000
563.000000 32947.000000
563.000000 32949.000000
563.000000 32951.000000
564.000000 32953.000000
564.000000 32955.000000
564.000000 32957.000000
565.000000 32959.000000
565.000000 32961.000000
565.000000 32963.000000
565.000000 32965.000000
566.000000 32967.000000
566.000000 32969.000000
567.000000 32971.000000
567.000000 32973.000000
567.000000 32975.000000
568.000000 32977.000000
568.000000 32979.000000
568.000000 32981.000000
569.000000 32983.000000
569.000000 32985.000000
569.000000 32987.000000
569.000000 32989.000000
570.000000 32991.000000
570.000000 32993.000000
571.000000 32995.000000
571.000000 32997.000000
571.000000 32999.000000
571.000000 33001.000000
572.000000 33003.000000
572.000000 33005.000000
573.000000 33007.000000
573.000000 33009.000000
573.000000 33011.000000
573.000000 33013.000000
574.000000 33015.000000
574.000000 33017.000000
575.000000 33019.000000
575.000000 33021.000000
575.000000 33023.000000
575.000000 33025.000000
576.000000 33027.000000
576.000000 33029.000000
576.000000 33031.000000
577.000000 33033.000000
577.000000 33035.000000
577.000000 33037.000000
578.000000 33039.000000
578.000000 33041.000000
578.000000 33043.000000
579.000000 33045.000000
579.000000 33047.000000
579.000000 33049.000000
580.000000 33051.000000
580.000000 33053.000000
580.000000 33055.000000
581.000000 33057.000000
581.000000 33059.000000
581.000000 33061.000000
582.000000 33063.000000
582.000000 33065.000000
582.000000 33067.000000
583.000000 33069.000000
583.000000 33071.000000
583.000000 33073.000000
584.000000 33075.000000
584.000000 33077.000000
584.000000 33079.000000
585.000000 33081.000000
585.000000 33083.000000
585.000000 33085.000000
585.000000 33087.000000
586.000000 33089.000000
586.000000 33091.000000
586.000000 33093.000000
587.000000 33095.000000
587.000000 33097.000000
587.000000 33099.000000
588.000000 33101.000000
588.000000 33103.000000
588.000000 33105.000000
589.000000 33107.000000
589.000000 33109.000000
589.000000 33111.000000
590.000000 33113.000000
590.000000 33115.000000
590.000000 33117.000000
591.000000 33119.000000
591.000000 33121.000000
591.000000 33123.000000
592.000000 33125.000000
592.000000 33127.000000
592.000000 33129.000000
593.000000 33131.000000
593.000000 33133.000000
593.000000 33135.000000
594.000000 33137.000000
594.000000 33139.000000
594.000000 33141.000000
595.000000 33143.000000
595.000000 33145.000000
595.000000 33147.000000
596.000000 33149.000000
596.000000 33151.000000
596.000000 33153.000000
597.000000 33155.000000
597.000000 33157.000000
597.000000 33159.000000
598.000000 33161.000000
598.000000 33163.000000
598.000000 33165.000000
599.000000 33167.000000
599.000000 33169.000000
599.000000 33171.000000
600.000000 33173.000000
600.000000 33175.000000
600.000000 33177.000000
601.000000 33179.000000
601.000000 33181.000000
601.000000 33183.000000
602.000000 33185.000000
602.000000 33187.000000
602.000000 33189.000000
603.000000 33191.000000
603.000000 33193.000000
603.000000 33195.000000
604.000000 33197.000000
604.000000 33199.000000
604.000000 33201.000000
605.000000 33203.000000
605.000000 33205.000000
605.000000 33207.000000
605.000000 33209.000000
606.000000 33211.000000
606.000000 33213.000000
607.000000 33215.000000
607.000000 33217.000000
607.000000 33219.000000
607.000000 33221.000000
608.000000 33223.000000
608.000000 33225.000000
608.000000 33227.000000
609.000000 33229.000000
609.000000 33231.000000
609.000000 33233.000000
610.000000 33235.000000
610.000000 33237.000000
610.000000 33239.000000
611.000000 33241.000000
611.000000 33243.000000
611.000000 33245.000000
612.000000 33247.000000
612.000000 33249.000000
612.000000 33251.000000
613.000000 33253.000000
613.000000 33255.000000
613.000000 33257.000000
614.000000 33259.000000
614.000000 33261.000000
614.000000 33263.000000
615.000000 33265.000000
615.000000 33267.000000
615.000000 33269.000000
616.000000 33271.000000
616.000000 33273.000000
616.000000 33275.000000
617.000000 33277.000000
617.000000 33279.000000
617.000000 33281.000000
617.000000 33283.000000
618.000000 33285.000000
618.000000 33287.000000
619.000000 33289.000000
619.000000 33291.000000
619.000000 33293.000000
619.000000 33295.000000
620.000000 33297.000000
620.000000 33299.000000
621.000000 33301.000000
621.000000 33303.000000
621.000000 33305.000000
621.000000 33307.000000
622.000000 33309.000000
622.000000 33311.000000
623.000000 33313.000000
623.000000 33315.000000
623.000000 33317.000000
623.000000 33319.000000
624.000000 33321.000000
624.000000 33323.000000
625.000000 33325.000000
625.000000 33327.000000
625.000000 33329.000000
625.000000 33331.000000
626.000000 33333.000000
626.000000 33335.000000
626.000000 33337.000000
627.000000 33339.000000
627.000000 33341.000000
627.000000 33343.000000
628.000000 33345.000000
628.000000 33347.000000
628.000000 33349.000000
629.000000 33351.000000
629.000000 33353.000000
629.000000 33355.000000
630.000000 33357.000000
630.000000 33359.000000
630.000000 33361.000000
631.000000 33363.000000
631.000000 33365.000000
631.000000 33367.000000
632.000000 33369.000000
632.000000 33371.000000
632.000000 33373.000000
633.000000 33375.000000
633.000000 33377.000000
633.000000 33379.000000
633.000000 33381.000000
634.000000 33383.000000
634.000000 33385.000000
635.000000 33387.000000
635.000000 33389.000000
635.000000 33391.000000
635.000000 33393.000000
636.000000 33395.000000
636.000000 33397.000000
636.000000 33399.000000
637.000000 33401.000000
637.000000 33403.000000
637.000000 33405.000000
638.000000 33407.000000
638.000000 33409.000000
638.000000 33411.000000
639.000000 33413.000000
639.000000 33415.000000
639.000000 33417.000000
640.000000 33419.000000
640.000000 33421.000000
640.000000 33423.000000
641.000000 33425.000000
641.000000 33427.000000
641.000000 33429.000000
642.000000 33431.000000
642.000000 33433.000000
642.000000 33435.000000
643.000000 33437.000000
643.000000 33439.000000
643.000000 33441.000000
644.000000 33443.000000
644.000000 33445.000000
644.000000 33447.000000
645.000000 33449.000000
645.000000 33451.000000
645.000000 33453.000000
646.000000 33455.000000
646.000000 33457.000000
646.000000 33459.000000
647.000000 33461.000000
647.000000 33463.000000
647.000000 33465.000000
648.000000 33467.000000
648.000000 33469.000000
648.000000 33471.000000
649.000000 33473.000000
649.000000 33475.000000
649.000000 33477.000000
650.000000 33479.000000
650.000000 33481.000000
650.000000 33483.000000
651.000000 33485.000000
651.000000 33487.000000
651.000000 33489.000000
652.000000 33491.000000
652.000000 33493.000000
652.000000 33495.000000
653.000000 33497.000000
653.000000 33499.000000
653.000000 33501.000000
653.000000 33503.000000
654.000000 33505.000000
654.000000 33507.000000
654.000000 33509.000000
655.000000 33511.000000
655.000000 33513.000000
655.000000 33515.000000
656.000000 33517.000000
656.000000 33519.000000
656.000000 33521.000000
657.000000 33523.000000
657.000000 33525.000000
657.000000 33527.000000
658.000000 33529.000000
658.000000 33531.000000
658.000000 33533.000000
659.000000 33535.000000
659.000000 33537.000000
659.000000 33539.000000
660.000000 33541.000000
660.000000 33543.000000
660.000000 33545.000000
661.000000 33547.000000
661.000000 33549.000000
661.000000 33551.000000
662.000000 33553.000000
662.000000 33555.000000
662.000000 33557.000000
663.000000 33559.000000
663.000000 33561.000000
663.000000 33563.000000
664.000000 33565.000000
664.000000 33567.000000
664.000000 33569.000000
665.000000 33571.000000
665.000000 33573.000000
665.000000 33575.000000
665.000000 33577.000000
666.000000 33579.000000
666.000000 33581.000000
667.000000 33583.000000
667.000000 33585.000000
667.000000 33587.000000
667.000000 33589.000000
668.000000 33591.000000
668.000000 33593.000000
669.000000 33595.000000
669.000000 33597.000000
669.000000 33599.000000
669.000000 33601.000000
670.000000 33603.000000
670.000000 33605.000000
671.000000 33607.000000
671.000000 33609.000000
671.000000 33611.000000
671.000000 33613.000000
672.000000 33615.000000
672.000000 33617.000000
673.000000 33619.000000
673.000000 33621.000000
673.000000 33623.000000
673.000000 33625.000000
674.000000 33627.000000
674.000000 33629.000000
674.000000 33631.000000
675.000000 33633.000000
675.000000 33635.000000
675.000000 33637.000000
676.000000 33639.000000
676.000000 33641.000000
676.000000 33643.000000
677.000000 33645.000000
677.000000 33647.000000
677.000000 33649.000000
678.000000 33651.000000
678.000000 33653.000000
678.000000 33655.000000
679.000000 33657.000000
679.000000 33659.000000
679.000000 33661.000000
679.000000 33663.000000
680.000000 33665.000000
680.000000 33667.000000
681.000000 33669.000000
681.000000 33671.000000
681.000000 33673.000000
681.000000 33675.000000
682.000000 33677.000000
682.000000 33679.000000
682.000000 33681.000000
683.000000 33683.000000
683.000000 33685.000000
683.000000 33687.000000
684.000000 33689.000000
684.000000 33691.000000
684.000000 33693.000000
685.000000 33695.000000
685.000000 33697.000000
685.000000 33699.000000
686.000000 33701.000000
686.000000 33703.000000
686.000000 33705.000000
687.000000 33707.000000
687.000000 33709.000000
687.000000 33711.000000
688.000000 33713.000000
688.000000 33715.000000
688.000000 33717.000000
689.000000 33719.000000
689.000000 33721.000000
689.000000 33723.000000
690.000000 33725.000000
690.000000 33727.000000
690.000000 33729.000000
691.000000 33731.000000
691.000000 33733.000000
691.000000 33735.000000
692.000000 33737.000000
692.000000 33739.000000
692.000000 33741.000000
693.000000 33743.000000
693.000000 33745.000000
693.000000 33747.000000
694.000000 33749.000000
694.000000 33751.000000
694.000000 33753.000000
695.000000 33755.000000
695.000000 33757.000000
695.000000 33759.000000
696.000000 33761.000000
696.000000 33763.000000
696.000000 33765.000000
697.000000 33767.000000
697.000000 33769.000000
697.000000 33771.000000
697.000000 33773.000000
698.000000 33775.000000
698.000000 33777.000000
699.000000 33779.000000
699.000000 33781.000000
699.000000 33783.000000
699.000000 33785.000000
700.000000 33787.000000
700.000000 33789.000000
701.000000 33791.000000
701.000000 33793.000000
701.000000 33795.000000
701.000000 33797.000000
702.000000 33799.000000
702.000000 33801.000000
702.000000 33803.000000
703.000000 33805.000000
703.000000 33807.000000
703.000000 33809.000000
704.000000 33811.000000
704.000000 33813.000000
704.000000 33815.000000
705.000000 33817.000000
705.000000 33819.000000
705.000000 33821.000000
706.000000 33823.000000
706.000000 33825.000000
706.000000 33827.000000
707.000000 33829.000000
707.000000 33831.000000
707.000000 33833.000000
707.000000 33835.000000
708.000000 33837.000000
708.000000 33839.000000
709.000000 33841.000000
709.000000 33841.000000
0.000000 50948.199219
709.000000 33845.000000
709.000000 33847.000000
710.000000 33849.000000
710.000000 33851.000000
711.000000 33853.000000
711.000000 33855.000000
711.000000 33857.000000
711.000000 33859.000000
712.000000 33861.000000
712.000000 33863.000000
712.000000 33865.000000
713.000000 33867.000000
713.000000 33869.000000
713.000000 33871.000000
714.000000 33873.000000
714.000000 33875.000000
714.000000 33877.000000
715.000000 33879.000000
715.000000 33881.000000
715.000000 33883.000000
716.000000 33885.000000
716.000000 33887.000000
716.000000 33889.000000
717.000000 33891.000000
717.000000 33893.000000
717.000000 33895.000000
718.000000 33897.000000
718.000000 33899.000000
718.000000 33901.000000
719.000000 33903.000000
719.000000 33905.000000
719.000000 33907.000000
720.000000 33909.000000
720.000000 33911.000000
720.000000 33913.000000
721.000000 33915.000000
721.000000 33917.000000
721.000000 33919.000000
722.000000 33921.000000
722.000000 33923.000000
722.000000 33925.000000
723.000000 33927.000000
723.000000 33929.000000
723.000000 33931.000000
724.000000 33933.000000
724.000000 33935.000000
724.000000 33937.000000
725.000000 33939.000000
725.000000 33941.000000
725.000000 33943.000000
726.000000 33945.000000
726.000000 33947.000000
726.000000 33949.000000
727.000000 33951.000000
727.000000 33953.000000
727.000000 33955.000000
727.000000 33957.000000
728.000000 33959.000000
728.000000 33961.000000
729.000000 33963.000000
729.000000 33965.000000
729.000000 33967.000000
729.000000 33969.000000
730.000000 33971.000000
730.000000 33973.000000
730.000000 33975.000000
731.000000 33977.000000
731.000000 33979.000000
731.000000 33981.000000
732.000000 33983.000000
732.000000 33985.000000
732.000000 33987.000000
733.000000 33989.000000
733.000000 33991.000000
733.000000 33993.000000
734.000000 33995.000000
734.000000 33997.000000
734.000000 33999.000000
735.000000 34001.000000
735.000000 34003.000000
735.000000 34005.000000
736.000000 34007.000000
736.000000 34009.000000
736.000000 34011.000000
737.000000 34013.000000
737.000000 34015.000000
737.000000 34017.000000
738.000000 34019.000000
738.000000 34021.000000
738.000000 34023.000000
739.000000 34025.000000
739.000000 34027.000000
739.000000 34029.000000
740.000000 34031.000000
740.000000 34033.000000
740.000000 34035.000000
741.000000 34037.000000
741.000000 34039.000000
741.000000 34041.000000
742.000000 34043.000000
742.000000 34045.000000
742.000000 34047.000000
743.000000 34049.000000
743.000000 34051.000000
743.000000 34053.000000
744.000000 34055.000000
744.000000 34057.000000
744.000000 34059.000000
745.000000 34061.000000
745.000000 34063.000000
745.000000 34065.000000
745.000000 34067.000000
746.000000 34069.000000
746.000000 34071.000000
747.000000 34073.000000
747.000000 34075.000000
747.000000 34077.000000
747.000000 34079.000000
748.000000 34081.000000
748.000000 34083.000000
748.000000 34085.000000
749.000000 34087.000000
749.000000 34089.000000
749.000000 34091.000000
750.000000 34093.000000
750.000000 34095.000000
750.000000 34097.000000
751.000000 34099.000000
751.000000 34101.000000
751.000000 34103.000000
752.000000 34105.000000
752.000000 34107.000000
752.000000 34109.000000
753.000000 34111.000000
753.000000 34113.000000
753.000000 34115.000000
754.000000 34117.000000
754.000000 34119.000000
754.000000 34121.000000
755.000000 34123.000000
755.000000 34125.000000
755.000000 34127.000000
755.000000 34129.000000
756.000000 34131.000000
756.000000 34133.000000
757.000000 34135.000000
757.000000 34137.000000
757.000000 34139.000000
757.000000 34141.000000
758.000000 34143.000000
758.000000 34145.000000
759.000000 34147.000000
759.000000 34149.000000
759.000000 34151.000000
759.000000 34153.000000
760.000000 34155.000000
760.000000 34157.000000
761.000000 34159.000000
761.000000 34161.000000
761.000000 34163.000000
761.000000 34165.000000
762.000000 34167.000000
762.000000 34169.000000
763.000000 34171.000000
763.000000 34173.000000
763.000000 34175.000000
763.000000 34177.000000
764.000000 34179.000000
764.000000 34181.000000
764.000000 34183.000000
765.000000 34185.000000
765.000000 34187.000000
765.000000 34189.000000
766.000000 34191.000000
766.000000 34193.000000
766.000000 34195.000000
767.000000 34197.000000
767.000000 34199.000000
767.000000 34201.000000
768.000000 34203.000000
768.000000 34205.000000
768.000000 34207.000000
769.000000 34209.000000
769.000000 34211.000000
769.000000 34213.000000
770.000000 34215.000000
770.000000 34217.000000
770.000000 34219.000000
771.000000 34221.000000
771.000000 34223.000000
771.000000 34225.000000
772.000000 34227.000000
772.000000 34229.000000
772.000000 34231.000000
773.000000 34233.000000
773.000000 34235.000000
773.000000 34237.000000
774.000000 34239.000000
774.000000 34241.000000
774.000000 34243.000000
775.000000 34245.000000
775.000000 34247.000000
775.000000 34249.000000
775.000000 34251.000000
776.000000 34253.000000
776.000000 34255.000000
776.000000 34257.000000
777.000000 34259.000000
777.000000 34261.000000
777.000000 34263.000000
778.000000 34265.000000
778.000000 34267.000000
778.000000 34269.000000
779.000000 34271.000000
779.000000 34273.000000
779.000000 34275.000000
780.000000 34277.000000
780.000000 34279.000000
780.000000 34281.000000
781.000000 34283.000000
781.000000 34285.000000
781.000000 34287.000000
782.000000 34289.000000
782.000000 34291.000000
782.000000 34293.000000
783.000000 34295.000000
783.000000 34297.000000
783.000000 34299.000000
784.000000 34301.000000
784.000000 34303.000000
784.000000 34305.000000
785.000000 34307.000000
785.000000 34309.000000
785.000000 34311.000000
786.000000 34313.000000
786.000000 34315.000000
786.000000 34317.000000
787.000000 34319.000000
787.000000 34321.000000
787.000000 34323.000000
788.000000 34325.000000
788.000000 34327.000000
788.000000 34329.000000
789.000000 34331.000000
789.000000 34333.000000
789.000000 34335.000000
790.000000 34337.000000
790.000000 34339.000000
790.000000 34341.000000
791.000000 34343.000000
791.000000 34345.000000
791.000000 34347.000000
791.000000 34349.000000
792.000000 34351.000000
792.000000 34353.000000
793.000000 34355.000000
793.000000 34357.000000
793.000000 34359.000000
793.000000 34361.000000
794.000000 34363.000000
794.000000 34365.000000
794.000000 34367.000000
795.000000 34369.000000
795.000000 34371.000000
795.000000 34373.000000
796.000000 34375.000000
796.000000 34377.000000
796.000000 34379.000000
797.000000 34381.000000
797.000000 34383.000000
797.000000 34385.000000
798.000000 34387.000000
798.000000 34389.000000
798.000000 34391.000000
799.000000 34393.000000
799.000000 34395.000000
799.000000 34397.000000
800.000000 34399.000000
800.000000 34401.000000
800.000000 34403.000000
801.000000 34405.000000
801.000000 34407.000000
801.000000 34409.000000
801.000000 34411.000000
802.000000 34413.000000
802.000000 34415.000000
803.000000 34417.000000
803.000000 34419.000000
803.000000 34421.000000
803.000000 34423.000000
804.000000 34425.000000
804.000000 34427.000000
804.000000 34429.000000
805.000000 34431.000000
805.000000 34433.000000
805.000000 34435.000000
806.000000 34437.000000
806.000000 34439.000000
806.000000 34441.000000
807.000000 34443.000000
807.000000 34445.000000
807.000000 34447.000000
808.000000 34449.000000
808.000000 34451.000000
808.000000 34453.000000
809.000000 34455.000000
809.000000 34457.000000
809.000000 34459.000000
810.000000 34461.000000
810.000000 34463.000000
810.000000 34465.000000
811.000000 34467.000000
811.000000 34469.000000
811.000000 34471.000000
812.000000 34473.000000
812.000000 34475.000000
812.000000 34477.000000
813.000000 34479.000000
813.000000 34481.000000
813.000000 34483.000000
814.000000 34485.000000
814.000000 34487.000000
814.000000 34489.000000
815.000000 34491.000000
815.000000 34493.000000
815.000000 34495.000000
816.000000 34497.000000
816.000000 34499.000000
816.000000 34501.000000
817.000000 34503.000000
817.000000 34505.000000
817.000000 34507.000000
818.000000 34509.000000
818.000000 34511.000000
818.000000 34513.000000
819.000000 34515.000000
819.000000 34517.000000
819.000000 34519.000000
820.000000 34521.000000
820.000000 34523.000000
820.000000 34525.000000
821.000000 34527.000000
821.000000 34529.000000
821.000000 34531.000000
821.000000 34533.000000
822.000000 34535.000000
822.000000 34537.000000
823.000000 34539.000000
823.000000 34541.000000
823.000000 34543.000000
823.000000 34545.000000
824.000000 34547.000000
824.000000 34549.000000
824.000000 34551.000000
825.000000 34553.000000
825.000000 34555.000000
825.000000 34557.000000
826.000000 34559.000000
826.000000 34561.000000
826.000000 34563.000000
827.000000 34565.000000
827.000000 34567.000000
827.000000 34569.000000
828.000000 34571.000000
828.000000 34573.000000
828.000000 34575.000000
829.000000 34577.000000
829.000000 34579.000000
829.000000 34581.000000
830.000000 34583.000000
830.000000 34585.000000
830.000000 34587.000000
831.000000 34589.000000
831.000000 34591.000000
831.000000 34593.000000
832.000000 34595.000000
832.000000 34597.000000
832.000000 34599.000000
833.000000 34601.000000
833.000000 34603.000000
833.000000 34605.000000
834.000000 34607.000000
834.000000 34609.000000
834.000000 34611.000000
835.000000 34613.000000
835.000000 34615.000000
835.000000 34617.000000
835.000000 34619.000000
836.000000 34621.000000
836.000000 34623.000000
837.000000 34625.000000
837.000000 34627.000000
837.000000 34629.000000
837.000000 34631.000000
838.000000 34633.000000
838.000000 34635.000000
839.000000 34637.000000
839.000000 34639.000000
839.000000 34641.000000
839.000000 34643.000000
840.000000 34645.000000
840.000000 34647.000000
841.000000 34649.000000
841.000000 34651.000000
841.000000 34653.000000
841.000000 34655.000000
842.000000 34657.000000
842.000000 34659.000000
842.000000 34661.000000
843.000000 34663.000000
843.000000 34665.000000
843.000000 34667.000000
844.000000 34669.000000
844.000000 34671.000000
844.000000 34673.000000
845.000000 34675.000000
845.000000 34677.000000
845.000000 34679.000000
846.000000 34681.000000
846.000000 34683.000000
846.000000 34685.000000
847.000000 34687.000000
847.000000 34689.000000
847.000000 34691.000000
848.000000 34693.000000
848.000000 34695.000000
848.000000 34697.000000
849.000000 34699.000000
849.000000 34701.000000
849.000000 34703.000000
849.000000 34705.000000
850.000000 34707.000000
850.000000 34709.000000
851.000000 34711.000000
851.000000 34713.000000
851.000000 34715.000000
851.000000 34717.000000
852.000000 34719.000000
852.000000 34721.000000
852.000000 34723.000000
853.000000 34725.000000
853.000000 34727.000000
853.000000 34729.000000
854.000000 34731.000000
854.000000 34733.000000
854.000000 34735.000000
855.000000 34737.000000
855.000000 34739.000000
855.000000 34741.000000
856.000000 34743.000000
856.000000 34745.000000
856.000000 34747.000000
857.000000 34749.000000
857.000000 34751.000000
857.000000 34753.000000
858.000000 34755.000000
858.000000 34757.000000
858.000000 34759.000000
859.000000 34761.000000
859.000000 34763.000000
859.000000 34765.000000
860.000000 34767.000000
860.000000 34769.000000
860.000000 34771.000000
861.000000 34773.000000
861.000000 34775.000000
861.000000 34777.000000
862.000000 34779.000000
862.000000 34781.000000
862.000000 34783.000000
863.000000 34785.000000
863.000000 34787.000000
863.000000 34789.000000
864.000000 34791.000000
864.000000 34793.000000
864.000000 34795.000000
865.000000 34797.000000
865.000000 34799.000000
865.000000 34801.000000
866.000000 34803.000000
866.000000 34805.000000
866.000000 34807.000000
867.000000 34809.000000
867.000000 34811.000000
867.000000 34813.000000
867.000000 34815.000000
868.000000 34817.000000
868.000000 34819.000000
869.000000 34821.000000
869.000000 34823.000000
869.000000 34825.000000
869.000000 34827.000000
870.000000 34829.000000
870.000000 34831.000000
870.000000 34833.000000
871.000000 34835.000000
871.000000 34837.000000
871.000000 34839.000000
872.000000 34841.000000
872.000000 34843.000000
872.000000 34845.000000
873.000000 34847.000000
873.000000 34849.000000
873.000000 34851.000000
874.000000 34853.000000
874.000000 34855.000000
874.000000 34857.000000
875.000000 34859.000000
875.000000 34861.000000
875.000000 34863.000000
876.000000 34865.000000
876.000000 34867.000000
876.000000 34869.000000
877.000000 34871.000000
877.000000 34873.000000
877.000000 34875.000000
877.000000 34877.000000
878.000000 34879.000000
878.000000 34881.000000
879.000000 34883.000000
879.000000 34885.000000
879.000000 34887.000000
879.000000 34889.000000
880.000000 34891.000000
880.000000 34893.000000
881.000000 34895.000000
881.000000 34897.000000
881.000000 34899.000000
881.000000 34901.000000
882.000000 34903.000000
882.000000 34905.000000
883.000000 34907.000000
883.000000 34909.000000
883.000000 34911.000000
883.000000 34913.000000
884.000000 34915.000000
884.000000 34917.000000
884.000000 34919.000000
885.000000 34921.000000
885.000000 34923.000000
885.000000 34925.000000
886.000000 34927.000000
886.000000 34929.000000
886.000000 34931.000000
887.000000 34933.000000
887.000000 34933.000000
0.000000 0.000000
0.000000 0.000000
0.000000 0.000000
0.000000 0.000000
0.000000 0.000000
0.000000 0.000000
0.000000 0.000000
0.000000 0.000000
0.000000 0.000000
0.000000 0.000000
0.000000 0.000000
0.000000 0.000000
0.000000 0.000000
0.000000 0.000000
0.000000 0.000000
0.000000 0.000000
0.000000 0.000000
0.000000 0.000000
0.000000 0.000000
0.000000 0.000000
0.000000 0.000000
0.000000 0.000000
0.000000 0.000000
0.000000 0.000000
0.000000 0.000000
0.000000 0.000000
0.000000 0.000000
0.000000 0.000000
0.000000 0.000000
0.000000 0.000000
0.000000 0.000000
0.000000 0.000000
0.000000 0.000000
0.000000 0.000000
898.000000 35003.000000
898.000000 35005.000000
899.000000 35007.000000
899.000000 35009.000000
899.000000 35011.000000
900.000000 35013.000000
900.000000 35015.000000
900.000000 35017.000000
901.000000 35019.000000
901.000000 35021.000000
901.000000 35023.000000
902.000000 35025.000000
902.000000 35027.000000
902.000000 35029.000000
903.000000 35031.000000
903.000000 35033.000000
903.000000 35035.000000
904.000000 35037.000000
904.000000 35039.000000
904.000000 35041.000000
905.000000 35043.000000
905.000000 35045.000000
905.000000 35047.000000
906.000000 35049.000000
906.000000 35051.000000
906.000000 35053.000000
907.000000 35055.000000
907.000000 35057.000000
907.000000 35059.000000
908.000000 35061.000000
908.000000 35063.000000
908.000000 35065.000000
909.000000 35067.000000
909.000000 35069.000000
909.000000 35071.000000
910.000000 35073.000000
910.000000 35075.000000
910.000000 35077.000000
911.000000 35079.000000
911.000000 35081.000000
911.000000 35083.000000
911.000000 35085.000000
912.000000 35087.000000
912.000000 35089.000000
913.000000 35091.000000
913.000000 35093.000000
913.000000 35095.000000
913.000000 35097.000000
914.000000 35099.000000
914.000000 35101.000000
915.000000 35103.000000
915.000000 35105.000000
915.000000 35107.000000
915.000000 35109.000000
916.000000 35111.000000
916.000000 35113.000000
916.000000 35115.000000
917.000000 35117.000000
917.000000 35119.000000
917.000000 35121.000000
918.000000 35123.000000
918.000000 35125.000000
918.000000 35127.000000
919.000000 35129.000000
919.000000 35131.000000
919.000000 35133.000000
920.000000 35135.000000
920.000000 35137.000000
920.000000 35139.000000
921.000000 35141.000000
921.000000 35143.000000
921.000000 35145.000000
922.000000 35147.000000
922.000000 35149.000000
922.000000 35151.000000
923.000000 35153.000000
923.000000 35155.000000
923.000000 35157.000000
923.000000 35159.000000
924.000000 35161.000000
924.000000 35163.000000
925.000000 35165.000000
925.000000 35167.000000
925.000000 35169.000000
925.000000 35171.000000
926.000000 35173.000000
926.000000 35175.000000
927.000000 35177.000000
927.000000 35179.000000
927.000000 35181.000000
927.000000 35183.000000
928.000000 35185.000000
928.000000 35187.000000
929.000000 35189.000000
929.000000 35191.000000
929.000000 35193.000000
929.000000 35195.000000
930.000000 35197.000000
930.000000 35199.000000
930.000000 35201.000000
931.000000 35203.000000
931.000000 35205.000000
931.000000 35207.000000
932.000000 35209.000000
932.000000 35211.000000
932.000000 35213.000000
933.000000 35215.000000
933.000000 35217.000000
933.000000 35219.000000
934.000000 35221.000000
934.000000 35223.000000
934.000000 35225.000000
935.000000 35227.000000
935.000000 35229.000000
935.000000 35231.000000
936.000000 35233.000000
936.000000 35235.000000
936.000000 35237.000000
937.000000 35239.000000
937.000000 35241.000000
937.000000 35243.000000
938.000000 35245.000000
938.000000 35247.000000
938.000000 35249.000000
939.000000 35251.000000
939.000000 35253.000000
939.000000 35255.000000
940.000000 35257.000000
940.000000 35259.000000
940.000000 35261.000000
941.000000 35263.000000
941.000000 35265.000000
941.000000 35267.000000
941.000000 35269.000000
942.000000 35271.000000
942.000000 35273.000000
943.000000 35275.000000
943.000000 35277.000000
943.000000 35279.000000
943.000000 35281.000000
944.000000 35283.000000
944.000000 35285.000000
944.000000 35287.000000
945.000000 35289.000000
945.000000 35291.000000
945.000000 35293.000000
946.000000 35295.000000
946.000000 35297.000000
946.000000 35299.000000
947.000000 35301.000000
947.000000 35303.000000
947.000000 35305.000000
948.000000 35307.000000
948.000000 35309.000000
948.000000 35311.000000
949.000000 35313.000000
949.000000 35315.000000
949.000000 35317.000000
950.000000 35319.000000
950.000000 35321.000000
950.000000 35323.000000
951.000000 35325.000000
951.000000 35327.000000
951.000000 35329.000000
952.000000 35331.000000
952.000000 35333.000000
952.000000 35335.000000
953.000000 35337.000000
953.000000 35339.000000
953.000000 35341.000000
954.000000 35343.000000
954.000000 35345.000000
954.000000 35347.000000
955.000000 35349.000000
955.000000 35351.000000
955.000000 35353.000000
956.000000 35355.000000
956.000000 35357.000000
956.000000 35359.000000
957.000000 35361.000000
957.000000 35363.000000
957.000000 35365.000000
958.000000 35367.000000
958.000000 35369.000000
958.000000 35371.000000
959.000000 35373.000000
959.000000 35375.000000
959.000000 35377.000000
959.000000 35379.000000
960.000000 35381.000000
960.000000 35383.000000
961.000000 35385.000000
961.000000 35387.000000
961.000000 35389.000000
961.000000 35391.000000
962.000000 35393.000000
962.000000 35395.000000
963.000000 35397.000000
963.000000 35399.000000
963.000000 35401.000000
963.000000 35403.000000
964.000000 35405.000000
964.000000 35407.000000
964.000000 35409.000000
965.000000 35411.000000
965.000000 35413.000000
965.000000 35415.000000
966.000000 35417.000000
966.000000 35419.000000
966.000000 35421.000000
967.000000 35423.000000
967.000000 35425.000000
967.000000 35427.000000
968.000000 35429.000000
968.000000 35431.000000
968.000000 35433.000000
969.000000 35435.000000
969.000000 35437.000000
969.000000 35439.000000
