0.000000 49324.000000
0.000000 49326.000000
0.000000 49328.000000
0.000000 49330.000000
0.000000 49332.000000
0.000000 49334.000000
0.000000 49336.000000
0.000000 49338.000000
1.000000 49340.000000
1.000000 49342.000000
1.000000 49344.000000
2.000000 49346.000000
2.000000 49348.000000
2.000000 49350.000000
3.000000 49352.000000
3.000000 49354.000000
4.000000 49356.000000
5.000000 49358.000000
5.000000 49360.000000
6.000000 49362.000000
6.000000 49364.000000
7.000000 49366.000000
8.000000 49368.000000
9.000000 49370.000000
9.000000 49372.000000
10.000000 49374.000000
11.000000 49376.000000
11.000000 49378.000000
12.000000 49380.000000
13.000000 49382.000000
14.000000 49384.000000
15.000000 49386.000000
16.000000 49388.000000
17.000000 49390.000000
18.000000 49392.000000
19.000000 49394.000000
20.000000 49396.000000
21.000000 49398.000000
22.000000 49400.000000
23.000000 49402.000000
24.000000 49404.000000
25.000000 49406.000000
26.000000 49408.000000
27.000000 49410.000000
28.000000 49412.000000
29.000000 49414.000000
30.000000 49416.000000
31.000000 49418.000000
32.000000 49420.000000
33.000000 49422.000000
34.000000 49424.000000
35.000000 49426.000000
37.000000 49428.000000
38.000000 49430.000000
39.000000 49432.000000
40.000000 49434.000000
41.000000 49436.000000
42.000000 49438.000000
43.000000 49440.000000
45.000000 49442.000000
46.000000 49444.000000
47.000000 49446.000000
48.000000 49448.000000
49.000000 49450.000000
51.000000 49452.000000
52.000000 49454.000000
53.000000 49456.000000
54.000000 49458.000000
55.000000 49460.000000
57.000000 49462.000000
58.000000 49464.000000
59.000000 49466.000000
60.000000 49468.000000
62.000000 49470.000000
63.000000 49472.000000
64.000000 49474.000000
65.000000 49476.000000
67.000000 49478.000000
68.000000 49480.000000
69.000000 49482.000000
71.000000 49484.000000
72.000000 49486.000000
73.000000 49488.000000
74.000000 49490.000000
75.000000 49492.000000
77.000000 49494.000000
78.000000 49496.000000
79.000000 49498.000000
81.000000 49500.000000
82.000000 49502.000000
83.000000 49504.000000
85.000000 49506.000000
86.000000 49508.000000
87.000000 49510.000000
88.000000 49512.000000
90.000000 49514.000000
91.000000 49516.000000
93.000000 49518.000000
94.000000 49520.000000
95.000000 49522.000000
96.000000 49524.000000
98.000000 49526.000000
99.000000 49528.000000
100.000000 49530.000000
101.000000 49532.000000
103.000000 49534.000000
104.000000 49536.000000
105.000000 49538.000000
107.000000 49540.000000
108.000000 49542.000000
109.000000 49544.000000
111.000000 49546.000000
112.000000 49548.000000
113.000000 49550.000000
115.000000 49552.000000
116.000000 49554.000000
117.000000 49556.000000
119.000000 49558.000000
120.000000 49560.000000
121.000000 49562.000000
123.000000 49564.000000
124.000000 49566.000000
125.000000 49568.000000
127.000000 49570.000000
128.000000 49572.000000
129.000000 49574.000000
131.000000 49576.000000
132.000000 49578.000000
133.000000 49580.000000
135.000000 49582.000000
136.000000 49584.000000
137.000000 49586.000000
139.000000 49588.000000
140.000000 49590.000000
141.000000 49592.000000
143.000000 49594.000000
144.000000 49596.000000
145.000000 49598.000000
147.000000 49600.000000
148.000000 49602.000000
149.000000 49604.000000
151.000000 49606.000000
152.000000 49608.000000
153.000000 49610.000000
155.000000 49612.000000
156.000000 49614.000000
158.000000 49616.000000
159.000000 49618.000000
160.000000 49620.000000
162.000000 49622.000000
163.000000 49624.000000
164.000000 49626.000000
166.000000 49628.000000
167.000000 49630.000000
169.000000 49632.000000
170.000000 49634.000000
171.000000 49636.000000
173.000000 49638.000000
174.000000 49640.000000
175.000000 49642.000000
177.000000 49644.000000
178.000000 49646.000000
179.000000 49648.000000
181.000000 49650.000000
182.000000 49652.000000
183.000000 49654.000000
185.000000 49656.000000
186.000000 49658.000000
187.000000 49660.000000
189.000000 49662.000000
190.000000 49664.000000
191.000000 49666.000000
193.000000 49668.000000
194.000000 49670.000000
195.000000 49672.000000
197.000000 49674.000000
198.000000 49676.000000
199.000000 49678.000000
201.000000 49680.000000
202.000000 49682.000000
203.000000 49684.000000
205.000000 49686.000000
206.000000 49688.000000
208.000000 49690.000000
209.000000 49692.000000
210.000000 49694.000000
212.000000 49696.000000
213.000000 49698.000000
215.000000 49700.000000
216.000000 49702.000000
217.000000 49704.000000
219.000000 49706.000000
220.000000 49708.000000
221.000000 49710.000000
223.000000 49712.000000
224.000000 49714.000000
225.000000 49716.000000
227.000000 49718.000000
228.000000 49720.000000
229.000000 49722.000000
231.000000 49724.000000
232.000000 49726.000000
233.000000 49728.000000
235.000000 49730.000000
236.000000 49732.000000
237.000000 49734.000000
239.000000 49736.000000
240.000000 49738.000000
241.000000 49740.000000
243.000000 49742.000000
244.000000 49744.000000
246.000000 49746.000000
247.000000 49748.000000
248.000000 49750.000000
248.000000 49750.000000
0.000000 0.000000
0.000000 0.000000
0.000000 0.000000
0.000000 0.000000
0.000000 0.000000
0.000000 0.000000
0.000000 0.000000
0.000000 0.000000
0.000000 0.000000
0.000000 0.000000
0.000000 0.000000
0.000000 0.000000
0.000000 0.000000
0.000000 0.000000
0.000000 0.000000
0.000000 0.000000
0.000000 0.000000
0.000000 0.000000
0.000000 0.000000
0.000000 0.000000
0.000000 0.000000
0.000000 0.000000
279.000000 49796.000000
281.000000 49798.000000
282.000000 49800.000000
283.000000 49802.000000
285.000000 49804.000000
286.000000 49806.000000
288.000000 49808.000000
289.000000 49810.000000
290.000000 49812.000000
292.000000 49814.000000
293.000000 49816.000000
294.000000 49818.000000
294.000000 49818.000000
0.000000 0.000000
0.000000 0.000000
0.000000 0.000000
0.000000 0.000000
0.000000 0.000000
0.000000 0.000000
0.000000 0.000000
0.000000 0.000000
0.000000 0.000000
0.000000 0.000000
0.000000 0.000000
0.000000 0.000000
0.000000 0.000000
0.000000 0.000000
0.000000 0.000000
0.000000 0.000000
0.000000 0.000000
319.000000 49854.000000
320.000000 49856.000000
321.000000 49858.000000
323.000000 49860.000000
324.000000 49862.000000
326.000000 49864.000000
327.000000 49866.000000
328.000000 49868.000000
330.000000 49870.000000
331.000000 49872.000000
332.000000 49874.000000
334.000000 49876.000000
335.000000 49878.000000
337.000000 49880.000000
338.000000 49882.000000
339.000000 49884.000000
341.000000 49886.000000
342.000000 49888.000000
343.000000 49890.000000
345.000000 49892.000000
346.000000 49894.000000
347.000000 49896.000000
349.000000 49898.000000
350.000000 49900.000000
351.000000 49902.000000
353.000000 49904.000000
354.000000 49906.000000
355.000000 49908.000000
357.000000 49910.000000
358.000000 49912.000000
359.000000 49914.000000
361.000000 49916.000000
362.000000 49918.000000
364.000000 49920.000000
365.000000 49922.000000
366.000000 49924.000000
368.000000 49926.000000
369.000000 49928.000000
370.000000 49930.000000
372.000000 49932.000000
373.000000 49934.000000
374.000000 49936.000000
376.000000 49938.000000
377.000000 49940.000000
379.000000 49942.000000
380.000000 49944.000000
381.000000 49946.000000
383.000000 49948.000000
384.000000 49950.000000
385.000000 49952.000000
387.000000 49954.000000
388.000000 49956.000000
389.000000 49958.000000
391.000000 49960.000000
392.000000 49962.000000
393.000000 49964.000000
395.000000 49966.000000
396.000000 49968.000000
397.000000 49970.000000
399.000000 49972.000000
400.000000 49974.000000
402.000000 49976.000000
403.000000 49978.000000
404.000000 49980.000000
406.000000 49982.000000
407.000000 49984.000000
408.000000 49986.000000
410.000000 49988.000000
411.000000 49990.000000
413.000000 49992.000000
414.000000 49994.000000
415.000000 49996.000000
417.000000 49998.000000
418.000000 50000.000000
419.000000 50002.000000
421.000000 50004.000000
422.000000 50006.000000
423.000000 50008.000000
425.000000 50010.000000
426.000000 50012.000000
427.000000 50014.000000
429.000000 50016.000000
430.000000 50018.000000
431.000000 50020.000000
433.000000 50022.000000
434.000000 50024.000000
435.000000 50026.000000
437.000000 50028.000000
438.000000 50030.000000
439.000000 50032.000000
441.000000 50034.000000
442.000000 50036.000000
444.000000 50038.000000
445.000000 50040.000000
446.000000 50042.000000
448.000000 50044.000000
449.000000 50046.000000
450.000000 50048.000000
452.000000 50050.000000
453.000000 50052.000000
455.000000 50054.000000
456.000000 50056.000000
457.000000 50058.000000
459.000000 50060.000000
460.000000 50062.000000
461.000000 50064.000000
463.000000 50066.000000
464.000000 50068.000000
465.000000 50070.000000
467.000000 50072.000000
468.000000 50074.000000
469.000000 50076.000000
471.000000 50078.000000
472.000000 50080.000000
473.000000 50082.000000
475.000000 50084.000000
476.000000 50086.000000
478.000000 50088.000000
479.000000 50090.000000
480.000000 50092.000000
482.000000 50094.000000
483.000000 50096.000000
484.000000 50098.000000
486.000000 50100.000000
487.000000 50102.000000
488.000000 50104.000000
490.000000 50106.000000
491.000000 50108.000000
492.000000 50110.000000
494.000000 50112.000000
495.000000 50114.000000
497.000000 50116.000000
498.000000 50118.000000
499.000000 50120.000000
501.000000 50122.000000
502.000000 50124.000000
503.000000 50126.000000
505.000000 50128.000000
506.000000 50130.000000
507.000000 50132.000000
509.000000 50134.000000
510.000000 50136.000000
511.000000 50138.000000
513.000000 50140.000000
514.000000 50142.000000
515.000000 50144.000000
517.000000 50146.000000
518.000000 50148.000000
520.000000 50150.000000
521.000000 50152.000000
522.000000 50154.000000
524.000000 50156.000000
525.000000 50158.000000
527.000000 50160.000000
528.000000 50162.000000
529.000000 50164.000000
531.000000 50166.000000
532.000000 50168.000000
533.000000 50170.000000
535.000000 50172.000000
536.000000 50174.000000
537.000000 50176.000000
539.000000 50178.000000
540.000000 50180.000000
541.000000 50182.000000
543.000000 50184.000000
544.000000 50186.000000
545.000000 50188.000000
547.000000 50190.000000
548.000000 50192.000000
549.000000 50194.000000
551.000000 50196.000000
552.000000 50198.000000
554.000000 50200.000000
555.000000 50202.000000
556.000000 50204.000000
558.000000 50206.000000
559.000000 50208.000000
560.000000 50210.000000
562.000000 50212.000000
563.000000 50214.000000
564.000000 50216.000000
566.000000 50218.000000
567.000000 50220.000000
569.000000 50222.000000
570.000000 50224.000000
571.000000 50226.000000
573.000000 50228.000000
574.000000 50230.000000
575.000000 50232.000000
577.000000 50234.000000
578.000000 50236.000000
579.000000 50238.000000
581.000000 50240.000000
582.000000 50242.000000
583.000000 50244.000000
585.000000 50246.000000
586.000000 50248.000000
587.000000 50250.000000
589.000000 50252.000000
590.000000 50254.000000
591.000000 50256.000000
593.000000 50258.000000
594.000000 50260.000000
596.000000 50262.000000
597.000000 50264.000000
598.000000 50266.000000
600.000000 50268.000000
601.000000 50270.000000
603.000000 50272.000000
604.000000 50274.000000
605.000000 50276.000000
607.000000 50278.000000
608.000000 50280.000000
609.000000 50282.000000
611.000000 50284.000000
612.000000 50286.000000
613.000000 50288.000000
615.000000 50290.000000
616.000000 50292.000000
617.000000 50294.000000
619.000000 50296.000000
620.000000 50298.000000
621.000000 50300.000000
623.000000 50302.000000
624.000000 50304.000000
625.000000 50306.000000
627.000000 50308.000000
628.000000 50310.000000
629.000000 50312.000000
631.000000 50314.000000
632.000000 50316.000000
634.000000 50318.000000
635.000000 50320.000000
636.000000 50322.000000
638.000000 50324.000000
639.000000 50326.000000
641.000000 50328.000000
642.000000 50330.000000
643.000000 50332.000000
645.000000 50334.000000
646.000000 50336.000000
647.000000 50338.000000
649.000000 50340.000000
650.000000 50342.000000
651.000000 50344.000000
653.000000 50346.000000
654.000000 50348.000000
655.000000 50350.000000
657.000000 50352.000000
658.000000 50354.000000
659.000000 50356.000000
661.000000 50358.000000
662.000000 50360.000000
663.000000 50362.000000
665.000000 50364.000000
666.000000 50366.000000
668.000000 50368.000000
669.000000 50370.000000
670.000000 50372.000000
672.000000 50374.000000
673.000000 50376.000000
674.000000 50378.000000
676.000000 50380.000000
677.000000 50382.000000
678.000000 50384.000000
680.000000 50386.000000
681.000000 50388.000000
682.000000 50390.000000
684.000000 50392.000000
685.000000 50394.000000
687.000000 50396.000000
688.000000 50398.000000
689.000000 50400.000000
691.000000 50402.000000
692.000000 50404.000000
693.000000 50406.000000
695.000000 50408.000000
696.000000 50410.000000
697.000000 50412.000000
699.000000 50414.000000
700.000000 50416.000000
701.000000 50418.000000
703.000000 50420.000000
704.000000 50422.000000
705.000000 50424.000000
707.000000 50426.000000
708.000000 50428.000000
710.000000 50430.000000
711.000000 50432.000000
712.000000 50434.000000
714.000000 50436.000000
715.000000 50438.000000
717.000000 50440.000000
718.000000 50442.000000
719.000000 50444.000000
721.000000 50446.000000
722.000000 50448.000000
723.000000 50450.000000
725.000000 50452.000000
726.000000 50454.000000
727.000000 50456.000000
729.000000 50458.000000
730.000000 50460.000000
731.000000 50462.000000
733.000000 50464.000000
734.000000 50466.000000
735.000000 50468.000000
737.000000 50470.000000
738.000000 50472.000000
739.000000 50474.000000
741.000000 50476.000000
742.000000 50478.000000
744.000000 50480.000000
745.000000 50482.000000
746.000000 50484.000000
748.000000 50486.000000
749.000000 50488.000000
750.000000 50490.000000
752.000000 50492.000000
753.000000 50494.000000
754.000000 50496.000000
756.000000 50498.000000
757.000000 50500.000000
758.000000 50502.000000
760.000000 50504.000000
761.000000 50506.000000
763.000000 50508.000000
764.000000 50510.000000
765.000000 50512.000000
767.000000 50514.000000
768.000000 50516.000000
769.000000 50518.000000
771.000000 50520.000000
772.000000 50522.000000
773.000000 50524.000000
775.000000 50526.000000
776.000000 50528.000000
777.000000 50530.000000
779.000000 50532.000000
780.000000 50534.000000
781.000000 50536.000000
783.000000 50538.000000
784.000000 50540.000000
786.000000 50542.000000
787.000000 50544.000000
788.000000 50546.000000
790.000000 50548.000000
791.000000 50550.000000
792.000000 50552.000000
794.000000 50554.000000
795.000000 50556.000000
796.000000 50558.000000
798.000000 50560.000000
799.000000 50562.000000
799.000000 50562.000000
0.000000 0.000000
0.000000 0.000000
0.000000 0.000000
0.000000 0.000000
0.000000 0.000000
0.000000 0.000000
0.000000 0.000000
0.000000 0.000000
0.000000 0.000000
0.000000 0.000000
0.000000 0.000000
0.000000 0.000000
0.000000 0.000000
0.000000 0.000000
0.000000 0.000000
0.000000 0.000000
0.000000 0.000000
0.000000 0.000000
0.000000 0.000000
0.000000 0.000000
0.000000 0.000000
829.000000 50606.000000
830.000000 50608.000000
832.000000 50610.000000
833.000000 50612.000000
835.000000 50614.000000
836.000000 50616.000000
837.000000 50618.000000
839.000000 50620.000000
840.000000 50622.000000
841.000000 50624.000000
843.000000 50626.000000
844.000000 50628.000000
845.000000 50630.000000
847.000000 50632.000000
848.000000 50634.000000
849.000000 50636.000000
851.000000 50638.000000
852.000000 50640.000000
853.000000 50642.000000
855.000000 50644.000000
856.000000 50646.000000
857.000000 50648.000000
859.000000 50650.000000
860.000000 50652.000000
862.000000 50654.000000
863.000000 50656.000000
864.000000 50658.000000
866.000000 50660.000000
867.000000 50662.000000
868.000000 50664.000000
870.000000 50666.000000
871.000000 50668.000000
872.000000 50670.000000
874.000000 50672.000000
875.000000 50674.000000
877.000000 50676.000000
878.000000 50678.000000
879.000000 50680.000000
881.000000 50682.000000
882.000000 50684.000000
883.000000 50686.000000
885.000000 50688.000000
886.000000 50690.000000
887.000000 50692.000000
889.000000 50694.000000
890.000000 50696.000000
891.000000 50698.000000
893.000000 50700.000000
894.000000 50702.000000
896.000000 50704.000000
897.000000 50706.000000
898.000000 50708.000000
900.000000 50710.000000
901.000000 50712.000000
902.000000 50714.000000
904.000000 50716.000000
905.000000 50718.000000
907.000000 50720.000000
908.000000 50722.000000
909.000000 50724.000000
911.000000 50726.000000
912.000000 50728.000000
913.000000 50730.000000
915.000000 50732.000000
916.000000 50734.000000
917.000000 50736.000000
919.000000 50738.000000
920.000000 50740.000000
921.000000 50742.000000
923.000000 50744.000000
924.000000 50746.000000
925.000000 50748.000000
927.000000 50750.000000
928.000000 50752.000000
930.000000 50754.000000
931.000000 50756.000000
932.000000 50758.000000
934.000000 50760.000000
935.000000 50762.000000
936.000000 50764.000000
938.000000 50766.000000
939.000000 50768.000000
940.000000 50770.000000
942.000000 50772.000000
943.000000 50774.000000
944.000000 50776.000000
946.000000 50778.000000
947.000000 50780.000000
949.000000 50782.000000
950.000000 50784.000000
951.000000 50786.000000
953.000000 50788.000000
954.000000 50790.000000
955.000000 50792.000000
957.000000 50794.000000
958.000000 50796.000000
959.000000 50798.000000
961.000000 50800.000000
962.000000 50802.000000
963.000000 50804.000000
965.000000 50806.000000
966.000000 50808.000000
967.000000 50810.000000
969.000000 50812.000000
970.000000 50814.000000
972.000000 50816.000000
973.000000 50818.000000
974.000000 50820.000000
976.000000 50822.000000
977.000000 50824.000000
979.000000 50826.000000
980.000000 50828.000000
981.000000 50830.000000
983.000000 50832.000000
984.000000 50834.000000
985.000000 50836.000000
987.000000 50838.000000
988.000000 50840.000000
989.000000 50842.000000
991.000000 50844.000000
992.000000 50846.000000
993.000000 50848.000000
995.000000 50850.000000
996.000000 50852.000000
997.000000 50854.000000
999.000000 50856.000000
1000.000000 50858.000000
1001.000000 50860.000000
1003.000000 50862.000000
1004.000000 50864.000000
1006.000000 50866.000000
1007.000000 50868.000000
1008.000000 50870.000000
1010.000000 50872.000000
1011.000000 50874.000000
1012.000000 50876.000000
1014.000000 50878.000000
1015.000000 50880.000000
1016.000000 50882.000000
1018.000000 50884.000000
1019.000000 50886.000000
1021.000000 50888.000000
1022.000000 50890.000000
1023.000000 50892.000000
1025.000000 50894.000000
1026.000000 50896.000000
1027.000000 50898.000000
1029.000000 50900.000000
1030.000000 50902.000000
1031.000000 50904.000000
1033.000000 50906.000000
1034.000000 50908.000000
1035.000000 50910.000000
1037.000000 50912.000000
1038.000000 50914.000000
1039.000000 50916.000000
1041.000000 50918.000000
1042.000000 50920.000000
1043.000000 50922.000000
1045.000000 50924.000000
1046.000000 50926.000000
1048.000000 50928.000000
1049.000000 50930.000000
1050.000000 50932.000000
1052.000000 50934.000000
1053.000000 50936.000000
1055.000000 50938.000000
1056.000000 50940.000000
1057.000000 50942.000000
1059.000000 50944.000000
1060.000000 50946.000000
1061.000000 50948.000000
1063.000000 50950.000000
1064.000000 50952.000000
1065.000000 50954.000000
1067.000000 50956.000000
1068.000000 50958.000000
1069.000000 50960.000000
1071.000000 50962.000000
1072.000000 50964.000000
1073.000000 50966.000000
1075.000000 50968.000000
1076.000000 50970.000000
1078.000000 50972.000000
1079.000000 50974.000000
1080.000000 50976.000000
1082.000000 50978.000000
1083.000000 50980.000000
1084.000000 50982.000000
1086.000000 50984.000000
1087.000000 50986.000000
1088.000000 50988.000000
1090.000000 50990.000000
1091.000000 50992.000000
1093.000000 50994.000000
1094.000000 50996.000000
1095.000000 50998.000000
1097.000000 51000.000000
1098.000000 51002.000000
1099.000000 51004.000000
1101.000000 51006.000000
1102.000000 51008.000000
1103.000000 51010.000000
1105.000000 51012.000000
1106.000000 51014.000000
1107.000000 51016.000000
1109.000000 51018.000000
1110.000000 51020.000000
1111.000000 51022.000000
1113.000000 51024.000000
1114.000000 51026.000000
1115.000000 51028.000000
1117.000000 51030.000000
1118.000000 51032.000000
1120.000000 51034.000000
1121.000000 51036.000000
1122.000000 51038.000000
1124.000000 51040.000000
1125.000000 51042.000000
1127.000000 51044.000000
1128.000000 51046.000000
1129.000000 51048.000000
1131.000000 51050.000000
1132.000000 51052.000000
1133.000000 51054.000000
1135.000000 51056.000000
1136.000000 51058.000000
1137.000000 51060.000000
1139.000000 51062.000000
1140.000000 51064.000000
1141.000000 51066.000000
1143.000000 51068.000000
1144.000000 51070.000000
1145.000000 51072.000000
1147.000000 51074.000000
1148.000000 51076.000000
1150.000000 51078.000000
1151.000000 51080.000000
1152.000000 51082.000000
1154.000000 51084.000000
1155.000000 51086.000000
1156.000000 51088.000000
1158.000000 51090.000000
1159.000000 51092.000000
1160.000000 51094.000000
1162.000000 51096.000000
1163.000000 51098.000000
1164.000000 51100.000000
1166.000000 51102.000000
1167.000000 51104.000000
1169.000000 51106.000000
1170.000000 51108.000000
1171.000000 51110.000000
1173.000000 51112.000000
1174.000000 51114.000000
1175.000000 51116.000000
1177.000000 51118.000000
1178.000000 51120.000000
1179.000000 51122.000000
1181.000000 51124.000000
1182.000000 51126.000000
1183.000000 51128.000000
1185.000000 51130.000000
1186.000000 51132.000000
1187.000000 51134.000000
1189.000000 51136.000000
1190.000000 51138.000000
1192.000000 51140.000000
1193.000000 51142.000000
1194.000000 51144.000000
1196.000000 51146.000000
1197.000000 51148.000000
1198.000000 51150.000000
1200.000000 51152.000000
1201.000000 51154.000000
1203.000000 51156.000000
1204.000000 51158.000000
1205.000000 51160.000000
1207.000000 51162.000000
1208.000000 51164.000000
1209.000000 51166.000000
1211.000000 51168.000000
1212.000000 51170.000000
1213.000000 51172.000000
1215.000000 51174.000000
1216.000000 51176.000000
1217.000000 51178.000000
1219.000000 51180.000000
1220.000000 51182.000000
1221.000000 51184.000000
1223.000000 51186.000000
1224.000000 51188.000000
1226.000000 51190.000000
1227.000000 51192.000000
1228.000000 51194.000000
1230.000000 51196.000000
1231.000000 51198.000000
1232.000000 51200.000000
1234.000000 51202.000000
1235.000000 51204.000000
1236.000000 51206.000000
1238.000000 51208.000000
1239.000000 51210.000000
1241.000000 51212.000000
1242.000000 51214.000000
1243.000000 51216.000000
1245.000000 51218.000000
1246.000000 51220.000000
1247.000000 51222.000000
1249.000000 51224.000000
1250.000000 51226.000000
1251.000000 51228.000000
1253.000000 51230.000000
1254.000000 51232.000000
1255.000000 51234.000000
1257.000000 51236.000000
1258.000000 51238.000000
1259.000000 51240.000000
1261.000000 51242.000000
1262.000000 51244.000000
1264.000000 51246.000000
1265.000000 51248.000000
1266.000000 51250.000000
1268.000000 51252.000000
1269.000000 51254.000000
1270.000000 51256.000000
1272.000000 51258.000000
1273.000000 51260.000000
1275.000000 51262.000000
1276.000000 51264.000000
1277.000000 51266.000000
1279.000000 51268.000000
1280.000000 51270.000000
1281.000000 51272.000000
1283.000000 51274.000000
1284.000000 51276.000000
1285.000000 51278.000000
1287.000000 51280.000000
1288.000000 51282.000000
1289.000000 51284.000000
1291.000000 51286.000000
1292.000000 51288.000000
1294.000000 51290.000000
1295.000000 51292.000000
1296.000000 51294.000000
1298.000000 51296.000000
1299.000000 51298.000000
1300.000000 51300.000000
1302.000000 51302.000000
1303.000000 51304.000000
1304.000000 51306.000000
1306.000000 51308.000000
1307.000000 51310.000000
1308.000000 51312.000000
1310.000000 51314.000000
1311.000000 51316.000000
1313.000000 51318.000000
1314.000000 51320.000000
1315.000000 51322.000000
1317.000000 51324.000000
1318.000000 51326.000000
1319.000000 51328.000000
1321.000000 51330.000000
1322.000000 51332.000000
1323.000000 51334.000000
1325.000000 51336.000000
1326.000000 51338.000000
1327.000000 51340.000000
1329.000000 51342.000000
1330.000000 51344.000000
1331.000000 51346.000000
1333.000000 51348.000000
1334.000000 51350.000000
1336.000000 51352.000000
1337.000000 51354.000000
1338.000000 51356.000000
1340.000000 51358.000000
1341.000000 51360.000000
1343.000000 51362.000000
1344.000000 51364.000000
1345.000000 51366.000000
1347.000000 51368.000000
1348.000000 51370.000000
1349.000000 51372.000000
1351.000000 51374.000000
1352.000000 51376.000000
1353.000000 51378.000000
1355.000000 51380.000000
1356.000000 51382.000000
1357.000000 51384.000000
1359.000000 51386.000000
1360.000000 51388.000000
1361.000000 51390.000000
1363.000000 51392.000000
1364.000000 51394.000000
1365.000000 51396.000000
1367.000000 51398.000000
1368.000000 51400.000000
1370.000000 51402.000000
1371.000000 51404.000000
1372.000000 51406.000000
1374.000000 51408.000000
1375.000000 51410.000000
1376.000000 51412.000000
1378.000000 51414.000000
1379.000000 51416.000000
1380.000000 51418.000000
1382.000000 51420.000000
1383.000000 51422.000000
1385.000000 51424.000000
1386.000000 51426.000000
1387.000000 51428.000000
1389.000000 51430.000000
1390.000000 51432.000000
1391.000000 51434.000000
1393.000000 51436.000000
1394.000000 51438.000000
1395.000000 51440.000000
1397.000000 51442.000000
1398.000000 51444.000000
1399.000000 51446.000000
1401.000000 51448.000000
1402.000000 51450.000000
1403.000000 51452.000000
1405.000000 51454.000000
1406.000000 51456.000000
1408.000000 51458.000000
1409.000000 51460.000000
1410.000000 51462.000000
1412.000000 51464.000000
1413.000000 51466.000000
1415.000000 51468.000000
1416.000000 51470.000000
1417.000000 51472.000000
1419.000000 51474.000000
1420.000000 51476.000000
1421.000000 51478.000000
1423.000000 51480.000000
1424.000000 51482.000000
1425.000000 51484.000000
1427.000000 51486.000000
1428.000000 51488.000000
1429.000000 51490.000000
1431.000000 51492.000000
1432.000000 51494.000000
1433.000000 51496.000000
1435.000000 51498.000000
1436.000000 51500.000000
1437.000000 51502.000000
1439.000000 51504.000000
1440.000000 51506.000000
1442.000000 51508.000000
1443.000000 51510.000000
1444.000000 51512.000000
1446.000000 51514.000000
1447.000000 51516.000000
1448.000000 51518.000000
1450.000000 51520.000000
1451.000000 51522.000000
1452.000000 51524.000000
1454.000000 51526.000000
1455.000000 51528.000000
1457.000000 51530.000000
1458.000000 51532.000000
1459.000000 51534.000000
1461.000000 51536.000000
1462.000000 51538.000000
1463.000000 51540.000000
1465.000000 51542.000000
1466.000000 51544.000000
1467.000000 51546.000000
1469.000000 51548.000000
1470.000000 51550.000000
1471.000000 51552.000000
1473.000000 51554.000000
1474.000000 51556.000000
1475.000000 51558.000000
1477.000000 51560.000000
1478.000000 51562.000000
1480.000000 51564.000000
1481.000000 51566.000000
1482.000000 51568.000000
1484.000000 51570.000000
1485.000000 51572.000000
1487.000000 51574.000000
1488.000000 51576.000000
1489.000000 51578.000000
1491.000000 51580.000000
1492.000000 51582.000000
1493.000000 51584.000000
1495.000000 51586.000000
1496.000000 51588.000000
1497.000000 51590.000000
1499.000000 51592.000000
1500.000000 51594.000000
1501.000000 51596.000000
1503.000000 51598.000000
1504.000000 51600.000000
1505.000000 51602.000000
1507.000000 51604.000000
1508.000000 51606.000000
1509.000000 51608.000000
1511.000000 51610.000000
1512.000000 51612.000000
1514.000000 51614.000000
1515.000000 51616.000000
1516.000000 51618.000000
1518.000000 51620.000000
1519.000000 51622.000000
1520.000000 51624.000000
1522.000000 51626.000000
1523.000000 51628.000000
1524.000000 51630.000000
1526.000000 51632.000000
1527.000000 51634.000000
1529.000000 51636.000000
1530.000000 51638.000000
1531.000000 51640.000000
1533.000000 51642.000000
1534.000000 51644.000000
1535.000000 51646.000000
1537.000000 51648.000000
1538.000000 51650.000000
1539.000000 51652.000000
1541.000000 51654.000000
1542.000000 51656.000000
1543.000000 51658.000000
1545.000000 51660.000000
1546.000000 51662.000000
1547.000000 51664.000000
1549.000000 51666.000000
1550.000000 51668.000000
1551.000000 51670.000000
1553.000000 51672.000000
1554.000000 51674.000000
1556.000000 51676.000000
1557.000000 51678.000000
1558.000000 51680.000000
1560.000000 51682.000000
1561.000000 51684.000000
1562.000000 51686.000000
1564.000000 51688.000000
1565.000000 51690.000000
1566.000000 51692.000000
1568.000000 51694.000000
1569.000000 51696.000000
1571.000000 51698.000000
1572.000000 51700.000000
1573.000000 51702.000000
1575.000000 51704.000000
1576.000000 51706.000000
1577.000000 51708.000000
1579.000000 51710.000000
1580.000000 51712.000000
1581.000000 51714.000000
1583.000000 51716.000000
1584.000000 51718.000000
1585.000000 51720.000000
1587.000000 51722.000000
1588.000000 51724.000000
1589.000000 51726.000000
1591.000000 51728.000000
1592.000000 51730.000000
1593.000000 51732.000000
1595.000000 51734.000000
1596.000000 51736.000000
1598.000000 51738.000000
1599.000000 51740.000000
1600.000000 51742.000000
1602.000000 51744.000000
1603.000000 51746.000000
1605.000000 51748.000000
1606.000000 51750.000000
1607.000000 51752.000000
1609.000000 51754.000000
1610.000000 51756.000000
1611.000000 51758.000000
1613.000000 51760.000000
1614.000000 51762.000000
1615.000000 51764.000000
1617.000000 51766.000000
1618.000000 51768.000000
1619.000000 51770.000000
1621.000000 51772.000000
1622.000000 51774.000000
1623.000000 51776.000000
1625.000000 51778.000000
1626.000000 51780.000000
1628.000000 51782.000000
1629.000000 51784.000000
1630.000000 51786.000000
1632.000000 51788.000000
1633.000000 51790.000000
1634.000000 51792.000000
1636.000000 51794.000000
1637.000000 51796.000000
1638.000000 51798.000000
1640.000000 51800.000000
1641.000000 51802.000000
1642.000000 51804.000000
1644.000000 51806.000000
1645.000000 51808.000000
1647.000000 51810.000000
1648.000000 51812.000000
1649.000000 51814.000000
1651.000000 51816.000000
1652.000000 51818.000000
1653.000000 51820.000000
1655.000000 51822.000000
1656.000000 51824.000000
1657.000000 51826.000000
1659.000000 51828.000000
1660.000000 51830.000000
1661.000000 51832.000000
1663.000000 51834.000000
1664.000000 51836.000000
1665.000000 51838.000000
1667.000000 51840.000000
1668.000000 51842.000000
1670.000000 51844.000000
1671.000000 51846.000000
1672.000000 51848.000000
1674.000000 51850.000000
1675.000000 51852.000000
1677.000000 51854.000000
1678.000000 51856.000000
1679.000000 51858.000000
1681.000000 51860.000000
1682.000000 51862.000000
1683.000000 51864.000000
1685.000000 51866.000000
1686.000000 51868.000000
1687.000000 51870.000000
1689.000000 51872.000000
1690.000000 51874.000000
1691.000000 51876.000000
1693.000000 51878.000000
1694.000000 51880.000000
1695.000000 51882.000000
1697.000000 51884.000000
1698.000000 51886.000000
1700.000000 51888.000000
1701.000000 51890.000000
1702.000000 51892.000000
1704.000000 51894.000000
1705.000000 51896.000000
1706.000000 51898.000000
1708.000000 51900.000000
1709.000000 51902.000000
1710.000000 51904.000000
1712.000000 51906.000000
1713.000000 51908.000000
1715.000000 51910.000000
1716.000000 51912.000000
1717.000000 51914.000000
1719.000000 51916.000000
1720.000000 51918.000000
1721.000000 51920.000000
1723.000000 51922.000000
1724.000000 51924.000000
1725.000000 51926.000000
1727.000000 51928.000000
1728.000000 51930.000000
1729.000000 51932.000000
1731.000000 51934.000000
1732.000000 51936.000000
1733.000000 51938.000000
1735.000000 51940.000000
1736.000000 51942.000000
1737.000000 51944.000000
1739.000000 51946.000000
1740.000000 51948.000000
1742.000000 51950.000000
1743.000000 51952.000000
1744.000000 51954.000000
1746.000000 51956.000000
1747.000000 51958.000000
1749.000000 51960.000000
1750.000000 51962.000000
1751.000000 51964.000000
1753.000000 51966.000000
1754.000000 51968.000000
1755.000000 51970.000000
1757.000000 51972.000000
1758.000000 51974.000000
1759.000000 51976.000000
1761.000000 51978.000000
1762.000000 51980.000000
1763.000000 51982.000000
1765.000000 51984.000000
1766.000000 51986.000000
1767.000000 51988.000000
1769.000000 51990.000000
1770.000000 51992.000000
1772.000000 51994.000000
1773.000000 51996.000000
1774.000000 51998.000000
1776.000000 52000.000000
1777.000000 52002.000000
1778.000000 52004.000000
1780.000000 52006.000000
1781.000000 52008.000000
1782.000000 52010.000000
1784.000000 52012.000000
1785.000000 52014.000000
1786.000000 52016.000000
1788.000000 52018.000000
1789.000000 52020.000000
1791.000000 52022.000000
1792.000000 52024.000000
1793.000000 52026.000000
1795.000000 52028.000000
1796.000000 52030.000000
1797.000000 52032.000000
1799.000000 52034.000000
1800.000000 52036.000000
1801.000000 52038.000000
1803.000000 52040.000000
1804.000000 52042.000000
1805.000000 52044.000000
1807.000000 52046.000000
1808.000000 52048.000000
1809.000000 52050.000000
1811.000000 52052.000000
1812.000000 52054.000000
1814.000000 52056.000000
1815.000000 52058.000000
1816.000000 52060.000000
1818.000000 52062.000000
1819.000000 52064.000000
1821.000000 52066.000000
1822.000000 52068.000000
1823.000000 52070.000000
1825.000000 52072.000000
1826.000000 52074.000000
1827.000000 52076.000000
1829.000000 52078.000000
1830.000000 52080.000000
1831.000000 52082.000000
1833.000000 52084.000000
1834.000000 52086.000000
1835.000000 52088.000000
1837.000000 52090.000000
1838.000000 52092.000000
1839.000000 52094.000000
1841.000000 52096.000000
1842.000000 52098.000000
1844.000000 52100.000000
1845.000000 52102.000000
1846.000000 52104.000000
1848.000000 52106.000000
1849.000000 52108.000000
1850.000000 52110.000000
1852.000000 52112.000000
1853.000000 52114.000000
1854.000000 52116.000000
1856.000000 52118.000000
1857.000000 52120.000000
1858.000000 52122.000000
1860.000000 52124.000000
1861.000000 52126.000000
1863.000000 52128.000000
1864.000000 52130.000000
1865.000000 52132.000000
1867.000000 52134.000000
1868.000000 52136.000000
1869.000000 52138.000000
1871.000000 52140.000000
1872.000000 52142.000000
1873.000000 52144.000000
1875.000000 52146.000000
1876.000000 52148.000000
1877.000000 52150.000000
1879.000000 52152.000000
1880.000000 52154.000000
1881.000000 52156.000000
1883.000000 52158.000000
1884.000000 52160.000000
1886.000000 52162.000000
1887.000000 52164.000000
1888.000000 52166.000000
1890.000000 52168.000000
1891.000000 52170.000000
1893.000000 52172.000000
1894.000000 52174.000000
1895.000000 52176.000000
1897.000000 52178.000000
1898.000000 52180.000000
1899.000000 52182.000000
1901.000000 52184.000000
1902.000000 52186.000000
1903.000000 52188.000000
1905.000000 52190.000000
1906.000000 52192.000000
1907.000000 52194.000000
1909.000000 52196.000000
1910.000000 52198.000000
1911.000000 52200.000000
1913.000000 52202.000000
1914.000000 52204.000000
1915.000000 52206.000000
1917.000000 52208.000000
1918.000000 52210.000000
1920.000000 52212.000000
1921.000000 52214.000000
1922.000000 52216.000000
1924.000000 52218.000000
1925.000000 52220.000000
1926.000000 52222.000000
1928.000000 52224.000000
1929.000000 52226.000000
1930.000000 52228.000000
1932.000000 52230.000000
1933.000000 52232.000000
1935.000000 52234.000000
1936.000000 52236.000000
1937.000000 52238.000000
1939.000000 52240.000000
1940.000000 52242.000000
1941.000000 52244.000000
1943.000000 52246.000000
1944.000000 52248.000000
1945.000000 52250.000000
1947.000000 52252.000000
1948.000000 52254.000000
1949.000000 52256.000000
1951.000000 52258.000000
1952.000000 52260.000000
1953.000000 52262.000000
1955.000000 52264.000000
1956.000000 52266.000000
1957.000000 52268.000000
1959.000000 52270.000000
1960.000000 52272.000000
1962.000000 52274.000000
1963.000000 52276.000000
1964.000000 52278.000000
1966.000000 52280.000000
1967.000000 52282.000000
1969.000000 52284.000000
1970.000000 52286.000000
1971.000000 52288.000000
1973.000000 52290.000000
1974.000000 52292.000000
1975.000000 52294.000000
1977.000000 52296.000000
1978.000000 52298.000000
1979.000000 52300.000000
1981.000000 52302.000000
1982.000000 52304.000000
1983.000000 52306.000000
1985.000000 52308.000000
1986.000000 52310.000000
1987.000000 52312.000000
1989.000000 52314.000000
1990.000000 52316.000000
1992.000000 52318.000000
1993.000000 52320.000000
1994.000000 52322.000000
1996.000000 52324.000000
1997.000000 52326.000000
1998.000000 52328.000000
2000.000000 52330.000000
2001.000000 52332.000000
2002.000000 52334.000000
2004.000000 52336.000000
2005.000000 52338.000000
2006.000000 52340.000000
2008.000000 52342.000000
2009.000000 52344.000000
2011.000000 52346.000000
2012.000000 52348.000000
2013.000000 52350.000000
2015.000000 52352.000000
2016.000000 52354.000000
2017.000000 52356.000000
2019.000000 52358.000000
2020.000000 52360.000000
2021.000000 52362.000000
2021.000000 52362.000000
0.000000 0.000000
0.000000 0.000000
0.000000 0.000000
0.000000 0.000000
0.000000 0.000000
0.000000 0.000000
0.000000 0.000000
0.000000 0.000000
0.000000 0.000000
0.000000 0.000000
0.000000 0.000000
0.000000 0.000000
0.000000 0.000000
0.000000 0.000000
0.000000 0.000000
0.000000 0.000000
0.000000 0.000000
2046.000000 52398.000000
2047.000000 52400.000000
2049.000000 52402.000000
2050.000000 52404.000000
2051.000000 52406.000000
2053.000000 52408.000000
2054.000000 52410.000000
2055.000000 52412.000000
2057.000000 52414.000000
2058.000000 52416.000000
2059.000000 52418.000000
2061.000000 52420.000000
2062.000000 52422.000000
2064.000000 52424.000000
2065.000000 52426.000000
2066.000000 52428.000000
2068.000000 52430.000000
2069.000000 52432.000000
2070.000000 52434.000000
2072.000000 52436.000000
2073.000000 52438.000000
2074.000000 52440.000000
2076.000000 52442.000000
2077.000000 52444.000000
2078.000000 52446.000000
2080.000000 52448.000000
2081.000000 52450.000000
2083.000000 52452.000000
2084.000000 52454.000000
2085.000000 52456.000000
2087.000000 52458.000000
2088.000000 52460.000000
2089.000000 52462.000000
2091.000000 52464.000000
2092.000000 52466.000000
2093.000000 52468.000000
2095.000000 52470.000000
2096.000000 52472.000000
2097.000000 52474.000000
2099.000000 52476.000000
2100.000000 52478.000000
2101.000000 52480.000000
2103.000000 52482.000000
2104.000000 52484.000000
2106.000000 52486.000000
2107.000000 52488.000000
2108.000000 52490.000000
2110.000000 52492.000000
2111.000000 52494.000000
2113.000000 52496.000000
2114.000000 52498.000000
2115.000000 52500.000000
2117.000000 52502.000000
2118.000000 52504.000000
2119.000000 52506.000000
2121.000000 52508.000000
2122.000000 52510.000000
2123.000000 52512.000000
2125.000000 52514.000000
2126.000000 52516.000000
2127.000000 52518.000000
2129.000000 52520.000000
2130.000000 52522.000000
2131.000000 52524.000000
2133.000000 52526.000000
2134.000000 52528.000000
2136.000000 52530.000000
2137.000000 52532.000000
2138.000000 52534.000000
2140.000000 52536.000000
2141.000000 52538.000000
2142.000000 52540.000000
2144.000000 52542.000000
2145.000000 52544.000000
2146.000000 52546.000000
2148.000000 52548.000000
2149.000000 52550.000000
2150.000000 52552.000000
2152.000000 52554.000000
2153.000000 52556.000000
2155.000000 52558.000000
2156.000000 52560.000000
2157.000000 52562.000000
2159.000000 52564.000000
2160.000000 52566.000000
2161.000000 52568.000000
2163.000000 52570.000000
2164.000000 52572.000000
2165.000000 52574.000000
2167.000000 52576.000000
2168.000000 52578.000000
2169.000000 52580.000000
2171.000000 52582.000000
2172.000000 52584.000000
2173.000000 52586.000000
2175.000000 52588.000000
2176.000000 52590.000000
2178.000000 52592.000000
2179.000000 52594.000000
2180.000000 52596.000000
2182.000000 52598.000000
2183.000000 52600.000000
2185.000000 52602.000000
2186.000000 52604.000000
2187.000000 52606.000000
2189.000000 52608.000000
2190.000000 52610.000000
2191.000000 52612.000000
2193.000000 52614.000000
2194.000000 52616.000000
2195.000000 52618.000000
2197.000000 52620.000000
2198.000000 52622.000000
2199.000000 52624.000000
2201.000000 52626.000000
2202.000000 52628.000000
2203.000000 52630.000000
2205.000000 52632.000000
2206.000000 52634.000000
2208.000000 52636.000000
2209.000000 52638.000000
2210.000000 52640.000000
2212.000000 52642.000000
2213.000000 52644.000000
2214.000000 52646.000000
2216.000000 52648.000000
2217.000000 52650.000000
2218.000000 52652.000000
2220.000000 52654.000000
2221.000000 52656.000000
2223.000000 52658.000000
2224.000000 52660.000000
2225.000000 52662.000000
2227.000000 52664.000000
2228.000000 52666.000000
2229.000000 52668.000000
2231.000000 52670.000000
2232.000000 52672.000000
2233.000000 52674.000000
2235.000000 52676.000000
2236.000000 52678.000000
2237.000000 52680.000000
2239.000000 52682.000000
2240.000000 52684.000000
2241.000000 52686.000000
2243.000000 52688.000000
2244.000000 52690.000000
2246.000000 52692.000000
2247.000000 52694.000000
2248.000000 52696.000000
2250.000000 52698.000000
2251.000000 52700.000000
2253.000000 52702.000000
2254.000000 52704.000000
2255.000000 52706.000000
2257.000000 52708.000000
2258.000000 52710.000000
2259.000000 52712.000000
2261.000000 52714.000000
2262.000000 52716.000000
2263.000000 52718.000000
2265.000000 52720.000000
2266.000000 52722.000000
2267.000000 52724.000000
2269.000000 52726.000000
2270.000000 52728.000000
2271.000000 52730.000000
2273.000000 52732.000000
2274.000000 52734.000000
2276.000000 52736.000000
2277.000000 52738.000000
2278.000000 52740.000000
2280.000000 52742.000000
2281.000000 52744.000000
2282.000000 52746.000000
2284.000000 52748.000000
2285.000000 52750.000000
2286.000000 52752.000000
2288.000000 52754.000000
2289.000000 52756.000000
2291.000000 52758.000000
2292.000000 52760.000000
2293.000000 52762.000000
2295.000000 52764.000000
2296.000000 52766.000000
2297.000000 52768.000000
2299.000000 52770.000000
2300.000000 52772.000000
2301.000000 52774.000000
2303.000000 52776.000000
2304.000000 52778.000000
2305.000000 52780.000000
2307.000000 52782.000000
2308.000000 52784.000000
2309.000000 52786.000000
2311.000000 52788.000000
2312.000000 52790.000000
2313.000000 52792.000000
2315.000000 52794.000000
2316.000000 52796.000000
2318.000000 52798.000000
2319.000000 52800.000000
2320.000000 52802.000000
2322.000000 52804.000000
2323.000000 52806.000000
2325.000000 52808.000000
2326.000000 52810.000000
2327.000000 52812.000000
2329.000000 52814.000000
2330.000000 52816.000000
2331.000000 52818.000000
2333.000000 52820.000000
2334.000000 52822.000000
2335.000000 52824.000000
2337.000000 52826.000000
2338.000000 52828.000000
2339.000000 52830.000000
2341.000000 52832.000000
2342.000000 52834.000000
2343.000000 52836.000000
2345.000000 52838.000000
2346.000000 52840.000000
2348.000000 52842.000000
2349.000000 52844.000000
2350.000000 52846.000000
2352.000000 52848.000000
2353.000000 52850.000000
2354.000000 52852.000000
2356.000000 52854.000000
2357.000000 52856.000000
2358.000000 52858.000000
2360.000000 52860.000000
2361.000000 52862.000000
2362.000000 52864.000000
2364.000000 52866.000000
2365.000000 52868.000000
2367.000000 52870.000000
2368.000000 52872.000000
2369.000000 52874.000000
2371.000000 52876.000000
2372.000000 52878.000000
2373.000000 52880.000000
2375.000000 52882.000000
2376.000000 52884.000000
2377.000000 52886.000000
2379.000000 52888.000000
2380.000000 52890.000000
2381.000000 52892.000000
2383.000000 52894.000000
2384.000000 52896.000000
2385.000000 52898.000000
2387.000000 52900.000000
2388.000000 52902.000000
2390.000000 52904.000000
2391.000000 52906.000000
2392.000000 52908.000000
2394.000000 52910.000000
2395.000000 52912.000000
2397.000000 52914.000000
2398.000000 52916.000000
2399.000000 52918.000000
2401.000000 52920.000000
2402.000000 52922.000000
2403.000000 52924.000000
2405.000000 52926.000000
2406.000000 52928.000000
2407.000000 52930.000000
2409.000000 52932.000000
2410.000000 52934.000000
2411.000000 52936.000000
2413.000000 52938.000000
2414.000000 52940.000000
2415.000000 52942.000000
2417.000000 52944.000000
2418.000000 52946.000000
2420.000000 52948.000000
2421.000000 52950.000000
2422.000000 52952.000000
2424.000000 52954.000000
2425.000000 52956.000000
2426.000000 52958.000000
2428.000000 52960.000000
2429.000000 52962.000000
2430.000000 52964.000000
2432.000000 52966.000000
2433.000000 52968.000000
2434.000000 52970.000000
2436.000000 52972.000000
2437.000000 52974.000000
2439.000000 52976.000000
2440.000000 52978.000000
2441.000000 52980.000000
2443.000000 52982.000000
2444.000000 52984.000000
2445.000000 52986.000000
2447.000000 52988.000000
2448.000000 52990.000000
2449.000000 52992.000000
2451.000000 52994.000000
2452.000000 52996.000000
2453.000000 52998.000000
2455.000000 53000.000000
2456.000000 53002.000000
2457.000000 53004.000000
2459.000000 53006.000000
2460.000000 53008.000000
2462.000000 53010.000000
2463.000000 53012.000000
2464.000000 53014.000000
2466.000000 53016.000000
2467.000000 53018.000000
2469.000000 53020.000000
2470.000000 53022.000000
2471.000000 53024.000000
2473.000000 53026.000000
2474.000000 53028.000000
2475.000000 53030.000000
2477.000000 53032.000000
2478.000000 53034.000000
2479.000000 53036.000000
2481.000000 53038.000000
2482.000000 53040.000000
2483.000000 53042.000000
2485.000000 53044.000000
2486.000000 53046.000000
2487.000000 53048.000000
2489.000000 53050.000000
2490.000000 53052.000000
2492.000000 53054.000000
2493.000000 53056.000000
2494.000000 53058.000000
2496.000000 53060.000000
2497.000000 53062.000000
2498.000000 53064.000000
2500.000000 53066.000000
2501.000000 53068.000000
2502.000000 53070.000000
2504.000000 53072.000000
2505.000000 53074.000000
2506.000000 53076.000000
2508.000000 53078.000000
2509.000000 53080.000000
2511.000000 53082.000000
2512.000000 53084.000000
2513.000000 53086.000000
2515.000000 53088.000000
2516.000000 53090.000000
2517.000000 53092.000000
2519.000000 53094.000000
2520.000000 53096.000000
2521.000000 53098.000000
2523.000000 53100.000000
2524.000000 53102.000000
2525.000000 53104.000000
2527.000000 53106.000000
2528.000000 53108.000000
2529.000000 53110.000000
2531.000000 53112.000000
2532.000000 53114.000000
2534.000000 53116.000000
2535.000000 53118.000000
2536.000000 53120.000000
2536.000000 53120.000000
0.000000 0.000000
0.000000 0.000000
0.000000 0.000000
0.000000 0.000000
0.000000 0.000000
0.000000 0.000000
0.000000 0.000000
0.000000 0.000000
0.000000 0.000000
0.000000 0.000000
0.000000 0.000000
0.000000 0.000000
0.000000 0.000000
0.000000 0.000000
0.000000 0.000000
0.000000 0.000000
0.000000 0.000000
0.000000 0.000000
0.000000 0.000000
0.000000 0.000000
0.000000 0.000000
0.000000 0.000000
0.000000 0.000000
0.000000 0.000000
0.000000 0.000000
0.000000 0.000000
2573.000000 53174.000000
2574.000000 53176.000000
2576.000000 53178.000000
2577.000000 53180.000000
2578.000000 53182.000000
2580.000000 53184.000000
2581.000000 53186.000000
2583.000000 53188.000000
2584.000000 53190.000000
2585.000000 53192.000000
2587.000000 53194.000000
2588.000000 53196.000000
2589.000000 53198.000000
2591.000000 53200.000000
2592.000000 53202.000000
2593.000000 53204.000000
2595.000000 53206.000000
2596.000000 53208.000000
2597.000000 53210.000000
2599.000000 53212.000000
2600.000000 53214.000000
2601.000000 53216.000000
2603.000000 53218.000000
2604.000000 53220.000000
2606.000000 53222.000000
2607.000000 53224.000000
2608.000000 53226.000000
2610.000000 53228.000000
2611.000000 53230.000000
2613.000000 53232.000000
2614.000000 53234.000000
2615.000000 53236.000000
2617.000000 53238.000000
2618.000000 53240.000000
2619.000000 53242.000000
2621.000000 53244.000000
2622.000000 53246.000000
2623.000000 53248.000000
2625.000000 53250.000000
2626.000000 53252.000000
2627.000000 53254.000000
2629.000000 53256.000000
2630.000000 53258.000000
2631.000000 53260.000000
2633.000000 53262.000000
2634.000000 53264.000000
2635.000000 53266.000000
2637.000000 53268.000000
2638.000000 53270.000000
2640.000000 53272.000000
2641.000000 53274.000000
2642.000000 53276.000000
2644.000000 53278.000000
2645.000000 53280.000000
2646.000000 53282.000000
2648.000000 53284.000000
2649.000000 53286.000000
2651.000000 53288.000000
2652.000000 53290.000000
2653.000000 53292.000000
2655.000000 53294.000000
2656.000000 53296.000000
2657.000000 53298.000000
2659.000000 53300.000000
2660.000000 53302.000000
2661.000000 53304.000000
2663.000000 53306.000000
2664.000000 53308.000000
2665.000000 53310.000000
2667.000000 53312.000000
2668.000000 53314.000000
2669.000000 53316.000000
2671.000000 53318.000000
2672.000000 53320.000000
2673.000000 53322.000000
2675.000000 53324.000000
2676.000000 53326.000000
2678.000000 53328.000000
2679.000000 53330.000000
2680.000000 53332.000000
2682.000000 53334.000000
2683.000000 53336.000000
2685.000000 53338.000000
2686.000000 53340.000000
2687.000000 53342.000000
2689.000000 53344.000000
2690.000000 53346.000000
2691.000000 53348.000000
2693.000000 53350.000000
2694.000000 53352.000000
2695.000000 53354.000000
2697.000000 53356.000000
2698.000000 53358.000000
2699.000000 53360.000000
2701.000000 53362.000000
2702.000000 53364.000000
2704.000000 53366.000000
2705.000000 53368.000000
2706.000000 53370.000000
2708.000000 53372.000000
2709.000000 53374.000000
2710.000000 53376.000000
2712.000000 53378.000000
2713.000000 53380.000000
2714.000000 53382.000000
2716.000000 53384.000000
2717.000000 53386.000000
2718.000000 53388.000000
2720.000000 53390.000000
2721.000000 53392.000000
2723.000000 53394.000000
2724.000000 53396.000000
2725.000000 53398.000000
2727.000000 53400.000000
2728.000000 53402.000000
2729.000000 53404.000000
2731.000000 53406.000000
2732.000000 53408.000000
2733.000000 53410.000000
2735.000000 53412.000000
2736.000000 53414.000000
2737.000000 53416.000000
2739.000000 53418.000000
2740.000000 53420.000000
2741.000000 53422.000000
2743.000000 53424.000000
2744.000000 53426.000000
2746.000000 53428.000000
2747.000000 53430.000000
2748.000000 53432.000000
2750.000000 53434.000000
2751.000000 53436.000000
2753.000000 53438.000000
2754.000000 53440.000000
2755.000000 53442.000000
2757.000000 53444.000000
2758.000000 53446.000000
2759.000000 53448.000000
2761.000000 53450.000000
2762.000000 53452.000000
2763.000000 53454.000000
2765.000000 53456.000000
2766.000000 53458.000000
2767.000000 53460.000000
2769.000000 53462.000000
2770.000000 53464.000000
2771.000000 53466.000000
2773.000000 53468.000000
2774.000000 53470.000000
2775.000000 53472.000000
2777.000000 53474.000000
2778.000000 53476.000000
2780.000000 53478.000000
2781.000000 53480.000000
2782.000000 53482.000000
2784.000000 53484.000000
2785.000000 53486.000000
2786.000000 53488.000000
2788.000000 53490.000000
2789.000000 53492.000000
2791.000000 53494.000000
2792.000000 53496.000000
2793.000000 53498.000000
2795.000000 53500.000000
2796.000000 53502.000000
2797.000000 53504.000000
2799.000000 53506.000000
2800.000000 53508.000000
2801.000000 53510.000000
2803.000000 53512.000000
2804.000000 53514.000000
2805.000000 53516.000000
2807.000000 53518.000000
2808.000000 53520.000000
2809.000000 53522.000000
2811.000000 53524.000000
2812.000000 53526.000000
2813.000000 53528.000000
2815.000000 53530.000000
2816.000000 53532.000000
2817.000000 53534.000000
2819.000000 53536.000000
2820.000000 53538.000000
2822.000000 53540.000000
2823.000000 53542.000000
2824.000000 53544.000000
2826.000000 53546.000000
2827.000000 53548.000000
2829.000000 53550.000000
2830.000000 53552.000000
2831.000000 53554.000000
2833.000000 53556.000000
2834.000000 53558.000000
2835.000000 53560.000000
2837.000000 53562.000000
2838.000000 53564.000000
2839.000000 53566.000000
2841.000000 53568.000000
2842.000000 53570.000000
2843.000000 53572.000000
2845.000000 53574.000000
2846.000000 53576.000000
2847.000000 53578.000000
2849.000000 53580.000000
2850.000000 53582.000000
2852.000000 53584.000000
2853.000000 53586.000000
2854.000000 53588.000000
2856.000000 53590.000000
2857.000000 53592.000000
2858.000000 53594.000000
2860.000000 53596.000000
2861.000000 53598.000000
2862.000000 53600.000000
2864.000000 53602.000000
2865.000000 53604.000000
2867.000000 53606.000000
2868.000000 53608.000000
2869.000000 53610.000000
2871.000000 53612.000000
2872.000000 53614.000000
2873.000000 53616.000000
2875.000000 53618.000000
2876.000000 53620.000000
2877.000000 53622.000000
2879.000000 53624.000000
2880.000000 53626.000000
2881.000000 53628.000000
2883.000000 53630.000000
2884.000000 53632.000000
2885.000000 53634.000000
2887.000000 53636.000000
2888.000000 53638.000000
2889.000000 53640.000000
2891.000000 53642.000000
2892.000000 53644.000000
2894.000000 53646.000000
2895.000000 53648.000000
2896.000000 53650.000000
2898.000000 53652.000000
2899.000000 53654.000000
2900.000000 53656.000000
2902.000000 53658.000000
2903.000000 53660.000000
2905.000000 53662.000000
2906.000000 53664.000000
2907.000000 53666.000000
2909.000000 53668.000000
2910.000000 53670.000000
2910.000000 53670.000000
0.000000 0.000000
0.000000 0.000000
0.000000 0.000000
0.000000 0.000000
0.000000 0.000000
0.000000 0.000000
0.000000 0.000000
0.000000 0.000000
0.000000 0.000000
0.000000 0.000000
0.000000 0.000000
0.000000 0.000000
2928.000000 53696.000000
2929.000000 53698.000000
2930.000000 53700.000000
2932.000000 53702.000000
2933.000000 53704.000000
2934.000000 53706.000000
2936.000000 53708.000000
2937.000000 53710.000000
2938.000000 53712.000000
2940.000000 53714.000000
2941.000000 53716.000000
2943.000000 53718.000000
2944.000000 53720.000000
2945.000000 53722.000000
2947.000000 53724.000000
2948.000000 53726.000000
2949.000000 53728.000000
2951.000000 53730.000000
2952.000000 53732.000000
2953.000000 53734.000000
2955.000000 53736.000000
2956.000000 53738.000000
2957.000000 53740.000000
2959.000000 53742.000000
2960.000000 53744.000000
2961.000000 53746.000000
2963.000000 53748.000000
2964.000000 53750.000000
2966.000000 53752.000000
2967.000000 53754.000000
2968.000000 53756.000000
2970.000000 53758.000000
2971.000000 53760.000000
2972.000000 53762.000000
2974.000000 53764.000000
2975.000000 53766.000000
2977.000000 53768.000000
2978.000000 53770.000000
2979.000000 53772.000000
2981.000000 53774.000000
2982.000000 53776.000000
2983.000000 53778.000000
2985.000000 53780.000000
2986.000000 53782.000000
2987.000000 53784.000000
2989.000000 53786.000000
2990.000000 53788.000000
2991.000000 53790.000000
2993.000000 53792.000000
2994.000000 53794.000000
2995.000000 53796.000000
2997.000000 53798.000000
2998.000000 53800.000000
3000.000000 53802.000000
3001.000000 53804.000000
3002.000000 53806.000000
3004.000000 53808.000000
3005.000000 53810.000000
3006.000000 53812.000000
3008.000000 53814.000000
3009.000000 53816.000000
3010.000000 53818.000000
3012.000000 53820.000000
3013.000000 53822.000000
3015.000000 53824.000000
3016.000000 53826.000000
3017.000000 53828.000000
3019.000000 53830.000000
3020.000000 53832.000000
3021.000000 53834.000000
3023.000000 53836.000000
3024.000000 53838.000000
3025.000000 53840.000000
3027.000000 53842.000000
3028.000000 53844.000000
3029.000000 53846.000000
3031.000000 53848.000000
3032.000000 53850.000000
3033.000000 53852.000000
3035.000000 53854.000000
3036.000000 53856.000000
3038.000000 53858.000000
3039.000000 53860.000000
3040.000000 53862.000000
3042.000000 53864.000000
3043.000000 53866.000000
3045.000000 53868.000000
3046.000000 53870.000000
3047.000000 53872.000000
3049.000000 53874.000000
3050.000000 53876.000000
3051.000000 53878.000000
3053.000000 53880.000000
3054.000000 53882.000000
3055.000000 53884.000000
3057.000000 53886.000000
3058.000000 53888.000000
3059.000000 53890.000000
3061.000000 53892.000000
3062.000000 53894.000000
3063.000000 53896.000000
3065.000000 53898.000000
3066.000000 53900.000000
3068.000000 53902.000000
3069.000000 53904.000000
3070.000000 53906.000000
3072.000000 53908.000000
3073.000000 53910.000000
3074.000000 53912.000000
3076.000000 53914.000000
3077.000000 53916.000000
3078.000000 53918.000000
3080.000000 53920.000000
3081.000000 53922.000000
3082.000000 53924.000000
3084.000000 53926.000000
3085.000000 53928.000000
3087.000000 53930.000000
3088.000000 53932.000000
3089.000000 53934.000000
3091.000000 53936.000000
3092.000000 53938.000000
3093.000000 53940.000000
3095.000000 53942.000000
3096.000000 53944.000000
3097.000000 53946.000000
3099.000000 53948.000000
3100.000000 53950.000000
3101.000000 53952.000000
3103.000000 53954.000000
3104.000000 53956.000000
3105.000000 53958.000000
3107.000000 53960.000000
3108.000000 53962.000000
3110.000000 53964.000000
3111.000000 53966.000000
3113.000000 53968.000000
3114.000000 53970.000000
3115.000000 53972.000000
3117.000000 53974.000000
3118.000000 53976.000000
3119.000000 53978.000000
3121.000000 53980.000000
3122.000000 53982.000000
3123.000000 53984.000000
3125.000000 53986.000000
3126.000000 53988.000000
3127.000000 53990.000000
3129.000000 53992.000000
3130.000000 53994.000000
3131.000000 53996.000000
3133.000000 53998.000000
3134.000000 54000.000000
3135.000000 54002.000000
3137.000000 54004.000000
3138.000000 54006.000000
3140.000000 54008.000000
3141.000000 54010.000000
3142.000000 54012.000000
3144.000000 54014.000000
3145.000000 54016.000000
3147.000000 54018.000000
3148.000000 54020.000000
3149.000000 54022.000000
3151.000000 54024.000000
3152.000000 54026.000000
3153.000000 54028.000000
3155.000000 54030.000000
3156.000000 54032.000000
3157.000000 54034.000000
3159.000000 54036.000000
3160.000000 54038.000000
3161.000000 54040.000000
3163.000000 54042.000000
3164.000000 54044.000000
3165.000000 54046.000000
3167.000000 54048.000000
3168.000000 54050.000000
3169.000000 54052.000000
3171.000000 54054.000000
3172.000000 54056.000000
3173.000000 54058.000000
3175.000000 54060.000000
3176.000000 54062.000000
3178.000000 54064.000000
3179.000000 54066.000000
3180.000000 54068.000000
3182.000000 54070.000000
3183.000000 54072.000000
3185.000000 54074.000000
3186.000000 54076.000000
3187.000000 54078.000000
3189.000000 54080.000000
3190.000000 54082.000000
3191.000000 54084.000000
3193.000000 54086.000000
3194.000000 54088.000000
3195.000000 54090.000000
3197.000000 54092.000000
3198.000000 54094.000000
3199.000000 54096.000000
3201.000000 54098.000000
3202.000000 54100.000000
3203.000000 54102.000000
3205.000000 54104.000000
3206.000000 54106.000000
3207.000000 54108.000000
3209.000000 54110.000000
3210.000000 54112.000000
3212.000000 54114.000000
3213.000000 54116.000000
3214.000000 54118.000000
3216.000000 54120.000000
3217.000000 54122.000000
3218.000000 54124.000000
3220.000000 54126.000000
3221.000000 54128.000000
3223.000000 54130.000000
3224.000000 54132.000000
3225.000000 54134.000000
3227.000000 54136.000000
3228.000000 54138.000000
3229.000000 54140.000000
3231.000000 54142.000000
3232.000000 54144.000000
3233.000000 54146.000000
3235.000000 54148.000000
3236.000000 54150.000000
3237.000000 54152.000000
3239.000000 54154.000000
3240.000000 54156.000000
3241.000000 54158.000000
3243.000000 54160.000000
3244.000000 54162.000000
3246.000000 54164.000000
3247.000000 54166.000000
3248.000000 54168.000000
3250.000000 54170.000000
3251.000000 54172.000000
3252.000000 54174.000000
3254.000000 54176.000000
3255.000000 54178.000000
3256.000000 54180.000000
3258.000000 54182.000000
3259.000000 54184.000000
3261.000000 54186.000000
3262.000000 54188.000000
3263.000000 54190.000000
3265.000000 54192.000000
3266.000000 54194.000000
3267.000000 54196.000000
3269.000000 54198.000000
3270.000000 54200.000000
3271.000000 54202.000000
3273.000000 54204.000000
3274.000000 54206.000000
3275.000000 54208.000000
3277.000000 54210.000000
3278.000000 54212.000000
3280.000000 54214.000000
3281.000000 54216.000000
3282.000000 54218.000000
3284.000000 54220.000000
3285.000000 54222.000000
3286.000000 54224.000000
3288.000000 54226.000000
3289.000000 54228.000000
3290.000000 54230.000000
3292.000000 54232.000000
3293.000000 54234.000000
3294.000000 54236.000000
3296.000000 54238.000000
3297.000000 54240.000000
3298.000000 54242.000000
3300.000000 54244.000000
3301.000000 54246.000000
3303.000000 54248.000000
3304.000000 54250.000000
3305.000000 54252.000000
3307.000000 54254.000000
3308.000000 54256.000000
3309.000000 54258.000000
3311.000000 54260.000000
3312.000000 54262.000000
3313.000000 54264.000000
3315.000000 54266.000000
3316.000000 54268.000000
3317.000000 54270.000000
3319.000000 54272.000000
3320.000000 54274.000000
3321.000000 54276.000000
3323.000000 54278.000000
3324.000000 54280.000000
3326.000000 54282.000000
3327.000000 54284.000000
3328.000000 54286.000000
3330.000000 54288.000000
3331.000000 54290.000000
3333.000000 54292.000000
3334.000000 54294.000000
3335.000000 54296.000000
3337.000000 54298.000000
3338.000000 54300.000000
3339.000000 54302.000000
3341.000000 54304.000000
3342.000000 54306.000000
3343.000000 54308.000000
3345.000000 54310.000000
3346.000000 54312.000000
3347.000000 54314.000000
3349.000000 54316.000000
3350.000000 54318.000000
3351.000000 54320.000000
3353.000000 54322.000000
3354.000000 54324.000000
3355.000000 54326.000000
3357.000000 54328.000000
3358.000000 54330.000000
3360.000000 54332.000000
3361.000000 54334.000000
3362.000000 54336.000000
3364.000000 54338.000000
3365.000000 54340.000000
3366.000000 54342.000000
3368.000000 54344.000000
3369.000000 54346.000000
3370.000000 54348.000000
3372.000000 54350.000000
3373.000000 54352.000000
3375.000000 54354.000000
3376.000000 54356.000000
3377.000000 54358.000000
3379.000000 54360.000000
3380.000000 54362.000000
3381.000000 54364.000000
3383.000000 54366.000000
3384.000000 54368.000000
3385.000000 54370.000000
3387.000000 54372.000000
3388.000000 54374.000000
3389.000000 54376.000000
3391.000000 54378.000000
3392.000000 54380.000000
3393.000000 54382.000000
3395.000000 54384.000000
3396.000000 54386.000000
3397.000000 54388.000000
3399.000000 54390.000000
3400.000000 54392.000000
3402.000000 54394.000000
3403.000000 54396.000000
3404.000000 54398.000000
3406.000000 54400.000000
3407.000000 54402.000000
3409.000000 54404.000000
3410.000000 54406.000000
3411.000000 54408.000000
3413.000000 54410.000000
3414.000000 54412.000000
3415.000000 54414.000000
3417.000000 54416.000000
3418.000000 54418.000000
3419.000000 54420.000000
3421.000000 54422.000000
3422.000000 54424.000000
3423.000000 54426.000000
3425.000000 54428.000000
3426.000000 54430.000000
3427.000000 54432.000000
3429.000000 54434.000000
3430.000000 54436.000000
3432.000000 54438.000000
3433.000000 54440.000000
3434.000000 54442.000000
3436.000000 54444.000000
3437.000000 54446.000000
3438.000000 54448.000000
3440.000000 54450.000000
3441.000000 54452.000000
3442.000000 54454.000000
3444.000000 54456.000000
3445.000000 54458.000000
3447.000000 54460.000000
3448.000000 54462.000000
3449.000000 54464.000000
3451.000000 54466.000000
3452.000000 54468.000000
3453.000000 54470.000000
3455.000000 54472.000000
3456.000000 54474.000000
3457.000000 54476.000000
3459.000000 54478.000000
3460.000000 54480.000000
3461.000000 54482.000000
3463.000000 54484.000000
3464.000000 54486.000000
3465.000000 54488.000000
3467.000000 54490.000000
3468.000000 54492.000000
3469.000000 54494.000000
3471.000000 54496.000000
3472.000000 54498.000000
3474.000000 54500.000000
3475.000000 54502.000000
3477.000000 54504.000000
3478.000000 54506.000000
3479.000000 54508.000000
3481.000000 54510.000000
3482.000000 54512.000000
3483.000000 54514.000000
3485.000000 54516.000000
3486.000000 54518.000000
3487.000000 54520.000000
3489.000000 54522.000000
3490.000000 54524.000000
3491.000000 54526.000000
3493.000000 54528.000000
3494.000000 54530.000000
3495.000000 54532.000000
3497.000000 54534.000000
3498.000000 54536.000000
3499.000000 54538.000000
3501.000000 54540.000000
3502.000000 54542.000000
3504.000000 54544.000000
3505.000000 54546.000000
3506.000000 54548.000000
3508.000000 54550.000000
3509.000000 54552.000000
3510.000000 54554.000000
3512.000000 54556.000000
3513.000000 54558.000000
3514.000000 54560.000000
3516.000000 54562.000000
3517.000000 54564.000000
3519.000000 54566.000000
3520.000000 54568.000000
3521.000000 54570.000000
3523.000000 54572.000000
3524.000000 54574.000000
3525.000000 54576.000000
3527.000000 54578.000000
3528.000000 54580.000000
3529.000000 54582.000000
3531.000000 54584.000000
3532.000000 54586.000000
3533.000000 54588.000000
3535.000000 54590.000000
3536.000000 54592.000000
3537.000000 54594.000000
3539.000000 54596.000000
3540.000000 54598.000000
3541.000000 54600.000000
3543.000000 54602.000000
3544.000000 54604.000000
3546.000000 54606.000000
3547.000000 54608.000000
3548.000000 54610.000000
3550.000000 54612.000000
3551.000000 54614.000000
3553.000000 54616.000000
3554.000000 54618.000000
3555.000000 54620.000000
3557.000000 54622.000000
3558.000000 54624.000000
3559.000000 54626.000000
3561.000000 54628.000000
3562.000000 54630.000000
3563.000000 54632.000000
3565.000000 54634.000000
3566.000000 54636.000000
3567.000000 54638.000000
3569.000000 54640.000000
3570.000000 54642.000000
3571.000000 54644.000000
3573.000000 54646.000000
3574.000000 54648.000000
3576.000000 54650.000000
3577.000000 54652.000000
3578.000000 54654.000000
3580.000000 54656.000000
3581.000000 54658.000000
3582.000000 54660.000000
3584.000000 54662.000000
3585.000000 54664.000000
3586.000000 54666.000000
3588.000000 54668.000000
3589.000000 54670.000000
3591.000000 54672.000000
3592.000000 54674.000000
3593.000000 54676.000000
3595.000000 54678.000000
3596.000000 54680.000000
3597.000000 54682.000000
3599.000000 54684.000000
3600.000000 54686.000000
3601.000000 54688.000000
3603.000000 54690.000000
3604.000000 54692.000000
3605.000000 54694.000000
3607.000000 54696.000000
3608.000000 54698.000000
3609.000000 54700.000000
3611.000000 54702.000000
3612.000000 54704.000000
3614.000000 54706.000000
3615.000000 54708.000000
3616.000000 54710.000000
3618.000000 54712.000000
3619.000000 54714.000000
3620.000000 54716.000000
3622.000000 54718.000000
3623.000000 54720.000000
3625.000000 54722.000000
3626.000000 54724.000000
3627.000000 54726.000000
3629.000000 54728.000000
3630.000000 54730.000000
3631.000000 54732.000000
3633.000000 54734.000000
3634.000000 54736.000000
3635.000000 54738.000000
3637.000000 54740.000000
3638.000000 54742.000000
3639.000000 54744.000000
3641.000000 54746.000000
3642.000000 54748.000000
3643.000000 54750.000000
3645.000000 54752.000000
3646.000000 54754.000000
3647.000000 54756.000000
3649.000000 54758.000000
3650.000000 54760.000000
3652.000000 54762.000000
3653.000000 54764.000000
3654.000000 54766.000000
3656.000000 54768.000000
3657.000000 54770.000000
3658.000000 54772.000000
3660.000000 54774.000000
3661.000000 54776.000000
3662.000000 54778.000000
3664.000000 54780.000000
3665.000000 54782.000000
3667.000000 54784.000000
3668.000000 54786.000000
3669.000000 54788.000000
3671.000000 54790.000000
3672.000000 54792.000000
3673.000000 54794.000000
3675.000000 54796.000000
3676.000000 54798.000000
3677.000000 54800.000000
3679.000000 54802.000000
3680.000000 54804.000000
3681.000000 54806.000000
3683.000000 54808.000000
3684.000000 54810.000000
3685.000000 54812.000000
3687.000000 54814.000000
3688.000000 54816.000000
3690.000000 54818.000000
3691.000000 54820.000000
3692.000000 54822.000000
3694.000000 54824.000000
3695.000000 54826.000000
3696.000000 54828.000000
3698.000000 54830.000000
3699.000000 54832.000000
3701.000000 54834.000000
3702.000000 54836.000000
3703.000000 54838.000000
3704.000000 54840.000000
3706.000000 54842.000000
3707.000000 54844.000000
3709.000000 54846.000000
3710.000000 54848.000000
3711.000000 54850.000000
3713.000000 54852.000000
3714.000000 54854.000000
3715.000000 54856.000000
3717.000000 54858.000000
3718.000000 54860.000000
3719.000000 54862.000000
3721.000000 54864.000000
3722.000000 54866.000000
3723.000000 54868.000000
3725.000000 54870.000000
3726.000000 54872.000000
3727.000000 54874.000000
3729.000000 54876.000000
3730.000000 54878.000000
3732.000000 54880.000000
3733.000000 54882.000000
3734.000000 54884.000000
3736.000000 54886.000000
3737.000000 54888.000000
3738.000000 54890.000000
3740.000000 54892.000000
3741.000000 54894.000000
3743.000000 54896.000000
3744.000000 54898.000000
3745.000000 54900.000000
3747.000000 54902.000000
3748.000000 54904.000000
3749.000000 54906.000000
3751.000000 54908.000000
3752.000000 54910.000000
3753.000000 54912.000000
3755.000000 54914.000000
3756.000000 54916.000000
3757.000000 54918.000000
3759.000000 54920.000000
3760.000000 54922.000000
3762.000000 54924.000000
3763.000000 54926.000000
3764.000000 54928.000000
3766.000000 54930.000000
3767.000000 54932.000000
3768.000000 54934.000000
3770.000000 54936.000000
3771.000000 54938.000000
3772.000000 54940.000000
3774.000000 54942.000000
3775.000000 54944.000000
3776.000000 54946.000000
3778.000000 54948.000000
3779.000000 54950.000000
3780.000000 54952.000000
3782.000000 54954.000000
3783.000000 54956.000000
3785.000000 54958.000000
3786.000000 54960.000000
3787.000000 54962.000000
3789.000000 54964.000000
3790.000000 54966.000000
3791.000000 54968.000000
3793.000000 54970.000000
3794.000000 54972.000000
3795.000000 54974.000000
3797.000000 54976.000000
3798.000000 54978.000000
3799.000000 54980.000000
3801.000000 54982.000000
3802.000000 54984.000000
3803.000000 54986.000000
3805.000000 54988.000000
3806.000000 54990.000000
3808.000000 54992.000000
3809.000000 54994.000000
3810.000000 54996.000000
3812.000000 54998.000000
3813.000000 55000.000000
3815.000000 55002.000000
3816.000000 55004.000000
3817.000000 55006.000000
3819.000000 55008.000000
3820.000000 55010.000000
3821.000000 55012.000000
3823.000000 55014.000000
3824.000000 55016.000000
3825.000000 55018.000000
3827.000000 55020.000000
3828.000000 55022.000000
3829.000000 55024.000000
3831.000000 55026.000000
3832.000000 55028.000000
3833.000000 55030.000000
3835.000000 55032.000000
3836.000000 55034.000000
3838.000000 55036.000000
3839.000000 55038.000000
3840.000000 55040.000000
3842.000000 55042.000000
3843.000000 55044.000000
3844.000000 55046.000000
3846.000000 55048.000000
3847.000000 55050.000000
3848.000000 55052.000000
3850.000000 55054.000000
3851.000000 55056.000000
3852.000000 55058.000000
3854.000000 55060.000000
3855.000000 55062.000000
3857.000000 55064.000000
3858.000000 55066.000000
3859.000000 55068.000000
3861.000000 55070.000000
3862.000000 55072.000000
3863.000000 55074.000000
3865.000000 55076.000000
3866.000000 55078.000000
3867.000000 55080.000000
3869.000000 55082.000000
3870.000000 55084.000000
3871.000000 55086.000000
3873.000000 55088.000000
3874.000000 55090.000000
3875.000000 55092.000000
3877.000000 55094.000000
3878.000000 55096.000000
3880.000000 55098.000000
3881.000000 55100.000000
3882.000000 55102.000000
3884.000000 55104.000000
3885.000000 55106.000000
3887.000000 55108.000000
3888.000000 55110.000000
3889.000000 55112.000000
3891.000000 55114.000000
3892.000000 55116.000000
3893.000000 55118.000000
3895.000000 55120.000000
3896.000000 55122.000000
3897.000000 55124.000000
3899.000000 55126.000000
3900.000000 55128.000000
3901.000000 55130.000000
3903.000000 55132.000000
3904.000000 55134.000000
3905.000000 55136.000000
3907.000000 55138.000000
3908.000000 55140.000000
3910.000000 55142.000000
3911.000000 55144.000000
3912.000000 55146.000000
3914.000000 55148.000000
3915.000000 55150.000000
3916.000000 55152.000000
3918.000000 55154.000000
3919.000000 55156.000000
3920.000000 55158.000000
3922.000000 55160.000000
3923.000000 55162.000000
3925.000000 55164.000000
3926.000000 55166.000000
3927.000000 55168.000000
3929.000000 55170.000000
3930.000000 55172.000000
3931.000000 55174.000000
3933.000000 55176.000000
3934.000000 55178.000000
3935.000000 55180.000000
3937.000000 55182.000000
3938.000000 55184.000000
3939.000000 55186.000000
3941.000000 55188.000000
3942.000000 55190.000000
3943.000000 55192.000000
3945.000000 55194.000000
3946.000000 55196.000000
3948.000000 55198.000000
3949.000000 55200.000000
3950.000000 55202.000000
3952.000000 55204.000000
3953.000000 55206.000000
3954.000000 55208.000000
3956.000000 55210.000000
3957.000000 55212.000000
3959.000000 55214.000000
3960.000000 55216.000000
3961.000000 55218.000000
3963.000000 55220.000000
3964.000000 55222.000000
3965.000000 55224.000000
3967.000000 55226.000000
3968.000000 55228.000000
3969.000000 55230.000000
3971.000000 55232.000000
3972.000000 55234.000000
3973.000000 55236.000000
3975.000000 55238.000000
3976.000000 55240.000000
3977.000000 55242.000000
3979.000000 55244.000000
3980.000000 55246.000000
3982.000000 55248.000000
3983.000000 55250.000000
3984.000000 55252.000000
3986.000000 55254.000000
3987.000000 55256.000000
3988.000000 55258.000000
3990.000000 55260.000000
3991.000000 55262.000000
3992.000000 55264.000000
3994.000000 55266.000000
3995.000000 55268.000000
3997.000000 55270.000000
3998.000000 55272.000000
3999.000000 55274.000000
4001.000000 55276.000000
4002.000000 55278.000000
4003.000000 55280.000000
4005.000000 55282.000000
4006.000000 55284.000000
4007.000000 55286.000000
4009.000000 55288.000000
4010.000000 55290.000000
4011.000000 55292.000000
4013.000000 55294.000000
4014.000000 55296.000000
4015.000000 55298.000000
4017.000000 55300.000000
4018.000000 55302.000000
4020.000000 55304.000000
4021.000000 55306.000000
4022.000000 55308.000000
4024.000000 55310.000000
