0.000000 23524.000000
0.000000 23526.000000
0.000000 23528.000000
0.000000 23530.000000
1.000000 23532.000000
1.000000 23534.000000
1.000000 23536.000000
1.000000 23538.000000
2.000000 23540.000000
2.000000 23542.000000
2.000000 23544.000000
3.000000 23546.000000
3.000000 23548.000000
4.000000 23550.000000
4.000000 23552.000000
5.000000 23554.000000
6.000000 23556.000000
6.000000 23558.000000
7.000000 23560.000000
8.000000 23562.000000
8.000000 23564.000000
9.000000 23566.000000
10.000000 23568.000000
11.000000 23570.000000
12.000000 23572.000000
12.000000 23574.000000
13.000000 23576.000000
14.000000 23578.000000
15.000000 23580.000000
16.000000 23582.000000
17.000000 23584.000000
18.000000 23586.000000
19.000000 23588.000000
20.000000 23590.000000
21.000000 23592.000000
22.000000 23594.000000
23.000000 23596.000000
24.000000 23598.000000
25.000000 23600.000000
26.000000 23602.000000
27.000000 23604.000000
28.000000 23606.000000
30.000000 23608.000000
31.000000 23610.000000
32.000000 23612.000000
33.000000 23614.000000
34.000000 23616.000000
36.000000 23618.000000
37.000000 23620.000000
38.000000 23622.000000
39.000000 23624.000000
40.000000 23626.000000
42.000000 23628.000000
43.000000 23630.000000
44.000000 23632.000000
46.000000 23634.000000
47.000000 23636.000000
48.000000 23638.000000
49.000000 23640.000000
51.000000 23642.000000
52.000000 23644.000000
53.000000 23646.000000
55.000000 23648.000000
56.000000 23650.000000
57.000000 23652.000000
59.000000 23654.000000
60.000000 23656.000000
61.000000 23658.000000
63.000000 23660.000000
64.000000 23662.000000
66.000000 23664.000000
67.000000 23666.000000
68.000000 23668.000000
70.000000 23670.000000
71.000000 23672.000000
72.000000 23674.000000
74.000000 23676.000000
75.000000 23678.000000
77.000000 23680.000000
78.000000 23682.000000
79.000000 23684.000000
81.000000 23686.000000
82.000000 23688.000000
84.000000 23690.000000
85.000000 23692.000000
87.000000 23694.000000
88.000000 23696.000000
89.000000 23698.000000
91.000000 23700.000000
92.000000 23702.000000
94.000000 23704.000000
95.000000 23706.000000
96.000000 23708.000000
98.000000 23710.000000
99.000000 23712.000000
101.000000 23714.000000
102.000000 23716.000000
104.000000 23718.000000
105.000000 23720.000000
107.000000 23722.000000
108.000000 23724.000000
110.000000 23726.000000
111.000000 23728.000000
113.000000 23730.000000
114.000000 23732.000000
116.000000 23734.000000
117.000000 23736.000000
118.000000 23738.000000
120.000000 23740.000000
121.000000 23742.000000
123.000000 23744.000000
124.000000 23746.000000
126.000000 23748.000000
127.000000 23750.000000
129.000000 23752.000000
130.000000 23754.000000
132.000000 23756.000000
133.000000 23758.000000
135.000000 23760.000000
136.000000 23762.000000
138.000000 23764.000000
139.000000 23766.000000
141.000000 23768.000000
142.000000 23770.000000
144.000000 23772.000000
145.000000 23774.000000
147.000000 23776.000000
148.000000 23778.000000
150.000000 23780.000000
151.000000 23782.000000
153.000000 23784.000000
154.000000 23786.000000
156.000000 23788.000000
157.000000 23790.000000
159.000000 23792.000000
160.000000 23794.000000
162.000000 23796.000000
163.000000 23798.000000
165.000000 23800.000000
166.000000 23802.000000
168.000000 23804.000000
169.000000 23806.000000
171.000000 23808.000000
172.000000 23810.000000
174.000000 23812.000000
175.000000 23814.000000
177.000000 23816.000000
178.000000 23818.000000
180.000000 23820.000000
181.000000 23822.000000
183.000000 23824.000000
184.000000 23826.000000
186.000000 23828.000000
187.000000 23830.000000
189.000000 23832.000000
190.000000 23834.000000
192.000000 23836.000000
193.000000 23838.000000
195.000000 23840.000000
196.000000 23842.000000
198.000000 23844.000000
200.000000 23846.000000
201.000000 23848.000000
202.000000 23850.000000
204.000000 23852.000000
206.000000 23854.000000
207.000000 23856.000000
209.000000 23858.000000
210.000000 23860.000000
212.000000 23862.000000
213.000000 23864.000000
215.000000 23866.000000
216.000000 23868.000000
218.000000 23870.000000
219.000000 23872.000000
221.000000 23874.000000
222.000000 23876.000000
224.000000 23878.000000
225.000000 23880.000000
227.000000 23882.000000
228.000000 23884.000000
230.000000 23886.000000
231.000000 23888.000000
233.000000 23890.000000
234.000000 23892.000000
236.000000 23894.000000
237.000000 23896.000000
239.000000 23898.000000
240.000000 23900.000000
242.000000 23902.000000
243.000000 23904.000000
245.000000 23906.000000
246.000000 23908.000000
248.000000 23910.000000
250.000000 23912.000000
251.000000 23914.000000
253.000000 23916.000000
254.000000 23918.000000
256.000000 23920.000000
257.000000 23922.000000
259.000000 23924.000000
260.000000 23926.000000
262.000000 23928.000000
263.000000 23930.000000
265.000000 23932.000000
266.000000 23934.000000
268.000000 23936.000000
269.000000 23938.000000
271.000000 23940.000000
272.000000 23942.000000
274.000000 23944.000000
275.000000 23946.000000
277.000000 23948.000000
278.000000 23950.000000
280.000000 23952.000000
281.000000 23954.000000
283.000000 23956.000000
284.000000 23958.000000
286.000000 23960.000000
287.000000 23962.000000
289.000000 23964.000000
290.000000 23966.000000
292.000000 23968.000000
294.000000 23970.000000
295.000000 23972.000000
297.000000 23974.000000
298.000000 23976.000000
300.000000 23978.000000
301.000000 23980.000000
303.000000 23982.000000
304.000000 23984.000000
306.000000 23986.000000
307.000000 23988.000000
309.000000 23990.000000
310.000000 23992.000000
312.000000 23994.000000
313.000000 23996.000000
315.000000 23998.000000
316.000000 24000.000000
318.000000 24002.000000
319.000000 24004.000000
321.000000 24006.000000
322.000000 24008.000000
324.000000 24010.000000
326.000000 24012.000000
327.000000 24014.000000
328.000000 24016.000000
330.000000 24018.000000
332.000000 24020.000000
333.000000 24022.000000
334.000000 24024.000000
336.000000 24026.000000
338.000000 24028.000000
339.000000 24030.000000
341.000000 24032.000000
342.000000 24034.000000
344.000000 24036.000000
345.000000 24038.000000
347.000000 24040.000000
348.000000 24042.000000
350.000000 24044.000000
351.000000 24046.000000
353.000000 24048.000000
354.000000 24050.000000
356.000000 24052.000000
357.000000 24054.000000
359.000000 24056.000000
360.000000 24058.000000
362.000000 24060.000000
363.000000 24062.000000
365.000000 24064.000000
366.000000 24066.000000
368.000000 24068.000000
370.000000 24070.000000
371.000000 24072.000000
373.000000 24074.000000
374.000000 24076.000000
376.000000 24078.000000
377.000000 24080.000000
379.000000 24082.000000
380.000000 24084.000000
382.000000 24086.000000
383.000000 24088.000000
385.000000 24090.000000
386.000000 24092.000000
388.000000 24094.000000
389.000000 24096.000000
391.000000 24098.000000
392.000000 24100.000000
394.000000 24102.000000
395.000000 24104.000000
397.000000 24106.000000
398.000000 24108.000000
400.000000 24110.000000
402.000000 24112.000000
403.000000 24114.000000
404.000000 24116.000000
406.000000 24118.000000
408.000000 24120.000000
409.000000 24122.000000
410.000000 24124.000000
412.000000 24126.000000
414.000000 24128.000000
415.000000 24130.000000
417.000000 24132.000000
418.000000 24134.000000
420.000000 24136.000000
421.000000 24138.000000
423.000000 24140.000000
424.000000 24142.000000
426.000000 24144.000000
427.000000 24146.000000
429.000000 24148.000000
430.000000 24150.000000
432.000000 24152.000000
433.000000 24154.000000
435.000000 24156.000000
436.000000 24158.000000
438.000000 24160.000000
439.000000 24162.000000
441.000000 24164.000000
442.000000 24166.000000
444.000000 24168.000000
446.000000 24170.000000
447.000000 24172.000000
449.000000 24174.000000
450.000000 24176.000000
452.000000 24178.000000
453.000000 24180.000000
455.000000 24182.000000
456.000000 24184.000000
458.000000 24186.000000
459.000000 24188.000000
461.000000 24190.000000
462.000000 24192.000000
464.000000 24194.000000
465.000000 24196.000000
467.000000 24198.000000
468.000000 24200.000000
470.000000 24202.000000
471.000000 24204.000000
473.000000 24206.000000
474.000000 24208.000000
476.000000 24210.000000
477.000000 24212.000000
479.000000 24214.000000
480.000000 24216.000000
482.000000 24218.000000
484.000000 24220.000000
485.000000 24222.000000
487.000000 24224.000000
488.000000 24226.000000
490.000000 24228.000000
491.000000 24230.000000
493.000000 24232.000000
494.000000 24234.000000
496.000000 24236.000000
497.000000 24238.000000
499.000000 24240.000000
500.000000 24242.000000
502.000000 24244.000000
503.000000 24246.000000
505.000000 24248.000000
506.000000 24250.000000
508.000000 24252.000000
509.000000 24254.000000
511.000000 24256.000000
512.000000 24258.000000
514.000000 24260.000000
515.000000 24262.000000
517.000000 24264.000000
518.000000 24266.000000
520.000000 24268.000000
522.000000 24270.000000
523.000000 24272.000000
524.000000 24274.000000
526.000000 24276.000000
528.000000 24278.000000
529.000000 24280.000000
530.000000 24282.000000
532.000000 24284.000000
534.000000 24286.000000
535.000000 24288.000000
537.000000 24290.000000
538.000000 24292.000000
540.000000 24294.000000
541.000000 24296.000000
543.000000 24298.000000
544.000000 24300.000000
546.000000 24302.000000
547.000000 24304.000000
549.000000 24306.000000
550.000000 24308.000000
552.000000 24310.000000
553.000000 24312.000000
555.000000 24314.000000
556.000000 24316.000000
558.000000 24318.000000
560.000000 24320.000000
561.000000 24322.000000
563.000000 24324.000000
564.000000 24326.000000
566.000000 24328.000000
567.000000 24330.000000
569.000000 24332.000000
570.000000 24334.000000
572.000000 24336.000000
573.000000 24338.000000
575.000000 24340.000000
576.000000 24342.000000
578.000000 24344.000000
579.000000 24346.000000
581.000000 24348.000000
582.000000 24350.000000
584.000000 24352.000000
585.000000 24354.000000
587.000000 24356.000000
588.000000 24358.000000
590.000000 24360.000000
591.000000 24362.000000
593.000000 24364.000000
594.000000 24366.000000
596.000000 24368.000000
598.000000 24370.000000
599.000000 24372.000000
600.000000 24374.000000
602.000000 24376.000000
604.000000 24378.000000
605.000000 24380.000000
607.000000 24382.000000
608.000000 24384.000000
610.000000 24386.000000
611.000000 24388.000000
613.000000 24390.000000
614.000000 24392.000000
616.000000 24394.000000
617.000000 24396.000000
619.000000 24398.000000
620.000000 24400.000000
622.000000 24402.000000
623.000000 24404.000000
625.000000 24406.000000
626.000000 24408.000000
628.000000 24410.000000
630.000000 24412.000000
631.000000 24414.000000
632.000000 24416.000000
634.000000 24418.000000
636.000000 24420.000000
637.000000 24422.000000
639.000000 24424.000000
640.000000 24426.000000
642.000000 24428.000000
643.000000 24430.000000
645.000000 24432.000000
646.000000 24434.000000
648.000000 24436.000000
649.000000 24438.000000
651.000000 24440.000000
652.000000 24442.000000
654.000000 24444.000000
655.000000 24446.000000
657.000000 24448.000000
658.000000 24450.000000
660.000000 24452.000000
661.000000 24454.000000
663.000000 24456.000000
664.000000 24458.000000
666.000000 24460.000000
668.000000 24462.000000
669.000000 24464.000000
670.000000 24466.000000
672.000000 24468.000000
674.000000 24470.000000
675.000000 24472.000000
676.000000 24474.000000
678.000000 24476.000000
680.000000 24478.000000
681.000000 24480.000000
683.000000 24482.000000
684.000000 24484.000000
686.000000 24486.000000
687.000000 24488.000000
689.000000 24490.000000
690.000000 24492.000000
692.000000 24494.000000
693.000000 24496.000000
695.000000 24498.000000
696.000000 24500.000000
698.000000 24502.000000
699.000000 24504.000000
701.000000 24506.000000
702.000000 24508.000000
704.000000 24510.000000
706.000000 24512.000000
707.000000 24514.000000
709.000000 24516.000000
710.000000 24518.000000
712.000000 24520.000000
713.000000 24522.000000
715.000000 24524.000000
716.000000 24526.000000
718.000000 24528.000000
719.000000 24530.000000
721.000000 24532.000000
722.000000 24534.000000
724.000000 24536.000000
725.000000 24538.000000
727.000000 24540.000000
728.000000 24542.000000
730.000000 24544.000000
731.000000 24546.000000
733.000000 24548.000000
734.000000 24550.000000
736.000000 24552.000000
738.000000 24554.000000
739.000000 24556.000000
740.000000 24558.000000
742.000000 24560.000000
744.000000 24562.000000
745.000000 24564.000000
746.000000 24566.000000
748.000000 24568.000000
750.000000 24570.000000
751.000000 24572.000000
753.000000 24574.000000
754.000000 24576.000000
756.000000 24578.000000
757.000000 24580.000000
759.000000 24582.000000
760.000000 24584.000000
762.000000 24586.000000
763.000000 24588.000000
765.000000 24590.000000
766.000000 24592.000000
768.000000 24594.000000
769.000000 24596.000000
771.000000 24598.000000
772.000000 24600.000000
774.000000 24602.000000
776.000000 24604.000000
777.000000 24606.000000
779.000000 24608.000000
780.000000 24610.000000
782.000000 24612.000000
783.000000 24614.000000
785.000000 24616.000000
786.000000 24618.000000
788.000000 24620.000000
789.000000 24622.000000
791.000000 24624.000000
792.000000 24626.000000
794.000000 24628.000000
795.000000 24630.000000
797.000000 24632.000000
798.000000 24634.000000
800.000000 24636.000000
802.000000 24638.000000
803.000000 24640.000000
804.000000 24642.000000
806.000000 24644.000000
808.000000 24646.000000
809.000000 24648.000000
810.000000 24650.000000
812.000000 24652.000000
814.000000 24654.000000
815.000000 24656.000000
816.000000 24658.000000
818.000000 24660.000000
820.000000 24662.000000
821.000000 24664.000000
823.000000 24666.000000
824.000000 24668.000000
826.000000 24670.000000
827.000000 24672.000000
829.000000 24674.000000
830.000000 24676.000000
832.000000 24678.000000
833.000000 24680.000000
835.000000 24682.000000
836.000000 24684.000000
838.000000 24686.000000
839.000000 24688.000000
841.000000 24690.000000
842.000000 24692.000000
844.000000 24694.000000
846.000000 24696.000000
847.000000 24698.000000
848.000000 24700.000000
850.000000 24702.000000
852.000000 24704.000000
853.000000 24706.000000
855.000000 24708.000000
856.000000 24710.000000
858.000000 24712.000000
859.000000 24714.000000
861.000000 24716.000000
862.000000 24718.000000
864.000000 24720.000000
865.000000 24722.000000
867.000000 24724.000000
868.000000 24726.000000
870.000000 24728.000000
871.000000 24730.000000
873.000000 24732.000000
874.000000 24734.000000
876.000000 24736.000000
878.000000 24738.000000
879.000000 24740.000000
880.000000 24742.000000
882.000000 24744.000000
884.000000 24746.000000
885.000000 24748.000000
886.000000 24750.000000
888.000000 24752.000000
890.000000 24754.000000
891.000000 24756.000000
893.000000 24758.000000
894.000000 24760.000000
896.000000 24762.000000
897.000000 24764.000000
899.000000 24766.000000
900.000000 24768.000000
902.000000 24770.000000
903.000000 24772.000000
905.000000 24774.000000
906.000000 24776.000000
908.000000 24778.000000
909.000000 24780.000000
911.000000 24782.000000
912.000000 24784.000000
914.000000 24786.000000
916.000000 24788.000000
917.000000 24790.000000
918.000000 24792.000000
920.000000 24794.000000
922.000000 24796.000000
923.000000 24798.000000
925.000000 24800.000000
926.000000 24802.000000
928.000000 24804.000000
929.000000 24806.000000
931.000000 24808.000000
932.000000 24810.000000
934.000000 24812.000000
935.000000 24814.000000
937.000000 24816.000000
938.000000 24818.000000
940.000000 24820.000000
941.000000 24822.000000
943.000000 24824.000000
944.000000 24826.000000
946.000000 24828.000000
947.000000 24830.000000
949.000000 24832.000000
950.000000 24834.000000
952.000000 24836.000000
954.000000 24838.000000
955.000000 24840.000000
956.000000 24842.000000
958.000000 24844.000000
960.000000 24846.000000
961.000000 24848.000000
962.000000 24850.000000
964.000000 24852.000000
966.000000 24854.000000
967.000000 24856.000000
969.000000 24858.000000
970.000000 24860.000000
972.000000 24862.000000
973.000000 24864.000000
975.000000 24866.000000
976.000000 24868.000000
978.000000 24870.000000
979.000000 24872.000000
981.000000 24874.000000
982.000000 24876.000000
984.000000 24878.000000
985.000000 24880.000000
987.000000 24882.000000
988.000000 24884.000000
990.000000 24886.000000
992.000000 24888.000000
993.000000 24890.000000
995.000000 24892.000000
996.000000 24894.000000
998.000000 24896.000000
999.000000 24898.000000
1001.000000 24900.000000
1002.000000 24902.000000
1004.000000 24904.000000
1005.000000 24906.000000
1007.000000 24908.000000
1008.000000 24910.000000
1010.000000 24912.000000
1011.000000 24914.000000
1013.000000 24916.000000
1014.000000 24918.000000
1016.000000 24920.000000
1017.000000 24922.000000
1019.000000 24924.000000
1020.000000 24926.000000
1022.000000 24928.000000
1024.000000 24930.000000
1025.000000 24932.000000
1026.000000 24934.000000
1028.000000 24936.000000
1030.000000 24938.000000
1031.000000 24940.000000
1032.000000 24942.000000
1034.000000 24944.000000
1036.000000 24946.000000
1037.000000 24948.000000
1039.000000 24950.000000
1040.000000 24952.000000
1042.000000 24954.000000
1043.000000 24956.000000
1045.000000 24958.000000
1046.000000 24960.000000
1048.000000 24962.000000
1049.000000 24964.000000
1051.000000 24966.000000
1052.000000 24968.000000
1054.000000 24970.000000
1055.000000 24972.000000
1057.000000 24974.000000
1058.000000 24976.000000
1060.000000 24978.000000
1061.000000 24980.000000
1063.000000 24982.000000
1064.000000 24984.000000
1066.000000 24986.000000
1068.000000 24988.000000
1069.000000 24990.000000
1071.000000 24992.000000
1072.000000 24994.000000
1074.000000 24996.000000
1075.000000 24998.000000
1077.000000 25000.000000
1078.000000 25002.000000
1080.000000 25004.000000
1081.000000 25006.000000
1083.000000 25008.000000
1084.000000 25010.000000
1086.000000 25012.000000
1087.000000 25014.000000
1089.000000 25016.000000
1090.000000 25018.000000
1092.000000 25020.000000
1094.000000 25022.000000
1095.000000 25024.000000
1095.000000 25024.000000
0.000000 0.000000
0.000000 0.000000
0.000000 0.000000
0.000000 0.000000
0.000000 0.000000
0.000000 0.000000
0.000000 0.000000
0.000000 0.000000
0.000000 0.000000
0.000000 0.000000
0.000000 0.000000
0.000000 0.000000
0.000000 0.000000
0.000000 0.000000
0.000000 0.000000
1119.000000 25056.000000
1121.000000 25058.000000
1122.000000 25060.000000
1124.000000 25062.000000
1125.000000 25064.000000
1127.000000 25066.000000
1128.000000 25068.000000
1130.000000 25070.000000
1131.000000 25072.000000
1133.000000 25074.000000
1134.000000 25076.000000
1136.000000 25078.000000
1138.000000 25080.000000
1139.000000 25082.000000
1141.000000 25084.000000
1142.000000 25086.000000
1144.000000 25088.000000
1145.000000 25090.000000
1147.000000 25092.000000
1148.000000 25094.000000
1150.000000 25096.000000
1151.000000 25098.000000
1153.000000 25100.000000
1154.000000 25102.000000
1156.000000 25104.000000
1157.000000 25106.000000
1159.000000 25108.000000
1160.000000 25110.000000
1162.000000 25112.000000
1164.000000 25114.000000
1165.000000 25116.000000
1166.000000 25118.000000
1168.000000 25120.000000
1170.000000 25122.000000
1171.000000 25124.000000
1172.000000 25126.000000
1174.000000 25128.000000
1176.000000 25130.000000
1177.000000 25132.000000
1179.000000 25134.000000
1180.000000 25136.000000
1182.000000 25138.000000
1183.000000 25140.000000
1185.000000 25142.000000
1186.000000 25144.000000
1188.000000 25146.000000
1189.000000 25148.000000
1191.000000 25150.000000
1192.000000 25152.000000
1194.000000 25154.000000
1195.000000 25156.000000
1197.000000 25158.000000
1198.000000 25160.000000
1200.000000 25162.000000
1201.000000 25164.000000
1203.000000 25166.000000
1204.000000 25168.000000
1206.000000 25170.000000
1208.000000 25172.000000
1209.000000 25174.000000
1211.000000 25176.000000
1212.000000 25178.000000
1214.000000 25180.000000
1215.000000 25182.000000
1217.000000 25184.000000
1218.000000 25186.000000
1220.000000 25188.000000
1221.000000 25190.000000
1223.000000 25192.000000
1224.000000 25194.000000
1226.000000 25196.000000
1227.000000 25198.000000
1229.000000 25200.000000
1230.000000 25202.000000
1232.000000 25204.000000
1233.000000 25206.000000
1235.000000 25208.000000
1236.000000 25210.000000
1238.000000 25212.000000
1240.000000 25214.000000
1241.000000 25216.000000
1242.000000 25218.000000
1244.000000 25220.000000
1246.000000 25222.000000
1247.000000 25224.000000
1248.000000 25226.000000
1250.000000 25228.000000
1252.000000 25230.000000
1253.000000 25232.000000
1255.000000 25234.000000
1256.000000 25236.000000
1258.000000 25238.000000
1259.000000 25240.000000
1261.000000 25242.000000
1262.000000 25244.000000
1264.000000 25246.000000
1265.000000 25248.000000
1267.000000 25250.000000
1268.000000 25252.000000
1270.000000 25254.000000
1271.000000 25256.000000
1273.000000 25258.000000
1274.000000 25260.000000
1276.000000 25262.000000
1278.000000 25264.000000
1279.000000 25266.000000
1280.000000 25268.000000
1282.000000 25270.000000
1284.000000 25272.000000
1285.000000 25274.000000
1287.000000 25276.000000
1288.000000 25278.000000
1290.000000 25280.000000
1291.000000 25282.000000
1293.000000 25284.000000
1294.000000 25286.000000
1296.000000 25288.000000
1297.000000 25290.000000
1299.000000 25292.000000
1300.000000 25294.000000
1302.000000 25296.000000
1303.000000 25298.000000
1305.000000 25300.000000
1306.000000 25302.000000
1308.000000 25304.000000
1310.000000 25306.000000
1311.000000 25308.000000
1312.000000 25310.000000
1314.000000 25312.000000
1316.000000 25314.000000
1317.000000 25316.000000
1318.000000 25318.000000
1320.000000 25320.000000
1322.000000 25322.000000
1323.000000 25324.000000
1325.000000 25326.000000
1326.000000 25328.000000
1328.000000 25330.000000
1329.000000 25332.000000
1331.000000 25334.000000
1332.000000 25336.000000
1334.000000 25338.000000
1335.000000 25340.000000
1337.000000 25342.000000
1338.000000 25344.000000
1340.000000 25346.000000
1341.000000 25348.000000
1343.000000 25350.000000
1344.000000 25352.000000
1346.000000 25354.000000
1348.000000 25356.000000
1349.000000 25358.000000
1350.000000 25360.000000
1352.000000 25362.000000
1354.000000 25364.000000
1355.000000 25366.000000
1357.000000 25368.000000
1358.000000 25370.000000
1360.000000 25372.000000
1361.000000 25374.000000
1363.000000 25376.000000
1364.000000 25378.000000
1366.000000 25380.000000
1367.000000 25382.000000
1369.000000 25384.000000
1370.000000 25386.000000
1372.000000 25388.000000
1373.000000 25390.000000
1375.000000 25392.000000
1376.000000 25394.000000
1378.000000 25396.000000
1379.000000 25398.000000
1381.000000 25400.000000
1382.000000 25402.000000
1384.000000 25404.000000
1386.000000 25406.000000
1387.000000 25408.000000
1388.000000 25410.000000
1390.000000 25412.000000
1392.000000 25414.000000
1393.000000 25416.000000
1394.000000 25418.000000
1396.000000 25420.000000
1398.000000 25422.000000
1399.000000 25424.000000
1401.000000 25426.000000
1402.000000 25428.000000
1404.000000 25430.000000
1405.000000 25432.000000
1407.000000 25434.000000
1407.000000 25434.000000
0.000000 0.000000
0.000000 0.000000
0.000000 0.000000
0.000000 0.000000
0.000000 0.000000
0.000000 0.000000
0.000000 0.000000
0.000000 0.000000
0.000000 0.000000
0.000000 0.000000
0.000000 0.000000
0.000000 0.000000
0.000000 0.000000
0.000000 0.000000
0.000000 0.000000
0.000000 0.000000
0.000000 0.000000
0.000000 0.000000
0.000000 0.000000
0.000000 0.000000
0.000000 0.000000
0.000000 0.000000
0.000000 0.000000
0.000000 0.000000
0.000000 0.000000
0.000000 0.000000
0.000000 0.000000
0.000000 0.000000
0.000000 0.000000
0.000000 0.000000
0.000000 0.000000
0.000000 0.000000
0.000000 0.000000
0.000000 0.000000
0.000000 0.000000
0.000000 0.000000
0.000000 0.000000
0.000000 0.000000
0.000000 0.000000
0.000000 0.000000
0.000000 0.000000
0.000000 0.000000
0.000000 0.000000
0.000000 0.000000
0.000000 0.000000
0.000000 0.000000
0.000000 0.000000
1480.000000 25530.000000
1481.000000 25532.000000
1483.000000 25534.000000
1484.000000 25536.000000
1486.000000 25538.000000
1487.000000 25540.000000
1489.000000 25542.000000
1490.000000 25544.000000
1492.000000 25546.000000
1494.000000 25548.000000
1495.000000 25550.000000
1496.000000 25552.000000
1498.000000 25554.000000
1500.000000 25556.000000
1501.000000 25558.000000
1503.000000 25560.000000
1504.000000 25562.000000
1506.000000 25564.000000
1507.000000 25566.000000
1509.000000 25568.000000
1510.000000 25570.000000
1512.000000 25572.000000
1513.000000 25574.000000
1515.000000 25576.000000
1516.000000 25578.000000
1518.000000 25580.000000
1519.000000 25582.000000
1521.000000 25584.000000
1522.000000 25586.000000
1524.000000 25588.000000
1526.000000 25590.000000
1527.000000 25592.000000
1528.000000 25594.000000
1530.000000 25596.000000
1532.000000 25598.000000
1533.000000 25600.000000
1534.000000 25602.000000
1536.000000 25604.000000
1538.000000 25606.000000
1539.000000 25608.000000
1541.000000 25610.000000
1542.000000 25612.000000
1544.000000 25614.000000
1545.000000 25616.000000
1547.000000 25618.000000
1548.000000 25620.000000
1550.000000 25622.000000
1551.000000 25624.000000
1553.000000 25626.000000
1554.000000 25628.000000
1556.000000 25630.000000
1557.000000 25632.000000
1559.000000 25634.000000
1560.000000 25636.000000
1562.000000 25638.000000
1563.000000 25640.000000
1565.000000 25642.000000
1566.000000 25644.000000
1568.000000 25646.000000
1570.000000 25648.000000
1571.000000 25650.000000
1573.000000 25652.000000
1574.000000 25654.000000
1576.000000 25656.000000
1577.000000 25658.000000
1579.000000 25660.000000
1580.000000 25662.000000
1582.000000 25664.000000
1583.000000 25666.000000
1585.000000 25668.000000
1586.000000 25670.000000
1588.000000 25672.000000
1589.000000 25674.000000
1591.000000 25676.000000
1592.000000 25678.000000
1594.000000 25680.000000
1595.000000 25682.000000
1597.000000 25684.000000
1598.000000 25686.000000
1600.000000 25688.000000
1602.000000 25690.000000
1603.000000 25692.000000
1604.000000 25694.000000
1606.000000 25696.000000
1608.000000 25698.000000
1609.000000 25700.000000
1609.000000 25700.000000
0.000000 0.000000
0.000000 0.000000
1614.000000 25706.000000
1615.000000 25708.000000
1617.000000 25710.000000
1618.000000 25712.000000
1620.000000 25714.000000
1621.000000 25716.000000
1623.000000 25718.000000
1624.000000 25720.000000
1626.000000 25722.000000
1627.000000 25724.000000
1629.000000 25726.000000
1630.000000 25728.000000
1632.000000 25730.000000
1633.000000 25732.000000
1635.000000 25734.000000
1636.000000 25736.000000
1638.000000 25738.000000
1640.000000 25740.000000
1641.000000 25742.000000
1643.000000 25744.000000
1644.000000 25746.000000
1646.000000 25748.000000
1647.000000 25750.000000
1649.000000 25752.000000
1650.000000 25754.000000
1652.000000 25756.000000
1653.000000 25758.000000
1655.000000 25760.000000
1656.000000 25762.000000
1658.000000 25764.000000
1659.000000 25766.000000
1661.000000 25768.000000
1662.000000 25770.000000
1664.000000 25772.000000
1666.000000 25774.000000
1667.000000 25776.000000
1668.000000 25778.000000
1670.000000 25780.000000
1672.000000 25782.000000
1673.000000 25784.000000
1675.000000 25786.000000
1676.000000 25788.000000
1678.000000 25790.000000
1679.000000 25792.000000
1681.000000 25794.000000
1682.000000 25796.000000
1684.000000 25798.000000
1685.000000 25800.000000
1687.000000 25802.000000
1688.000000 25804.000000
1690.000000 25806.000000
1691.000000 25808.000000
1693.000000 25810.000000
1694.000000 25812.000000
1696.000000 25814.000000
1698.000000 25816.000000
1699.000000 25818.000000
1700.000000 25820.000000
1702.000000 25822.000000
1704.000000 25824.000000
1705.000000 25826.000000
1706.000000 25828.000000
1708.000000 25830.000000
1710.000000 25832.000000
1711.000000 25834.000000
1713.000000 25836.000000
1714.000000 25838.000000
1716.000000 25840.000000
1717.000000 25842.000000
1719.000000 25844.000000
1720.000000 25846.000000
1722.000000 25848.000000
1723.000000 25850.000000
1725.000000 25852.000000
1726.000000 25854.000000
1728.000000 25856.000000
1729.000000 25858.000000
1731.000000 25860.000000
1732.000000 25862.000000
1734.000000 25864.000000
1736.000000 25866.000000
1737.000000 25868.000000
1739.000000 25870.000000
1740.000000 25872.000000
1742.000000 25874.000000
1743.000000 25876.000000
1745.000000 25878.000000
1746.000000 25880.000000
1748.000000 25882.000000
1749.000000 25884.000000
1751.000000 25886.000000
1752.000000 25888.000000
1754.000000 25890.000000
1755.000000 25892.000000
1757.000000 25894.000000
1758.000000 25896.000000
1760.000000 25898.000000
1762.000000 25900.000000
1763.000000 25902.000000
1764.000000 25904.000000
1766.000000 25906.000000
1768.000000 25908.000000
1769.000000 25910.000000
1771.000000 25912.000000
1772.000000 25914.000000
1774.000000 25916.000000
1775.000000 25918.000000
1777.000000 25920.000000
1778.000000 25922.000000
1780.000000 25924.000000
1781.000000 25926.000000
1783.000000 25928.000000
1784.000000 25930.000000
1786.000000 25932.000000
1787.000000 25934.000000
1789.000000 25936.000000
1790.000000 25938.000000
1792.000000 25940.000000
1793.000000 25942.000000
1795.000000 25944.000000
1796.000000 25946.000000
1798.000000 25948.000000
1799.000000 25950.000000
1801.000000 25952.000000
1802.000000 25954.000000
1804.000000 25956.000000
1806.000000 25958.000000
1807.000000 25960.000000
1809.000000 25962.000000
1810.000000 25964.000000
1812.000000 25966.000000
1813.000000 25968.000000
1815.000000 25970.000000
1816.000000 25972.000000
1818.000000 25974.000000
1819.000000 25976.000000
1821.000000 25978.000000
1822.000000 25980.000000
1824.000000 25982.000000
1825.000000 25984.000000
1827.000000 25986.000000
1828.000000 25988.000000
1830.000000 25990.000000
1832.000000 25992.000000
1833.000000 25994.000000
1834.000000 25996.000000
1836.000000 25998.000000
1838.000000 26000.000000
1839.000000 26002.000000
1841.000000 26004.000000
1842.000000 26006.000000
1844.000000 26008.000000
1845.000000 26010.000000
1847.000000 26012.000000
1848.000000 26014.000000
1850.000000 26016.000000
1851.000000 26018.000000
1853.000000 26020.000000
1854.000000 26022.000000
1856.000000 26024.000000
1857.000000 26026.000000
1859.000000 26028.000000
1860.000000 26030.000000
1862.000000 26032.000000
1863.000000 26034.000000
1865.000000 26036.000000
1866.000000 26038.000000
1868.000000 26040.000000
1870.000000 26042.000000
1871.000000 26044.000000
1872.000000 26046.000000
1874.000000 26048.000000
1876.000000 26050.000000
1877.000000 26052.000000
1879.000000 26054.000000
1880.000000 26056.000000
1882.000000 26058.000000
1883.000000 26060.000000
1885.000000 26062.000000
1886.000000 26064.000000
1888.000000 26066.000000
1889.000000 26068.000000
1891.000000 26070.000000
1892.000000 26072.000000
1894.000000 26074.000000
1895.000000 26076.000000
1897.000000 26078.000000
1898.000000 26080.000000
1900.000000 26082.000000
1901.000000 26084.000000
1903.000000 26086.000000
1904.000000 26088.000000
1906.000000 26090.000000
1908.000000 26092.000000
1909.000000 26094.000000
1911.000000 26096.000000
1912.000000 26098.000000
1914.000000 26100.000000
1915.000000 26102.000000
1917.000000 26104.000000
1918.000000 26106.000000
1920.000000 26108.000000
1921.000000 26110.000000
1923.000000 26112.000000
1924.000000 26114.000000
1926.000000 26116.000000
1927.000000 26118.000000
1929.000000 26120.000000
1930.000000 26122.000000
1932.000000 26124.000000
1933.000000 26126.000000
1935.000000 26128.000000
1936.000000 26130.000000
1938.000000 26132.000000
1940.000000 26134.000000
1941.000000 26136.000000
1942.000000 26138.000000
1944.000000 26140.000000
1946.000000 26142.000000
1947.000000 26144.000000
1949.000000 26146.000000
1950.000000 26148.000000
1952.000000 26150.000000
1953.000000 26152.000000
1955.000000 26154.000000
1956.000000 26156.000000
1958.000000 26158.000000
1959.000000 26160.000000
1961.000000 26162.000000
1962.000000 26164.000000
1964.000000 26166.000000
1965.000000 26168.000000
1967.000000 26170.000000
1968.000000 26172.000000
1970.000000 26174.000000
1971.000000 26176.000000
1973.000000 26178.000000
1974.000000 26180.000000
1976.000000 26182.000000
1978.000000 26184.000000
1979.000000 26186.000000
1980.000000 26188.000000
1982.000000 26190.000000
1984.000000 26192.000000
1985.000000 26194.000000
1987.000000 26196.000000
1988.000000 26198.000000
1990.000000 26200.000000
1991.000000 26202.000000
1993.000000 26204.000000
1994.000000 26206.000000
1996.000000 26208.000000
1997.000000 26210.000000
1999.000000 26212.000000
2000.000000 26214.000000
2002.000000 26216.000000
2003.000000 26218.000000
2005.000000 26220.000000
2006.000000 26222.000000
2008.000000 26224.000000
2009.000000 26226.000000
2011.000000 26228.000000
2012.000000 26230.000000
2014.000000 26232.000000
2015.000000 26234.000000
2017.000000 26236.000000
2018.000000 26238.000000
2020.000000 26240.000000
2022.000000 26242.000000
2023.000000 26244.000000
2025.000000 26246.000000
2026.000000 26248.000000
2028.000000 26250.000000
2029.000000 26252.000000
2031.000000 26254.000000
2032.000000 26256.000000
2034.000000 26258.000000
2035.000000 26260.000000
2037.000000 26262.000000
2038.000000 26264.000000
2040.000000 26266.000000
2041.000000 26268.000000
2043.000000 26270.000000
2044.000000 26272.000000
2046.000000 26274.000000
2047.000000 26276.000000
2049.000000 26278.000000
2050.000000 26280.000000
2052.000000 26282.000000
2054.000000 26284.000000
2055.000000 26286.000000
2057.000000 26288.000000
2058.000000 26290.000000
2060.000000 26292.000000
2061.000000 26294.000000
2063.000000 26296.000000
2064.000000 26298.000000
2066.000000 26300.000000
2067.000000 26302.000000
2069.000000 26304.000000
2070.000000 26306.000000
2072.000000 26308.000000
2073.000000 26310.000000
2075.000000 26312.000000
2076.000000 26314.000000
2078.000000 26316.000000
2080.000000 26318.000000
2081.000000 26320.000000
2082.000000 26322.000000
2084.000000 26324.000000
2085.000000 26326.000000
2087.000000 26328.000000
2088.000000 26330.000000
2090.000000 26332.000000
2092.000000 26334.000000
2093.000000 26336.000000
2095.000000 26338.000000
2096.000000 26340.000000
2098.000000 26342.000000
2099.000000 26344.000000
2101.000000 26346.000000
2102.000000 26348.000000
2104.000000 26350.000000
2105.000000 26352.000000
2107.000000 26354.000000
2108.000000 26356.000000
2110.000000 26358.000000
2111.000000 26360.000000
2113.000000 26362.000000
2114.000000 26364.000000
2116.000000 26366.000000
2118.000000 26368.000000
2119.000000 26370.000000
2120.000000 26372.000000
2122.000000 26374.000000
2124.000000 26376.000000
2125.000000 26378.000000
2127.000000 26380.000000
2128.000000 26382.000000
2130.000000 26384.000000
2131.000000 26386.000000
2133.000000 26388.000000
2134.000000 26390.000000
2136.000000 26392.000000
2137.000000 26394.000000
2139.000000 26396.000000
2140.000000 26398.000000
2142.000000 26400.000000
2143.000000 26402.000000
2145.000000 26404.000000
2146.000000 26406.000000
2148.000000 26408.000000
2150.000000 26410.000000
2151.000000 26412.000000
2152.000000 26414.000000
2154.000000 26416.000000
2156.000000 26418.000000
2157.000000 26420.000000
2158.000000 26422.000000
2160.000000 26424.000000
2162.000000 26426.000000
2163.000000 26428.000000
2165.000000 26430.000000
2166.000000 26432.000000
2168.000000 26434.000000
2169.000000 26436.000000
2171.000000 26438.000000
2172.000000 26440.000000
2174.000000 26442.000000
2175.000000 26444.000000
2177.000000 26446.000000
2178.000000 26448.000000
2180.000000 26450.000000
2181.000000 26452.000000
2183.000000 26454.000000
2184.000000 26456.000000
2186.000000 26458.000000
2188.000000 26460.000000
2189.000000 26462.000000
2190.000000 26464.000000
2192.000000 26466.000000
2194.000000 26468.000000
2195.000000 26470.000000
2197.000000 26472.000000
2198.000000 26474.000000
2200.000000 26476.000000
2201.000000 26478.000000
2203.000000 26480.000000
2204.000000 26482.000000
2206.000000 26484.000000
2207.000000 26486.000000
2209.000000 26488.000000
2210.000000 26490.000000
2212.000000 26492.000000
2213.000000 26494.000000
2215.000000 26496.000000
2216.000000 26498.000000
2218.000000 26500.000000
2220.000000 26502.000000
2221.000000 26504.000000
2223.000000 26506.000000
2224.000000 26508.000000
2226.000000 26510.000000
2227.000000 26512.000000
2229.000000 26514.000000
2230.000000 26516.000000
2232.000000 26518.000000
2233.000000 26520.000000
2235.000000 26522.000000
2236.000000 26524.000000
2238.000000 26526.000000
2239.000000 26528.000000
2241.000000 26530.000000
2242.000000 26532.000000
2244.000000 26534.000000
2245.000000 26536.000000
2247.000000 26538.000000
2248.000000 26540.000000
2250.000000 26542.000000
2252.000000 26544.000000
2253.000000 26546.000000
2254.000000 26548.000000
2256.000000 26550.000000
2258.000000 26552.000000
2259.000000 26554.000000
2260.000000 26556.000000
2262.000000 26558.000000
2264.000000 26560.000000
2265.000000 26562.000000
2267.000000 26564.000000
2268.000000 26566.000000
2270.000000 26568.000000
2271.000000 26570.000000
2273.000000 26572.000000
2274.000000 26574.000000
2276.000000 26576.000000
2277.000000 26578.000000
2279.000000 26580.000000
2280.000000 26582.000000
2282.000000 26584.000000
2283.000000 26586.000000
2285.000000 26588.000000
2286.000000 26590.000000
2288.000000 26592.000000
2290.000000 26594.000000
2291.000000 26596.000000
2293.000000 26598.000000
2294.000000 26600.000000
2296.000000 26602.000000
2297.000000 26604.000000
2299.000000 26606.000000
2300.000000 26608.000000
2302.000000 26610.000000
2303.000000 26612.000000
2305.000000 26614.000000
2306.000000 26616.000000
2308.000000 26618.000000
2309.000000 26620.000000
2311.000000 26622.000000
2312.000000 26624.000000
2314.000000 26626.000000
2315.000000 26628.000000
2317.000000 26630.000000
2318.000000 26632.000000
2320.000000 26634.000000
2321.000000 26636.000000
2323.000000 26638.000000
2324.000000 26640.000000
2326.000000 26642.000000
2328.000000 26644.000000
2329.000000 26646.000000
2330.000000 26648.000000
2332.000000 26650.000000
2334.000000 26652.000000
2335.000000 26654.000000
2337.000000 26656.000000
2338.000000 26658.000000
2340.000000 26660.000000
2341.000000 26662.000000
2343.000000 26664.000000
2344.000000 26666.000000
2346.000000 26668.000000
2347.000000 26670.000000
2349.000000 26672.000000
2350.000000 26674.000000
2352.000000 26676.000000
2353.000000 26678.000000
2355.000000 26680.000000
2356.000000 26682.000000
2358.000000 26684.000000
2360.000000 26686.000000
2361.000000 26688.000000
2362.000000 26690.000000
2364.000000 26692.000000
2366.000000 26694.000000
2367.000000 26696.000000
2369.000000 26698.000000
2370.000000 26700.000000
2372.000000 26702.000000
2373.000000 26704.000000
2375.000000 26706.000000
2376.000000 26708.000000
2378.000000 26710.000000
2379.000000 26712.000000
2381.000000 26714.000000
2382.000000 26716.000000
2384.000000 26718.000000
2385.000000 26720.000000
2387.000000 26722.000000
2388.000000 26724.000000
2390.000000 26726.000000
2392.000000 26728.000000
2393.000000 26730.000000
2394.000000 26732.000000
2396.000000 26734.000000
2398.000000 26736.000000
2399.000000 26738.000000
2400.000000 26740.000000
2402.000000 26742.000000
2404.000000 26744.000000
2405.000000 26746.000000
2407.000000 26748.000000
2408.000000 26750.000000
2410.000000 26752.000000
2411.000000 26754.000000
2413.000000 26756.000000
2414.000000 26758.000000
2416.000000 26760.000000
2417.000000 26762.000000
2419.000000 26764.000000
2420.000000 26766.000000
2422.000000 26768.000000
2423.000000 26770.000000
2425.000000 26772.000000
2426.000000 26774.000000
2428.000000 26776.000000
2429.000000 26778.000000
2431.000000 26780.000000
2432.000000 26782.000000
2434.000000 26784.000000
2436.000000 26786.000000
2437.000000 26788.000000
2439.000000 26790.000000
2440.000000 26792.000000
2442.000000 26794.000000
2443.000000 26796.000000
2445.000000 26798.000000
2446.000000 26800.000000
2448.000000 26802.000000
2449.000000 26804.000000
2451.000000 26806.000000
2452.000000 26808.000000
2454.000000 26810.000000
2455.000000 26812.000000
2457.000000 26814.000000
2458.000000 26816.000000
2460.000000 26818.000000
2461.000000 26820.000000
2463.000000 26822.000000
2464.000000 26824.000000
2466.000000 26826.000000
2468.000000 26828.000000
2469.000000 26830.000000
2470.000000 26832.000000
2472.000000 26834.000000
2474.000000 26836.000000
2475.000000 26838.000000
2477.000000 26840.000000
2478.000000 26842.000000
2480.000000 26844.000000
2481.000000 26846.000000
2483.000000 26848.000000
2484.000000 26850.000000
2486.000000 26852.000000
2487.000000 26854.000000
2489.000000 26856.000000
2490.000000 26858.000000
2492.000000 26860.000000
2493.000000 26862.000000
2495.000000 26864.000000
2496.000000 26866.000000
2498.000000 26868.000000
2499.000000 26870.000000
2501.000000 26872.000000
2502.000000 26874.000000
2504.000000 26876.000000
2506.000000 26878.000000
2507.000000 26880.000000
2509.000000 26882.000000
2510.000000 26884.000000
2512.000000 26886.000000
2513.000000 26888.000000
2515.000000 26890.000000
2516.000000 26892.000000
2518.000000 26894.000000
2519.000000 26896.000000
2521.000000 26898.000000
2522.000000 26900.000000
2524.000000 26902.000000
2525.000000 26904.000000
2527.000000 26906.000000
2528.000000 26908.000000
2530.000000 26910.000000
2531.000000 26912.000000
2533.000000 26914.000000
2534.000000 26916.000000
2536.000000 26918.000000
2538.000000 26920.000000
2539.000000 26922.000000
2540.000000 26924.000000
2542.000000 26926.000000
2544.000000 26928.000000
2545.000000 26930.000000
2546.000000 26932.000000
2548.000000 26934.000000
2550.000000 26936.000000
2551.000000 26938.000000
2553.000000 26940.000000
2554.000000 26942.000000
2556.000000 26944.000000
2557.000000 26946.000000
2559.000000 26948.000000
2560.000000 26950.000000
2562.000000 26952.000000
2563.000000 26954.000000
2565.000000 26956.000000
2566.000000 26958.000000
2568.000000 26960.000000
2569.000000 26962.000000
2571.000000 26964.000000
2572.000000 26966.000000
2574.000000 26968.000000
2576.000000 26970.000000
2577.000000 26972.000000
2579.000000 26974.000000
2580.000000 26976.000000
2582.000000 26978.000000
2583.000000 26980.000000
2585.000000 26982.000000
2586.000000 26984.000000
2588.000000 26986.000000
2589.000000 26988.000000
2591.000000 26990.000000
2592.000000 26992.000000
2594.000000 26994.000000
2595.000000 26996.000000
2597.000000 26998.000000
2598.000000 27000.000000
2600.000000 27002.000000
2601.000000 27004.000000
2603.000000 27006.000000
2604.000000 27008.000000
2606.000000 27010.000000
2608.000000 27012.000000
2609.000000 27014.000000
2610.000000 27016.000000
2612.000000 27018.000000
2614.000000 27020.000000
2615.000000 27022.000000
2617.000000 27024.000000
2618.000000 27026.000000
2620.000000 27028.000000
2621.000000 27030.000000
2623.000000 27032.000000
2624.000000 27034.000000
2626.000000 27036.000000
2627.000000 27038.000000
2629.000000 27040.000000
2630.000000 27042.000000
2632.000000 27044.000000
2633.000000 27046.000000
2635.000000 27048.000000
2636.000000 27050.000000
2638.000000 27052.000000
2639.000000 27054.000000
2641.000000 27056.000000
2642.000000 27058.000000
2644.000000 27060.000000
2646.000000 27062.000000
2647.000000 27064.000000
2649.000000 27066.000000
2650.000000 27068.000000
2652.000000 27070.000000
2653.000000 27072.000000
2655.000000 27074.000000
2656.000000 27076.000000
2658.000000 27078.000000
2659.000000 27080.000000
2661.000000 27082.000000
2662.000000 27084.000000
2664.000000 27086.000000
2665.000000 27088.000000
2667.000000 27090.000000
2668.000000 27092.000000
2670.000000 27094.000000
2672.000000 27096.000000
2673.000000 27098.000000
2675.000000 27100.000000
2676.000000 27102.000000
2678.000000 27104.000000
2679.000000 27106.000000
2681.000000 27108.000000
2682.000000 27110.000000
2684.000000 27112.000000
2685.000000 27114.000000
2687.000000 27116.000000
2688.000000 27118.000000
2690.000000 27120.000000
2691.000000 27122.000000
2693.000000 27124.000000
2694.000000 27126.000000
2696.000000 27128.000000
2697.000000 27130.000000
2699.000000 27132.000000
2700.000000 27134.000000
2702.000000 27136.000000
2704.000000 27138.000000
2705.000000 27140.000000
2706.000000 27142.000000
2708.000000 27144.000000
2710.000000 27146.000000
2711.000000 27148.000000
2712.000000 27150.000000
2714.000000 27152.000000
2716.000000 27154.000000
2717.000000 27156.000000
2719.000000 27158.000000
2720.000000 27160.000000
2722.000000 27162.000000
2723.000000 27164.000000
2725.000000 27166.000000
2726.000000 27168.000000
2728.000000 27170.000000
2729.000000 27172.000000
2731.000000 27174.000000
2732.000000 27176.000000
2734.000000 27178.000000
2735.000000 27180.000000
2737.000000 27182.000000
2738.000000 27184.000000
2740.000000 27186.000000
2742.000000 27188.000000
2743.000000 27190.000000
2745.000000 27192.000000
2746.000000 27194.000000
2748.000000 27196.000000
2749.000000 27198.000000
2751.000000 27200.000000
2752.000000 27202.000000
2754.000000 27204.000000
2755.000000 27206.000000
2757.000000 27208.000000
2758.000000 27210.000000
2760.000000 27212.000000
2761.000000 27214.000000
2763.000000 27216.000000
2764.000000 27218.000000
2766.000000 27220.000000
2767.000000 27222.000000
2769.000000 27224.000000
2770.000000 27226.000000
2772.000000 27228.000000
2774.000000 27230.000000
2775.000000 27232.000000
2777.000000 27234.000000
2777.000000 27234.000000
0.000000 0.000000
0.000000 0.000000
0.000000 0.000000
0.000000 0.000000
0.000000 0.000000
0.000000 0.000000
0.000000 0.000000
0.000000 0.000000
0.000000 0.000000
0.000000 0.000000
0.000000 0.000000
0.000000 0.000000
0.000000 0.000000
0.000000 0.000000
0.000000 0.000000
0.000000 0.000000
0.000000 0.000000
0.000000 0.000000
0.000000 0.000000
0.000000 0.000000
2808.000000 27276.000000
2810.000000 27278.000000
2812.000000 27280.000000
2813.000000 27282.000000
2815.000000 27284.000000
2816.000000 27286.000000
2818.000000 27288.000000
2819.000000 27290.000000
2821.000000 27292.000000
2822.000000 27294.000000
2824.000000 27296.000000
2825.000000 27298.000000
2827.000000 27300.000000
2828.000000 27302.000000
2830.000000 27304.000000
2831.000000 27306.000000
2833.000000 27308.000000
2834.000000 27310.000000
2836.000000 27312.000000
2837.000000 27314.000000
2839.000000 27316.000000
2840.000000 27318.000000
2842.000000 27320.000000
2844.000000 27322.000000
2845.000000 27324.000000
2847.000000 27326.000000
2848.000000 27328.000000
2850.000000 27330.000000
2851.000000 27332.000000
2853.000000 27334.000000
2854.000000 27336.000000
2856.000000 27338.000000
2857.000000 27340.000000
2859.000000 27342.000000
2860.000000 27344.000000
2862.000000 27346.000000
2863.000000 27348.000000
2865.000000 27350.000000
2866.000000 27352.000000
2868.000000 27354.000000
2869.000000 27356.000000
2871.000000 27358.000000
2872.000000 27360.000000
2874.000000 27362.000000
2875.000000 27364.000000
2877.000000 27366.000000
2878.000000 27368.000000
2880.000000 27370.000000
2882.000000 27372.000000
2883.000000 27374.000000
2884.000000 27376.000000
2886.000000 27378.000000
2888.000000 27380.000000
2889.000000 27382.000000
2891.000000 27384.000000
2892.000000 27386.000000
2894.000000 27388.000000
2895.000000 27390.000000
2897.000000 27392.000000
2898.000000 27394.000000
2900.000000 27396.000000
2901.000000 27398.000000
2903.000000 27400.000000
2904.000000 27402.000000
2906.000000 27404.000000
2907.000000 27406.000000
2909.000000 27408.000000
2909.000000 27408.000000
0.000000 0.000000
0.000000 0.000000
0.000000 0.000000
0.000000 0.000000
0.000000 0.000000
0.000000 0.000000
0.000000 0.000000
0.000000 0.000000
0.000000 0.000000
0.000000 0.000000
0.000000 0.000000
0.000000 0.000000
0.000000 0.000000
0.000000 0.000000
0.000000 0.000000
0.000000 0.000000
0.000000 0.000000
0.000000 0.000000
0.000000 0.000000
2939.000000 27448.000000
2941.000000 27450.000000
2942.000000 27452.000000
2944.000000 27454.000000
2945.000000 27456.000000
2947.000000 27458.000000
2948.000000 27460.000000
2950.000000 27462.000000
2951.000000 27464.000000
2953.000000 27466.000000
2954.000000 27468.000000
2956.000000 27470.000000
2958.000000 27472.000000
2959.000000 27474.000000
2961.000000 27476.000000
2962.000000 27478.000000
2964.000000 27480.000000
2965.000000 27482.000000
2967.000000 27484.000000
2968.000000 27486.000000
2970.000000 27488.000000
2971.000000 27490.000000
2973.000000 27492.000000
2974.000000 27494.000000
2976.000000 27496.000000
2977.000000 27498.000000
2979.000000 27500.000000
2980.000000 27502.000000
2982.000000 27504.000000
2983.000000 27506.000000
2985.000000 27508.000000
2986.000000 27510.000000
2988.000000 27512.000000
2990.000000 27514.000000
2991.000000 27516.000000
2993.000000 27518.000000
2994.000000 27520.000000
2996.000000 27522.000000
2997.000000 27524.000000
2999.000000 27526.000000
3000.000000 27528.000000
3002.000000 27530.000000
3003.000000 27532.000000
3005.000000 27534.000000
3006.000000 27536.000000
3008.000000 27538.000000
3009.000000 27540.000000
3011.000000 27542.000000
3012.000000 27544.000000
3014.000000 27546.000000
3015.000000 27548.000000
3017.000000 27550.000000
3018.000000 27552.000000
3020.000000 27554.000000
3021.000000 27556.000000
3023.000000 27558.000000
3024.000000 27560.000000
3026.000000 27562.000000
3028.000000 27564.000000
3029.000000 27566.000000
3031.000000 27568.000000
3032.000000 27570.000000
3034.000000 27572.000000
3035.000000 27574.000000
3037.000000 27576.000000
3038.000000 27578.000000
3040.000000 27580.000000
3041.000000 27582.000000
3043.000000 27584.000000
3044.000000 27586.000000
3046.000000 27588.000000
3047.000000 27590.000000
3049.000000 27592.000000
3050.000000 27594.000000
3052.000000 27596.000000
3053.000000 27598.000000
3055.000000 27600.000000
3056.000000 27602.000000
3058.000000 27604.000000
3060.000000 27606.000000
3061.000000 27608.000000
3063.000000 27610.000000
3064.000000 27612.000000
3066.000000 27614.000000
3067.000000 27616.000000
3069.000000 27618.000000
3070.000000 27620.000000
3072.000000 27622.000000
3073.000000 27624.000000
3075.000000 27626.000000
3076.000000 27628.000000
3078.000000 27630.000000
3079.000000 27632.000000
3081.000000 27634.000000
3082.000000 27636.000000
3084.000000 27638.000000
3086.000000 27640.000000
3087.000000 27642.000000
3088.000000 27644.000000
3090.000000 27646.000000
3092.000000 27648.000000
3093.000000 27650.000000
3094.000000 27652.000000
3096.000000 27654.000000
3098.000000 27656.000000
3099.000000 27658.000000
3101.000000 27660.000000
3102.000000 27662.000000
3104.000000 27664.000000
3105.000000 27666.000000
3107.000000 27668.000000
3108.000000 27670.000000
3110.000000 27672.000000
3111.000000 27674.000000
3113.000000 27676.000000
3114.000000 27678.000000
3116.000000 27680.000000
3117.000000 27682.000000
3119.000000 27684.000000
3120.000000 27686.000000
3122.000000 27688.000000
3123.000000 27690.000000
3125.000000 27692.000000
3126.000000 27694.000000
3128.000000 27696.000000
3130.000000 27698.000000
3131.000000 27700.000000
3133.000000 27702.000000
3134.000000 27704.000000
3136.000000 27706.000000
3137.000000 27708.000000
3139.000000 27710.000000
3140.000000 27712.000000
3142.000000 27714.000000
3143.000000 27716.000000
3145.000000 27718.000000
3146.000000 27720.000000
3148.000000 27722.000000
3149.000000 27724.000000
3151.000000 27726.000000
3152.000000 27728.000000
3154.000000 27730.000000
3156.000000 27732.000000
3157.000000 27734.000000
3159.000000 27736.000000
3160.000000 27738.000000
3162.000000 27740.000000
3163.000000 27742.000000
3165.000000 27744.000000
3166.000000 27746.000000
3168.000000 27748.000000
3169.000000 27750.000000
3171.000000 27752.000000
3172.000000 27754.000000
3174.000000 27756.000000
3175.000000 27758.000000
3177.000000 27760.000000
3178.000000 27762.000000
3180.000000 27764.000000
3182.000000 27766.000000
3183.000000 27768.000000
3184.000000 27770.000000
3186.000000 27772.000000
3188.000000 27774.000000
3189.000000 27776.000000
3190.000000 27778.000000
3192.000000 27780.000000
3194.000000 27782.000000
3195.000000 27784.000000
3197.000000 27786.000000
3198.000000 27788.000000
3200.000000 27790.000000
3201.000000 27792.000000
3203.000000 27794.000000
3204.000000 27796.000000
3206.000000 27798.000000
3207.000000 27800.000000
3209.000000 27802.000000
3210.000000 27804.000000
3212.000000 27806.000000
3213.000000 27808.000000
3215.000000 27810.000000
3216.000000 27812.000000
3218.000000 27814.000000
3219.000000 27816.000000
3221.000000 27818.000000
3222.000000 27820.000000
3224.000000 27822.000000
3226.000000 27824.000000
3227.000000 27826.000000
3229.000000 27828.000000
3230.000000 27830.000000
3232.000000 27832.000000
3233.000000 27834.000000
3235.000000 27836.000000
3236.000000 27838.000000
3238.000000 27840.000000
3239.000000 27842.000000
3241.000000 27844.000000
3242.000000 27846.000000
3244.000000 27848.000000
3245.000000 27850.000000
3247.000000 27852.000000
3248.000000 27854.000000
3250.000000 27856.000000
3252.000000 27858.000000
3253.000000 27860.000000
3255.000000 27862.000000
3256.000000 27864.000000
3258.000000 27866.000000
3259.000000 27868.000000
3261.000000 27870.000000
3262.000000 27872.000000
3264.000000 27874.000000
3265.000000 27876.000000
3267.000000 27878.000000
3268.000000 27880.000000
3270.000000 27882.000000
3271.000000 27884.000000
3273.000000 27886.000000
3274.000000 27888.000000
3276.000000 27890.000000
3277.000000 27892.000000
3279.000000 27894.000000
3280.000000 27896.000000
3282.000000 27898.000000
3283.000000 27900.000000
3285.000000 27902.000000
3286.000000 27904.000000
3288.000000 27906.000000
3290.000000 27908.000000
3291.000000 27910.000000
3292.000000 27912.000000
3294.000000 27914.000000
3296.000000 27916.000000
3297.000000 27918.000000
3299.000000 27920.000000
3300.000000 27922.000000
3302.000000 27924.000000
3303.000000 27926.000000
3305.000000 27928.000000
3306.000000 27930.000000
3308.000000 27932.000000
3309.000000 27934.000000
3311.000000 27936.000000
3312.000000 27938.000000
3314.000000 27940.000000
3315.000000 27942.000000
3317.000000 27944.000000
3318.000000 27946.000000
3320.000000 27948.000000
3322.000000 27950.000000
3323.000000 27952.000000
3325.000000 27954.000000
3326.000000 27956.000000
3328.000000 27958.000000
3329.000000 27960.000000
3331.000000 27962.000000
3332.000000 27964.000000
3334.000000 27966.000000
3335.000000 27968.000000
3337.000000 27970.000000
3338.000000 27972.000000
3340.000000 27974.000000
3341.000000 27976.000000
3343.000000 27978.000000
3344.000000 27980.000000
3346.000000 27982.000000
3347.000000 27984.000000
3349.000000 27986.000000
3350.000000 27988.000000
3352.000000 27990.000000
3353.000000 27992.000000
3355.000000 27994.000000
3356.000000 27996.000000
3358.000000 27998.000000
3360.000000 28000.000000
3361.000000 28002.000000
3362.000000 28004.000000
3364.000000 28006.000000
3366.000000 28008.000000
3367.000000 28010.000000
3367.000000 28010.000000
0.000000 0.000000
0.000000 0.000000
0.000000 0.000000
0.000000 0.000000
0.000000 0.000000
0.000000 0.000000
0.000000 0.000000
0.000000 0.000000
0.000000 0.000000
0.000000 0.000000
0.000000 0.000000
0.000000 0.000000
0.000000 0.000000
0.000000 0.000000
0.000000 0.000000
0.000000 0.000000
0.000000 0.000000
0.000000 0.000000
0.000000 0.000000
0.000000 0.000000
3399.000000 28052.000000
3401.000000 28054.000000
3402.000000 28056.000000
3404.000000 28058.000000
3405.000000 28060.000000
3407.000000 28062.000000
3408.000000 28064.000000
3410.000000 28066.000000
3411.000000 28068.000000
3413.000000 28070.000000
3414.000000 28072.000000
3416.000000 28074.000000
3417.000000 28076.000000
3419.000000 28078.000000
3420.000000 28080.000000
3422.000000 28082.000000
3423.000000 28084.000000
3425.000000 28086.000000
3426.000000 28088.000000
3428.000000 28090.000000
3429.000000 28092.000000
3431.000000 28094.000000
3432.000000 28096.000000
3434.000000 28098.000000
3435.000000 28100.000000
3437.000000 28102.000000
3438.000000 28104.000000
3440.000000 28106.000000
3442.000000 28108.000000
3443.000000 28110.000000
3445.000000 28112.000000
3446.000000 28114.000000
3448.000000 28116.000000
3449.000000 28118.000000
3451.000000 28120.000000
3452.000000 28122.000000
3454.000000 28124.000000
3455.000000 28126.000000
3457.000000 28128.000000
3458.000000 28130.000000
3460.000000 28132.000000
3461.000000 28134.000000
3463.000000 28136.000000
3464.000000 28138.000000
3466.000000 28140.000000
3467.000000 28142.000000
3469.000000 28144.000000
3470.000000 28146.000000
3472.000000 28148.000000
3474.000000 28150.000000
3475.000000 28152.000000
3476.000000 28154.000000
3478.000000 28156.000000
3480.000000 28158.000000
3481.000000 28160.000000
3483.000000 28162.000000
3484.000000 28164.000000
3486.000000 28166.000000
3487.000000 28168.000000
3489.000000 28170.000000
3490.000000 28172.000000
3492.000000 28174.000000
3493.000000 28176.000000
3495.000000 28178.000000
3496.000000 28180.000000
3498.000000 28182.000000
3499.000000 28184.000000
3501.000000 28186.000000
3502.000000 28188.000000
3504.000000 28190.000000
3505.000000 28192.000000
3507.000000 28194.000000
3508.000000 28196.000000
3510.000000 28198.000000
3512.000000 28200.000000
3513.000000 28202.000000
3515.000000 28204.000000
3516.000000 28206.000000
3518.000000 28208.000000
3519.000000 28210.000000
3521.000000 28212.000000
3522.000000 28214.000000
3524.000000 28216.000000
3525.000000 28218.000000
3527.000000 28220.000000
3528.000000 28222.000000
3530.000000 28224.000000
3531.000000 28226.000000
3533.000000 28228.000000
3534.000000 28230.000000
3536.000000 28232.000000
3538.000000 28234.000000
3539.000000 28236.000000
3540.000000 28238.000000
3542.000000 28240.000000
3544.000000 28242.000000
3545.000000 28244.000000
3546.000000 28246.000000
3548.000000 28248.000000
3550.000000 28250.000000
3551.000000 28252.000000
3553.000000 28254.000000
3554.000000 28256.000000
3556.000000 28258.000000
3557.000000 28260.000000
3559.000000 28262.000000
3560.000000 28264.000000
3562.000000 28266.000000
3563.000000 28268.000000
3565.000000 28270.000000
3566.000000 28272.000000
3568.000000 28274.000000
3569.000000 28276.000000
3571.000000 28278.000000
3572.000000 28280.000000
3574.000000 28282.000000
3575.000000 28284.000000
3577.000000 28286.000000
3578.000000 28288.000000
3580.000000 28290.000000
3582.000000 28292.000000
3583.000000 28294.000000
3585.000000 28296.000000
3586.000000 28298.000000
3588.000000 28300.000000
3589.000000 28302.000000
3591.000000 28304.000000
3592.000000 28306.000000
3594.000000 28308.000000
3595.000000 28310.000000
3597.000000 28312.000000
3598.000000 28314.000000
3600.000000 28316.000000
3601.000000 28318.000000
3603.000000 28320.000000
3604.000000 28322.000000
3606.000000 28324.000000
3608.000000 28326.000000
3609.000000 28328.000000
3610.000000 28330.000000
3612.000000 28332.000000
3614.000000 28334.000000
3615.000000 28336.000000
3617.000000 28338.000000
3618.000000 28340.000000
3620.000000 28342.000000
3621.000000 28344.000000
3623.000000 28346.000000
3624.000000 28348.000000
3626.000000 28350.000000
3627.000000 28352.000000
3629.000000 28354.000000
3630.000000 28356.000000
3632.000000 28358.000000
3633.000000 28360.000000
3635.000000 28362.000000
3636.000000 28364.000000
3638.000000 28366.000000
3640.000000 28368.000000
3641.000000 28370.000000
3642.000000 28372.000000
3644.000000 28374.000000
3646.000000 28376.000000
3647.000000 28378.000000
3648.000000 28380.000000
3650.000000 28382.000000
3652.000000 28384.000000
3653.000000 28386.000000
3655.000000 28388.000000
3656.000000 28390.000000
3658.000000 28392.000000
3659.000000 28394.000000
3661.000000 28396.000000
3662.000000 28398.000000
3664.000000 28400.000000
3665.000000 28402.000000
3667.000000 28404.000000
3668.000000 28406.000000
3670.000000 28408.000000
3671.000000 28410.000000
3673.000000 28412.000000
3674.000000 28414.000000
3676.000000 28416.000000
3678.000000 28418.000000
3679.000000 28420.000000
3681.000000 28422.000000
3682.000000 28424.000000
3684.000000 28426.000000
3685.000000 28428.000000
3687.000000 28430.000000
3688.000000 28432.000000
3690.000000 28434.000000
3691.000000 28436.000000
3693.000000 28438.000000
3694.000000 28440.000000
3696.000000 28442.000000
3697.000000 28444.000000
3699.000000 28446.000000
3700.000000 28448.000000
3702.000000 28450.000000
3703.000000 28452.000000
3705.000000 28454.000000
3706.000000 28456.000000
3708.000000 28458.000000
3710.000000 28460.000000
3711.000000 28462.000000
3713.000000 28464.000000
3714.000000 28466.000000
3716.000000 28468.000000
3717.000000 28470.000000
3719.000000 28472.000000
3720.000000 28474.000000
3722.000000 28476.000000
3723.000000 28478.000000
3725.000000 28480.000000
3726.000000 28482.000000
3728.000000 28484.000000
3729.000000 28486.000000
3731.000000 28488.000000
3732.000000 28490.000000
3734.000000 28492.000000
3735.000000 28494.000000
3737.000000 28496.000000
3738.000000 28498.000000
3740.000000 28500.000000
3742.000000 28502.000000
3743.000000 28504.000000
3744.000000 28506.000000
3746.000000 28508.000000
3748.000000 28510.000000
3749.000000 28512.000000
3751.000000 28514.000000
3752.000000 28516.000000
3754.000000 28518.000000
3755.000000 28520.000000
3757.000000 28522.000000
3758.000000 28524.000000
3760.000000 28526.000000
3761.000000 28528.000000
3763.000000 28530.000000
3764.000000 28532.000000
3766.000000 28534.000000
3767.000000 28536.000000
3767.000000 28536.000000
0.000000 0.000000
0.000000 0.000000
0.000000 0.000000
0.000000 0.000000
0.000000 0.000000
0.000000 0.000000
0.000000 0.000000
0.000000 0.000000
0.000000 0.000000
0.000000 0.000000
0.000000 0.000000
0.000000 0.000000
0.000000 0.000000
0.000000 0.000000
0.000000 0.000000
0.000000 0.000000
0.000000 0.000000
0.000000 0.000000
0.000000 0.000000
3798.000000 28576.000000
3799.000000 28578.000000
3801.000000 28580.000000
3802.000000 28582.000000
3804.000000 28584.000000
3806.000000 28586.000000
3807.000000 28588.000000
3808.000000 28590.000000
3810.000000 28592.000000
3812.000000 28594.000000
3813.000000 28596.000000
3814.000000 28598.000000
3814.000000 28598.000000
0.000000 0.000000
0.000000 0.000000
0.000000 0.000000
0.000000 0.000000
0.000000 0.000000
0.000000 0.000000
0.000000 0.000000
0.000000 0.000000
0.000000 0.000000
0.000000 0.000000
0.000000 0.000000
0.000000 0.000000
0.000000 0.000000
0.000000 0.000000
3837.000000 28628.000000
3839.000000 28630.000000
3840.000000 28632.000000
3842.000000 28634.000000
3843.000000 28636.000000
3845.000000 28638.000000
3846.000000 28640.000000
3848.000000 28642.000000
3850.000000 28644.000000
3851.000000 28646.000000
3853.000000 28648.000000
3854.000000 28650.000000
3856.000000 28652.000000
3857.000000 28654.000000
3859.000000 28656.000000
3860.000000 28658.000000
3862.000000 28660.000000
3863.000000 28662.000000
3865.000000 28664.000000
3866.000000 28666.000000
3868.000000 28668.000000
3869.000000 28670.000000
3871.000000 28672.000000
3872.000000 28674.000000
3874.000000 28676.000000
3875.000000 28678.000000
3877.000000 28680.000000
3878.000000 28682.000000
3880.000000 28684.000000
3882.000000 28686.000000
3883.000000 28688.000000
3884.000000 28690.000000
3886.000000 28692.000000
3888.000000 28694.000000
3889.000000 28696.000000
3890.000000 28698.000000
3892.000000 28700.000000
3894.000000 28702.000000
3895.000000 28704.000000
3897.000000 28706.000000
3898.000000 28708.000000
3900.000000 28710.000000
3901.000000 28712.000000
3903.000000 28714.000000
3904.000000 28716.000000
3906.000000 28718.000000
3907.000000 28720.000000
3909.000000 28722.000000
3910.000000 28724.000000
3912.000000 28726.000000
3913.000000 28728.000000
3915.000000 28730.000000
3916.000000 28732.000000
3918.000000 28734.000000
3920.000000 28736.000000
3921.000000 28738.000000
3923.000000 28740.000000
3924.000000 28742.000000
3926.000000 28744.000000
3927.000000 28746.000000
3929.000000 28748.000000
3930.000000 28750.000000
3932.000000 28752.000000
3933.000000 28754.000000
3935.000000 28756.000000
3936.000000 28758.000000
3938.000000 28760.000000
3939.000000 28762.000000
3941.000000 28764.000000
3942.000000 28766.000000
3944.000000 28768.000000
3945.000000 28770.000000
3947.000000 28772.000000
3948.000000 28774.000000
3950.000000 28776.000000
3952.000000 28778.000000
3953.000000 28780.000000
3954.000000 28782.000000
3956.000000 28784.000000
3958.000000 28786.000000
3959.000000 28788.000000
3960.000000 28790.000000
3962.000000 28792.000000
3964.000000 28794.000000
3965.000000 28796.000000
3967.000000 28798.000000
3968.000000 28800.000000
3970.000000 28802.000000
3971.000000 28804.000000
3973.000000 28806.000000
3974.000000 28808.000000
3976.000000 28810.000000
3977.000000 28812.000000
3979.000000 28814.000000
3980.000000 28816.000000
3982.000000 28818.000000
3983.000000 28820.000000
3985.000000 28822.000000
3986.000000 28824.000000
3988.000000 28826.000000
3990.000000 28828.000000
3991.000000 28830.000000
3993.000000 28832.000000
3994.000000 28834.000000
3996.000000 28836.000000
3997.000000 28838.000000
3999.000000 28840.000000
4000.000000 28842.000000
4002.000000 28844.000000
4003.000000 28846.000000
4005.000000 28848.000000
4006.000000 28850.000000
4008.000000 28852.000000
4009.000000 28854.000000
4011.000000 28856.000000
4012.000000 28858.000000
4014.000000 28860.000000
4015.000000 28862.000000
4017.000000 28864.000000
4018.000000 28866.000000
4020.000000 28868.000000
4022.000000 28870.000000
4023.000000 28872.000000
4025.000000 28874.000000
4026.000000 28876.000000
4028.000000 28878.000000
4029.000000 28880.000000
4031.000000 28882.000000
4032.000000 28884.000000
4034.000000 28886.000000
4035.000000 28888.000000
4037.000000 28890.000000
4038.000000 28892.000000
4040.000000 28894.000000
4041.000000 28896.000000
4043.000000 28898.000000
4044.000000 28900.000000
4046.000000 28902.000000
4047.000000 28904.000000
4049.000000 28906.000000
4050.000000 28908.000000
4052.000000 28910.000000
4053.000000 28912.000000
4055.000000 28914.000000
4056.000000 28916.000000
4058.000000 28918.000000
4060.000000 28920.000000
4061.000000 28922.000000
4063.000000 28924.000000
4064.000000 28926.000000
4066.000000 28928.000000
4067.000000 28930.000000
4069.000000 28932.000000
4070.000000 28934.000000
4072.000000 28936.000000
4073.000000 28938.000000
4075.000000 28940.000000
4076.000000 28942.000000
4078.000000 28944.000000
4079.000000 28946.000000
4081.000000 28948.000000
4082.000000 28950.000000
4084.000000 28952.000000
4086.000000 28954.000000
4087.000000 28956.000000
4088.000000 28958.000000
4090.000000 28960.000000
4092.000000 28962.000000
4093.000000 28964.000000
4095.000000 28966.000000
4096.000000 28968.000000
4098.000000 28970.000000
4099.000000 28972.000000
4101.000000 28974.000000
4102.000000 28976.000000
4104.000000 28978.000000
4105.000000 28980.000000
4107.000000 28982.000000
4108.000000 28984.000000
4110.000000 28986.000000
4111.000000 28988.000000
4113.000000 28990.000000
4114.000000 28992.000000
4116.000000 28994.000000
4118.000000 28996.000000
4119.000000 28998.000000
4120.000000 29000.000000
4122.000000 29002.000000
4124.000000 29004.000000
4125.000000 29006.000000
4126.000000 29008.000000
4128.000000 29010.000000
4130.000000 29012.000000
4131.000000 29014.000000
4133.000000 29016.000000
4134.000000 29018.000000
4136.000000 29020.000000
4137.000000 29022.000000
4139.000000 29024.000000
4140.000000 29026.000000
4142.000000 29028.000000
4143.000000 29030.000000
4145.000000 29032.000000
4146.000000 29034.000000
4148.000000 29036.000000
4149.000000 29038.000000
4151.000000 29040.000000
4152.000000 29042.000000
4154.000000 29044.000000
4156.000000 29046.000000
4157.000000 29048.000000
4159.000000 29050.000000
4160.000000 29052.000000
4162.000000 29054.000000
4163.000000 29056.000000
4165.000000 29058.000000
4166.000000 29060.000000
4168.000000 29062.000000
4169.000000 29064.000000
4171.000000 29066.000000
4172.000000 29068.000000
4174.000000 29070.000000
4175.000000 29072.000000
4177.000000 29074.000000
4178.000000 29076.000000
4180.000000 29078.000000
4181.000000 29080.000000
4183.000000 29082.000000
4184.000000 29084.000000
4186.000000 29086.000000
4188.000000 29088.000000
4189.000000 29090.000000
4191.000000 29092.000000
4192.000000 29094.000000
4194.000000 29096.000000
4195.000000 29098.000000
4197.000000 29100.000000
4198.000000 29102.000000
4200.000000 29104.000000
4201.000000 29106.000000
4203.000000 29108.000000
4204.000000 29110.000000
4206.000000 29112.000000
4207.000000 29114.000000
4209.000000 29116.000000
4210.000000 29118.000000
4212.000000 29120.000000
4213.000000 29122.000000
4215.000000 29124.000000
4216.000000 29126.000000
4218.000000 29128.000000
4220.000000 29130.000000
4221.000000 29132.000000
4222.000000 29134.000000
4224.000000 29136.000000
4226.000000 29138.000000
4227.000000 29140.000000
4229.000000 29142.000000
4230.000000 29144.000000
4232.000000 29146.000000
4233.000000 29148.000000
4235.000000 29150.000000
4236.000000 29152.000000
4238.000000 29154.000000
4239.000000 29156.000000
4241.000000 29158.000000
4242.000000 29160.000000
4244.000000 29162.000000
4245.000000 29164.000000
4247.000000 29166.000000
4248.000000 29168.000000
4250.000000 29170.000000
4251.000000 29172.000000
4253.000000 29174.000000
4254.000000 29176.000000
4256.000000 29178.000000
4258.000000 29180.000000
4259.000000 29182.000000
4261.000000 29184.000000
4262.000000 29186.000000
4264.000000 29188.000000
4265.000000 29190.000000
4267.000000 29192.000000
4268.000000 29194.000000
4270.000000 29196.000000
4271.000000 29198.000000
4273.000000 29200.000000
4274.000000 29202.000000
4276.000000 29204.000000
4277.000000 29206.000000
4279.000000 29208.000000
4280.000000 29210.000000
4282.000000 29212.000000
4284.000000 29214.000000
4285.000000 29216.000000
4286.000000 29218.000000
4288.000000 29220.000000
4290.000000 29222.000000
4291.000000 29224.000000
4292.000000 29226.000000
4294.000000 29228.000000
4296.000000 29230.000000
4297.000000 29232.000000
4299.000000 29234.000000
4300.000000 29236.000000
4300.000000 29236.000000
0.000000 0.000000
0.000000 0.000000
0.000000 0.000000
0.000000 0.000000
0.000000 0.000000
0.000000 0.000000
0.000000 0.000000
0.000000 0.000000
0.000000 0.000000
0.000000 0.000000
0.000000 0.000000
0.000000 0.000000
0.000000 0.000000
0.000000 0.000000
0.000000 0.000000
0.000000 0.000000
4326.000000 29270.000000
4328.000000 29272.000000
4329.000000 29274.000000
4331.000000 29276.000000
4332.000000 29278.000000
4334.000000 29280.000000
4335.000000 29282.000000
4337.000000 29284.000000
4338.000000 29286.000000
4340.000000 29288.000000
4341.000000 29290.000000
4343.000000 29292.000000
4344.000000 29294.000000
4346.000000 29296.000000
4347.000000 29298.000000
4349.000000 29300.000000
4350.000000 29302.000000
4352.000000 29304.000000
4353.000000 29306.000000
4355.000000 29308.000000
4356.000000 29310.000000
4358.000000 29312.000000
4360.000000 29314.000000
4361.000000 29316.000000
4363.000000 29318.000000
4364.000000 29320.000000
4366.000000 29322.000000
4367.000000 29324.000000
4368.000000 29326.000000
4370.000000 29328.000000
4372.000000 29330.000000
4373.000000 29332.000000
4375.000000 29334.000000
4376.000000 29336.000000
4378.000000 29338.000000
4379.000000 29340.000000
4381.000000 29342.000000
4382.000000 29344.000000
4384.000000 29346.000000
4385.000000 29348.000000
4387.000000 29350.000000
4388.000000 29352.000000
4390.000000 29354.000000
4391.000000 29356.000000
4393.000000 29358.000000
4394.000000 29360.000000
4396.000000 29362.000000
4398.000000 29364.000000
4399.000000 29366.000000
4400.000000 29368.000000
4402.000000 29370.000000
4404.000000 29372.000000
4405.000000 29374.000000
4407.000000 29376.000000
4408.000000 29378.000000
4410.000000 29380.000000
4411.000000 29382.000000
4413.000000 29384.000000
4414.000000 29386.000000
4416.000000 29388.000000
4417.000000 29390.000000
4419.000000 29392.000000
4420.000000 29394.000000
4422.000000 29396.000000
4423.000000 29398.000000
4425.000000 29400.000000
4426.000000 29402.000000
4428.000000 29404.000000
4430.000000 29406.000000
4431.000000 29408.000000
4432.000000 29410.000000
4434.000000 29412.000000
4436.000000 29414.000000
4437.000000 29416.000000
4438.000000 29418.000000
4440.000000 29420.000000
4442.000000 29422.000000
4443.000000 29424.000000
4445.000000 29426.000000
4446.000000 29428.000000
4448.000000 29430.000000
4449.000000 29432.000000
4451.000000 29434.000000
4452.000000 29436.000000
4454.000000 29438.000000
4455.000000 29440.000000
4457.000000 29442.000000
4458.000000 29444.000000
4460.000000 29446.000000
4461.000000 29448.000000
4463.000000 29450.000000
4464.000000 29452.000000
4466.000000 29454.000000
4467.000000 29456.000000
4469.000000 29458.000000
4470.000000 29460.000000
4472.000000 29462.000000
4474.000000 29464.000000
4475.000000 29466.000000
4477.000000 29468.000000
4478.000000 29470.000000
4480.000000 29472.000000
4481.000000 29474.000000
4483.000000 29476.000000
4484.000000 29478.000000
4486.000000 29480.000000
4487.000000 29482.000000
4489.000000 29484.000000
4490.000000 29486.000000
4492.000000 29488.000000
4493.000000 29490.000000
4495.000000 29492.000000
4496.000000 29494.000000
4498.000000 29496.000000
4500.000000 29498.000000
4501.000000 29500.000000
4502.000000 29502.000000
4504.000000 29504.000000
