24121.000000  39 80
24227.000000  107 80
24283.000000  144 80
24341.000000  183 80
24341.000000  183 80
24427.000000  242 80
24469.000000  270 80
24489.000000  284 80
24513.000000  301 80
24619.000000  373 80
24641.000000  388 80
24675.000000  411 80
24729.000000  448 80
24729.000000  448 80
24729.000000  448 80
24783.000000  485 80
24861.000000  538 80
24861.000000  538 80
24897.000000  563 80
24923.000000  580 80
24937.000000  590 80
24967.000000  610 80
25033.000000  655 80
25049.000000  666 80
25097.000000  699 80
25115.000000  711 80
25131.000000  722 80
25185.000000  759 80
25213.000000  778 80
25233.000000  792 80
25233.000000  792 80
25289.000000  830 80
25305.000000  841 80
25337.000000  863 80
25389.000000  899 80
25423.000000  922 80
25437.000000  931 80
25449.000000  940 80
25449.000000  940 80
25505.000000  978 80
25505.000000  978 80
25533.000000  997 80
25577.000000  1027 80
25579.000000  1028 80
25621.000000  1057 80
25647.000000  1075 80
25649.000000  1076 80
25659.000000  1083 80
25689.000000  1103 80
25721.000000  1125 80
25749.000000  1145 80
25759.000000  1151 80
25789.000000  1172 80
25799.000000  1179 80
25817.000000  1191 80
25819.000000  1193 80
25839.000000  1206 80
25859.000000  1220 80
25879.000000  1234 80
25913.000000  1257 80
25915.000000  1258 80
25935.000000  1272 80
25967.000000  1294 80
26009.000000  1322 80
26063.000000  1359 80
26093.000000  1380 80
26095.000000  1381 80
26121.000000  1399 80
26145.000000  1415 80
26155.000000  1422 80
26169.000000  1432 80
26183.000000  1441 80
26279.000000  1507 80
26315.000000  1532 80
26401.000000  1591 80
26439.000000  1617 80
26487.000000  1649 80
26549.000000  1692 80
26679.000000  1781 80
26701.000000  1796 80
26735.000000  1819 80
26757.000000  1834 80
26757.000000  1834 80
26823.000000  1879 80
26861.000000  1905 80
27035.000000  2025 80
27159.000000  2109 80
27287.000000  2197 80
27365.000000  2251 80
27399.000000  2274 80
27399.000000  2274 80
27431.000000  2296 80
27487.000000  2334 80
27523.000000  2359 80
27609.000000  2417 80
27647.000000  2443 80
27669.000000  2459 80
27693.000000  2475 80
27703.000000  2482 80
27743.000000  2509 80
27775.000000  2531 80
27843.000000  2578 80
27857.000000  2587 80
27881.000000  2604 80
27935.000000  2641 80
27991.000000  2679 80
28047.000000  2717 80
28049.000000  2719 80
28081.000000  2741 80
28105.000000  2757 80
28143.000000  2783 80
28191.000000  2816 80
28191.000000  2816 80
28219.000000  2835 80
28255.000000  2860 80
28311.000000  2898 80
28313.000000  2900 80
28335.000000  2915 80
28355.000000  2929 80
28369.000000  2938 80
28393.000000  2955 80
28393.000000  2955 80
28431.000000  2981 80
28487.000000  3019 80
28519.000000  3041 80
28521.000000  3042 80
28553.000000  3064 80
28581.000000  3083 80
28637.000000  3122 80
28639.000000  3123 80
28651.000000  3131 80
28675.000000  3148 80
28731.000000  3186 80
28739.000000  3191 80
28771.000000  3213 80
28861.000000  3275 80
28861.000000  3275 80
28911.000000  3309 80
28985.000000  3360 80
29005.000000  3374 80
29053.000000  3407 80
29133.000000  3462 80
29161.000000  3481 80
29217.000000  3519 80
29249.000000  3541 80
29251.000000  3543 80
29303.000000  3578 80
29337.000000  3601 80
29369.000000  3623 80
29369.000000  3623 80
29421.000000  3659 80
29451.000000  3679 80
29523.000000  3729 80
29607.000000  3787 80
29665.000000  3826 80
29691.000000  3844 80
29763.000000  3894 80
29821.000000  3933 80
29889.000000  3980 80
29947.000000  4020 80
29961.000000  4029 80
29995.000000  4053 80
30015.000000  4066 80
30017.000000  4068 80
30045.000000  4087 80
30067.000000  4102 80
30069.000000  4103 80
30099.000000  4124 80
30143.000000  4154 80
30165.000000  4169 80
30207.000000  4198 80
30231.000000  4215 80
30267.000000  4239 80
30291.000000  4256 80
30321.000000  4276 80
30347.000000  4294 80
30381.000000  4317 80
30407.000000  4335 80
30441.000000  4359 80
30471.000000  4379 80
30473.000000  4381 80
30501.000000  4400 80
30503.000000  4401 80
30553.000000  4435 80
30577.000000  4452 80
30613.000000  4476 80
30615.000000  4478 80
30633.000000  4490 80
30633.000000  4490 80
30669.000000  4515 80
30671.000000  4516 80
30695.000000  4533 80
30705.000000  4539 80
30705.000000  4539 80
30733.000000  4559 80
30739.000000  4563 80
30761.000000  4578 80
30775.000000  4587 80
30791.000000  4598 80
30821.000000  4619 80
30875.000000  4656 80
30929.000000  4693 80
30947.000000  4705 80
30961.000000  4715 80
30981.000000  4729 80
31003.000000  4744 80
31067.000000  4788 80
31177.000000  4863 80
31251.000000  4914 80
31277.000000  4932 80
31291.000000  4941 80
31341.000000  4976 80
31379.000000  5002 80
31425.000000  5033 80
31485.000000  5075 80
31525.000000  5102 80
31545.000000  5116 80
31593.000000  5149 80
31659.000000  5194 80
31693.000000  5217 80
31759.000000  5263 80
31795.000000  5287 80
31797.000000  5289 80
31823.000000  5307 80
31851.000000  5326 80
31905.000000  5363 80
31939.000000  5386 80
31939.000000  5386 80
31971.000000  5408 80
31973.000000  5409 80
32013.000000  5437 80
32051.000000  5463 80
32081.000000  5483 80
32115.000000  5507 80
32139.000000  5523 80
32155.000000  5534 80
32175.000000  5548 80
32223.000000  5581 80
32253.000000  5602 80
32253.000000  5602 80
32299.000000  5633 80
32323.000000  5650 80
32337.000000  5659 80
32369.000000  5681 80
32423.000000  5718 80
32425.000000  5720 80
32449.000000  5736 80
32557.000000  5810 80
32611.000000  5847 80
32613.000000  5849 80
32629.000000  5859 80
32661.000000  5881 80
32723.000000  5924 80
32735.000000  5932 80
32751.000000  5943 80
32799.000000  5976 80
32829.000000  5997 80
32847.000000  6009 80
32863.000000  6020 80
32887.000000  6037 80
32947.000000  6078 80
32949.000000  6079 80
32953.000000  6082 80
32969.000000  6093 80
32997.000000  6112 80
33021.000000  6129 80
33053.000000  6151 80
33075.000000  6166 80
33075.000000  6166 80
33091.000000  6177 80
33123.000000  6199 80
33147.000000  6215 80
33149.000000  6217 80
33185.000000  6241 80
33187.000000  6243 80
33207.000000  6256 80
33251.000000  6286 80
33253.000000  6288 80
33255.000000  6289 80
33283.000000  6308 80
33283.000000  6308 80
33295.000000  6317 80
33321.000000  6335 80
33345.000000  6351 80
33527.000000  6476 80
33529.000000  6477 80
33535.000000  6481 80
33559.000000  6498 80
33577.000000  6511 80
33633.000000  6549 80
33665.000000  6571 80
33665.000000  6571 80
33697.000000  6593 80
33729.000000  6616 80
33753.000000  6633 80
33789.000000  6659 80
33791.000000  6661 80
33841.000000  6697 80
33865.000000  6715 80
33877.000000  6724 80
33925.000000  6759 80
33951.000000  6778 80
33989.000000  6806 80
33989.000000  6806 80
33989.000000  6806 80
33999.000000  6813 80
34039.000000  6842 80
34063.000000  6860 80
34065.000000  6861 80
34109.000000  6894 80
34125.000000  6905 80
34135.000000  6913 80
34153.000000  6926 80
34189.000000  6952 80
34203.000000  6963 80
34231.000000  6983 80
34245.000000  6993 80
34279.000000  7018 80
34281.000000  7020 80
34307.000000  7039 80
34309.000000  7040 80
34377.000000  7090 80
34383.000000  7095 80
34415.000000  7118 80
34415.000000  7118 80
34503.000000  7182 80
34529.000000  7201 80
34545.000000  7213 80
34561.000000  7225 80
34583.000000  7241 80
34583.000000  7241 80
34639.000000  7282 80
34661.000000  7298 80
34707.000000  7332 80
34707.000000  7332 80
34735.000000  7353 80
34755.000000  7367 80
34777.000000  7383 80
34791.000000  7393 80
34835.000000  7426 80
34835.000000  7426 80
34853.000000  7439 80
34887.000000  7464 80
34889.000000  7465 80
34911.000000  7481 80
34943.000000  7505 80
34945.000000  7506 80
34967.000000  7523 80
34969.000000  7524 80
35003.000000  7549 80
35027.000000  7566 80
35085.000000  7609 80
35087.000000  7610 80
35097.000000  7618 80
35181.000000  7679 80
35263.000000  7739 80
35283.000000  7754 80
35285.000000  7755 80
35313.000000  7776 80
35313.000000  7776 80
35347.000000  7801 80
35395.000000  7836 80
35433.000000  7864 80
35473.000000  7893 80
35531.000000  7936 80
35565.000000  7961 80
35595.000000  7983 80
35651.000000  8024 80
35709.000000  8066 80
35765.000000  8107 80
35815.000000  8144 80
35831.000000  8155 80
35847.000000  8167 80
35861.000000  8177 80
35877.000000  8189 80
35947.000000  8241 80
35967.000000  8255 80
36013.000000  8289 80
36027.000000  8299 80
36037.000000  8306 80
36053.000000  8318 80
36071.000000  8331 80
36117.000000  8365 80
36151.000000  8390 80
36175.000000  8408 80
36235.000000  8451 80
36237.000000  8453 80
36313.000000  8509 80
36313.000000  8509 80
36351.000000  8537 80
36351.000000  8537 80
36351.000000  8537 80
36425.000000  8591 80
36433.000000  8597 80
36459.000000  8615 80
36481.000000  8632 80
36517.000000  8658 80
36529.000000  8667 80
36555.000000  8686 80
36557.000000  8687 80
36583.000000  8707 80
36669.000000  8769 80
36693.000000  8787 80
36695.000000  8789 80
36709.000000  8799 80
36725.000000  8811 80
36757.000000  8834 80
36769.000000  8843 80
36771.000000  8844 80
36825.000000  8884 80
36851.000000  8903 80
36883.000000  8926 80
36907.000000  8944 80
36921.000000  8954 80
36951.000000  8976 80
36951.000000  8976 80
36965.000000  8986 80
36997.000000  9010 80
37023.000000  9029 80
37059.000000  9055 80
37061.000000  9057 80
37083.000000  9073 80
37083.000000  9073 80
37111.000000  9093 80
37133.000000  9109 80
37133.000000  9109 80
37145.000000  9118 80
37163.000000  9131 80
37185.000000  9147 80
37215.000000  9169 80
37241.000000  9189 80
37261.000000  9203 80
37275.000000  9213 80
37297.000000  9230 80
37311.000000  9240 80
37311.000000  9240 80
37351.000000  9269 80
37383.000000  9293 80
37385.000000  9294 80
37401.000000  9306 80
37435.000000  9331 80
37649.000000  9487 80
37673.000000  9505 80
37729.000000  9546 80
37761.000000  9569 80
37829.000000  9619 80
37897.000000  9669 80
37909.000000  9678 80
37925.000000  9690 80
37943.000000  9703 80
37943.000000  9703 80
37991.000000  9738 80
38025.000000  9763 80
38039.000000  9773 80
38065.000000  9792 80
38065.000000  9792 80
38073.000000  9798 80
38109.000000  9825 80
38111.000000  9826 80
38131.000000  9841 80
38163.000000  9864 80
38193.000000  9886 80
38227.000000  9911 80
38281.000000  9950 80
38309.000000  9971 80
38311.000000  9972 80
38339.000000  9993 80
38369.000000  10015 80
38399.000000  10037 80
38445.000000  10071 80
38447.000000  10072 80
38471.000000  10089 80
38495.000000  10107 80
38511.000000  10119 80
38527.000000  10131 80
38541.000000  10141 80
38577.000000  10167 80
38603.000000  10186 80
38605.000000  10188 80
38615.000000  10195 80
38625.000000  10202 80
38627.000000  10204 80
38671.000000  10236 80
38707.000000  10262 80
38733.000000  10281 80
38733.000000  10281 80
38769.000000  10308 80
38807.000000  10336 80
38845.000000  10363 80
38847.000000  10365 80
38897.000000  10401 80
38921.000000  10419 80
38953.000000  10443 80
38977.000000  10460 80
39015.000000  10488 80
39033.000000  10501 80
39033.000000  10501 80
39067.000000  10526 80
39083.000000  10538 80
39095.000000  10547 80
39121.000000  10566 80
39121.000000  10566 80
39151.000000  10587 80
39179.000000  10608 80
39187.000000  10614 80
39211.000000  10631 80
39239.000000  10652 80
39271.000000  10675 80
39287.000000  10687 80
39317.000000  10709 80
39351.000000  10734 80
39381.000000  10756 80
39415.000000  10781 80
39415.000000  10781 80
39449.000000  10806 80
39467.000000  10819 80
39501.000000  10844 80
39563.000000  10889 80
39565.000000  10891 80
40647.000000  11684 80
40649.000000  11685 80
40655.000000  11690 80
40689.000000  11715 80
40715.000000  11734 80
40729.000000  11744 80
40815.000000  11807 80
40841.000000  11826 80
40855.000000  11836 80
40909.000000  11876 80
40919.000000  11883 80
40941.000000  11899 80
40955.000000  11909 80
40987.000000  11933 80
41035.000000  11968 80
41065.000000  11990 80
41091.000000  12009 80
41139.000000  12044 80
41163.000000  12062 80
41175.000000  12071 80
41191.000000  12082 80
41241.000000  12119 80
41275.000000  12144 80
41297.000000  12160 80
41307.000000  12167 80
41341.000000  12192 80
41341.000000  12192 80
41341.000000  12192 80
41395.000000  12232 80
41429.000000  12257 80
41485.000000  12298 80
41485.000000  12298 80
41495.000000  12305 80
41529.000000  12330 80
41579.000000  12367 80
41615.000000  12393 80
41645.000000  12415 80
41677.000000  12439 80
41701.000000  12456 80
41721.000000  12471 80
41753.000000  12494 80
41753.000000  12494 80
41787.000000  12519 80
41815.000000  12539 80
41861.000000  12573 80
41861.000000  12573 80
41879.000000  12586 80
41889.000000  12594 80
41941.000000  12632 80
41975.000000  12657 80
41989.000000  12667 80
42047.000000  12709 80
42111.000000  12756 80
42211.000000  12830 80
42229.000000  12843 80
42253.000000  12860 80
42285.000000  12884 80
42313.000000  12904 80
42327.000000  12915 80
42327.000000  12915 80
42367.000000  12944 80
42367.000000  12944 80
42401.000000  12969 80
42449.000000  13004 80
42477.000000  13025 80
42511.000000  13049 80
42599.000000  13114 80
42673.000000  13168 80
42729.000000  13209 80
42731.000000  13211 80
42803.000000  13263 80
42855.000000  13301 80
42901.000000  13335 80
42901.000000  13335 80
42955.000000  13375 80
42977.000000  13391 80
42991.000000  13401 80
43011.000000  13416 80
43071.000000  13460 80
43097.000000  13479 80
43111.000000  13489 80
43137.000000  13508 80
43207.000000  13559 80
43209.000000  13561 80
43237.000000  13581 80
43261.000000  13599 80
43293.000000  13622 80
43323.000000  13644 80
43325.000000  13646 80
43353.000000  13666 80
43377.000000  13684 80
43411.000000  13709 80
43411.000000  13709 80
43411.000000  13709 80
43455.000000  13741 80
43485.000000  13763 80
43501.000000  13775 80
43521.000000  13789 80
43553.000000  13813 80
43553.000000  13813 80
43587.000000  13838 80
43605.000000  13851 80
43625.000000  13865 80
43661.000000  13892 80
43693.000000  13915 80
43727.000000  13940 80
43775.000000  13975 80
43827.000000  14013 80
43829.000000  14015 80
43881.000000  14053 80
43889.000000  14059 80
43943.000000  14098 80
43943.000000  14098 80
43979.000000  14125 80
43981.000000  14126 80
44031.000000  14163 80
44031.000000  14163 80
44057.000000  14182 80
44071.000000  14192 80
44105.000000  14217 80
44107.000000  14219 80
44147.000000  14248 80
44159.000000  14257 80
44173.000000  14267 80
44173.000000  14267 80
44205.000000  14290 80
44243.000000  14318 80
44245.000000  14320 80
44267.000000  14336 80
44293.000000  14355 80
44345.000000  14393 80
44347.000000  14394 80
44363.000000  14406 80
44387.000000  14423 80
44401.000000  14434 80
44403.000000  14435 80
44433.000000  14457 80
44439.000000  14462 80
44447.000000  14467 80
44461.000000  14478 80
44509.000000  14513 80
44509.000000  14513 80
44525.000000  14525 80
44555.000000  14547 80
44609.000000  14586 80
44611.000000  14588 80
44633.000000  14604 80
44667.000000  14629 80
44669.000000  14630 80
44691.000000  14646 80
44725.000000  14671 80
44747.000000  14687 80
44781.000000  14712 80
44807.000000  14731 80
44821.000000  14741 80
44841.000000  14756 80
44863.000000  14772 80
44863.000000  14772 80
44893.000000  14794 80
44895.000000  14796 80
44933.000000  14824 80
44969.000000  14850 80
44997.000000  14871 80
45027.000000  14893 80
45061.000000  14917 80
45083.000000  14933 80
45095.000000  14942 80
45127.000000  14966 80
45151.000000  14983 80
45183.000000  15007 80
45207.000000  15024 80
45217.000000  15032 80
45251.000000  15057 80
45251.000000  15057 80
45251.000000  15057 80
45279.000000  15077 80
45279.000000  15077 80
45313.000000  15102 80
45345.000000  15125 80
45381.000000  15152 80
45403.000000  15168 80
45403.000000  15168 80
45403.000000  15168 80
45403.000000  15168 80
45457.000000  15207 80
45485.000000  15228 80
45507.000000  15244 80
45529.000000  15260 80
45575.000000  15294 80
45621.000000  15328 80
45623.000000  15329 80
45675.000000  15367 80
45693.000000  15380 80
45743.000000  15417 80
45745.000000  15419 80
45777.000000  15442 80
45807.000000  15464 80
45843.000000  15490 80
45845.000000  15492 80
45895.000000  15528 80
45923.000000  15549 80
45955.000000  15572 80
45957.000000  15574 80
45989.000000  15597 80
46025.000000  15623 80
46049.000000  15641 80
46063.000000  15651 80
46063.000000  15651 80
46125.000000  15697 80
46151.000000  15716 80
46187.000000  15742 80
46219.000000  15766 80
46243.000000  15783 80
46245.000000  15785 80
46295.000000  15821 80
46297.000000  15823 80
46351.000000  15862 80
46387.000000  15889 80
46411.000000  15906 80
46465.000000  15946 80
46531.000000  15994 80
46619.000000  16059 80
46641.000000  16075 80
46655.000000  16085 80
46707.000000  16123 80
46727.000000  16138 80
46741.000000  16148 80
46789.000000  16183 80
46801.000000  16192 80
46825.000000  16210 80
46845.000000  16224 80
46859.000000  16235 80
46879.000000  16249 80
46927.000000  16285 80
46953.000000  16303 80
46979.000000  16323 80
47047.000000  16372 80
47049.000000  16374 80
47061.000000  16383 80
47073.000000  16391 80
47073.000000  16391 80
47097.000000  16409 80
47129.000000  16433 80
47161.000000  16456 80
47173.000000  16465 80
47187.000000  16475 80
47211.000000  16493 80
47243.000000  16516 80
47271.000000  16537 80
47273.000000  16538 80
47327.000000  16577 80
47341.000000  16588 80
47393.000000  16626 80
47393.000000  16626 80
47423.000000  16648 80
47425.000000  16649 80
47535.000000  16730 80
47537.000000  16731 80
47553.000000  16743 80
47573.000000  16758 80
47575.000000  16759 80
47581.000000  16764 80
47581.000000  16764 80
47607.000000  16783 80
47667.000000  16827 80
47669.000000  16828 80
47699.000000  16850 80
47701.000000  16852 80
47723.000000  16868 80
47755.000000  16891 80
47757.000000  16893 80
47779.000000  16909 80
47839.000000  16953 80
47839.000000  16953 80
47839.000000  16953 80
47851.000000  16961 80
47907.000000  17003 80
47921.000000  17013 80
47921.000000  17013 80
47965.000000  17045 80
47993.000000  17066 80
48019.000000  17085 80
48045.000000  17104 80
48081.000000  17130 80
48083.000000  17131 80
48103.000000  17146 80
48123.000000  17161 80
48137.000000  17171 80
48137.000000  17171 80
48163.000000  17190 80
48163.000000  17190 80
48163.000000  17190 80
48193.000000  17212 80
48233.000000  17241 80
48251.000000  17255 80
48273.000000  17271 80
48329.000000  17312 80
48363.000000  17337 80
48385.000000  17353 80
48441.000000  17394 80
48475.000000  17419 80
48497.000000  17435 80
48511.000000  17445 80
48529.000000  17458 80
48553.000000  17476 80
48621.000000  17526 80
48643.000000  17542 80
48655.000000  17551 80
48671.000000  17562 80
48707.000000  17589 80
48727.000000  17603 80
48781.000000  17643 80
48793.000000  17652 80
48809.000000  17663 80
48825.000000  17675 80
48861.000000  17702 80
48891.000000  17724 80
48899.000000  17729 80
48949.000000  17766 80
48949.000000  17766 80
48949.000000  17766 80
49001.000000  17804 80
49035.000000  17829 80
49071.000000  17855 80
49107.000000  17882 80
49131.000000  17899 80
49207.000000  17955 80
49233.000000  17974 80
49257.000000  17992 80
49317.000000  18036 80
49317.000000  18036 80
49367.000000  18072 80
49393.000000  18091 80
49453.000000  18135 80
49517.000000  18182 80
49601.000000  18244 80
49677.000000  18300 80
49733.000000  18341 80
49765.000000  18364 80
49767.000000  18365 80
49791.000000  18383 80
49847.000000  18424 80
49861.000000  18434 80
49887.000000  18453 80
49913.000000  18473 80
49943.000000  18495 80
49951.000000  18500 80
49981.000000  18522 80
50029.000000  18557 80
50051.000000  18574 80
50103.000000  18612 80
50103.000000  18612 80
50199.000000  18682 80
50201.000000  18684 80
50257.000000  18725 80
50279.000000  18741 80
50333.000000  18780 80
50367.000000  18805 80
50401.000000  18830 80
50435.000000  18855 80
50493.000000  18897 80
50525.000000  18921 80
50549.000000  18939 80
50575.000000  18957 80
50635.000000  19001 80
50683.000000  19037 80
50683.000000  19037 80
50701.000000  19050 80
50721.000000  19065 80
50729.000000  19071 80
50745.000000  19082 80
50767.000000  19098 80
50781.000000  19109 80
50783.000000  19110 80
50815.000000  19133 80
50835.000000  19148 80
50867.000000  19171 80
50901.000000  19196 80
50955.000000  19236 80
50983.000000  19257 80
51099.000000  19341 80
51237.000000  19443 80
51239.000000  19444 80
51255.000000  19456 80
51271.000000  19467 80
51319.000000  19503 80
51343.000000  19520 80
51379.000000  19547 80
51379.000000  19547 80
51417.000000  19574 80
51451.000000  19599 80
51479.000000  19620 80
51535.000000  19661 80
51665.000000  19756 80
51667.000000  19758 80
51687.000000  19772 80
51701.000000  19783 80
51733.000000  19806 80
51761.000000  19826 80
51761.000000  19826 80
51761.000000  19826 80
51779.000000  19840 80
51825.000000  19873 80
51861.000000  19900 80
51911.000000  19936 80
51933.000000  19952 80
51965.000000  19976 80
51999.000000  20001 80
52047.000000  20036 80
52047.000000  20036 80
52055.000000  20042 80
52077.000000  20058 80
52103.000000  20077 80
52163.000000  20121 80
52171.000000  20127 80
52171.000000  20127 80
52187.000000  20138 80
52189.000000  20140 80
52241.000000  20178 80
52329.000000  20242 80
52343.000000  20253 80
52371.000000  20273 80
52427.000000  20314 80
52459.000000  20338 80
52459.000000  20338 80
52531.000000  20390 80
52605.000000  20445 80
52667.000000  20490 80
52685.000000  20503 80
52713.000000  20524 80
52785.000000  20576 80
52809.000000  20594 80
52811.000000  20595 80
52841.000000  20617 80
52841.000000  20617 80
52895.000000  20657 80
52919.000000  20675 80
52921.000000  20676 80
52975.000000  20715 80
53009.000000  20740 80
53037.000000  20761 80
53039.000000  20762 80
53069.000000  20784 80
53099.000000  20806 80
53101.000000  20808 80
53129.000000  20828 80
53165.000000  20855 80
53197.000000  20878 80
53201.000000  20881 80
53227.000000  20900 80
53237.000000  20907 80
53255.000000  20921 80
53293.000000  20948 80
53305.000000  20957 80
53323.000000  20970 80
53347.000000  20988 80
53361.000000  20998 80
53377.000000  21010 80
53443.000000  21058 80
53451.000000  21064 80
53507.000000  21105 80
53521.000000  21115 80
53577.000000  21156 80
53639.000000  21202 80
53641.000000  21203 80
53673.000000  21227 80
53701.000000  21247 80
53703.000000  21249 80
53729.000000  21268 80
53791.000000  21313 80
53837.000000  21347 80
53837.000000  21347 80
53887.000000  21383 80
53915.000000  21404 80
53951.000000  21430 80
53989.000000  21458 80
54039.000000  21495 80
54195.000000  21609 80
54249.000000  21649 80
54273.000000  21666 80
54309.000000  21692 80
54311.000000  21694 80
54361.000000  21731 80
54389.000000  21751 80
54391.000000  21753 80
54411.000000  21767 80
54443.000000  21791 80
54457.000000  21801 80
54457.000000  21801 80
54493.000000  21827 80
54537.000000  21859 80
54747.000000  22013 80
54777.000000  22035 80
54779.000000  22037 80
54809.000000  22059 80
54837.000000  22079 80
54839.000000  22081 80
54867.000000  22101 80
54867.000000  22101 80
54867.000000  22101 80
54921.000000  22141 80
54947.000000  22160 80
54981.000000  22185 80
55007.000000  22204 80
55037.000000  22226 80
55051.000000  22236 80
55067.000000  22248 80
55097.000000  22270 80
55143.000000  22303 80
55221.000000  22361 80
55243.000000  22377 80
55291.000000  22412 80
55319.000000  22432 80
55319.000000  22432 80
55351.000000  22456 80
55353.000000  22457 80
55383.000000  22479 80
55415.000000  22503 80
55439.000000  22520 80
55471.000000  22544 80
55471.000000  22544 80
55525.000000  22583 80
55579.000000  22623 80
55633.000000  22662 80
55661.000000  22683 80
55707.000000  22717 80
55707.000000  22717 80
55727.000000  22731 80
55759.000000  22755 80
55775.000000  22766 80
55847.000000  22819 80
55877.000000  22841 80
55913.000000  22867 80
55933.000000  22882 80
55981.000000  22917 80
55983.000000  22919 80
56033.000000  22955 80
56063.000000  22977 80
56077.000000  22988 80
56111.000000  23013 80
56113.000000  23014 80
56163.000000  23051 80
56191.000000  23071 80
56193.000000  23073 80
56205.000000  23081 80
56225.000000  23096 80
56259.000000  23121 80
56261.000000  23122 80
56297.000000  23149 80
56321.000000  23166 80
56331.000000  23174 80
56345.000000  23184 80
56393.000000  23219 80
56395.000000  23221 80
56401.000000  23225 80
56429.000000  23245 80
56429.000000  23245 80
56689.000000  23436 80
56719.000000  23458 80
56719.000000  23458 80
56777.000000  23500 80
56791.000000  23511 80
56867.000000  23566 80
56879.000000  23575 80
56893.000000  23585 80
56925.000000  23609 80
56927.000000  23610 80
56949.000000  23626 80
56949.000000  23626 80
56967.000000  23639 80
56987.000000  23654 80
57035.000000  23689 80
57053.000000  23703 80
57079.000000  23722 80
57099.000000  23736 80
57131.000000  23760 80
57165.000000  23785 80
57211.000000  23818 80
57277.000000  23867 80
57279.000000  23868 80
57319.000000  23897 80
57343.000000  23915 80
57399.000000  23956 80
57435.000000  23982 80
57457.000000  23998 80
57513.000000  24039 80
57547.000000  24064 80
57651.000000  24140 80
57667.000000  24152 80
57699.000000  24176 80
57701.000000  24177 80
57729.000000  24198 80
57775.000000  24231 80
57801.000000  24250 80
57819.000000  24263 80
57821.000000  24265 80
57851.000000  24287 80
57901.000000  24324 80
57901.000000  24324 80
57911.000000  24331 80
57943.000000  24354 80
57997.000000  24394 80
58027.000000  24416 80
58029.000000  24417 80
58085.000000  24458 80
58085.000000  24458 80
58085.000000  24458 80
58115.000000  24480 80
58169.000000  24520 80
58225.000000  24561 80
58279.000000  24600 80
58291.000000  24609 80
58329.000000  24637 80
58365.000000  24663 80
58411.000000  24697 80
58413.000000  24699 80
58433.000000  24713 80
58469.000000  24739 80
58475.000000  24744 80
58519.000000  24776 80
58543.000000  24794 80
58577.000000  24819 80
58577.000000  24819 80
58577.000000  24819 80
58631.000000  24858 80
58663.000000  24881 80
58663.000000  24881 80
58675.000000  24890 80
58731.000000  24931 80
58741.000000  24939 80
58755.000000  24949 80
58809.000000  24989 80
58847.000000  25016 80
58877.000000  25038 80
58913.000000  25065 80
58947.000000  25090 80
58979.000000  25113 80
58981.000000  25115 80
58995.000000  25125 80
59013.000000  25138 80
59049.000000  25164 80
59085.000000  25191 80
59085.000000  25191 80
59085.000000  25191 80
59085.000000  25191 80
59151.000000  25239 80
59161.000000  25246 80
59161.000000  25246 80
59225.000000  25293 80
59249.000000  25311 80
59281.000000  25334 80
59281.000000  25334 80
59335.000000  25374 80
59431.000000  25444 80
59443.000000  25453 80
59493.000000  25489 80
59511.000000  25503 80
59561.000000  25539 80
59599.000000  25567 80
59601.000000  25569 80
59639.000000  25596 80
59683.000000  25629 80
59697.000000  25639 80
59697.000000  25639 80
59719.000000  25655 80
59721.000000  25656 80
59749.000000  25677 80
59781.000000  25700 80
59819.000000  25728 80
59843.000000  25746 80
59875.000000  25769 80
59905.000000  25791 80
59939.000000  25816 80
59961.000000  25832 80
59997.000000  25859 80
59999.000000  25860 80
60019.000000  25875 80
60051.000000  25898 80
60073.000000  25914 80
60107.000000  25939 80
60139.000000  25963 80
60239.000000  26036 80
60265.000000  26055 80
60265.000000  26055 80
60313.000000  26090 80
60325.000000  26099 80
60369.000000  26131 80
60401.000000  26154 80
60433.000000  26178 80
60445.000000  26187 80
60469.000000  26204 80
60525.000000  26245 80
60585.000000  26289 80
60587.000000  26291 80
60639.000000  26329 80
60641.000000  26330 80
60653.000000  26339 80
60677.000000  26357 80
60733.000000  26397 80
60775.000000  26428 80
60777.000000  26430 80
60861.000000  26491 80
60873.000000  26500 80
60897.000000  26518 80
60915.000000  26531 80
60943.000000  26551 80
60955.000000  26560 80
60985.000000  26582 80
61021.000000  26609 80
61037.000000  26620 80
61053.000000  26632 80
61067.000000  26642 80
61067.000000  26642 80
61101.000000  26667 80
61157.000000  26708 80
61157.000000  26708 80
61157.000000  26708 80
61183.000000  26727 80
61217.000000  26752 80
61247.000000  26774 80
61281.000000  26799 80
61303.000000  26815 80
61337.000000  26840 80
61359.000000  26856 80
61359.000000  26856 80
61393.000000  26881 80
61417.000000  26899 80
61419.000000  26900 80
61435.000000  26912 80
61455.000000  26926 80
61487.000000  26950 80
61505.000000  26963 80
61505.000000  26963 80
62869.000000  27962 80
62877.000000  27968 80
62909.000000  27991 80
62933.000000  28009 80
62981.000000  28044 80
63031.000000  28081 80
63065.000000  28106 80
63087.000000  28122 80
63121.000000  28147 80
63145.000000  28164 80
63161.000000  28176 80
63195.000000  28201 80
63223.000000  28221 80
63223.000000  28221 80
63251.000000  28242 80
63253.000000  28243 80
63305.000000  28281 80
63335.000000  28303 80
63335.000000  28303 80
63383.000000  28338 80
63423.000000  28368 80
63453.000000  28390 80
63479.000000  28409 80
63529.000000  28445 80
63613.000000  28507 80
63693.000000  28565 80
63787.000000  28634 80
63799.000000  28643 80
63857.000000  28685 80
63919.000000  28731 80
63951.000000  28754 80
63953.000000  28756 80
63977.000000  28773 80
64023.000000  28807 80
64061.000000  28835 80
64079.000000  28848 80
64127.000000  28883 80
64135.000000  28889 80
64155.000000  28904 80
64155.000000  28904 80
64167.000000  28912 80
64271.000000  28989 80
64309.000000  29016 80
64311.000000  29018 80
64395.000000  29079 80
64397.000000  29081 80
64413.000000  29093 80
64441.000000  29113 80
64493.000000  29151 80
64493.000000  29151 80
64519.000000  29170 80
64551.000000  29193 80
64553.000000  29195 80
64577.000000  29213 80
64713.000000  29312 80
64743.000000  29334 80
64805.000000  29379 80
64825.000000  29394 80
64843.000000  29407 80
64869.000000  29426 80
64917.000000  29461 80
64917.000000  29461 80
64955.000000  29489 80
64957.000000  29491 80
64979.000000  29507 80
65039.000000  29551 80
65041.000000  29552 80
65095.000000  29592 80
65095.000000  29592 80
65131.000000  29618 80
65153.000000  29634 80
65209.000000  29675 80
65223.000000  29685 80
65267.000000  29717 80
65343.000000  29773 80
65345.000000  29775 80
65387.000000  29805 80
65443.000000  29847 80
65445.000000  29848 80
65477.000000  29871 80
65547.000000  29923 80
65581.000000  29947 80
65583.000000  29949 80
65657.000000  30003 80
65665.000000  30009 80
65681.000000  30021 80
65711.000000  30043 80
65765.000000  30082 80
65819.000000  30122 80
65847.000000  30142 80
65849.000000  30144 80
65927.000000  30201 80
66009.000000  30261 80
66009.000000  30261 80
66009.000000  30261 80
66009.000000  30261 80
66051.000000  30292 80
66099.000000  30327 80
66099.000000  30327 80
66143.000000  30359 80
66165.000000  30375 80
66165.000000  30375 80
66193.000000  30396 80
66251.000000  30438 80
66259.000000  30444 80
66259.000000  30444 80
66275.000000  30456 80
66297.000000  30472 80
66311.000000  30482 80
66365.000000  30521 80
66365.000000  30521 80
66399.000000  30546 80
66433.000000  30571 80
66445.000000  30580 80
66477.000000  30603 80
66509.000000  30627 80
66549.000000  30656 80
66579.000000  30678 80
66651.000000  30731 80
66663.000000  30740 80
66679.000000  30751 80
66693.000000  30762 80
66711.000000  30775 80
66759.000000  30810 80
66777.000000  30823 80
66825.000000  30858 80
66859.000000  30883 80
66913.000000  30923 80
66937.000000  30940 80
66969.000000  30964 80
67023.000000  31003 80
67053.000000  31025 80
67055.000000  31027 80
67059.000000  31030 80
67075.000000  31041 80
67103.000000  31062 80
67105.000000  31063 80
67155.000000  31100 80
67207.000000  31138 80
67229.000000  31154 80
67277.000000  31189 80
67309.000000  31213 80
67357.000000  31248 80
67375.000000  31261 80
67375.000000  31261 80
67391.000000  31273 80
67419.000000  31293 80
67439.000000  31308 80
67449.000000  31315 80
67479.000000  31337 80
67511.000000  31361 80
67535.000000  31378 80
67535.000000  31378 80
67675.000000  31481 80
67677.000000  31482 80
67699.000000  31498 80
67731.000000  31522 80
67805.000000  31576 80
67839.000000  31601 80
67899.000000  31645 80
67937.000000  31673 80
67963.000000  31691 80
67989.000000  31711 80
68003.000000  31721 80
68003.000000  31721 80
68051.000000  31756 80
68065.000000  31766 80
68067.000000  31768 80
68093.000000  31787 80
68107.000000  31797 80
68141.000000  31822 80
68193.000000  31860 80
68193.000000  31860 80
68219.000000  31879 80
68273.000000  31918 80
68329.000000  31959 80
68337.000000  31965 80
68337.000000  31965 80
68373.000000  31991 80
68375.000000  31993 80
68405.000000  32015 80
68477.000000  32068 80
68537.000000  32111 80
68567.000000  32133 80
68577.000000  32141 80
68659.000000  32201 80
68717.000000  32243 80
68737.000000  32258 80
68759.000000  32274 80
68793.000000  32299 80
68793.000000  32299 80
68793.000000  32299 80
68815.000000  32315 80
68815.000000  32315 80
68827.000000  32324 80
68889.000000  32369 80
68891.000000  32371 80
68945.000000  32410 80
68945.000000  32410 80
68979.000000  32435 80
69009.000000  32457 80
69011.000000  32459 80
69037.000000  32478 80
69061.000000  32495 80
69107.000000  32529 80
69109.000000  32531 80
69147.000000  32558 80
69177.000000  32580 80
69257.000000  32639 80
69351.000000  32708 80
69431.000000  32766 80
69463.000000  32790 80
69495.000000  32813 80
69519.000000  32831 80
69551.000000  32854 80
69575.000000  32872 80
69643.000000  32921 80
69699.000000  32963 80
69739.000000  32992 80
69783.000000  33024 80
69835.000000  33062 80
69853.000000  33075 80
69867.000000  33086 80
69899.000000  33109 80
69931.000000  33133 80
69997.000000  33181 80
70025.000000  33201 80
70085.000000  33245 80
70119.000000  33270 80
70205.000000  33333 80
70207.000000  33335 80
70239.000000  33358 80
70275.000000  33384 80
70305.000000  33406 80
70339.000000  33431 80
70379.000000  33460 80
70395.000000  33472 80
70397.000000  33473 80
70411.000000  33484 80
70423.000000  33493 80
70451.000000  33513 80
70451.000000  33513 80
70471.000000  33528 80
70513.000000  33559 80
70559.000000  33592 80
70575.000000  33604 80
70639.000000  33651 80
70651.000000  33660 80
70667.000000  33671 80
70723.000000  33712 80
70737.000000  33723 80
70771.000000  33747 80
70773.000000  33749 80
70823.000000  33785 80
70851.000000  33806 80
70853.000000  33807 80
70881.000000  33828 80
70915.000000  33853 80
70937.000000  33869 80
70947.000000  33876 80
70961.000000  33887 80
70991.000000  33908 80
71005.000000  33919 80
71027.000000  33935 80
71077.000000  33971 80
71089.000000  33980 80
71089.000000  33980 80
71127.000000  34008 80
71129.000000  34009 80
71175.000000  34043 80
71191.000000  34055 80
71217.000000  34074 80
71231.000000  34084 80
71253.000000  34100 80
71269.000000  34112 80
71269.000000  34112 80
71293.000000  34130 80
71361.000000  34179 80
71373.000000  34188 80
71405.000000  34212 80
71435.000000  34234 80
71437.000000  34235 80
71453.000000  34247 80
71463.000000  34254 80
71515.000000  34292 80
71539.000000  34310 80
71895.000000  34571 80
71897.000000  34572 80
71919.000000  34588 80
71929.000000  34595 80
71971.000000  34626 80
72005.000000  34651 80
72041.000000  34677 80
72071.000000  34699 80
72127.000000  34741 80
72161.000000  34765 80
72183.000000  34781 80
72259.000000  34837 80
72275.000000  34849 80
72309.000000  34874 80
72309.000000  34874 80
72333.000000  34891 80
72359.000000  34910 80
72395.000000  34937 80
72399.000000  34939 80
72421.000000  34956 80
72439.000000  34969 80
72469.000000  34991 80
72497.000000  35011 80
72517.000000  35026 80
72527.000000  35033 80
72545.000000  35047 80
72569.000000  35064 80
72599.000000  35086 80
72631.000000  35109 80
72655.000000  35127 80
72669.000000  35137 80
72695.000000  35156 80
72727.000000  35180 80
72729.000000  35181 80
72759.000000  35203 80
72795.000000  35230 80
72797.000000  35231 80
72819.000000  35247 80
72831.000000  35256 80
72859.000000  35276 80
72893.000000  35301 80
72923.000000  35323 80
72953.000000  35345 80
72977.000000  35363 80
73047.000000  35414 80
73099.000000  35452 80
73115.000000  35464 80
73115.000000  35464 80
73187.000000  35517 80
73227.000000  35546 80
73285.000000  35588 80
73299.000000  35599 80
73359.000000  35643 80
73361.000000  35644 80
73393.000000  35667 80
73415.000000  35683 80
73415.000000  35683 80
73427.000000  35692 80
73481.000000  35732 80
73481.000000  35732 80
73497.000000  35743 80
73509.000000  35752 80
73511.000000  35754 80
73541.000000  35776 80
73555.000000  35786 80
73573.000000  35799 80
73603.000000  35821 80
73691.000000  35885 80
73709.000000  35899 80
73725.000000  35911 80
73743.000000  35924 80
73753.000000  35931 80
73785.000000  35954 80
73799.000000  35965 80
73801.000000  35966 80
73857.000000  36007 80
73903.000000  36041 80
73969.000000  36089 80
74023.000000  36129 80
74089.000000  36177 80
74105.000000  36189 80
74115.000000  36196 80
74177.000000  36241 80
74243.000000  36290 80
74275.000000  36313 80
74305.000000  36335 80
74353.000000  36370 80
74377.000000  36388 80
74469.000000  36455 80
74469.000000  36455 80
74541.000000  36508 80
74711.000000  36633 80
74713.000000  36634 80
74727.000000  36644 80
74749.000000  36660 80
74805.000000  36701 80
74837.000000  36725 80
74869.000000  36748 80
74919.000000  36785 80
74927.000000  36791 80
74941.000000  36801 80
74963.000000  36817 80
74993.000000  36839 80
75025.000000  36862 80
75093.000000  36912 80
75179.000000  36975 80
75209.000000  36997 80
75211.000000  36999 80
75259.000000  37034 80
75317.000000  37076 80
75373.000000  37117 80
75407.000000  37142 80
75463.000000  37183 80
75487.000000  37201 80
75503.000000  37213 80
75537.000000  37237 80
75559.000000  37253 80
75619.000000  37297 80
75645.000000  37317 80
75665.000000  37331 80
75685.000000  37346 80
75685.000000  37346 80
75705.000000  37361 80
75705.000000  37361 80
75733.000000  37381 80
75765.000000  37404 80
75767.000000  37406 80
75791.000000  37423 80
75799.000000  37429 80
75821.000000  37445 80
75845.000000  37463 80
75871.000000  37482 80
75905.000000  37507 80
75929.000000  37525 80
75963.000000  37549 80
75963.000000  37549 80
75963.000000  37549 80
76017.000000  37589 80
76071.000000  37629 80
76099.000000  37649 80
76101.000000  37651 80
76129.000000  37671 80
76155.000000  37690 80
76155.000000  37690 80
76155.000000  37690 80
76155.000000  37690 80
76207.000000  37728 80
76243.000000  37755 80
76545.000000  37976 80
76547.000000  37977 80
76765.000000  38137 80
76765.000000  38137 80
76765.000000  38137 80
76775.000000  38144 80
76811.000000  38170 80
76829.000000  38183 80
76843.000000  38194 80
76869.000000  38213 80
76883.000000  38223 80
76899.000000  38235 80
76931.000000  38258 80
76943.000000  38267 80
76943.000000  38267 80
76993.000000  38304 80
77037.000000  38336 80
77129.000000  38403 80
77129.000000  38403 80
77189.000000  38447 80
77245.000000  38488 80
77307.000000  38534 80
77309.000000  38535 80
77313.000000  38538 80
77343.000000  38560 80
77397.000000  38599 80
77415.000000  38613 80
77443.000000  38633 80
77513.000000  38685 80
77541.000000  38705 80
77555.000000  38715 80
77585.000000  38737 80
77657.000000  38790 80
77739.000000  38850 80
77777.000000  38878 80
77779.000000  38879 80
77829.000000  38916 80
77853.000000  38933 80
77861.000000  38939 80
77897.000000  38966 80
77899.000000  38967 80
77919.000000  38982 80
77951.000000  39005 80
77973.000000  39021 80
77987.000000  39031 80
78019.000000  39055 80
78045.000000  39074 80
78059.000000  39084 80
78081.000000  39100 80
78151.000000  39152 80
78211.000000  39195 80
78251.000000  39225 80
78279.000000  39245 80
78287.000000  39251 80
78321.000000  39276 80
78339.000000  39289 80
78379.000000  39319 80
78403.000000  39336 80
78459.000000  39377 80
78469.000000  39384 80
78501.000000  39408 80
78525.000000  39425 80
78571.000000  39459 80
78691.000000  39547 80
78715.000000  39565 80
78787.000000  39617 80
78841.000000  39657 80
78917.000000  39713 80
78947.000000  39735 80
78975.000000  39755 80
78977.000000  39757 80
78993.000000  39768 80
79047.000000  39808 80
79107.000000  39852 80
79109.000000  39853 80
79137.000000  39874 80
79139.000000  39875 80
79169.000000  39897 80
79171.000000  39899 80
79173.000000  39900 80
79201.000000  39921 80
79225.000000  39938 80
79257.000000  39961 80
79259.000000  39963 80
79291.000000  39986 80
79315.000000  40004 80
79325.000000  40011 80
79379.000000  40051 80
79405.000000  40070 80
79441.000000  40096 80
79441.000000  40096 80
79463.000000  40112 80
79533.000000  40164 80
79613.000000  40222 80
79671.000000  40265 80
79707.000000  40291 80
79735.000000  40311 80
79799.000000  40358 80
79823.000000  40376 80
79823.000000  40376 80
79877.000000  40415 80
79911.000000  40440 80
79935.000000  40458 80
79949.000000  40468 80
80027.000000  40525 80
80043.000000  40537 80
80079.000000  40563 80
80097.000000  40577 80
80115.000000  40590 80
80143.000000  40610 80
80201.000000  40653 80
80217.000000  40665 80
80233.000000  40676 80
80259.000000  40695 80
80297.000000  40723 80
80299.000000  40725 80
80325.000000  40743 80
80357.000000  40767 80
80379.000000  40783 80
80435.000000  40824 80
80469.000000  40849 80
80523.000000  40889 80
80547.000000  40906 80
80647.000000  40979 80
80665.000000  40992 80
80667.000000  40994 80
80695.000000  41014 80
80725.000000  41036 80
80737.000000  41045 80
80789.000000  41083 80
80833.000000  41115 80
80865.000000  41139 80
80867.000000  41140 80
80903.000000  41167 80
80941.000000  41195 80
80943.000000  41196 80
80965.000000  41212 80
80999.000000  41237 80
80999.000000  41237 80
80999.000000  41237 80
81025.000000  41256 80
81057.000000  41279 80
81085.000000  41300 80
81087.000000  41301 80
81119.000000  41325 80
81121.000000  41326 80
81141.000000  41341 80
81175.000000  41366 80
81177.000000  41367 80
81229.000000  41405 80
81231.000000  41407 80
81315.000000  41468 80
81329.000000  41479 80
81351.000000  41495 80
81381.000000  41517 80
81397.000000  41529 80
81411.000000  41539 80
81435.000000  41556 80
81471.000000  41583 80
81487.000000  41594 80
81515.000000  41615 80
81529.000000  41625 80
81529.000000  41625 80
81561.000000  41649 80
81615.000000  41688 80
81623.000000  41694 80
81623.000000  41694 80
81633.000000  41701 80
81711.000000  41758 80
81711.000000  41758 80
81727.000000  41770 80
81749.000000  41786 80
81815.000000  41835 80
81883.000000  41884 80
81899.000000  41896 80
81995.000000  41966 80
82047.000000  42004 80
82083.000000  42031 80
82105.000000  42047 80
82139.000000  42072 80
82159.000000  42087 80
82207.000000  42121 80
82243.000000  42148 80
82265.000000  42164 80
82267.000000  42165 80
82275.000000  42171 80
82275.000000  42171 80
82275.000000  42171 80
82275.000000  42171 80
82377.000000  42246 80
82379.000000  42247 80
82405.000000  42267 80
82407.000000  42268 80
82497.000000  42334 80
82521.000000  42351 80
82521.000000  42351 80
82551.000000  42373 80
82649.000000  42445 80
82651.000000  42447 80
82667.000000  42458 80
82713.000000  42492 80
82715.000000  42493 80
82745.000000  42515 80
82747.000000  42517 80
82823.000000  42573 80
82857.000000  42597 80
82891.000000  42622 80
82971.000000  42681 80
82987.000000  42693 80
83041.000000  42732 80
83069.000000  42753 80
83083.000000  42763 80
83115.000000  42786 80
83139.000000  42804 80
83187.000000  42839 80
83203.000000  42851 80
83241.000000  42879 80
83329.000000  42943 80
83341.000000  42952 80
85053.000000  44206 80
85079.000000  44225 80
85093.000000  44235 80
85155.000000  44281 80
85191.000000  44307 80
85193.000000  44308 80
85219.000000  44327 80
85263.000000  44360 80
85367.000000  44436 80
85383.000000  44447 80
85453.000000  44499 80
85487.000000  44524 80
85515.000000  44544 80
85517.000000  44546 80
85545.000000  44566 80
85573.000000  44587 80
85575.000000  44588 80
85643.000000  44638 80
85717.000000  44692 80
85755.000000  44720 80
85755.000000  44720 80
85821.000000  44768 80
85903.000000  44828 80
85951.000000  44864 80
85999.000000  44899 80
86029.000000  44921 80
86061.000000  44944 80
86085.000000  44962 80
86147.000000  45007 80
86147.000000  45007 80
86147.000000  45007 80
86177.000000  45029 80
86231.000000  45069 80
86259.000000  45089 80
86315.000000  45130 80
86349.000000  45155 80
86431.000000  45215 80
86447.000000  45227 80
86467.000000  45241 80
86493.000000  45261 80
86523.000000  45283 80
86571.000000  45318 80
86759.000000  45455 80
86761.000000  45457 80
86813.000000  45495 80
86887.000000  45549 80
86913.000000  45569 80
87045.000000  45665 80
87045.000000  45665 80
87133.000000  45730 80
87189.000000  45771 80
87265.000000  45827 80
87339.000000  45881 80
87361.000000  45897 80
87361.000000  45897 80
87479.000000  45983 80
87513.000000  46008 80
87513.000000  46008 80
87537.000000  46026 80
87571.000000  46051 80
87663.000000  46118 80
87697.000000  46143 80
87747.000000  46180 80
87765.000000  46193 80
87845.000000  46251 80
87845.000000  46251 80
87893.000000  46287 80
87929.000000  46313 80
88015.000000  46376 80
88027.000000  46385 80
88063.000000  46411 80
88091.000000  46432 80
88143.000000  46470 80
88157.000000  46480 80
88189.000000  46503 80
88221.000000  46527 80
88249.000000  46548 80
88285.000000  46574 80
88287.000000  46575 80
88391.000000  46651 80
88397.000000  46656 80
88473.000000  46712 80
88525.000000  46750 80
88525.000000  46750 80
88645.000000  -1 80
88645.000000  -1 80
88645.000000  -1 80
88651.000000  46842 80
88663.000000  46851 80
88683.000000  46865 80
88697.000000  46876 80
88727.000000  46898 80
88757.000000  46920 80
88759.000000  46921 80
88787.000000  46942 80
88817.000000  46964 80
88819.000000  46965 80
88831.000000  46974 80
88851.000000  46989 80
88851.000000  46989 80
88867.000000  47000 80
88903.000000  47027 80
88905.000000  47028 80
88965.000000  47072 80
88979.000000  47082 80
88999.000000  47097 80
88999.000000  47097 80
89053.000000  47137 80
89081.000000  47157 80
89081.000000  47157 80
89115.000000  47182 80
89151.000000  47208 80
89205.000000  47248 80
89207.000000  47249 80
89227.000000  47264 80
89227.000000  47264 80
89281.000000  47303 80
89315.000000  47329 80
89339.000000  47346 80
89371.000000  47369 80
89395.000000  47387 80
89409.000000  47397 80
89475.000000  47446 80
89507.000000  47469 80
89531.000000  47487 80
89607.000000  47542 80
89627.000000  47557 80
89627.000000  47557 80
89671.000000  47589 80
89695.000000  47607 80
89725.000000  47629 80
89745.000000  47643 80
89771.000000  47662 80
89797.000000  47681 80
89829.000000  47705 80
89843.000000  47715 80
89879.000000  47742 80
89911.000000  47765 80
89943.000000  47788 80
89999.000000  47829 80
90035.000000  47856 80
90037.000000  47857 80
90087.000000  47894 80
90111.000000  47911 80
90215.000000  47988 80
90215.000000  47988 80
90267.000000  48026 80
90339.000000  48078 80
90369.000000  48100 80
90393.000000  48118 80
90443.000000  48155 80
90475.000000  48178 80
90523.000000  48213 80
90557.000000  48238 80
90581.000000  48255 80
90637.000000  48297 80
90695.000000  48339 80
90709.000000  48349 80
90709.000000  48349 80
90743.000000  48374 80
90797.000000  48413 80
90829.000000  48437 80
90919.000000  48503 80
90999.000000  48562 80
91019.000000  48576 80
91029.000000  48584 80
91051.000000  48600 80
91063.000000  48609 80
91085.000000  48625 80
91087.000000  48626 80
91111.000000  48644 80
91125.000000  48654 80
91125.000000  48654 80
91149.000000  48671 80
91179.000000  48693 80
91201.000000  48709 80
91201.000000  48709 80
91235.000000  48734 80
91267.000000  48758 80
91325.000000  48800 80
91359.000000  48825 80
91387.000000  48846 80
91389.000000  48847 80
91439.000000  48884 80
91489.000000  48920 80
91549.000000  48964 80
91585.000000  48991 80
91635.000000  49027 80
91733.000000  49099 80
91789.000000  49140 80
91805.000000  49151 80
91819.000000  49162 80
91873.000000  49201 80
91907.000000  49226 80
91929.000000  49242 80
91939.000000  49250 80
91971.000000  49273 80
92005.000000  49298 80
92043.000000  49326 80
92045.000000  49327 80
92065.000000  49342 80
92097.000000  49365 80
92121.000000  49383 80
92169.000000  49418 80
92195.000000  49437 80
92241.000000  49471 80
92329.000000  49535 80
92345.000000  49547 80
92393.000000  49582 80
92423.000000  49604 80
92491.000000  49654 80
92555.000000  49701 80
92555.000000  49701 80
92591.000000  49727 80
92697.000000  49805 80
92699.000000  49806 80
92727.000000  49826 80
92735.000000  49832 80
92769.000000  49857 80
92791.000000  49873 80
92817.000000  49892 80
92863.000000  49926 80
92879.000000  49938 80
92899.000000  49953 80
92925.000000  49971 80
92957.000000  49995 80
92987.000000  50017 80
93023.000000  50043 80
93037.000000  50054 80
93049.000000  50062 80
93065.000000  50074 80
93065.000000  50074 80
93115.000000  50111 80
93149.000000  50135 80
93203.000000  50175 80
93227.000000  50193 80
93235.000000  50199 80
93235.000000  50199 80
93271.000000  50225 80
93323.000000  50263 80
93357.000000  50288 80
93405.000000  50323 80
93425.000000  50338 80
93439.000000  50348 80
93475.000000  50374 80
93501.000000  50393 80
93547.000000  50427 80
93619.000000  50480 80
93649.000000  50502 80
93669.000000  50517 80
93683.000000  50527 80
93699.000000  50539 80
93763.000000  50585 80
93797.000000  50610 80
93821.000000  50628 80
93833.000000  50637 80
93865.000000  50660 80
93939.000000  50714 80
94009.000000  50765 80
94085.000000  50821 80
94107.000000  50837 80
94185.000000  50895 80
94187.000000  50896 80
94217.000000  50918 80
94217.000000  50918 80
94247.000000  50940 80
94275.000000  50961 80
94293.000000  50973 80
94319.000000  50993 80
94365.000000  51026 80
94367.000000  51028 80
94383.000000  51039 80
94413.000000  51061 80
94465.000000  51099 80
94465.000000  51099 80
94501.000000  51126 80
94535.000000  51151 80
94559.000000  51168 80
94593.000000  51193 80
94697.000000  51269 80
94699.000000  51271 80
94727.000000  51291 80
94729.000000  51293 80
94757.000000  51313 80
94775.000000  51327 80
94789.000000  51337 80
94825.000000  51363 80
94825.000000  51363 80
94857.000000  51387 80
94887.000000  51409 80
94887.000000  51409 80
94915.000000  51429 80
94931.000000  51441 80
94979.000000  51476 80
95027.000000  51511 80
95029.000000  51513 80
95055.000000  51531 80
95089.000000  51556 80
95089.000000  51556 80
95115.000000  51575 80
95231.000000  51660 80
95239.000000  51666 80
95253.000000  51676 80
95305.000000  51715 80
95365.000000  51759 80
95385.000000  51773 80
95427.000000  51804 80
95429.000000  51805 80
95435.000000  51810 80
95455.000000  51824 80
95629.000000  51952 80
95703.000000  52006 80
95737.000000  52031 80
95789.000000  52069 80
95819.000000  52091 80
95821.000000  52093 80
95833.000000  52101 80
95903.000000  52153 80
95915.000000  52161 80
95947.000000  52185 80
95977.000000  52207 80
95979.000000  52208 80
96005.000000  52227 80
96025.000000  52242 80
96039.000000  52252 80
96071.000000  52275 80
96085.000000  52286 80
96109.000000  52303 80
96109.000000  52303 80
96137.000000  52324 80
96137.000000  52324 80
96173.000000  52350 80
96183.000000  52357 80
96211.000000  52378 80
96231.000000  52393 80
96263.000000  52416 80
96277.000000  52426 80
96309.000000  52450 80
96363.000000  52489 80
96385.000000  52505 80
96419.000000  52530 80
96441.000000  52546 80
96443.000000  52548 80
96497.000000  52587 80
96497.000000  52587 80
96511.000000  52598 80
96543.000000  52621 80
96577.000000  52646 80
96667.000000  52712 80
96769.000000  52787 80
96795.000000  52806 80
96809.000000  52816 80
96811.000000  52817 80
96849.000000  52845 80
96865.000000  52857 80
96915.000000  52893 80
96915.000000  52893 80
96949.000000  -1 80
96949.000000  -1 80
97003.000000  52958 80
97035.000000  52981 80
97067.000000  53005 80
97097.000000  53027 80
97109.000000  53035 80
97145.000000  53062 80
97147.000000  53063 80
97167.000000  53078 80
97199.000000  53101 80
97223.000000  53119 80
97237.000000  53129 80
97253.000000  53141 80
97285.000000  53164 80
97301.000000  53176 80
97333.000000  53199 80
97355.000000  53216 80
97375.000000  53230 80
97423.000000  53265 80
97431.000000  53271 80
97447.000000  53283 80
97467.000000  53298 80
97487.000000  53312 80
97523.000000  53339 80
97579.000000  53380 80
97613.000000  53405 80
97669.000000  53445 80
97671.000000  53447 80
97729.000000  53489 80
97783.000000  53529 80
97811.000000  53550 80
97879.000000  53599 80
97925.000000  53633 80
97925.000000  53633 80
97985.000000  53677 80
97987.000000  53679 80
98003.000000  53690 80
98021.000000  53703 80
98057.000000  53730 80
98059.000000  53731 80
98091.000000  53755 80
98117.000000  53774 80
98151.000000  53799 80
98165.000000  53809 80
98187.000000  53825 80
98203.000000  53837 80
98235.000000  53860 80
98263.000000  53881 80
98277.000000  53891 80
98309.000000  53914 80
98309.000000  53914 80
98343.000000  53939 80
98419.000000  53995 80
98455.000000  54021 80
98477.000000  54037 80
98477.000000  54037 80
98491.000000  54047 80
98521.000000  54069 80
98523.000000  54071 80
98669.000000  54178 80
98737.000000  54228 80
98767.000000  54249 80
98767.000000  54249 80
98785.000000  54263 80
98813.000000  54283 80
98813.000000  54283 80
98829.000000  54295 80
98881.000000  54333 80
98915.000000  54358 80
98969.000000  54397 80
99043.000000  54451 80
99097.000000  54491 80
99151.000000  54531 80
99173.000000  54547 80
99175.000000  54548 80
99177.000000  54550 80
99189.000000  54559 80
99191.000000  54560 80
99201.000000  54567 80
99203.000000  54569 80
99267.000000  54615 80
99283.000000  54627 80
99297.000000  54637 80
99313.000000  54649 80
99341.000000  54670 80
99355.000000  54680 80
99375.000000  54695 80
99389.000000  54705 80
99423.000000  54730 80
99449.000000  54749 80
99477.000000  54769 80
99509.000000  54793 80
99545.000000  54819 80
99569.000000  54837 80
99689.000000  54924 80
99701.000000  54933 80
99733.000000  54957 80
99789.000000  54998 80
99815.000000  55017 80
99863.000000  55052 80
99899.000000  55078 80
99917.000000  55091 80
99931.000000  55101 80
99973.000000  55132 80
99991.000000  55145 80
100005.000000  55156 80
100021.000000  55167 80
100069.000000  55203 80
100117.000000  55238 80
100133.000000  55249 80
100229.000000  55320 80
100231.000000  55321 80
100257.000000  55340 80
100257.000000  55340 80
100257.000000  55340 80
100287.000000  55362 80
100341.000000  55402 80
100365.000000  55419 80
100397.000000  55443 80
100421.000000  55460 80
100435.000000  55471 80
100473.000000  55498 80
100491.000000  55511 80
100505.000000  55522 80
100505.000000  55522 80
100535.000000  55544 80
100559.000000  55561 80
100651.000000  55629 80
100651.000000  55629 80
100669.000000  55642 80
100687.000000  55655 80
100717.000000  55677 80
100719.000000  55679 80
100733.000000  55689 80
100753.000000  55703 80
100807.000000  55743 80
100841.000000  55768 80
100867.000000  55787 80
100867.000000  55787 80
100959.000000  55854 80
100961.000000  55856 80
100987.000000  55875 80
100987.000000  55875 80
101021.000000  55900 80
101045.000000  55917 80
101077.000000  55941 80
101099.000000  55957 80
101133.000000  55982 80
101133.000000  55982 80
101151.000000  55995 80
101165.000000  56005 80
101239.000000  56059 80
101261.000000  56076 80
101289.000000  56096 80
101315.000000  56115 80
101365.000000  56152 80
101383.000000  56165 80
101443.000000  56209 80
101503.000000  56253 80
101505.000000  56254 80
101533.000000  56275 80
101589.000000  56316 80
101663.000000  56370 80
101691.000000  56391 80
101693.000000  56392 80
101739.000000  56426 80
101759.000000  56441 80
101775.000000  56452 80
101823.000000  56487 80
101835.000000  56496 80
101885.000000  56533 80
101921.000000  56559 80
101939.000000  56572 80
102131.000000  56713 80
102133.000000  56715 80
102153.000000  56729 80
102153.000000  56729 80
102163.000000  56736 80
102217.000000  56776 80
102233.000000  56788 80
102375.000000  56892 80
102425.000000  56928 80
102457.000000  56952 80
102571.000000  57035 80
102719.000000  57143 80
102753.000000  57169 80
102779.000000  57187 80
102845.000000  57236 80
102879.000000  57261 80
102957.000000  57318 80
102959.000000  57319 80
102993.000000  57344 80
103009.000000  57356 80
103029.000000  57371 80
103041.000000  57379 80
103061.000000  57394 80
103103.000000  57425 80
103145.000000  57455 80
103145.000000  57455 80
103203.000000  57498 80
103205.000000  57499 80
103261.000000  57541 80
103261.000000  57541 80
103317.000000  57581 80
103377.000000  57625 80
103409.000000  57649 80
103431.000000  57665 80
103465.000000  57690 80
103571.000000  57767 80
103625.000000  57807 80
103655.000000  57829 80
103657.000000  57831 80
103677.000000  57845 80
103677.000000  57845 80
103677.000000  57845 80
103677.000000  57845 80
103677.000000  57845 80
103677.000000  57845 80
103741.000000  57892 80
103771.000000  57914 80
103817.000000  57948 80
103833.000000  57959 80
103865.000000  57983 80
103915.000000  58019 80
103917.000000  58021 80
103937.000000  58035 80
103937.000000  58035 80
103955.000000  58049 80
103955.000000  58049 80
103971.000000  58060 80
103997.000000  58079 80
103999.000000  58081 80
104007.000000  58087 80
104029.000000  58103 80
104031.000000  58104 80
104053.000000  58120 80
104053.000000  58120 80
104113.000000  58164 80
104173.000000  58208 80
104175.000000  58210 80
104207.000000  58233 80
104231.000000  58251 80
104263.000000  58274 80
104293.000000  58296 80
104295.000000  58297 80
104339.000000  58330 80
104441.000000  58404 80
104453.000000  58413 80
104495.000000  58444 80
104559.000000  58491 80
104571.000000  58500 80
104705.000000  58598 80
104707.000000  58599 80
104727.000000  58614 80
104759.000000  58637 80
104759.000000  58637 80
104783.000000  58655 80
104839.000000  58696 80
104895.000000  58737 80
104949.000000  58777 80
104957.000000  58782 80
104979.000000  58798 80
105029.000000  58835 80
105041.000000  58844 80
105071.000000  58866 80
105097.000000  58885 80
105099.000000  58887 80
105135.000000  58913 80
105203.000000  58963 80
105265.000000  59008 80
105265.000000  59008 80
105291.000000  59027 80
105301.000000  59034 80
105333.000000  59058 80
105359.000000  59077 80
105373.000000  59087 80
105389.000000  59099 80
105421.000000  59122 80
105423.000000  59124 80
105477.000000  59163 80
105479.000000  59165 80
105531.000000  59203 80
105575.000000  59235 80
105577.000000  59237 80
105663.000000  59299 80
105665.000000  59301 80
105685.000000  59316 80
105711.000000  59335 80
105743.000000  59358 80
105757.000000  59368 80
105779.000000  59385 80
105803.000000  59402 80
105803.000000  59402 80
105851.000000  59437 80
105851.000000  59437 80
105879.000000  59458 80
105933.000000  59497 80
105961.000000  59518 80
105963.000000  59519 80
106017.000000  59559 80
106019.000000  59560 80
106051.000000  59584 80
106077.000000  59603 80
106077.000000  59603 80
106223.000000  59709 80
106307.000000  59771 80
106415.000000  59850 80
106437.000000  59866 80
106485.000000  59901 80
106529.000000  59934 80
106563.000000  59959 80
106587.000000  59976 80
106645.000000  60019 80
106679.000000  60043 80
106681.000000  60045 80
106709.000000  60065 80
106721.000000  60074 80
106777.000000  60115 80
106809.000000  60139 80
106809.000000  60139 80
106865.000000  60180 80
106877.000000  60188 80
106893.000000  60200 80
106941.000000  60235 80
106967.000000  60255 80
106975.000000  60260 80
106977.000000  60262 80
106991.000000  60272 80
107017.000000  60291 80
107041.000000  60309 80
107101.000000  60353 80
108307.000000  61236 80
108401.000000  61305 80
108515.000000  61389 80
108515.000000  61389 80
108545.000000  61411 80
108547.000000  61412 80
108577.000000  61434 80
108663.000000  61497 80
108675.000000  61506 80
108729.000000  61545 80
108761.000000  61569 80
108793.000000  61592 80
108793.000000  61592 80
108831.000000  61620 80
108861.000000  61642 80
108879.000000  61655 80
108901.000000  61671 80
108949.000000  61706 80
108975.000000  61725 80
109011.000000  61752 80
109045.000000  61777 80
109075.000000  61799 80
109109.000000  61823 80
109111.000000  61825 80
109161.000000  61862 80
109161.000000  61862 80
109187.000000  61881 80
109249.000000  61926 80
109285.000000  61952 80
109287.000000  61954 80
109337.000000  61990 80
109361.000000  62008 80
109393.000000  62031 80
109459.000000  62080 80
109519.000000  62124 80
109651.000000  62220 80
109651.000000  62220 80
109679.000000  62241 80
109727.000000  62276 80
109785.000000  62319 80
109819.000000  62343 80
109841.000000  62359 80
109875.000000  62385 80
109897.000000  62401 80
109899.000000  62402 80
109953.000000  62441 80
109953.000000  62441 80
110009.000000  62483 80
110043.000000  62507 80
110069.000000  62526 80
110121.000000  62564 80
110189.000000  62614 80
110209.000000  62629 80
110231.000000  62645 80
110245.000000  62655 80
110265.000000  62670 80
110281.000000  62682 80
110329.000000  62717 80
110377.000000  62752 80
110435.000000  62795 80
110469.000000  62819 80
110543.000000  62873 80
110673.000000  62969 80
110727.000000  63008 80
110795.000000  63058 80
110795.000000  63058 80
110887.000000  63125 80
110909.000000  63141 80
110943.000000  63167 80
110957.000000  63177 80
110973.000000  63189 80
110973.000000  63189 80
110997.000000  63206 80
111029.000000  63230 80
111031.000000  63231 80
111083.000000  63269 80
111107.000000  63287 80
111139.000000  63310 80
111141.000000  63311 80
111163.000000  63328 80
111199.000000  63354 80
111201.000000  63355 80
111251.000000  63392 80
111283.000000  63415 80
111297.000000  63426 80
111333.000000  63452 80
111333.000000  63452 80
111361.000000  63473 80
111407.000000  63506 80
111435.000000  63527 80
111469.000000  63551 80
111483.000000  63562 80
111521.000000  63590 80
111553.000000  63613 80
111569.000000  63625 80
111609.000000  63654 80
111703.000000  63723 80
111757.000000  63763 80
111787.000000  63785 80
111841.000000  63824 80
111855.000000  63834 80
111889.000000  63859 80
111965.000000  63915 80
111985.000000  63929 80
112035.000000  63966 80
112035.000000  63966 80
112055.000000  63981 80
112099.000000  64013 80
112131.000000  64036 80
112167.000000  64063 80
112221.000000  64102 80
112223.000000  64104 80
112247.000000  64121 80
112301.000000  64161 80
112335.000000  64186 80
112369.000000  64211 80
112403.000000  64235 80
112435.000000  64259 80
112491.000000  64300 80
112525.000000  64325 80
112587.000000  64370 80
112623.000000  64397 80
112671.000000  64431 80
112711.000000  64461 80
112747.000000  64487 80
112759.000000  64496 80
112775.000000  64508 80
112793.000000  64521 80
112793.000000  64521 80
112813.000000  64536 80
112861.000000  64571 80
112893.000000  64594 80
112943.000000  64631 80
112975.000000  64654 80
112997.000000  64670 80
112999.000000  64672 80
113031.000000  64695 80
113053.000000  64711 80
113053.000000  64711 80
113111.000000  64754 80
113167.000000  64795 80
113169.000000  64796 80
113227.000000  64839 80
113261.000000  64864 80
113283.000000  64880 80
113297.000000  64890 80
113297.000000  64890 80
113345.000000  64925 80
113345.000000  64925 80
113345.000000  64925 80
113369.000000  64943 80
113397.000000  64963 80
113405.000000  64969 80
113445.000000  64998 80
113497.000000  65036 80
113497.000000  65036 80
113523.000000  65055 80
113529.000000  65060 80
113557.000000  65080 80
113641.000000  65142 80
113675.000000  65167 80
113675.000000  65167 80
113707.000000  65190 80
113743.000000  65217 80
113745.000000  65218 80
113771.000000  65237 80
113771.000000  65237 80
113785.000000  65247 80
113797.000000  65256 80
113797.000000  65256 80
113831.000000  65281 80
113833.000000  65283 80
113849.000000  65294 80
113855.000000  65299 80
113855.000000  65299 80
113891.000000  65325 80
113893.000000  65326 80
113913.000000  65341 80
113913.000000  65341 80
113937.000000  65359 80
113961.000000  65376 80
113991.000000  65398 80
114015.000000  65416 80
114047.000000  65439 80
114067.000000  65454 80
114117.000000  65491 80
114143.000000  65510 80
114243.000000  65583 80
114303.000000  65627 80
114361.000000  65669 80
114373.000000  65678 80
114385.000000  65687 80
114407.000000  65703 80
114505.000000  65775 80
114527.000000  65791 80
114755.000000  65957 80
114767.000000  65966 80
114789.000000  65983 80
114883.000000  66051 80
114947.000000  66098 80
114949.000000  66100 80
114981.000000  66123 80
114981.000000  66123 80
114981.000000  66123 80
114981.000000  66123 80
114981.000000  66123 80
115063.000000  66183 80
115065.000000  66185 80
115095.000000  66207 80
115097.000000  66208 80
115225.000000  66302 80
115345.000000  66390 80
115441.000000  66460 80
115443.000000  66461 80
115483.000000  66491 80
115499.000000  66503 80
115527.000000  66523 80
115551.000000  66541 80
115559.000000  66547 80
115637.000000  66604 80
115697.000000  66647 80
115713.000000  66659 80
115787.000000  66713 80
115787.000000  66713 80
115847.000000  66757 80
115915.000000  66807 80
115991.000000  66863 80
116067.000000  66919 80
116067.000000  66919 80
116105.000000  66946 80
116179.000000  67001 80
116241.000000  67046 80
116243.000000  67047 80
116273.000000  67069 80
116301.000000  67090 80
116303.000000  67091 80
116315.000000  67100 80
116315.000000  67100 80
116337.000000  67116 80
116391.000000  67156 80
116399.000000  67161 80
116453.000000  67201 80
116453.000000  67201 80
116519.000000  67249 80
116543.000000  67267 80
116579.000000  67293 80
116671.000000  67361 80
116697.000000  67380 80
116727.000000  67401 80
116781.000000  67441 80
116795.000000  67451 80
116827.000000  67475 80
116829.000000  67476 80
116859.000000  67498 80
116895.000000  67525 80
116897.000000  67526 80
116929.000000  67549 80
116963.000000  67574 80
116987.000000  67592 80
117019.000000  67615 80
117047.000000  67636 80
117049.000000  67637 80
117095.000000  67671 80
117247.000000  67782 80
117371.000000  67873 80
117387.000000  67885 80
117401.000000  67895 80
117457.000000  67936 80
117459.000000  67937 80
117509.000000  67974 80
117533.000000  67992 80
117533.000000  67992 80
117567.000000  68017 80
117671.000000  68093 80
117705.000000  68117 80
117751.000000  68151 80
117809.000000  68194 80
117847.000000  68221 80
117877.000000  68243 80
117925.000000  68279 80
118171.000000  68459 80
118171.000000  68459 80
118171.000000  68459 80
118203.000000  68482 80
118239.000000  68509 80
118267.000000  68529 80
118297.000000  68551 80
118321.000000  68569 80
118355.000000  68593 80
118357.000000  68595 80
118387.000000  68617 80
118403.000000  68629 80
118429.000000  68648 80
118441.000000  68656 80
118443.000000  68658 80
118477.000000  68683 80
118503.000000  68702 80
118517.000000  68712 80
118529.000000  68721 80
118545.000000  68733 80
118563.000000  68746 80
118637.000000  68800 80
118675.000000  68828 80
118691.000000  68839 80
118723.000000  68863 80
118745.000000  68879 80
118779.000000  68904 80
118801.000000  68920 80
118817.000000  68932 80
118849.000000  68955 80
118881.000000  68979 80
118881.000000  68979 80
118937.000000  69019 80
118939.000000  69021 80
118991.000000  69059 80
119027.000000  69085 80
119073.000000  69119 80
119099.000000  69138 80
119121.000000  69154 80
119151.000000  69176 80
119171.000000  69191 80
119207.000000  69217 80
119257.000000  69254 80
119283.000000  69273 80
119285.000000  69274 80
119341.000000  69315 80
119375.000000  69340 80
119375.000000  69340 80
119403.000000  69361 80
119403.000000  69361 80
119403.000000  69361 80
119457.000000  69400 80
119471.000000  69410 80
119485.000000  69421 80
119539.000000  69460 80
119573.000000  69485 80
119573.000000  69485 80
119719.000000  69592 80
119741.000000  69608 80
119753.000000  69617 80
119815.000000  69662 80
119847.000000  69686 80
119861.000000  69696 80
119891.000000  69718 80
119921.000000  69740 80
119977.000000  69781 80
119979.000000  69783 80
120013.000000  69807 80
120043.000000  69829 80
120055.000000  69838 80
120111.000000  69879 80
120145.000000  69904 80
120171.000000  69923 80
120187.000000  69935 80
120201.000000  69945 80
120201.000000  69945 80
120227.000000  69964 80
120287.000000  70008 80
120287.000000  70008 80
120287.000000  70008 80
120335.000000  70043 80
120381.000000  70077 80
120417.000000  70103 80
120417.000000  70103 80
120451.000000  70128 80
120475.000000  70145 80
120509.000000  70170 80
120509.000000  70170 80
120527.000000  70184 80
120553.000000  70203 80
120575.000000  70219 80
120601.000000  70238 80
120635.000000  70263 80
120657.000000  70279 80
120691.000000  70304 80
120719.000000  70324 80
120719.000000  70324 80
120719.000000  70324 80
120729.000000  70331 80
120741.000000  70340 80
120769.000000  70361 80
120771.000000  70362 80
120799.000000  70383 80
120855.000000  70424 80
120879.000000  70441 80
120913.000000  70466 80
120961.000000  70501 80
120987.000000  70520 80
121025.000000  70548 80
121043.000000  70561 80
121069.000000  70580 80
121157.000000  70645 80
121159.000000  70646 80
121183.000000  70664 80
121259.000000  70719 80
121289.000000  70741 80
121353.000000  70789 80
121387.000000  70813 80
121441.000000  70853 80
121475.000000  70878 80
121509.000000  70903 80
121563.000000  70942 80
121629.000000  70990 80
121721.000000  71058 80
121779.000000  71100 80
121833.000000  71140 80
