39854.000000  43 80
39962.000000  112 80
40016.000000  148 80
40074.000000  187 80
40118.000000  217 80
40202.000000  274 80
40244.000000  303 80
40284.000000  330 80
40360.000000  381 80
40412.000000  417 80
40572.000000  526 80
40626.000000  562 80
40680.000000  599 80
40750.000000  647 80
40834.000000  704 80
40878.000000  734 80
40936.000000  773 80
40998.000000  816 80
41062.000000  859 80
41116.000000  896 80
41168.000000  931 80
41168.000000  931 80
41264.000000  997 80
41322.000000  1036 80
41336.000000  1046 80
41400.000000  1089 80
41430.000000  1110 80
41432.000000  1111 80
41446.000000  1121 80
41488.000000  1149 80
41540.000000  1185 80
41552.000000  1193 80
41598.000000  1224 80
41630.000000  1246 80
41656.000000  1264 80
41672.000000  1275 80
41684.000000  1283 80
41712.000000  1302 80
41734.000000  1317 80
41748.000000  1327 80
41750.000000  1328 80
41772.000000  1343 80
41832.000000  1384 80
41840.000000  1389 80
41876.000000  1414 80
41878.000000  1415 80
41930.000000  1451 80
41932.000000  1452 80
41964.000000  1474 80
42022.000000  1513 80
42024.000000  1515 80
42050.000000  1532 80
42054.000000  1535 80
42054.000000  1535 80
42082.000000  1554 80
42092.000000  1561 80
42098.000000  1565 80
42100.000000  1566 80
42126.000000  1584 80
42140.000000  1594 80
42160.000000  1607 80
42174.000000  1617 80
42196.000000  1632 80
42226.000000  1652 80
42252.000000  1670 80
42300.000000  1703 80
42366.000000  1748 80
42368.000000  1749 80
42370.000000  1751 80
42394.000000  1767 80
42448.000000  1804 80
42470.000000  1819 80
42470.000000  1819 80
42504.000000  1842 80
42538.000000  1865 80
42592.000000  1902 80
42640.000000  1935 80
42676.000000  1959 80
42702.000000  1977 80
42736.000000  2000 80
42736.000000  2000 80
42842.000000  2072 80
42874.000000  2094 80
42882.000000  2100 80
42902.000000  2113 80
42938.000000  2138 80
42974.000000  2163 80
42976.000000  2164 80
43002.000000  2182 80
43002.000000  2182 80
43002.000000  2182 80
43022.000000  2195 80
43032.000000  2202 80
43084.000000  2237 80
43114.000000  2258 80
43116.000000  2259 80
43124.000000  2265 80
43146.000000  2280 80
43156.000000  2287 80
43190.000000  2310 80
43192.000000  2311 80
43212.000000  2325 80
43244.000000  2347 80
43298.000000  2383 80
43332.000000  2407 80
43366.000000  2430 80
43384.000000  2442 80
43404.000000  2456 80
43412.000000  2461 80
43464.000000  2497 80
43508.000000  2527 80
43520.000000  2535 80
43550.000000  2555 80
43550.000000  2555 80
43574.000000  2572 80
43588.000000  2581 80
43588.000000  2581 80
43602.000000  -1 80
43602.000000  -1 80
43636.000000  2614 80
43694.000000  2654 80
43728.000000  2677 80
43760.000000  2699 80
43798.000000  2725 80
43800.000000  2726 80
43824.000000  2743 80
43836.000000  2751 80
43870.000000  2774 80
43906.000000  2799 80
43944.000000  2825 80
43970.000000  2842 80
43996.000000  2860 80
44006.000000  2867 80
44032.000000  2885 80
44034.000000  2886 80
44056.000000  2901 80
44070.000000  2911 80
44090.000000  2924 80
44090.000000  2924 80
44118.000000  2943 80
44312.000000  3076 80
44314.000000  3077 80
44334.000000  3091 80
44348.000000  3100 80
44370.000000  3115 80
44386.000000  3126 80
44402.000000  3137 80
44434.000000  3159 80
44436.000000  3161 80
44452.000000  3171 80
44462.000000  3178 80
44488.000000  3196 80
44524.000000  3221 80
44526.000000  3222 80
44582.000000  3260 80
44634.000000  3295 80
44664.000000  3316 80
44678.000000  3326 80
44704.000000  3343 80
44746.000000  3372 80
44808.000000  3414 80
44832.000000  3431 80
44846.000000  3440 80
44902.000000  3479 80
44970.000000  3525 80
45054.000000  3583 80
45054.000000  3583 80
45090.000000  3607 80
45120.000000  3627 80
45132.000000  3636 80
45168.000000  3660 80
45208.000000  3688 80
45316.000000  3761 80
45370.000000  3798 80
45390.000000  3812 80
45392.000000  3813 80
45420.000000  3833 80
45474.000000  3869 80
45476.000000  3871 80
45506.000000  3891 80
45506.000000  3891 80
45540.000000  3915 80
45572.000000  3937 80
45604.000000  3958 80
45636.000000  3980 80
45670.000000  4003 80
45698.000000  4023 80
45732.000000  4046 80
45764.000000  4067 80
45764.000000  4067 80
45800.000000  4092 80
45832.000000  4114 80
45834.000000  4115 80
45862.000000  4134 80
45932.000000  4182 80
45934.000000  4184 80
45960.000000  4201 80
45992.000000  4223 80
46034.000000  4252 80
46068.000000  4275 80
46132.000000  4319 80
46144.000000  4327 80
46144.000000  4327 80
46164.000000  4341 80
46170.000000  4345 80
46170.000000  4345 80
46170.000000  4345 80
46170.000000  4345 80
46254.000000  4402 80
46364.000000  4477 80
46432.000000  4524 80
46490.000000  4564 80
46492.000000  4565 80
46524.000000  4587 80
46542.000000  4599 80
46556.000000  4609 80
46572.000000  4620 80
46604.000000  4641 80
46626.000000  4657 80
46642.000000  4667 80
46660.000000  4680 80
46684.000000  4696 80
46708.000000  4713 80
46736.000000  4732 80
46736.000000  4732 80
46752.000000  4743 80
46776.000000  4759 80
46798.000000  4774 80
46826.000000  4793 80
46862.000000  4818 80
46864.000000  4819 80
46890.000000  4837 80
46890.000000  4837 80
46902.000000  4845 80
46918.000000  4856 80
46918.000000  4856 80
46942.000000  4873 80
46956.000000  4882 80
46986.000000  4903 80
47010.000000  4919 80
47020.000000  4926 80
47052.000000  4948 80
47174.000000  5031 80
47186.000000  5039 80
47202.000000  5050 80
47250.000000  5083 80
47304.000000  5120 80
47306.000000  5121 80
47318.000000  5129 80
47404.000000  5188 80
47420.000000  5199 80
47478.000000  5239 80
47512.000000  5262 80
47536.000000  5279 80
47648.000000  5355 80
47650.000000  5356 80
47666.000000  5367 80
47696.000000  5388 80
47732.000000  5412 80
47768.000000  5437 80
47770.000000  5438 80
47800.000000  5459 80
47810.000000  5466 80
47852.000000  5494 80
47900.000000  5527 80
47920.000000  5541 80
47950.000000  5561 80
47972.000000  5576 80
48022.000000  5611 80
48050.000000  5630 80
48064.000000  5639 80
48080.000000  5650 80
48104.000000  5667 80
48128.000000  5683 80
48142.000000  5693 80
48172.000000  5713 80
48198.000000  5731 80
48230.000000  5753 80
48254.000000  5769 80
48288.000000  5793 80
48288.000000  5793 80
48288.000000  5793 80
48310.000000  5808 80
48342.000000  5829 80
48342.000000  5829 80
48370.000000  5849 80
48370.000000  5849 80
48370.000000  5849 80
48406.000000  5873 80
48432.000000  5891 80
48458.000000  5909 80
48478.000000  5922 80
48502.000000  5939 80
48538.000000  5963 80
48564.000000  5981 80
48588.000000  5997 80
48676.000000  6058 80
49724.000000  6775 80
49724.000000  6775 80
49724.000000  6775 80
49742.000000  6787 80
49754.000000  6795 80
49770.000000  6806 80
49824.000000  6843 80
49824.000000  6843 80
49876.000000  6879 80
49904.000000  6898 80
49954.000000  6932 80
49954.000000  6932 80
49954.000000  6932 80
50040.000000  -1 80
50040.000000  -1 80
50040.000000  -1 80
50060.000000  7005 80
50112.000000  7041 80
50144.000000  7062 80
50168.000000  7079 80
50200.000000  7101 80
50234.000000  7124 80
50262.000000  7143 80
50264.000000  7145 80
50296.000000  7166 80
50374.000000  7220 80
50390.000000  7231 80
50438.000000  7263 80
50460.000000  7279 80
50510.000000  7313 80
50512.000000  7314 80
50562.000000  7349 80
50622.000000  7390 80
50658.000000  7414 80
50680.000000  7429 80
50682.000000  7431 80
50694.000000  7439 80
50724.000000  7459 80
50726.000000  7461 80
50786.000000  7502 80
50820.000000  7525 80
50854.000000  7548 80
50856.000000  7550 80
50864.000000  7555 80
50864.000000  7555 80
50900.000000  7580 80
50902.000000  7581 80
50952.000000  7615 80
51034.000000  7671 80
51034.000000  7671 80
51060.000000  7689 80
51062.000000  7691 80
51092.000000  7711 80
51128.000000  7736 80
51174.000000  7767 80
51196.000000  7783 80
51210.000000  7792 80
51226.000000  7803 80
51226.000000  7803 80
51246.000000  7817 80
51318.000000  7866 80
51328.000000  7873 80
51386.000000  7913 80
51422.000000  7938 80
51474.000000  7975 80
51474.000000  7975 80
51506.000000  7998 80
51562.000000  8039 80
51610.000000  8074 80
51610.000000  8074 80
51644.000000  8099 80
51690.000000  8132 80
51690.000000  8132 80
51738.000000  8167 80
51784.000000  8201 80
51816.000000  8225 80
51864.000000  8260 80
51932.000000  8309 80
51956.000000  8327 80
51964.000000  8333 80
52042.000000  8390 80
52102.000000  8434 80
52158.000000  8475 80
52168.000000  8482 80
52200.000000  8505 80
52230.000000  8527 80
52230.000000  8527 80
52230.000000  8527 80
52270.000000  8557 80
52272.000000  8558 80
52312.000000  8587 80
52314.000000  8589 80
52318.000000  8592 80
52342.000000  8609 80
52370.000000  8630 80
52406.000000  8656 80
52436.000000  8678 80
52470.000000  8703 80
52500.000000  8725 80
52548.000000  8760 80
52564.000000  8772 80
52594.000000  8794 80
52648.000000  8833 80
52678.000000  8855 80
52680.000000  8857 80
52706.000000  8876 80
52730.000000  8893 80
52744.000000  8903 80
52774.000000  8925 80
52796.000000  8941 80
52796.000000  8941 80
52830.000000  8966 80
52862.000000  8990 80
52864.000000  8991 80
52866.000000  8993 80
52882.000000  9004 80
52908.000000  9023 80
52940.000000  9047 80
52974.000000  9072 80
53024.000000  9108 80
53026.000000  9110 80
53056.000000  9132 80
53086.000000  9153 80
53100.000000  9164 80
53128.000000  9184 80
53142.000000  9195 80
53166.000000  9212 80
53186.000000  9227 80
53218.000000  9250 80
53242.000000  9268 80
53248.000000  9272 80
53284.000000  9298 80
53286.000000  9300 80
53316.000000  9322 80
53352.000000  9348 80
53374.000000  9364 80
53408.000000  9389 80
53432.000000  9407 80
53464.000000  9430 80
53492.000000  9451 80
53494.000000  9452 80
53564.000000  9503 80
53566.000000  9505 80
53582.000000  9516 80
53606.000000  9534 80
53620.000000  9544 80
53702.000000  9604 80
53720.000000  9617 80
54512.000000  10197 80
54968.000000  10531 80
55064.000000  10601 80
55088.000000  10618 80
55088.000000  10618 80
55166.000000  10675 80
55168.000000  10677 80
55170.000000  10678 80
55176.000000  10683 80
55196.000000  10697 80
55196.000000  10697 80
55260.000000  10744 80
55296.000000  10771 80
55324.000000  10791 80
55358.000000  10816 80
55382.000000  10833 80
55396.000000  10844 80
55448.000000  10881 80
55458.000000  10889 80
55534.000000  10945 80
55574.000000  10974 80
55574.000000  10974 80
55626.000000  11012 80
55640.000000  11022 80
55660.000000  11037 80
55748.000000  11101 80
55750.000000  11103 80
55802.000000  11141 80
55826.000000  11158 80
55826.000000  11158 80
55842.000000  11170 80
55874.000000  11193 80
55896.000000  11209 80
55896.000000  11209 80
55930.000000  11234 80
55954.000000  11252 80
56022.000000  11301 80
56128.000000  11379 80
56220.000000  11446 80
56250.000000  11468 80
56284.000000  11493 80
56360.000000  11549 80
56360.000000  11549 80
56424.000000  11595 80
56478.000000  11635 80
56492.000000  11645 80
56546.000000  11685 80
56546.000000  11685 80
56606.000000  -1 80
56606.000000  -1 80
56606.000000  -1 80
56660.000000  11768 80
56732.000000  11821 80
56826.000000  11889 80
56850.000000  11907 80
56874.000000  11925 80
56904.000000  11947 80
56918.000000  11957 80
56934.000000  11969 80
56968.000000  11993 80
57002.000000  12018 80
57012.000000  12026 80
57098.000000  12089 80
57204.000000  12166 80
57204.000000  12166 80
57280.000000  12222 80
57282.000000  12223 80
57364.000000  12283 80
57424.000000  12327 80
57456.000000  12350 80
57458.000000  12352 80
57504.000000  12386 80
57564.000000  12429 80
57582.000000  12443 80
57602.000000  12457 80
57602.000000  12457 80
57668.000000  12506 80
57690.000000  12522 80
57702.000000  12531 80
57730.000000  12551 80
57786.000000  12592 80
57844.000000  12634 80
57876.000000  12658 80
57900.000000  12675 80
57912.000000  12684 80
57914.000000  12685 80
57940.000000  12705 80
57968.000000  12725 80
57968.000000  12725 80
58022.000000  12765 80
58070.000000  12799 80
58082.000000  12808 80
58104.000000  12824 80
58126.000000  12841 80
58186.000000  12885 80
58238.000000  12923 80
58254.000000  12934 80
58282.000000  12955 80
58346.000000  13002 80
58380.000000  13027 80
58436.000000  13067 80
58438.000000  13069 80
58460.000000  13085 80
58496.000000  13111 80
58498.000000  13113 80
58518.000000  13127 80
58576.000000  13170 80
58576.000000  13170 80
58576.000000  13170 80
58608.000000  13193 80
58680.000000  13246 80
58682.000000  13247 80
58716.000000  13272 80
58716.000000  13272 80
58776.000000  13316 80
58852.000000  13371 80
58886.000000  13396 80
58906.000000  13411 80
58908.000000  13413 80
58916.000000  13418 80
58938.000000  13435 80
58998.000000  13478 80
59054.000000  13519 80
59110.000000  13560 80
59170.000000  13604 80
59172.000000  13606 80
59204.000000  13629 80
59258.000000  13669 80
59314.000000  13709 80
59340.000000  13729 80
59374.000000  13753 80
59388.000000  13763 80
59402.000000  13774 80
59402.000000  13774 80
59454.000000  13812 80
59456.000000  13813 80
59480.000000  13831 80
59494.000000  13841 80
59570.000000  13897 80
59570.000000  13897 80
59588.000000  13910 80
59684.000000  13980 80
59778.000000  14049 80
59798.000000  14064 80
59814.000000  14075 80
59900.000000  14138 80
60024.000000  14229 80
60050.000000  14248 80
60122.000000  14301 80
60152.000000  14323 80
60152.000000  14323 80
60218.000000  14371 80
60292.000000  14425 80
60328.000000  14451 80
60330.000000  14453 80
60350.000000  14467 80
60406.000000  14508 80
60438.000000  14532 80
60438.000000  14532 80
60462.000000  14549 80
60478.000000  14561 80
60534.000000  14602 80
60560.000000  14621 80
60582.000000  14637 80
60602.000000  14652 80
60624.000000  14668 80
60672.000000  14703 80
60674.000000  14704 80
60694.000000  14719 80
60708.000000  14729 80
60724.000000  14741 80
60738.000000  14751 80
60764.000000  14770 80
60784.000000  14785 80
60798.000000  14795 80
61948.000000  15636 80
61972.000000  15654 80
62000.000000  15674 80
62030.000000  15696 80
62050.000000  15711 80
62100.000000  15747 80
62114.000000  15758 80
62136.000000  15774 80
62136.000000  15774 80
62152.000000  15785 80
62204.000000  15823 80
62236.000000  15847 80
62292.000000  15888 80
62326.000000  15913 80
62354.000000  15933 80
62356.000000  15935 80
62382.000000  15954 80
62406.000000  15971 80
62462.000000  16012 80
62482.000000  16027 80
62482.000000  16027 80
62530.000000  16062 80
62556.000000  16081 80
62602.000000  16115 80
62640.000000  16142 80
62660.000000  16157 80
62696.000000  16183 80
62744.000000  16219 80
62768.000000  16236 80
62842.000000  16290 80
62842.000000  16290 80
62842.000000  16290 80
62934.000000  16357 80
62934.000000  16357 80
62988.000000  16397 80
63012.000000  16415 80
63012.000000  16415 80
63028.000000  16426 80
63102.000000  16480 80
63124.000000  16496 80
63170.000000  16530 80
63204.000000  16555 80
63228.000000  16572 80
63292.000000  16619 80
63324.000000  16643 80
63360.000000  16669 80
63390.000000  16691 80
63408.000000  16704 80
63448.000000  16733 80
63450.000000  16735 80
63472.000000  16751 80
63506.000000  16776 80
63530.000000  16793 80
63564.000000  16818 80
63566.000000  16820 80
63616.000000  16856 80
63650.000000  16881 80
63674.000000  16899 80
63730.000000  16939 80
63780.000000  16976 80
63836.000000  17017 80
63838.000000  17019 80
63866.000000  17039 80
63958.000000  17106 80
64020.000000  17152 80
64022.000000  17153 80
64118.000000  17223 80
64120.000000  17225 80
64152.000000  17248 80
64178.000000  17267 80
64234.000000  17308 80
64244.000000  17315 80
64258.000000  17326 80
64282.000000  17343 80
64292.000000  17351 80
64306.000000  17361 80
64330.000000  17378 80
64344.000000  17389 80
64360.000000  17400 80
64392.000000  17424 80
64394.000000  17425 80
64420.000000  17444 80
64434.000000  17454 80
64450.000000  17466 80
64460.000000  17473 80
64480.000000  17488 80
64494.000000  17498 80
64514.000000  17513 80
64540.000000  17532 80
64562.000000  17548 80
64582.000000  17563 80
64582.000000  17563 80
64610.000000  17583 80
64642.000000  17607 80
64670.000000  17627 80
64684.000000  17637 80
64696.000000  17646 80
64714.000000  17659 80
64732.000000  17673 80
65694.000000  18376 80
65706.000000  18385 80
65722.000000  18397 80
65772.000000  18433 80
65774.000000  18435 80
65794.000000  18449 80
65826.000000  18473 80
65846.000000  18487 80
65870.000000  18505 80
65896.000000  18524 80
65904.000000  18530 80
65904.000000  18530 80
65904.000000  18530 80
65904.000000  18530 80
65946.000000  18561 80
65972.000000  18580 80
66036.000000  18626 80
66050.000000  18637 80
66112.000000  18682 80
66114.000000  18683 80
66130.000000  18695 80
66142.000000  18704 80
66192.000000  18741 80
66220.000000  18761 80
66234.000000  18771 80
66266.000000  18795 80
66290.000000  18812 80
66304.000000  18822 80
66326.000000  18839 80
66374.000000  18874 80
66376.000000  18875 80
66400.000000  18893 80
66432.000000  18916 80
66450.000000  18929 80
66486.000000  18956 80
66506.000000  18970 80
66520.000000  18981 80
66598.000000  19037 80
66632.000000  19062 80
66632.000000  19062 80
66646.000000  19073 80
66646.000000  19073 80
66646.000000  19073 80
66646.000000  19073 80
66800.000000  19185 80
66802.000000  19187 80
66818.000000  19198 80
66870.000000  19236 80
66896.000000  19255 80
66932.000000  19282 80
66934.000000  19283 80
66956.000000  19299 80
66958.000000  19301 80
67048.000000  19367 80
67060.000000  19375 80
67086.000000  19394 80
67112.000000  19413 80
67112.000000  19413 80
67190.000000  19471 80
67206.000000  19482 80
67310.000000  19558 80
67324.000000  19569 80
67358.000000  19593 80
67360.000000  19595 80
67412.000000  19633 80
67506.000000  19702 80
67506.000000  19702 80
67524.000000  19715 80
67576.000000  19753 80
67598.000000  19769 80
67612.000000  19779 80
67660.000000  19814 80
67678.000000  19827 80
67700.000000  19844 80
67722.000000  19860 80
67776.000000  19899 80
67776.000000  19899 80
67808.000000  19923 80
67856.000000  19958 80
67864.000000  19963 80
67956.000000  20031 80
67992.000000  20057 80
68014.000000  20073 80
68014.000000  20073 80
68030.000000  20085 80
68062.000000  20108 80
68090.000000  20129 80
68092.000000  20130 80
68122.000000  20152 80
68146.000000  20170 80
68148.000000  20171 80
68182.000000  20196 80
68184.000000  20198 80
68204.000000  20212 80
68240.000000  20239 80
68240.000000  20239 80
68262.000000  20255 80
68264.000000  20256 80
68290.000000  20275 80
68316.000000  20294 80
68336.000000  20309 80
68360.000000  20326 80
68368.000000  20332 80
68416.000000  20367 80
68436.000000  20382 80
68474.000000  20410 80
68522.000000  20445 80
68534.000000  20454 80
68550.000000  20465 80
68572.000000  20481 80
68572.000000  20481 80
68588.000000  20493 80
68598.000000  20501 80
68622.000000  20518 80
68622.000000  20518 80
68622.000000  20518 80
68622.000000  20518 80
68688.000000  20566 80
68700.000000  20575 80
68732.000000  20599 80
68786.000000  20638 80
68810.000000  20656 80
68866.000000  20697 80
68876.000000  20704 80
68896.000000  20718 80
68932.000000  20745 80
68932.000000  20745 80
68986.000000  20784 80
69012.000000  20803 80
69012.000000  20803 80
69030.000000  20817 80
69070.000000  20846 80
69092.000000  20862 80
69092.000000  20862 80
69102.000000  20869 80
69126.000000  20887 80
69140.000000  20897 80
69182.000000  20928 80
69218.000000  20954 80
69270.000000  20992 80
69270.000000  20992 80
69300.000000  21014 80
69302.000000  21016 80
69328.000000  21035 80
69358.000000  21057 80
69360.000000  21058 80
69388.000000  21078 80
69442.000000  21118 80
69466.000000  21135 80
69478.000000  21144 80
69480.000000  21146 80
69522.000000  21176 80
69534.000000  21185 80
69572.000000  21213 80
69604.000000  21237 80
69638.000000  21261 80
69638.000000  21261 80
69662.000000  21279 80
69676.000000  21289 80
69698.000000  21305 80
69698.000000  21305 80
69726.000000  21326 80
69738.000000  21335 80
69756.000000  21348 80
69792.000000  21374 80
69852.000000  21418 80
69854.000000  21419 80
69884.000000  21441 80
69884.000000  21441 80
69960.000000  21497 80
69994.000000  21522 80
69994.000000  21522 80
70020.000000  21541 80
70052.000000  21564 80
70074.000000  21580 80
70130.000000  21621 80
70156.000000  21640 80
70176.000000  21655 80
70224.000000  21690 80
70250.000000  21709 80
70284.000000  21734 80
70310.000000  21753 80
70334.000000  21771 80
70350.000000  21782 80
70370.000000  21797 80
70392.000000  21813 80
70408.000000  21825 80
70408.000000  21825 80
70426.000000  21838 80
70442.000000  21849 80
70442.000000  21849 80
70470.000000  21870 80
70504.000000  21895 80
70564.000000  21939 80
70618.000000  21978 80
70640.000000  21994 80
70654.000000  22005 80
70656.000000  22006 80
70670.000000  22016 80
70718.000000  22051 80
70752.000000  22076 80
70820.000000  22126 80
70832.000000  22135 80
70846.000000  22145 80
70860.000000  22155 80
70876.000000  22167 80
70926.000000  22203 80
70938.000000  22212 80
70956.000000  22225 80
70976.000000  22240 80
70994.000000  22253 80
71012.000000  22267 80
71028.000000  22278 80
71052.000000  22296 80
71052.000000  22296 80
71052.000000  22296 80
71052.000000  22296 80
71090.000000  22323 80
71096.000000  22328 80
71106.000000  22335 80
71138.000000  22359 80
71140.000000  22360 80
71146.000000  22365 80
71178.000000  22388 80
71210.000000  22411 80
71226.000000  22423 80
71256.000000  22445 80
71280.000000  22463 80
71320.000000  22492 80
71344.000000  22509 80
71548.000000  22659 80
71550.000000  22660 80
71624.000000  22714 80
71642.000000  22727 80
71670.000000  22748 80
71696.000000  22767 80
71746.000000  22803 80
71804.000000  22846 80
71804.000000  22846 80
71862.000000  22888 80
71924.000000  22934 80
71926.000000  22935 80
71978.000000  22973 80
72034.000000  23014 80
72048.000000  23024 80
72072.000000  23042 80
72108.000000  23068 80
72124.000000  23080 80
72144.000000  23095 80
72166.000000  23111 80
72226.000000  23155 80
72260.000000  23179 80
72278.000000  23193 80
72298.000000  23207 80
72306.000000  23213 80
72328.000000  23229 80
72328.000000  23229 80
72350.000000  23245 80
72378.000000  23266 80
72378.000000  23266 80
72412.000000  23291 80
72444.000000  23314 80
72446.000000  23315 80
72460.000000  23326 80
72482.000000  23342 80
72490.000000  23348 80
72490.000000  23348 80
72508.000000  23361 80
72518.000000  23368 80
72540.000000  23384 80
72594.000000  23424 80
72604.000000  23431 80
72618.000000  23441 80
72692.000000  23495 80
72728.000000  23522 80
72754.000000  23541 80
72794.000000  23570 80
72822.000000  23590 80
72836.000000  23601 80
72836.000000  23601 80
72860.000000  23618 80
72888.000000  23639 80
72908.000000  23653 80
72916.000000  23659 80
72936.000000  23674 80
72984.000000  23709 80
73006.000000  23725 80
73016.000000  23732 80
73038.000000  23749 80
73062.000000  23766 80
73096.000000  23791 80
73126.000000  23813 80
73134.000000  23819 80
73152.000000  23832 80
73184.000000  23855 80
73186.000000  23857 80
73214.000000  23877 80
73216.000000  23879 80
73236.000000  23893 80
73270.000000  23918 80
73272.000000  23920 80
73292.000000  23934 80
73364.000000  23987 80
73484.000000  24075 80
73486.000000  24076 80
73506.000000  24091 80
73540.000000  24116 80
73588.000000  24151 80
73604.000000  24163 80
73620.000000  24174 80
73636.000000  24186 80
73656.000000  24201 80
73688.000000  24224 80
73720.000000  24247 80
73752.000000  24271 80
73786.000000  24295 80
73852.000000  24344 80
73854.000000  24345 80
73916.000000  24391 80
73974.000000  24433 80
73976.000000  24435 80
74018.000000  24465 80
74052.000000  24490 80
74082.000000  24512 80
74082.000000  24512 80
74090.000000  24518 80
74108.000000  24531 80
74126.000000  24544 80
74174.000000  24579 80
74198.000000  24597 80
74208.000000  24604 80
74228.000000  24619 80
74276.000000  24654 80
74278.000000  24655 80
74310.000000  24679 80
74324.000000  24689 80
74338.000000  24699 80
74362.000000  24717 80
74418.000000  24758 80
74428.000000  24765 80
74462.000000  24790 80
74486.000000  24808 80
74520.000000  24833 80
74522.000000  24834 80
74596.000000  24888 80
74598.000000  24889 80
74614.000000  24901 80
74666.000000  24939 80
74720.000000  24979 80
74750.000000  25001 80
74796.000000  25034 80
74796.000000  25034 80
74828.000000  25058 80
74848.000000  25072 80
74858.000000  25080 80
74882.000000  25097 80
74918.000000  25124 80
75040.000000  25213 80
75102.000000  25258 80
75104.000000  25260 80
75158.000000  25299 80
75172.000000  25309 80
75172.000000  25309 80
75204.000000  25333 80
75206.000000  25334 80
75232.000000  25353 80
75232.000000  25353 80
75242.000000  25361 80
75278.000000  25387 80
75310.000000  25410 80
75342.000000  25434 80
75364.000000  25450 80
75380.000000  25461 80
75400.000000  25476 80
75426.000000  25495 80
75440.000000  25505 80
75514.000000  25559 80
75534.000000  25574 80
75560.000000  25593 80
75620.000000  25637 80
75676.000000  25678 80
75710.000000  25703 80
75744.000000  25728 80
75780.000000  25754 80
75782.000000  25755 80
75808.000000  25775 80
75810.000000  25776 80
75814.000000  25779 80
75848.000000  25804 80
75880.000000  25827 80
75882.000000  25829 80
75914.000000  25852 80
75916.000000  25853 80
75936.000000  25868 80
75944.000000  25874 80
75966.000000  25890 80
76020.000000  25930 80
76064.000000  25962 80
76080.000000  25973 80
76094.000000  25984 80
76114.000000  25998 80
76136.000000  26015 80
76184.000000  26049 80
76216.000000  26073 80
76248.000000  26096 80
76272.000000  26114 80
76272.000000  26114 80
76308.000000  26140 80
76310.000000  26142 80
76336.000000  26161 80
76338.000000  26162 80
76368.000000  26184 80
76392.000000  26202 80
76392.000000  26202 80
76404.000000  26211 80
76418.000000  26221 80
76442.000000  26238 80
76442.000000  26238 80
76478.000000  26265 80
76562.000000  26326 80
76606.000000  26358 80
76642.000000  26385 80
76674.000000  26408 80
76684.000000  26415 80
76702.000000  26428 80
76704.000000  26430 80
76748.000000  26462 80
76772.000000  26479 80
76788.000000  26491 80
76814.000000  26510 80
76842.000000  26531 80
76842.000000  26531 80
76858.000000  26543 80
76918.000000  26587 80
76932.000000  26597 80
76962.000000  26619 80
76986.000000  26636 80
77000.000000  26646 80
77032.000000  26670 80
77054.000000  26686 80
77088.000000  26711 80
77116.000000  26731 80
77118.000000  26733 80
77132.000000  26743 80
77158.000000  26762 80
77158.000000  26762 80
77158.000000  26762 80
77204.000000  26795 80
77226.000000  26811 80
77234.000000  26817 80
77254.000000  26832 80
77268.000000  26842 80
77284.000000  26854 80
77294.000000  26861 80
77308.000000  26871 80
77322.000000  26882 80
77324.000000  26883 80
77350.000000  26902 80
77386.000000  26929 80
77388.000000  26930 80
77406.000000  26943 80
77454.000000  26978 80
77476.000000  26994 80
77506.000000  27016 80
77562.000000  27057 80
77576.000000  27067 80
77586.000000  27075 80
77616.000000  27097 80
77670.000000  27136 80
77692.000000  27152 80
77692.000000  27152 80
77758.000000  27201 80
77758.000000  27201 80
77814.000000  27241 80
77816.000000  27243 80
77852.000000  27269 80
77854.000000  27271 80
77906.000000  27309 80
77930.000000  27326 80
77950.000000  27341 80
77980.000000  27363 80
78006.000000  27382 80
78020.000000  27392 80
78020.000000  27392 80
78100.000000  27451 80
78112.000000  27459 80
78128.000000  27471 80
78128.000000  27471 80
78198.000000  27522 80
78204.000000  27527 80
78240.000000  27553 80
78240.000000  27553 80
78240.000000  27553 80
78268.000000  27574 80
78274.000000  27578 80
78288.000000  27588 80
78312.000000  27606 80
78346.000000  27631 80
78348.000000  27632 80
78420.000000  27685 80
78476.000000  27726 80
78502.000000  27745 80
78510.000000  27751 80
78530.000000  27765 80
78576.000000  27799 80
78588.000000  27807 80
78604.000000  27819 80
78630.000000  27838 80
78638.000000  27844 80
78664.000000  27863 80
78666.000000  27865 80
78724.000000  27907 80
78758.000000  27932 80
78764.000000  27936 80
78786.000000  27952 80
78810.000000  27970 80
78864.000000  28009 80
78940.000000  28065 80
79000.000000  28109 80
79034.000000  28133 80
79056.000000  28150 80
79070.000000  28160 80
79098.000000  28180 80
79116.000000  28193 80
79146.000000  28215 80
79188.000000  28246 80
79228.000000  28275 80
79274.000000  28309 80
79310.000000  28335 80
79312.000000  28337 80
79328.000000  28349 80
79412.000000  28410 80
79482.000000  28461 80
79484.000000  28463 80
79542.000000  28505 80
79556.000000  28515 80
79572.000000  28527 80
79574.000000  28529 80
79624.000000  28565 80
79626.000000  28567 80
79632.000000  28571 80
79666.000000  28596 80
79696.000000  28618 80
79698.000000  28619 80
79724.000000  28638 80
79750.000000  28657 80
79782.000000  28681 80
79790.000000  28687 80
79818.000000  28707 80
79818.000000  28707 80
79844.000000  28726 80
79876.000000  28749 80
79896.000000  28764 80
79950.000000  28803 80
79970.000000  28818 80
80004.000000  28843 80
80030.000000  28862 80
80040.000000  28869 80
80058.000000  28883 80
80058.000000  28883 80
80118.000000  28926 80
80120.000000  28928 80
80150.000000  28950 80
80152.000000  28951 80
80178.000000  28970 80
80180.000000  28972 80
80194.000000  28982 80
80266.000000  29035 80
80266.000000  29035 80
80284.000000  29048 80
80300.000000  29059 80
80360.000000  29103 80
80390.000000  29125 80
80392.000000  29127 80
80400.000000  29133 80
80430.000000  29155 80
80490.000000  29199 80
80522.000000  29222 80
80542.000000  29236 80
80592.000000  29273 80
80594.000000  29275 80
80610.000000  29286 80
80628.000000  29299 80
80676.000000  29334 80
80678.000000  29336 80
80724.000000  29370 80
80758.000000  29395 80
80782.000000  29412 80
80818.000000  29438 80
80820.000000  29440 80
80838.000000  29453 80
80838.000000  29453 80
80838.000000  29453 80
80838.000000  29453 80
80896.000000  29495 80
80928.000000  29519 80
80956.000000  29539 80
80958.000000  29541 80
80966.000000  29547 80
80982.000000  29558 80
81012.000000  29580 80
81012.000000  29580 80
81012.000000  29580 80
81032.000000  29595 80
81068.000000  29621 80
81082.000000  29631 80
81114.000000  29655 80
81132.000000  29668 80
81146.000000  29678 80
81146.000000  29678 80
81178.000000  29702 80
81202.000000  29719 80
81204.000000  29721 80
81232.000000  29741 80
81280.000000  29776 80
81316.000000  29803 80
81336.000000  29817 80
81392.000000  29858 80
81486.000000  29927 80
81514.000000  29947 80
81576.000000  29993 80
81578.000000  29994 80
81608.000000  30016 80
81664.000000  30057 80
81680.000000  30069 80
81696.000000  30081 80
81718.000000  30097 80
81726.000000  30102 80
81748.000000  30119 80
81792.000000  30151 80
81792.000000  30151 80
81810.000000  30164 80
81828.000000  30177 80
81828.000000  30177 80
81848.000000  30192 80
81880.000000  30215 80
81930.000000  30252 80
81932.000000  30253 80
81948.000000  30265 80
81978.000000  30287 80
82042.000000  30334 80
82044.000000  30335 80
82076.000000  30359 80
82098.000000  30375 80
82098.000000  30375 80
82134.000000  30401 80
82136.000000  30402 80
82164.000000  30423 80
82198.000000  30448 80
82222.000000  30465 80
82236.000000  30475 80
82270.000000  30500 80
82292.000000  30516 80
82306.000000  30527 80
82330.000000  30544 80
82350.000000  30559 80
82400.000000  30595 80
82400.000000  30595 80
82400.000000  30595 80
82428.000000  30616 80
82430.000000  30617 80
82456.000000  30636 80
82488.000000  30660 80
82508.000000  30674 80
82522.000000  30685 80
82538.000000  30696 80
82552.000000  30707 80
82576.000000  30724 80
82594.000000  30737 80
82610.000000  30749 80
82626.000000  30761 80
82626.000000  30761 80
82652.000000  30780 80
83780.000000  31605 80
83782.000000  31606 80
83802.000000  31621 80
83810.000000  31627 80
83862.000000  31665 80
83904.000000  31696 80
83970.000000  31744 80
83972.000000  31745 80
83974.000000  31747 80
83998.000000  31764 80
84022.000000  31782 80
84030.000000  31788 80
84062.000000  31811 80
84096.000000  31836 80
84098.000000  31837 80
84134.000000  31864 80
84136.000000  31865 80
84156.000000  31880 80
84190.000000  31905 80
84192.000000  31906 80
84212.000000  31921 80
84250.000000  31949 80
84250.000000  31949 80
84250.000000  31949 80
84278.000000  31969 80
84284.000000  31973 80
84314.000000  31995 80
84340.000000  32015 80
84342.000000  32016 80
84344.000000  32017 80
84386.000000  32048 80
84388.000000  32049 80
84450.000000  32095 80
84500.000000  32132 80
84598.000000  32203 80
84600.000000  32205 80
84632.000000  32228 80
84686.000000  32267 80
84708.000000  32284 80
84708.000000  32284 80
84742.000000  32309 80
84766.000000  32326 80
84780.000000  32336 80
84838.000000  32379 80
84896.000000  32421 80
84964.000000  32471 80
84976.000000  32479 80
85002.000000  32499 80
85010.000000  32504 80
85030.000000  32519 80
85106.000000  32575 80
85160.000000  32614 80
85172.000000  32623 80
85218.000000  32657 80
85218.000000  32657 80
85218.000000  32657 80
85250.000000  32680 80
85252.000000  32682 80
85272.000000  32696 80
85282.000000  32703 80
85336.000000  32743 80
85400.000000  32790 80
85434.000000  32815 80
85514.000000  32873 80
85516.000000  32875 80
85538.000000  32891 80
85538.000000  32891 80
85538.000000  32891 80
85538.000000  32891 80
85570.000000  32914 80
85596.000000  32933 80
85610.000000  32943 80
85626.000000  32955 80
85656.000000  32977 80
85670.000000  32987 80
85696.000000  33006 80
85732.000000  33033 80
85758.000000  33052 80
85806.000000  33087 80
85806.000000  33087 80
85824.000000  33100 80
85834.000000  33107 80
85862.000000  33128 80
85894.000000  33151 80
85946.000000  33189 80
85946.000000  33189 80
85980.000000  33214 80
86016.000000  33240 80
86018.000000  33242 80
86038.000000  33256 80
86070.000000  33280 80
86124.000000  33319 80
86126.000000  33321 80
86154.000000  33341 80
86166.000000  33350 80
86224.000000  33392 80
86312.000000  33457 80
86312.000000  33457 80
86370.000000  33499 80
86430.000000  33543 80
86466.000000  33570 80
86498.000000  33593 80
86572.000000  33647 80
86572.000000  33647 80
86608.000000  33673 80
86682.000000  33727 80
86682.000000  33727 80
86752.000000  33779 80
86848.000000  33849 80
86864.000000  33861 80
86880.000000  33872 80
86916.000000  33899 80
86928.000000  33907 80
86946.000000  33921 80
87050.000000  33997 80
87092.000000  34027 80
87092.000000  34027 80
87158.000000  34076 80
87190.000000  34099 80
87190.000000  34099 80
87278.000000  34163 80
87284.000000  34168 80
87358.000000  34222 80
87394.000000  34248 80
87396.000000  34250 80
87420.000000  34267 80
87422.000000  34269 80
87452.000000  34291 80
87484.000000  34314 80
87494.000000  34321 80
87514.000000  34336 80
87514.000000  34336 80
87546.000000  34359 80
87558.000000  34368 80
87566.000000  34374 80
87620.000000  34414 80
87642.000000  34430 80
87672.000000  34452 80
87706.000000  34477 80
87742.000000  34503 80
87776.000000  34528 80
87810.000000  34553 80
87868.000000  34595 80
87902.000000  34620 80
87926.000000  34637 80
87958.000000  34661 80
88014.000000  34702 80
88016.000000  34703 80
88036.000000  34718 80
88086.000000  34755 80
88112.000000  34773 80
88154.000000  34804 80
88184.000000  34826 80
88208.000000  34844 80
88208.000000  34844 80
88232.000000  34861 80
88280.000000  34897 80
88314.000000  34921 80
88344.000000  34943 80
88368.000000  34961 80
88438.000000  35012 80
88450.000000  35021 80
88484.000000  35046 80
88486.000000  35047 80
88510.000000  35065 80
88512.000000  35066 80
88520.000000  35072 80
88536.000000  35084 80
88560.000000  35101 80
88562.000000  35103 80
88614.000000  35141 80
88642.000000  35161 80
88644.000000  35163 80
88660.000000  35174 80
88688.000000  35195 80
88724.000000  35221 80
88728.000000  35224 80
88736.000000  35230 80
88752.000000  35242 80
88764.000000  35251 80
88776.000000  35259 80
88796.000000  35274 80
88810.000000  35284 80
88840.000000  35306 80
88864.000000  35324 80
88882.000000  35337 80
88896.000000  35347 80
88896.000000  35347 80
88936.000000  35376 80
88952.000000  35388 80
89006.000000  35427 80
89008.000000  35429 80
89028.000000  35444 80
89050.000000  35460 80
89084.000000  35485 80
89114.000000  35507 80
89126.000000  35515 80
89140.000000  35525 80
89174.000000  35550 80
89210.000000  35577 80
89212.000000  35578 80
89232.000000  35593 80
89264.000000  35616 80
89288.000000  35634 80
89306.000000  35647 80
89312.000000  35651 80
89322.000000  35659 80
89430.000000  35738 80
89432.000000  35739 80
89452.000000  35754 80
89490.000000  35782 80
89506.000000  35793 80
89526.000000  35808 80
89596.000000  35859 80
89650.000000  35899 80
89702.000000  35937 80
89734.000000  35960 80
89788.000000  36000 80
89822.000000  36025 80
89858.000000  36051 80
89860.000000  36052 80
89932.000000  36105 80
89948.000000  36117 80
90020.000000  36169 80
90038.000000  36182 80
90038.000000  36182 80
90058.000000  36197 80
90058.000000  36197 80
90088.000000  36219 80
90102.000000  36229 80
90128.000000  36248 80
90130.000000  36250 80
90148.000000  36263 80
90156.000000  36269 80
90156.000000  36269 80
90172.000000  36281 80
90172.000000  36281 80
90212.000000  36310 80
90234.000000  36326 80
90282.000000  36361 80
90330.000000  36396 80
90366.000000  36422 80
90368.000000  36424 80
90388.000000  36439 80
90446.000000  36481 80
90480.000000  36506 80
90502.000000  36522 80
90564.000000  36567 80
90566.000000  36569 80
90616.000000  36605 80
90644.000000  36626 80
90670.000000  36645 80
90712.000000  36675 80
90736.000000  36693 80
90768.000000  36717 80
90768.000000  36717 80
90784.000000  36728 80
90824.000000  36757 80
90836.000000  36766 80
90866.000000  36788 80
90882.000000  36800 80
90896.000000  36810 80
90912.000000  36822 80
90944.000000  36845 80
90958.000000  36855 80
90982.000000  36873 80
91016.000000  36898 80
91018.000000  36899 80
91052.000000  36924 80
91052.000000  36924 80
91090.000000  36952 80
91092.000000  36954 80
91144.000000  36991 80
91196.000000  37030 80
91198.000000  37031 80
91226.000000  37052 80
91228.000000  37053 80
91282.000000  37093 80
91296.000000  37103 80
91312.000000  37114 80
91346.000000  37139 80
91378.000000  37163 80
91380.000000  37164 80
91388.000000  37170 80
91388.000000  37170 80
91454.000000  37218 80
91472.000000  37231 80
91536.000000  37278 80
91560.000000  37296 80
91574.000000  37306 80
91622.000000  37341 80
91636.000000  37351 80
91668.000000  37375 80
91670.000000  37376 80
91690.000000  37391 80
91750.000000  37435 80
91752.000000  37436 80
91784.000000  37460 80
91836.000000  37498 80
91836.000000  37498 80
91864.000000  37518 80
91884.000000  37533 80
91926.000000  37563 80
91952.000000  37583 80
92024.000000  37635 80
92032.000000  37641 80
92046.000000  37651 80
92048.000000  37653 80
92062.000000  37663 80
92076.000000  37673 80
92078.000000  37675 80
92092.000000  37685 80
92118.000000  37704 80
92154.000000  37730 80
92200.000000  37764 80
92212.000000  37773 80
92228.000000  37785 80
92260.000000  37808 80
92316.000000  37849 80
92352.000000  37875 80
92354.000000  37877 80
92404.000000  37913 80
92436.000000  37937 80
92470.000000  37961 80
92494.000000  37979 80
92526.000000  38002 80
92552.000000  38021 80
92608.000000  38062 80
92686.000000  38119 80
92708.000000  38136 80
92710.000000  38137 80
92734.000000  38155 80
92806.000000  38207 80
92808.000000  38209 80
92834.000000  38228 80
92864.000000  38250 80
92864.000000  38250 80
92924.000000  38293 80
92926.000000  38295 80
92982.000000  38336 80
93080.000000  38407 80
93154.000000  38462 80
93230.000000  38517 80
93272.000000  38548 80
93274.000000  38549 80
93324.000000  38586 80
93372.000000  38621 80
93390.000000  38634 80
93426.000000  38661 80
93452.000000  38680 80
93466.000000  38690 80
93482.000000  38702 80
93496.000000  38712 80
93546.000000  38749 80
93548.000000  38750 80
93560.000000  38759 80
93560.000000  38759 80
93584.000000  38776 80
93614.000000  38798 80
93640.000000  38817 80
93674.000000  38842 80
93676.000000  38844 80
93728.000000  38882 80
93730.000000  38883 80
93756.000000  38902 80
93768.000000  38911 80
93768.000000  38911 80
93870.000000  38985 80
93898.000000  39006 80
93924.000000  39025 80
93940.000000  39037 80
93970.000000  39059 80
93990.000000  39073 80
94006.000000  39085 80
94018.000000  39094 80
94070.000000  39132 80
94096.000000  39151 80
94116.000000  39165 80
94130.000000  39176 80
94148.000000  39189 80
94162.000000  39199 80
94176.000000  39209 80
94204.000000  39230 80
94206.000000  39231 80
94220.000000  39242 80
94240.000000  39256 80
94256.000000  39268 80
94268.000000  39277 80
94322.000000  39316 80
94348.000000  39335 80
94350.000000  39337 80
94382.000000  39360 80
94406.000000  39378 80
94438.000000  39401 80
94466.000000  39421 80
94508.000000  39452 80
94596.000000  39517 80
94620.000000  39534 80
94722.000000  39609 80
94724.000000  39610 80
94746.000000  39626 80
94798.000000  39664 80
94856.000000  39707 80
94890.000000  39732 80
94944.000000  39771 80
94968.000000  39789 80
95110.000000  39893 80
95290.000000  40024 80
95326.000000  40051 80
95356.000000  40073 80
95370.000000  40083 80
95414.000000  40115 80
95450.000000  40141 80
95472.000000  40157 80
95528.000000  40199 80
95542.000000  40209 80
95542.000000  40209 80
95598.000000  40250 80
95632.000000  40275 80
95656.000000  40292 80
95690.000000  40317 80
95692.000000  40318 80
95718.000000  40337 80
95720.000000  40339 80
95756.000000  40365 80
95812.000000  40406 80
95812.000000  40406 80
95838.000000  40425 80
95840.000000  40427 80
95894.000000  40466 80
95932.000000  40494 80
95964.000000  40517 80
96040.000000  40573 80
96062.000000  40589 80
96096.000000  40614 80
96172.000000  40669 80
96234.000000  40715 80
96234.000000  40715 80
96234.000000  40715 80
96264.000000  40737 80
96288.000000  40754 80
96302.000000  40765 80
96382.000000  40823 80
96404.000000  40839 80
96424.000000  40854 80
96450.000000  40873 80
96472.000000  40889 80
96490.000000  40902 80
96548.000000  40945 80
96568.000000  40959 80
96586.000000  40972 80
96726.000000  41075 80
96726.000000  41075 80
96800.000000  41129 80
96896.000000  41199 80
96960.000000  41246 80
97022.000000  41291 80
97038.000000  41303 80
97108.000000  41354 80
97184.000000  41410 80
97226.000000  41441 80
97302.000000  41496 80
97344.000000  41527 80
97380.000000  41553 80
97402.000000  41569 80
97418.000000  41581 80
97430.000000  41590 80
97462.000000  41613 80
97474.000000  41622 80
97488.000000  41632 80
97514.000000  41651 80
97514.000000  41651 80
97514.000000  41651 80
97530.000000  41663 80
97550.000000  41678 80
97584.000000  41703 80
97608.000000  41720 80
97610.000000  41721 80
97644.000000  41746 80
97712.000000  41796 80
97714.000000  41797 80
97730.000000  41809 80
97754.000000  41827 80
97754.000000  41827 80
97790.000000  41853 80
97838.000000  41888 80
97886.000000  41923 80
97918.000000  41947 80
97952.000000  41972 80
97976.000000  41989 80
98010.000000  42014 80
98012.000000  42016 80
98038.000000  42035 80
98050.000000  42043 80
98104.000000  42083 80
98134.000000  42105 80
98150.000000  42117 80
98162.000000  42125 80
98184.000000  42141 80
98216.000000  42165 80
98216.000000  42165 80
98270.000000  42204 80
98366.000000  42275 80
98368.000000  42276 80
98396.000000  42297 80
98398.000000  42298 80
98404.000000  42302 80
98428.000000  42320 80
98462.000000  42345 80
98486.000000  42363 80
98508.000000  42379 80
98510.000000  42380 80
98548.000000  42408 80
98578.000000  42430 80
98608.000000  42452 80
98616.000000  42458 80
98682.000000  42506 80
98696.000000  42516 80
98728.000000  42539 80
98730.000000  42541 80
98784.000000  42581 80
98786.000000  42582 80
98794.000000  42588 80
98828.000000  42613 80
98854.000000  42632 80
98854.000000  42632 80
98892.000000  42659 80
98894.000000  42661 80
98914.000000  42676 80
98928.000000  42686 80
98928.000000  42686 80
98946.000000  42699 80
98974.000000  42719 80
99268.000000  42935 80
99270.000000  42936 80
99300.000000  42958 80
99328.000000  42979 80
99362.000000  43004 80
99436.000000  43058 80
99502.000000  43106 80
99516.000000  43116 80
99550.000000  43141 80
99552.000000  43143 80
99572.000000  43157 80
99618.000000  43191 80
99620.000000  43192 80
99626.000000  43197 80
99628.000000  43198 80
99634.000000  43203 80
99660.000000  43222 80
99674.000000  43232 80
99674.000000  43232 80
99702.000000  43252 80
99724.000000  43268 80
99752.000000  43289 80
99804.000000  43327 80
99806.000000  43328 80
99828.000000  43345 80
99836.000000  43350 80
99876.000000  43379 80
99892.000000  43391 80
99966.000000  43445 80
99968.000000  43447 80
99970.000000  43448 80
99976.000000  43453 80
100034.000000  43495 80
100048.000000  43505 80
100104.000000  43546 80
100136.000000  43570 80
100136.000000  43570 80
100222.000000  43633 80
100386.000000  43753 80
100410.000000  43770 80
100424.000000  43781 80
100440.000000  43792 80
100440.000000  43792 80
100490.000000  43829 80
100492.000000  43830 80
100532.000000  43860 80
100614.000000  43920 80
100648.000000  43945 80
100704.000000  43985 80
100706.000000  43987 80
100726.000000  44001 80
100758.000000  44025 80
100786.000000  44045 80
100788.000000  44047 80
100820.000000  44070 80
100848.000000  44091 80
100850.000000  44092 80
100868.000000  44105 80
100878.000000  44113 80
100934.000000  44154 80
100992.000000  44196 80
101090.000000  44268 80
101112.000000  44284 80
101158.000000  44318 80
101158.000000  44318 80
101176.000000  44331 80
101188.000000  44340 80
101190.000000  44341 80
101242.000000  44379 80
101256.000000  44389 80
101258.000000  44391 80
101318.000000  44435 80
101320.000000  44436 80
101346.000000  44455 80
101346.000000  44455 80
101378.000000  44479 80
101378.000000  44479 80
101414.000000  44505 80
101436.000000  44521 80
101436.000000  44521 80
101470.000000  44546 80
101526.000000  44587 80
101528.000000  44589 80
101544.000000  44600 80
101574.000000  44622 80
101620.000000  44656 80
101654.000000  44681 80
101686.000000  44704 80
101824.000000  44805 80
101906.000000  44865 80
101914.000000  44871 80
101948.000000  44896 80
102004.000000  44937 80
102234.000000  45105 80
102246.000000  45114 80
102286.000000  45143 80
102516.000000  45311 80
102576.000000  45355 80
102576.000000  45355 80
102634.000000  45398 80
102666.000000  45421 80
102666.000000  45421 80
102872.000000  45572 80
102896.000000  45589 80
102920.000000  45607 80
102920.000000  45607 80
102968.000000  45642 80
103032.000000  45689 80
103086.000000  45729 80
103150.000000  45775 80
103204.000000  45815 80
103228.000000  45832 80
103242.000000  45843 80
103274.000000  45866 80
103300.000000  45885 80
103354.000000  45925 80
103354.000000  45925 80
103390.000000  45951 80
103392.000000  45952 80
103440.000000  45987 80
103472.000000  46011 80
103484.000000  46020 80
103522.000000  46047 80
103522.000000  46047 80
103544.000000  -1 80
103544.000000  -1 80
103572.000000  46084 80
103584.000000  46093 80
103602.000000  46106 80
103638.000000  46132 80
103646.000000  46138 80
103664.000000  46151 80
103664.000000  46151 80
103712.000000  46186 80
103740.000000  46207 80
103802.000000  46252 80
103804.000000  46254 80
103832.000000  46274 80
103854.000000  46290 80
103854.000000  46290 80
104898.000000  47054 80
104898.000000  47054 80
104898.000000  47054 80
104906.000000  47060 80
104932.000000  47079 80
104992.000000  47123 80
105010.000000  47136 80
105030.000000  47151 80
105042.000000  47160 80
105066.000000  47177 80
105098.000000  47201 80
105128.000000  47223 80
105162.000000  47247 80
105162.000000  47247 80
105162.000000  47247 80
105190.000000  47268 80
105192.000000  47269 80
105218.000000  47288 80
105242.000000  47306 80
105252.000000  47313 80
105262.000000  47321 80
105264.000000  47322 80
105276.000000  47331 80
105302.000000  47350 80
105354.000000  47388 80
105354.000000  47388 80
105366.000000  47397 80
105394.000000  47417 80
105394.000000  47417 80
105422.000000  47438 80
105488.000000  47486 80
105532.000000  47518 80
105552.000000  47533 80
105566.000000  47543 80
105598.000000  47567 80
105644.000000  47600 80
105660.000000  47612 80
105690.000000  47634 80
105742.000000  47672 80
105742.000000  47672 80
105772.000000  47694 80
105774.000000  47695 80
105804.000000  47717 80
105836.000000  47741 80
105838.000000  47742 80
105840.000000  47743 80
105870.000000  47765 80
105892.000000  47781 80
105948.000000  47823 80
106004.000000  47863 80
106004.000000  47863 80
106004.000000  47863 80
106054.000000  47900 80
106084.000000  47922 80
106086.000000  47923 80
106102.000000  47935 80
106122.000000  47950 80
106124.000000  47951 80
106298.000000  48079 80
106358.000000  48122 80
106428.000000  48174 80
106428.000000  48174 80
106540.000000  48256 80
106636.000000  48326 80
106688.000000  48364 80
106706.000000  48377 80
106756.000000  48413 80
106764.000000  48419 80
106784.000000  48434 80
106786.000000  48435 80
106874.000000  48500 80
106906.000000  48523 80
107004.000000  48595 80
107006.000000  48597 80
107060.000000  48636 80
107060.000000  48636 80
107094.000000  48661 80
107148.000000  48700 80
107172.000000  48718 80
107186.000000  48728 80
107242.000000  48769 80
107278.000000  48795 80
107292.000000  48806 80
107310.000000  48819 80
107362.000000  48857 80
107382.000000  48872 80
107412.000000  48894 80
107484.000000  48946 80
107484.000000  48946 80
107568.000000  49008 80
107620.000000  49046 80
107634.000000  49056 80
107686.000000  49094 80
107688.000000  49096 80
107794.000000  49173 80
107848.000000  49213 80
107878.000000  49235 80
107878.000000  49235 80
107878.000000  49235 80
107886.000000  49241 80
107888.000000  49242 80
107918.000000  49264 80
107984.000000  49312 80
107984.000000  49312 80
107984.000000  49312 80
107984.000000  49312 80
108042.000000  49355 80
108062.000000  49369 80
108086.000000  49387 80
108182.000000  49457 80
108212.000000  49479 80
108248.000000  49505 80
108274.000000  49524 80
108364.000000  49590 80
108458.000000  49659 80
108458.000000  49659 80
108476.000000  49672 80
108510.000000  49697 80
108536.000000  49716 80
108572.000000  49743 80
108590.000000  49756 80
108602.000000  49764 80
108642.000000  49794 80
108644.000000  49795 80
108652.000000  49801 80
108654.000000  49803 80
108712.000000  49845 80
108748.000000  49871 80
108788.000000  49901 80
108820.000000  49924 80
108840.000000  49939 80
108840.000000  49939 80
108900.000000  49983 80
108908.000000  49988 80
108908.000000  49988 80
108966.000000  50031 80
109002.000000  50057 80
109004.000000  50059 80
109056.000000  50097 80
109058.000000  50098 80
109108.000000  50135 80
109108.000000  50135 80
109138.000000  50157 80
109140.000000  50158 80
109192.000000  50196 80
109192.000000  50196 80
109240.000000  50231 80
109268.000000  50252 80
109300.000000  50275 80
109348.000000  50310 80
109348.000000  50310 80
109378.000000  50332 80
109414.000000  50359 80
109424.000000  50366 80
109444.000000  50381 80
109446.000000  50382 80
109480.000000  50407 80
109494.000000  50417 80
109494.000000  50417 80
109536.000000  50448 80
109566.000000  50470 80
109568.000000  50471 80
109594.000000  50490 80
109596.000000  50492 80
109626.000000  50514 80
109628.000000  50515 80
109648.000000  50530 80
109662.000000  50540 80
109694.000000  50563 80
109718.000000  50581 80
109752.000000  50606 80
109752.000000  50606 80
109752.000000  50606 80
109786.000000  50631 80
109814.000000  50651 80
109816.000000  50653 80
109862.000000  50686 80
109862.000000  50686 80
109898.000000  50713 80
109940.000000  50743 80
109940.000000  50743 80
109950.000000  50751 80
109970.000000  50765 80
109970.000000  50765 80
109986.000000  50777 80
110000.000000  50787 80
110000.000000  50787 80
110028.000000  50808 80
110050.000000  50824 80
110058.000000  50830 80
110058.000000  50830 80
110098.000000  50859 80
110110.000000  50868 80
110194.000000  50929 80
110194.000000  50929 80
110208.000000  50939 80
110224.000000  50951 80
110236.000000  50960 80
110260.000000  50977 80
110260.000000  50977 80
110260.000000  50977 80
110312.000000  51015 80
110348.000000  51042 80
110350.000000  51043 80
110370.000000  51058 80
110384.000000  51068 80
110384.000000  51068 80
110444.000000  51112 80
110444.000000  51112 80
110444.000000  51112 80
110482.000000  51140 80
110484.000000  51141 80
110500.000000  51153 80
110558.000000  51195 80
110560.000000  51197 80
110588.000000  51217 80
110704.000000  51302 80
110716.000000  51311 80
110766.000000  51347 80
110790.000000  51365 80
110844.000000  51405 80
110876.000000  51428 80
110964.000000  51492 80
110994.000000  51514 80
111002.000000  51520 80
111038.000000  51547 80
111040.000000  51548 80
111078.000000  51576 80
111118.000000  51605 80
111132.000000  51615 80
111188.000000  51656 80
111210.000000  51672 80
111210.000000  51672 80
111222.000000  51681 80
111252.000000  51703 80
111252.000000  51703 80
111270.000000  51716 80
111270.000000  51716 80
111286.000000  51728 80
111302.000000  51740 80
111336.000000  51765 80
111362.000000  51783 80
111410.000000  51819 80
111422.000000  51827 80
111434.000000  51836 80
111460.000000  51855 80
111468.000000  51861 80
111482.000000  51871 80
111482.000000  51871 80
111506.000000  51889 80
111538.000000  51912 80
111592.000000  51952 80
111616.000000  51969 80
111630.000000  51980 80
111656.000000  51999 80
111690.000000  52023 80
111744.000000  52063 80
111768.000000  52081 80
111824.000000  52121 80
111846.000000  52137 80
111872.000000  52157 80
111896.000000  52174 80
111918.000000  52190 80
111926.000000  52196 80
111988.000000  52241 80
112004.000000  52253 80
112052.000000  52288 80
112088.000000  52315 80
112142.000000  52354 80
112172.000000  52376 80
112174.000000  52377 80
112204.000000  52399 80
112238.000000  52424 80
112270.000000  52448 80
112284.000000  52458 80
112300.000000  52470 80
112328.000000  52490 80
112360.000000  52514 80
112390.000000  52535 80
112392.000000  52537 80
112414.000000  52553 80
112432.000000  52566 80
112432.000000  52566 80
112450.000000  52579 80
112502.000000  52617 80
112528.000000  52636 80
112542.000000  52647 80
112578.000000  52673 80
112578.000000  52673 80
112596.000000  52686 80
112612.000000  52698 80
112656.000000  52730 80
112664.000000  52736 80
112688.000000  52753 80
112766.000000  52811 80
112768.000000  52812 80
112774.000000  52817 80
112776.000000  52818 80
112780.000000  52821 80
112822.000000  52852 80
112830.000000  52857 80
112856.000000  52877 80
112858.000000  52878 80
112888.000000  52900 80
112922.000000  52925 80
112976.000000  52964 80
112998.000000  52980 80
113038.000000  53010 80
113052.000000  53020 80
113108.000000  53061 80
113170.000000  53106 80
113188.000000  53119 80
113202.000000  53130 80
113218.000000  53141 80
113240.000000  53157 80
113266.000000  53177 80
113280.000000  53187 80
113298.000000  53200 80
113324.000000  53219 80
113368.000000  53251 80
113398.000000  53273 80
113432.000000  53298 80
113514.000000  53358 80
113552.000000  53386 80
113554.000000  53387 80
113574.000000  53402 80
113576.000000  53403 80
113590.000000  53413 80
113606.000000  53425 80
113654.000000  53460 80
113682.000000  53481 80
113708.000000  53500 80
113714.000000  53504 80
113750.000000  53531 80
113750.000000  53531 80
113750.000000  53531 80
113750.000000  53531 80
113842.000000  53598 80
113900.000000  53640 80
113928.000000  53661 80
113958.000000  53683 80
113990.000000  53706 80
113990.000000  53706 80
114024.000000  53731 80
114078.000000  53771 80
114132.000000  53810 80
114154.000000  53826 80
114156.000000  53827 80
114220.000000  53874 80
114226.000000  53879 80
114260.000000  53904 80
114294.000000  53929 80
114320.000000  53947 80
114334.000000  53958 80
114368.000000  53983 80
114382.000000  53993 80
114406.000000  54010 80
114438.000000  54034 80
114454.000000  54046 80
114470.000000  54057 80
114492.000000  54073 80
114524.000000  54097 80
114546.000000  54113 80
114574.000000  54133 80
114582.000000  54139 80
114584.000000  54141 80
114600.000000  54152 80
114600.000000  54152 80
114618.000000  54166 80
114630.000000  54174 80
114654.000000  54192 80
114688.000000  54217 80
114718.000000  54239 80
114720.000000  54240 80
114726.000000  54245 80
114742.000000  54256 80
114766.000000  54274 80
114852.000000  54337 80
114874.000000  54353 80
114876.000000  54354 80
114908.000000  54378 80
114954.000000  54411 80
114966.000000  54420 80
115016.000000  54457 80
115040.000000  54474 80
115080.000000  54504 80
115080.000000  54504 80
115080.000000  54504 80
115080.000000  54504 80
115080.000000  54504 80
115128.000000  54539 80
115184.000000  54580 80
115184.000000  54580 80
115202.000000  54593 80
115242.000000  54622 80
115298.000000  54663 80
115310.000000  54672 80
115368.000000  54714 80
115400.000000  54738 80
115430.000000  54760 80
115464.000000  54785 80
115488.000000  54802 80
115520.000000  54825 80
115546.000000  54845 80
115580.000000  54869 80
115596.000000  54881 80
115596.000000  54881 80
115612.000000  54893 80
115630.000000  54906 80
115630.000000  54906 80
115630.000000  54906 80
115630.000000  54906 80
115702.000000  54959 80
115754.000000  54997 80
115754.000000  54997 80
115778.000000  55014 80
115826.000000  55049 80
115848.000000  55065 80
115864.000000  55077 80
115880.000000  55089 80
115960.000000  55147 80
116020.000000  55191 80
116052.000000  55215 80
116074.000000  55231 80
116108.000000  55256 80
116142.000000  55281 80
116170.000000  55301 80
116234.000000  55348 80
116296.000000  55393 80
116332.000000  55419 80
116348.000000  55431 80
116384.000000  55458 80
116454.000000  55509 80
116470.000000  55521 80
116490.000000  55535 80
116512.000000  55551 80
116578.000000  55599 80
116592.000000  55610 80
116592.000000  55610 80
116618.000000  55629 80
116650.000000  55652 80
116706.000000  55693 80
116730.000000  55711 80
116736.000000  55715 80
116752.000000  55727 80
116762.000000  55734 80
116788.000000  55753 80
116824.000000  55779 80
116826.000000  55781 80
116846.000000  55796 80
116876.000000  55817 80
116892.000000  55829 80
116904.000000  55838 80
116920.000000  55850 80
116934.000000  55860 80
116982.000000  55895 80
116994.000000  55904 80
117038.000000  55936 80
117058.000000  55951 80
117078.000000  55965 80
117092.000000  55975 80
117118.000000  55995 80
117132.000000  56005 80
117148.000000  56017 80
117170.000000  56033 80
117230.000000  56077 80
117328.000000  56148 80
117330.000000  56150 80
117356.000000  56169 80
117358.000000  56170 80
117374.000000  56182 80
117436.000000  56227 80
117436.000000  56227 80
117496.000000  56271 80
117498.000000  56273 80
117534.000000  56299 80
117574.000000  56328 80
117574.000000  56328 80
117574.000000  56328 80
117594.000000  56343 80
117612.000000  56356 80
117612.000000  56356 80
117650.000000  56384 80
117652.000000  56385 80
117670.000000  56399 80
117670.000000  56399 80
117686.000000  56410 80
117700.000000  56420 80
117700.000000  56420 80
117700.000000  56420 80
117700.000000  56420 80
117738.000000  56448 80
117756.000000  56461 80
117772.000000  56473 80
117796.000000  56491 80
117814.000000  56504 80
117830.000000  56515 80
117860.000000  56537 80
117896.000000  56564 80
117898.000000  56565 80
117916.000000  56578 80
117916.000000  56578 80
117926.000000  56586 80
117960.000000  56611 80
117984.000000  56628 80
118018.000000  56653 80
118042.000000  56671 80
118056.000000  56681 80
118070.000000  56691 80
118070.000000  56691 80
118098.000000  56711 80
118112.000000  56722 80
118234.000000  56811 80
118234.000000  56811 80
118260.000000  56830 80
118274.000000  56840 80
118294.000000  56855 80
118340.000000  56889 80
118356.000000  56900 80
118404.000000  56935 80
118416.000000  56944 80
118430.000000  56955 80
118430.000000  56955 80
118468.000000  56982 80
118480.000000  56991 80
118508.000000  57012 80
118542.000000  57037 80
118570.000000  57057 80
118578.000000  57063 80
118612.000000  57088 80
118614.000000  57089 80
118634.000000  57104 80
118690.000000  57145 80
118726.000000  57171 80
118728.000000  57173 80
118754.000000  57192 80
118756.000000  57193 80
118788.000000  57217 80
118788.000000  57217 80
118788.000000  57217 80
118816.000000  57237 80
118866.000000  57273 80
118920.000000  57313 80
118938.000000  57326 80
118968.000000  57348 80
119032.000000  57395 80
119052.000000  57410 80
119066.000000  57420 80
119086.000000  57435 80
119110.000000  57452 80
119140.000000  57474 80
119154.000000  57484 80
119156.000000  57486 80
119188.000000  57509 80
119296.000000  57588 80
119348.000000  57626 80
119348.000000  57626 80
119380.000000  57649 80
119476.000000  57720 80
119584.000000  57799 80
119638.000000  57838 80
119714.000000  57894 80
119714.000000  57894 80
119798.000000  57955 80
119858.000000  57999 80
119890.000000  58023 80
119924.000000  58048 80
120036.000000  58129 80
120066.000000  58151 80
120068.000000  58153 80
120070.000000  58154 80
120082.000000  58163 80
120108.000000  58182 80
120136.000000  58203 80
120138.000000  58204 80
120160.000000  58220 80
120214.000000  58260 80
120242.000000  58280 80
120272.000000  58302 80
120434.000000  58421 80
120434.000000  58421 80
120494.000000  58465 80
120550.000000  58506 80
120712.000000  58624 80
120888.000000  58753 80
120934.000000  58787 80
120946.000000  58796 80
121024.000000  58853 80
121040.000000  58864 80
121064.000000  58882 80
121078.000000  58892 80
121078.000000  58892 80
121130.000000  58930 80
121132.000000  58932 80
121162.000000  58954 80
121164.000000  58955 80
121218.000000  58995 80
121242.000000  59012 80
121256.000000  59022 80
121268.000000  59031 80
121296.000000  59052 80
121328.000000  59075 80
121328.000000  59075 80
121346.000000  59088 80
121374.000000  59109 80
121392.000000  59122 80
121426.000000  59147 80
121426.000000  59147 80
121436.000000  59154 80
121458.000000  59170 80
121484.000000  59189 80
121552.000000  59239 80
121564.000000  59248 80
121580.000000  59259 80
121614.000000  59284 80
121650.000000  59311 80
121722.000000  59363 80
121724.000000  59365 80
121728.000000  59368 80
121728.000000  59368 80
121762.000000  59393 80
121796.000000  59418 80
121820.000000  59435 80
121852.000000  59459 80
121880.000000  59479 80
121880.000000  59479 80
121912.000000  59502 80
121912.000000  59502 80
121944.000000  59526 80
121946.000000  59527 80
121978.000000  59551 80
121996.000000  59564 80
122028.000000  59587 80
122058.000000  59609 80
122072.000000  59619 80
122106.000000  59644 80
122126.000000  59659 80
122140.000000  59669 80
122170.000000  59691 80
122170.000000  59691 80
122204.000000  59716 80
122238.000000  59741 80
122252.000000  59751 80
122268.000000  59763 80
122268.000000  59763 80
122298.000000  59785 80
122354.000000  59826 80
122362.000000  59832 80
122396.000000  59857 80
122420.000000  59874 80
122454.000000  59899 80
122456.000000  59901 80
122476.000000  59915 80
122476.000000  59915 80
122510.000000  59940 80
122534.000000  59957 80
122574.000000  59987 80
122598.000000  60004 80
122610.000000  60013 80
122654.000000  60045 80
122654.000000  60045 80
122674.000000  60060 80
122674.000000  60060 80
122708.000000  60085 80
122722.000000  60095 80
122748.000000  60114 80
122804.000000  60155 80
122820.000000  60167 80
122888.000000  60217 80
122946.000000  60259 80
122980.000000  60284 80
123036.000000  60325 80
123070.000000  60350 80
123122.000000  60388 80
123150.000000  60408 80
123150.000000  60408 80
123150.000000  60408 80
123186.000000  60435 80
123188.000000  60436 80
123220.000000  60459 80
123250.000000  60481 80
123252.000000  60483 80
123268.000000  60495 80
123288.000000  60509 80
123388.000000  60582 80
123408.000000  60597 80
123422.000000  60607 80
123460.000000  60635 80
123504.000000  60667 80
123504.000000  60667 80
123536.000000  60691 80
123536.000000  60691 80
123570.000000  60716 80
123572.000000  60717 80
123610.000000  60745 80
123612.000000  60747 80
123640.000000  60767 80
123674.000000  60792 80
123698.000000  60809 80
123706.000000  60815 80
123730.000000  60833 80
123732.000000  60834 80
123766.000000  60859 80
123778.000000  60868 80
123780.000000  60869 80
123834.000000  60909 80
123888.000000  60948 80
123916.000000  60969 80
123938.000000  60985 80
123974.000000  61011 80
124072.000000  61083 80
124104.000000  61107 80
124124.000000  61121 80
124144.000000  61136 80
124158.000000  61146 80
124174.000000  61158 80
124190.000000  61169 80
124192.000000  61171 80
124210.000000  61184 80
124210.000000  61184 80
124220.000000  61191 80
124222.000000  61193 80
124230.000000  61199 80
124292.000000  61244 80
124294.000000  61245 80
124304.000000  61253 80
124360.000000  61294 80
124362.000000  61295 80
124420.000000  61338 80
124420.000000  61338 80
124420.000000  61338 80
124452.000000  61361 80
124506.000000  61401 80
124530.000000  61418 80
124566.000000  61445 80
124566.000000  61445 80
124590.000000  61462 80
124620.000000  61484 80
124668.000000  61519 80
124670.000000  61521 80
124704.000000  61545 80
124704.000000  61545 80
124728.000000  61563 80
124756.000000  61584 80
124782.000000  61603 80
124804.000000  61619 80
124814.000000  61626 80
124840.000000  61645 80
124842.000000  61647 80
124866.000000  61664 80
124866.000000  61664 80
124866.000000  61664 80
124866.000000  61664 80
125004.000000  61765 80
125034.000000  61787 80
125034.000000  61787 80
125034.000000  61787 80
125064.000000  61809 80
125088.000000  61827 80
125120.000000  61850 80
125154.000000  61875 80
125154.000000  61875 80
125154.000000  61875 80
125154.000000  61875 80
125206.000000  -1 80
125206.000000  -1 80
125258.000000  61951 80
125260.000000  61952 80
125282.000000  61968 80
125300.000000  61981 80
125316.000000  61993 80
125346.000000  62015 80
125360.000000  62025 80
125360.000000  62025 80
125418.000000  62068 80
125442.000000  62085 80
125538.000000  62156 80
125668.000000  62251 80
125670.000000  62252 80
125702.000000  62276 80
125782.000000  62334 80
125784.000000  62336 80
125788.000000  62339 80
125802.000000  62349 80
125824.000000  62365 80
125874.000000  62402 80
125904.000000  62424 80
125926.000000  62440 80
125926.000000  62440 80
125944.000000  62453 80
125992.000000  62488 80
126008.000000  62500 80
127054.000000  63265 80
127078.000000  63283 80
127096.000000  63296 80
127098.000000  63297 80
127128.000000  63319 80
127154.000000  63338 80
127162.000000  63344 80
127182.000000  63359 80
127200.000000  63372 80
127216.000000  63384 80
127236.000000  63398 80
127266.000000  63420 80
127266.000000  63420 80
127282.000000  63432 80
127302.000000  63447 80
127320.000000  63460 80
127328.000000  63465 80
127328.000000  63465 80
127338.000000  63473 80
127360.000000  63489 80
127376.000000  63501 80
127394.000000  63514 80
127428.000000  63539 80
127460.000000  63562 80
127516.000000  63603 80
127518.000000  63605 80
127538.000000  63619 80
127538.000000  63619 80
127594.000000  63660 80
127602.000000  63666 80
127618.000000  63678 80
127628.000000  63685 80
127684.000000  63726 80
127686.000000  63727 80
127706.000000  63742 80
127706.000000  63742 80
127716.000000  63749 80
127730.000000  63760 80
127776.000000  63793 80
127818.000000  63824 80
127820.000000  63825 80
127840.000000  63840 80
127888.000000  63875 80
127904.000000  63887 80
127918.000000  63897 80
127934.000000  63909 80
127998.000000  63956 80
128030.000000  63979 80
128074.000000  64011 80
128076.000000  64013 80
128092.000000  64025 80
128100.000000  64031 80
128100.000000  64031 80
128128.000000  64051 80
128162.000000  64076 80
128186.000000  64093 80
128244.000000  64136 80
128258.000000  64146 80
128290.000000  64169 80
128344.000000  64209 80
128398.000000  64248 80
128456.000000  64291 80
128488.000000  64314 80
128554.000000  64363 80
128566.000000  64371 80
128586.000000  64386 80
128586.000000  64386 80
128624.000000  64414 80
128644.000000  64428 80
128706.000000  64474 80
128772.000000  64522 80
128830.000000  64565 80
128862.000000  64588 80
128916.000000  64627 80
128940.000000  64645 80
128972.000000  64668 80
128996.000000  64686 80
129004.000000  64692 80
129006.000000  64693 80
129068.000000  64739 80
129164.000000  64809 80
129166.000000  64810 80
129250.000000  64872 80
129250.000000  64872 80
129290.000000  64901 80
129320.000000  64923 80
129384.000000  64970 80
129386.000000  64971 80
129468.000000  65031 80
129470.000000  65033 80
129522.000000  65071 80
129550.000000  65091 80
129582.000000  65115 80
129636.000000  65154 80
129670.000000  65179 80
129690.000000  65194 80
129702.000000  65203 80
129718.000000  65214 80
129718.000000  65214 80
129802.000000  65276 80
129826.000000  65293 80
129826.000000  65293 80
129874.000000  65329 80
129890.000000  65340 80
129938.000000  65375 80
129970.000000  65399 80
130008.000000  65427 80
130062.000000  65466 80
130064.000000  65468 80
130086.000000  65484 80
130120.000000  65509 80
130122.000000  65510 80
130142.000000  65525 80
130154.000000  65533 80
130154.000000  65533 80
130178.000000  65551 80
130210.000000  65574 80
130240.000000  65596 80
130242.000000  65598 80
130268.000000  65617 80
130296.000000  65637 80
130298.000000  65639 80
130326.000000  65659 80
130326.000000  65659 80
130326.000000  65659 80
130354.000000  65680 80
130368.000000  65690 80
130404.000000  65716 80
130404.000000  65716 80
130404.000000  65716 80
130428.000000  65734 80
130464.000000  65760 80
130472.000000  65766 80
130498.000000  65785 80
130518.000000  65800 80
130534.000000  65811 80
130566.000000  65835 80
130586.000000  65849 80
130604.000000  65863 80
130680.000000  65918 80
130682.000000  65920 80
130692.000000  65927 80
130722.000000  65949 80
