47589.000000  15
47591.000000  15
47593.000000  15
47595.000000  16
47597.000000  16
47599.000000  16
47601.000000  17
47603.000000  17
47605.000000  17
47607.000000  18
47609.000000  18
47611.000000  18
47613.000000  19
47615.000000  19
47617.000000  19
47619.000000  20
47621.000000  20
47623.000000  20
47625.000000  21
47627.000000  21
47629.000000  21
47631.000000  22
47633.000000  22
47635.000000  22
47637.000000  23
47639.000000  23
47641.000000  23
47643.000000  24
47645.000000  24
47647.000000  25
47649.000000  25
47651.000000  25
47653.000000  25
47655.000000  26
47657.000000  26
47659.000000  27
47661.000000  27
47663.000000  27
47665.000000  27
47667.000000  28
47669.000000  28
47671.000000  29
47673.000000  29
47675.000000  29
47677.000000  29
47679.000000  30
47681.000000  30
47683.000000  31
47685.000000  31
47687.000000  31
47689.000000  31
47691.000000  32
47693.000000  32
47695.000000  33
47697.000000  33
47699.000000  33
47701.000000  34
47703.000000  34
47705.000000  34
47707.000000  35
47709.000000  35
47711.000000  35
47713.000000  36
47715.000000  36
47717.000000  36
47719.000000  37
47721.000000  37
47723.000000  37
47725.000000  38
47727.000000  38
47729.000000  39
47731.000000  39
47733.000000  39
47735.000000  39
47737.000000  40
47739.000000  40
47741.000000  41
47743.000000  41
47745.000000  41
47747.000000  42
47749.000000  42
47751.000000  42
47753.000000  43
47755.000000  43
47757.000000  43
47759.000000  44
47761.000000  44
47763.000000  45
47765.000000  45
47767.000000  45
47769.000000  45
47771.000000  46
47773.000000  46
47775.000000  47
47777.000000  47
47779.000000  47
47781.000000  48
47783.000000  48
47785.000000  48
47787.000000  49
47789.000000  49
47791.000000  49
47793.000000  50
47795.000000  50
47797.000000  50
47799.000000  51
47801.000000  51
47803.000000  51
47805.000000  52
47807.000000  52
47809.000000  52
47811.000000  53
47813.000000  53
47815.000000  53
47817.000000  54
47819.000000  54
47821.000000  54
47823.000000  55
47825.000000  55
47827.000000  55
47829.000000  56
47831.000000  56
47833.000000  57
47835.000000  57
47837.000000  57
47839.000000  57
47841.000000  58
47843.000000  58
47845.000000  59
47847.000000  59
47849.000000  59
47851.000000  60
47853.000000  60
47855.000000  60
47857.000000  61
47859.000000  61
47861.000000  61
47863.000000  62
47865.000000  62
47867.000000  62
47869.000000  63
47871.000000  63
47873.000000  63
47875.000000  64
47877.000000  64
47879.000000  65
47881.000000  65
47883.000000  65
47885.000000  65
47887.000000  66
47889.000000  66
47891.000000  67
47893.000000  67
47895.000000  67
47897.000000  68
47899.000000  68
47901.000000  68
47903.000000  69
47905.000000  69
47907.000000  69
47909.000000  70
47911.000000  70
47913.000000  71
47915.000000  71
47917.000000  71
47919.000000  71
47921.000000  72
47923.000000  72
47925.000000  73
47927.000000  73
47929.000000  73
47931.000000  74
47933.000000  74
47935.000000  74
47937.000000  75
47939.000000  75
47941.000000  75
47943.000000  76
47945.000000  76
47947.000000  76
47949.000000  77
47951.000000  77
47953.000000  77
47955.000000  78
47957.000000  78
47959.000000  79
47961.000000  79
47963.000000  79
47965.000000  79
47967.000000  80
47969.000000  80
47971.000000  81
47973.000000  81
47975.000000  81
47977.000000  82
47979.000000  82
47981.000000  82
47983.000000  83
47985.000000  83
47987.000000  83
47989.000000  84
47991.000000  84
47993.000000  84
47995.000000  85
47997.000000  85
47999.000000  85
48001.000000  86
48003.000000  86
48005.000000  87
48007.000000  87
48009.000000  87
48011.000000  88
48013.000000  88
48015.000000  88
48017.000000  89
48019.000000  89
48021.000000  89
48023.000000  90
48025.000000  90
48027.000000  90
48029.000000  91
48031.000000  91
48033.000000  91
48035.000000  92
48037.000000  92
48039.000000  93
48041.000000  93
48043.000000  93
48045.000000  94
48047.000000  94
48049.000000  94
48051.000000  95
48053.000000  95
48055.000000  95
48057.000000  96
48059.000000  96
48061.000000  96
48063.000000  97
48065.000000  97
48067.000000  97
48069.000000  98
48071.000000  98
48073.000000  99
48075.000000  99
48077.000000  99
48079.000000  99
48081.000000  100
48083.000000  100
48085.000000  101
48087.000000  101
48089.000000  101
48091.000000  102
48093.000000  102
48095.000000  102
48097.000000  103
48099.000000  103
48101.000000  103
48103.000000  104
48105.000000  104
48107.000000  104
48109.000000  105
48111.000000  105
48113.000000  105
48115.000000  106
48117.000000  106
48119.000000  107
48121.000000  107
48123.000000  107
48125.000000  107
48127.000000  108
48129.000000  108
48131.000000  109
48133.000000  109
48135.000000  109
48137.000000  110
48139.000000  110
48141.000000  110
48143.000000  111
48145.000000  111
48147.000000  111
48149.000000  112
48151.000000  112
48153.000000  113
48155.000000  113
48157.000000  113
48159.000000  113
48161.000000  114
48163.000000  114
48165.000000  115
48167.000000  115
48169.000000  115
48171.000000  116
48173.000000  116
48175.000000  116
48177.000000  117
48179.000000  117
48181.000000  117
48183.000000  118
48185.000000  118
48187.000000  118
48189.000000  119
48191.000000  119
48193.000000  119
48195.000000  120
48197.000000  120
48199.000000  121
48201.000000  121
48203.000000  121
48205.000000  121
48207.000000  122
48209.000000  122
48211.000000  123
48213.000000  123
48215.000000  123
48217.000000  124
48219.000000  124
48221.000000  124
48223.000000  125
48225.000000  125
48227.000000  125
48229.000000  126
48231.000000  126
48233.000000  126
48235.000000  127
48237.000000  127
48239.000000  127
48241.000000  128
48243.000000  128
48245.000000  129
48247.000000  129
48249.000000  129
48251.000000  129
48253.000000  130
48255.000000  130
48257.000000  131
48259.000000  131
48261.000000  131
48263.000000  132
48265.000000  132
48267.000000  132
48269.000000  133
48271.000000  133
48273.000000  133
48275.000000  134
48277.000000  134
48279.000000  134
48281.000000  135
48283.000000  135
48285.000000  135
48287.000000  136
48289.000000  136
48291.000000  137
48293.000000  137
48295.000000  137
48297.000000  138
48299.000000  138
48301.000000  138
48303.000000  139
48305.000000  139
48307.000000  139
48309.000000  140
48311.000000  140
48313.000000  140
48315.000000  141
48317.000000  141
48319.000000  141
48321.000000  142
48323.000000  142
48325.000000  142
48327.000000  143
48329.000000  143
48331.000000  143
48333.000000  144
48335.000000  144
48337.000000  144
48339.000000  145
48341.000000  145
48343.000000  145
48345.000000  146
48347.000000  146
48349.000000  147
48351.000000  147
48353.000000  147
48355.000000  147
48357.000000  148
48359.000000  148
48361.000000  149
48363.000000  149
48365.000000  149
48367.000000  149
48369.000000  150
48371.000000  150
48373.000000  151
48375.000000  151
48377.000000  151
48379.000000  152
48381.000000  152
48383.000000  152
48385.000000  153
48387.000000  153
48389.000000  153
48391.000000  154
48393.000000  154
48395.000000  154
48397.000000  155
48399.000000  155
48401.000000  155
48403.000000  156
48405.000000  156
48407.000000  156
48409.000000  157
48411.000000  157
48413.000000  157
48415.000000  158
48417.000000  158
48419.000000  159
48421.000000  159
48423.000000  159
48425.000000  160
48427.000000  160
48429.000000  160
48431.000000  161
48433.000000  161
48435.000000  161
48437.000000  162
48439.000000  162
48441.000000  162
48443.000000  163
48445.000000  163
48447.000000  163
48449.000000  164
48451.000000  164
48453.000000  165
48455.000000  165
48457.000000  165
48459.000000  166
48461.000000  166
48463.000000  166
48465.000000  167
48467.000000  167
48469.000000  167
48471.000000  168
48473.000000  168
48475.000000  168
48477.000000  169
48479.000000  169
48481.000000  169
48483.000000  170
48485.000000  170
48487.000000  171
48489.000000  171
48491.000000  171
48493.000000  171
48495.000000  172
48497.000000  172
48499.000000  173
48501.000000  173
48503.000000  173
48505.000000  174
48507.000000  174
48509.000000  174
48511.000000  175
48513.000000  175
48515.000000  175
48517.000000  176
48519.000000  176
48521.000000  176
48523.000000  177
48525.000000  177
48527.000000  177
48529.000000  178
48531.000000  178
48533.000000  178
48535.000000  179
48537.000000  179
48539.000000  179
48541.000000  180
48543.000000  180
48545.000000  181
48547.000000  181
48549.000000  181
48551.000000  182
48553.000000  182
48555.000000  182
48557.000000  183
48559.000000  183
48561.000000  183
48563.000000  184
48565.000000  184
48567.000000  184
48569.000000  185
48571.000000  185
48573.000000  185
48575.000000  186
48577.000000  186
48579.000000  187
48581.000000  187
48583.000000  187
48585.000000  188
48587.000000  188
48589.000000  188
48591.000000  189
48593.000000  189
48595.000000  189
48597.000000  190
48599.000000  190
48601.000000  191
48603.000000  191
48605.000000  191
48607.000000  191
48609.000000  192
48611.000000  192
48613.000000  193
48615.000000  193
48617.000000  193
48619.000000  194
48621.000000  194
48623.000000  194
48625.000000  195
48627.000000  195
48629.000000  195
48631.000000  196
48633.000000  196
48635.000000  196
48637.000000  197
48639.000000  197
48641.000000  197
48643.000000  198
48645.000000  198
48647.000000  199
48649.000000  199
48651.000000  199
48653.000000  199
48655.000000  200
48657.000000  200
48659.000000  201
48661.000000  201
48663.000000  201
48665.000000  202
48667.000000  202
48669.000000  202
48671.000000  203
48673.000000  203
48675.000000  203
48677.000000  204
48679.000000  204
48681.000000  204
48683.000000  205
48685.000000  205
48687.000000  205
48689.000000  206
48691.000000  206
48693.000000  207
48695.000000  207
48697.000000  207
48699.000000  207
48701.000000  208
48703.000000  208
48705.000000  209
48707.000000  209
48709.000000  209
48711.000000  210
48713.000000  210
48715.000000  210
48717.000000  211
48719.000000  211
48721.000000  211
48723.000000  212
48725.000000  212
48727.000000  212
48729.000000  213
48731.000000  213
48733.000000  213
48735.000000  214
48737.000000  214
48739.000000  215
48741.000000  215
48743.000000  215
48745.000000  215
48747.000000  216
48749.000000  216
48751.000000  217
48753.000000  217
48755.000000  217
48757.000000  218
48759.000000  218
48761.000000  218
48763.000000  219
48765.000000  219
48767.000000  219
48769.000000  220
48771.000000  220
48773.000000  220
48775.000000  221
48777.000000  221
48779.000000  221
48781.000000  222
48783.000000  222
48785.000000  222
48787.000000  223
48789.000000  223
48791.000000  223
48793.000000  224
48795.000000  224
48797.000000  225
48799.000000  225
48801.000000  225
48803.000000  226
48805.000000  226
48807.000000  226
48809.000000  227
48811.000000  227
48813.000000  227
48815.000000  228
48817.000000  228
48819.000000  228
48821.000000  229
48823.000000  229
48825.000000  229
48827.000000  230
48829.000000  230
48831.000000  231
48833.000000  231
48835.000000  231
48837.000000  231
48839.000000  232
48841.000000  232
48843.000000  233
48845.000000  233
48847.000000  233
48849.000000  233
48851.000000  234
48853.000000  234
48855.000000  235
48857.000000  235
48859.000000  235
48861.000000  236
48863.000000  236
48865.000000  236
48867.000000  237
48869.000000  237
48871.000000  237
48873.000000  238
48875.000000  238
48877.000000  238
48879.000000  239
48881.000000  239
48883.000000  239
48885.000000  240
48887.000000  240
48889.000000  241
48891.000000  241
48893.000000  241
48895.000000  241
48897.000000  242
48899.000000  242
48901.000000  243
48903.000000  243
48905.000000  243
48907.000000  244
48909.000000  244
48911.000000  244
48913.000000  245
48915.000000  245
48917.000000  245
48919.000000  246
48921.000000  246
48923.000000  246
48925.000000  247
48927.000000  247
48929.000000  247
48931.000000  248
48933.000000  248
48935.000000  248
48937.000000  249
48939.000000  249
48941.000000  249
48943.000000  250
48945.000000  250
48947.000000  251
48949.000000  251
48951.000000  251
48953.000000  251
48955.000000  252
48957.000000  252
48959.000000  253
48961.000000  253
48963.000000  253
48965.000000  254
48967.000000  254
48969.000000  254
48971.000000  255
48973.000000  255
48975.000000  255
48977.000000  256
48979.000000  256
48981.000000  256
48983.000000  257
48985.000000  257
48987.000000  257
48989.000000  258
48991.000000  258
48993.000000  259
48995.000000  259
48997.000000  259
48999.000000  260
49001.000000  260
49003.000000  260
49005.000000  261
49007.000000  261
49009.000000  261
49011.000000  262
49013.000000  262
49015.000000  262
49017.000000  263
49019.000000  263
49021.000000  263
49023.000000  264
49025.000000  264
49027.000000  265
49029.000000  265
49031.000000  265
49033.000000  266
49035.000000  266
49037.000000  266
49039.000000  267
49041.000000  267
49043.000000  267
49045.000000  268
49047.000000  268
49049.000000  268
49051.000000  269
49053.000000  269
49055.000000  269
49057.000000  270
49059.000000  270
49061.000000  270
49063.000000  271
49065.000000  271
49067.000000  271
49069.000000  272
49071.000000  272
49073.000000  273
49075.000000  273
49077.000000  273
49079.000000  273
49081.000000  274
49083.000000  274
49085.000000  275
49087.000000  275
49089.000000  275
49091.000000  276
49093.000000  276
49095.000000  276
49097.000000  277
49099.000000  277
49101.000000  277
49103.000000  278
49105.000000  278
49107.000000  278
49109.000000  279
49111.000000  279
49113.000000  279
49115.000000  280
49117.000000  280
49119.000000  281
49121.000000  281
49123.000000  281
49125.000000  282
49127.000000  282
49129.000000  282
49131.000000  283
49133.000000  283
49135.000000  283
49137.000000  284
49139.000000  284
49141.000000  284
49143.000000  285
49145.000000  285
49147.000000  285
49149.000000  286
49151.000000  286
49153.000000  287
49155.000000  287
49157.000000  287
49159.000000  288
49161.000000  288
49163.000000  288
49165.000000  289
49167.000000  289
49169.000000  289
49171.000000  290
49173.000000  290
49175.000000  290
49177.000000  291
49179.000000  291
49181.000000  291
49183.000000  292
49185.000000  292
49187.000000  292
49189.000000  293
49191.000000  293
49193.000000  293
49195.000000  294
49197.000000  294
49199.000000  295
49201.000000  295
49203.000000  295
49205.000000  295
49207.000000  296
49209.000000  296
49211.000000  297
49213.000000  297
49215.000000  297
49217.000000  298
49219.000000  298
49221.000000  298
49223.000000  299
49225.000000  299
49227.000000  299
49229.000000  300
49231.000000  300
49233.000000  300
49235.000000  301
49237.000000  301
49239.000000  301
49241.000000  302
49243.000000  302
49245.000000  302
49247.000000  303
49249.000000  303
49251.000000  303
49253.000000  304
49255.000000  304
49257.000000  305
49259.000000  305
49261.000000  305
49263.000000  306
49265.000000  306
49267.000000  306
49269.000000  307
49271.000000  307
49273.000000  307
49275.000000  308
49277.000000  308
49279.000000  308
49281.000000  309
49283.000000  309
49285.000000  309
49287.000000  310
49289.000000  310
49291.000000  311
49293.000000  311
49295.000000  311
49297.000000  311
49299.000000  312
49301.000000  312
49303.000000  313
49305.000000  313
49307.000000  313
49309.000000  314
49311.000000  314
49313.000000  314
49315.000000  315
49317.000000  315
49319.000000  315
49321.000000  316
49323.000000  316
49325.000000  316
49327.000000  317
49329.000000  317
49331.000000  317
49333.000000  318
49335.000000  318
49337.000000  319
49339.000000  319
49341.000000  319
49343.000000  319
49345.000000  320
49347.000000  320
49349.000000  321
49351.000000  321
49353.000000  321
49355.000000  321
49357.000000  322
49359.000000  322
49361.000000  323
49363.000000  323
49365.000000  323
49367.000000  323
49369.000000  324
49371.000000  324
49373.000000  325
49375.000000  325
49377.000000  325
49379.000000  326
49381.000000  326
49383.000000  326
49385.000000  327
49387.000000  327
49389.000000  327
49391.000000  328
49393.000000  328
49395.000000  328
49397.000000  329
49399.000000  329
49401.000000  329
49403.000000  330
49405.000000  330
49407.000000  331
49409.000000  331
49411.000000  331
49413.000000  331
49415.000000  332
49417.000000  332
49419.000000  333
49421.000000  333
49423.000000  333
49425.000000  334
49427.000000  334
49429.000000  334
49431.000000  335
49433.000000  335
49435.000000  335
49437.000000  336
49439.000000  336
49441.000000  336
49443.000000  337
49445.000000  337
49447.000000  337
49449.000000  338
49451.000000  338
49453.000000  339
49455.000000  339
49457.000000  339
49459.000000  339
49461.000000  340
49463.000000  340
49465.000000  341
49467.000000  341
49469.000000  341
49471.000000  342
49473.000000  342
49475.000000  342
49477.000000  343
49479.000000  343
49481.000000  343
49483.000000  344
49485.000000  344
49487.000000  344
49489.000000  345
49491.000000  345
49493.000000  345
49495.000000  346
49497.000000  346
49499.000000  347
49501.000000  347
49503.000000  347
49505.000000  347
49507.000000  348
49509.000000  348
49511.000000  349
49513.000000  349
49515.000000  349
49517.000000  350
49519.000000  350
49521.000000  350
49523.000000  351
49525.000000  351
49527.000000  351
49529.000000  352
49531.000000  352
49533.000000  352
49535.000000  353
49537.000000  353
49539.000000  353
49541.000000  354
49543.000000  354
49545.000000  355
49547.000000  355
49549.000000  355
49551.000000  356
49553.000000  356
49555.000000  356
49557.000000  357
49559.000000  357
49561.000000  357
49563.000000  358
49565.000000  358
49567.000000  359
49569.000000  359
49571.000000  359
49573.000000  359
49575.000000  360
49577.000000  360
49579.000000  361
49581.000000  361
49583.000000  361
49585.000000  362
49587.000000  362
