28071.000000  71
28073.000000  72
28075.000000  73
28077.000000  74
28079.000000  75
28081.000000  76
28083.000000  77
28085.000000  78
28087.000000  79
28089.000000  80
28091.000000  81
28093.000000  82
28095.000000  82
28097.000000  84
28099.000000  84
28101.000000  85
28103.000000  86
28105.000000  87
28107.000000  88
28109.000000  89
28111.000000  90
28113.000000  91
28115.000000  92
28117.000000  93
28119.000000  94
28121.000000  95
28123.000000  96
28125.000000  96
28127.000000  98
28129.000000  98
28131.000000  99
28133.000000  100
28135.000000  101
28137.000000  102
28139.000000  103
28141.000000  104
28143.000000  105
28145.000000  106
28147.000000  107
28149.000000  108
28151.000000  109
28153.000000  110
28155.000000  111
28157.000000  112
28159.000000  113
28161.000000  114
28163.000000  114
28165.000000  115
28167.000000  116
28169.000000  117
28171.000000  118
28173.000000  119
28175.000000  120
28177.000000  121
28179.000000  122
28181.000000  123
28183.000000  124
28185.000000  125
28187.000000  126
28189.000000  127
28191.000000  128
28193.000000  129
28195.000000  130
28197.000000  130
28199.000000  132
28201.000000  132
28203.000000  133
28205.000000  134
28207.000000  135
28209.000000  136
28211.000000  137
28213.000000  138
28215.000000  139
28217.000000  140
28219.000000  141
28221.000000  142
28223.000000  143
28225.000000  144
28227.000000  145
28229.000000  146
28231.000000  147
28233.000000  148
28235.000000  148
28237.000000  150
28239.000000  150
28241.000000  151
28243.000000  152
28245.000000  153
28247.000000  154
28249.000000  155
28251.000000  156
28253.000000  157
28255.000000  158
28257.000000  159
28259.000000  160
28261.000000  161
28263.000000  162
28265.000000  163
28267.000000  164
28269.000000  165
28271.000000  166
28273.000000  167
28275.000000  168
28277.000000  168
28279.000000  169
28281.000000  170
28283.000000  171
28285.000000  172
28287.000000  173
28289.000000  174
28291.000000  175
28293.000000  176
28295.000000  177
28297.000000  178
28299.000000  179
28301.000000  180
28303.000000  181
28305.000000  182
28307.000000  183
28309.000000  184
28311.000000  185
28313.000000  186
28315.000000  187
28317.000000  188
28319.000000  188
28321.000000  189
28323.000000  190
28325.000000  191
28327.000000  192
28329.000000  193
28331.000000  194
28333.000000  195
28335.000000  196
28337.000000  197
28339.000000  198
28341.000000  199
28343.000000  200
28345.000000  201
28347.000000  202
28349.000000  203
28351.000000  204
28353.000000  205
28355.000000  206
28357.000000  207
28359.000000  208
28361.000000  208
28363.000000  210
28365.000000  210
28367.000000  211
28369.000000  212
28371.000000  213
28373.000000  214
28375.000000  215
28377.000000  216
28379.000000  217
28381.000000  218
28383.000000  219
28385.000000  220
28387.000000  221
28389.000000  222
28391.000000  223
28393.000000  224
28395.000000  225
28397.000000  226
28399.000000  227
28401.000000  228
28403.000000  228
28405.000000  230
28407.000000  230
28409.000000  231
28411.000000  232
28413.000000  233
28415.000000  234
28417.000000  235
28419.000000  236
28421.000000  237
28423.000000  238
28425.000000  239
28427.000000  240
28429.000000  241
28431.000000  242
28433.000000  243
28435.000000  244
28437.000000  245
28439.000000  246
28441.000000  247
28443.000000  248
28445.000000  248
28447.000000  250
28449.000000  250
28451.000000  251
28453.000000  252
28455.000000  253
28457.000000  254
28459.000000  255
28461.000000  256
28463.000000  257
28465.000000  258
28467.000000  259
28469.000000  260
28471.000000  261
28473.000000  262
28475.000000  263
28477.000000  264
28479.000000  265
28481.000000  266
28483.000000  267
28485.000000  268
28487.000000  268
28489.000000  269
28491.000000  270
28493.000000  271
28495.000000  272
28497.000000  273
28499.000000  274
28501.000000  275
28503.000000  276
28505.000000  277
28507.000000  278
28509.000000  279
28511.000000  280
28513.000000  281
28515.000000  282
28517.000000  283
28519.000000  284
28521.000000  285
28523.000000  286
28525.000000  287
28527.000000  288
28529.000000  288
28531.000000  290
28533.000000  290
28535.000000  291
28537.000000  292
28539.000000  293
28541.000000  294
28543.000000  295
28545.000000  296
28547.000000  297
28549.000000  298
28551.000000  299
28553.000000  300
28555.000000  301
28557.000000  302
28559.000000  303
28561.000000  304
28563.000000  305
28565.000000  306
28567.000000  307
28569.000000  308
28571.000000  309
28573.000000  310
28575.000000  310
28577.000000  312
28579.000000  312
28581.000000  313
28583.000000  314
28585.000000  315
28587.000000  316
28589.000000  317
28591.000000  318
28593.000000  319
28595.000000  320
28597.000000  321
28599.000000  322
28601.000000  323
28603.000000  324
28605.000000  325
28607.000000  326
28609.000000  327
28611.000000  328
28613.000000  329
28615.000000  330
28617.000000  331
28619.000000  332
28621.000000  332
28623.000000  334
28625.000000  334
28627.000000  335
28629.000000  336
28631.000000  337
28633.000000  338
28635.000000  339
28637.000000  340
28639.000000  341
28641.000000  342
28643.000000  343
28645.000000  344
28647.000000  345
28649.000000  346
28651.000000  347
28653.000000  348
28655.000000  349
28657.000000  350
28659.000000  351
28661.000000  352
28663.000000  353
28665.000000  354
28667.000000  355
28669.000000  356
28671.000000  356
28673.000000  357
28675.000000  358
28677.000000  359
28679.000000  360
28681.000000  361
28683.000000  362
28685.000000  363
28687.000000  364
28689.000000  365
28691.000000  366
28693.000000  367
28695.000000  368
28697.000000  369
28699.000000  370
28701.000000  371
28703.000000  372
28705.000000  373
28707.000000  374
28709.000000  375
28711.000000  376
28713.000000  377
28715.000000  378
28717.000000  378
28719.000000  380
28721.000000  380
28723.000000  381
28725.000000  382
28727.000000  383
28729.000000  384
28731.000000  385
28733.000000  386
28735.000000  387
28737.000000  388
28739.000000  389
28741.000000  390
28743.000000  391
28745.000000  392
28747.000000  393
28749.000000  394
28751.000000  395
28753.000000  396
28755.000000  397
28757.000000  398
28759.000000  399
28761.000000  400
28763.000000  401
28765.000000  402
28767.000000  402
28769.000000  404
28771.000000  404
28773.000000  405
28775.000000  406
28777.000000  407
28779.000000  408
28781.000000  409
28783.000000  410
28785.000000  411
28787.000000  412
28789.000000  413
28791.000000  414
28793.000000  415
28795.000000  416
28797.000000  417
28799.000000  418
28801.000000  419
28803.000000  420
28805.000000  421
28807.000000  422
28809.000000  423
28811.000000  424
28813.000000  425
28815.000000  426
28817.000000  426
28819.000000  428
28821.000000  428
28823.000000  429
28825.000000  430
28827.000000  431
28829.000000  432
28831.000000  433
28833.000000  434
28835.000000  435
28837.000000  436
28839.000000  437
28841.000000  438
28843.000000  439
28845.000000  440
28847.000000  441
28849.000000  442
28851.000000  443
28853.000000  444
28855.000000  445
28857.000000  446
28859.000000  447
28861.000000  448
28863.000000  449
28865.000000  450
28867.000000  450
28869.000000  452
28871.000000  452
28873.000000  453
28875.000000  454
28877.000000  455
28879.000000  456
28881.000000  457
28883.000000  458
28885.000000  459
28887.000000  460
28889.000000  461
28891.000000  462
28893.000000  463
28895.000000  464
28897.000000  465
28899.000000  466
28901.000000  467
28903.000000  468
28905.000000  469
28907.000000  470
28909.000000  471
28911.000000  472
28913.000000  473
28915.000000  474
28917.000000  474
28919.000000  476
28921.000000  476
28923.000000  477
28925.000000  478
28927.000000  479
28929.000000  480
28931.000000  481
28933.000000  482
28935.000000  483
28937.000000  484
28939.000000  485
28941.000000  486
28943.000000  487
28945.000000  488
28947.000000  489
28949.000000  490
28951.000000  491
28953.000000  492
28955.000000  493
28957.000000  494
28959.000000  495
28961.000000  496
28963.000000  497
28965.000000  498
28967.000000  499
28969.000000  500
28971.000000  500
28973.000000  501
28975.000000  502
28977.000000  503
28979.000000  504
28981.000000  505
28983.000000  506
28985.000000  507
28987.000000  508
28989.000000  509
28991.000000  510
28993.000000  511
28995.000000  512
28997.000000  513
28999.000000  514
29001.000000  515
29003.000000  516
29005.000000  517
29007.000000  518
29009.000000  519
29011.000000  520
29013.000000  521
29015.000000  522
29017.000000  523
29019.000000  524
29021.000000  524
29023.000000  525
29025.000000  526
29027.000000  527
29029.000000  528
29031.000000  529
29033.000000  530
29035.000000  531
29037.000000  532
29039.000000  533
29041.000000  534
29043.000000  535
29045.000000  536
29047.000000  537
29049.000000  538
29051.000000  539
29053.000000  540
29055.000000  541
29057.000000  542
29059.000000  543
29061.000000  544
29063.000000  545
29065.000000  546
29067.000000  547
29069.000000  548
29071.000000  548
29073.000000  549
29075.000000  550
29077.000000  551
29079.000000  552
29081.000000  553
29083.000000  554
29085.000000  555
29087.000000  556
29089.000000  557
29091.000000  558
29093.000000  559
29095.000000  560
29097.000000  561
29099.000000  562
29101.000000  563
29103.000000  564
29105.000000  565
29107.000000  566
29109.000000  567
29111.000000  568
29113.000000  569
29115.000000  570
29117.000000  570
29119.000000  572
29121.000000  572
29123.000000  573
29125.000000  574
29127.000000  575
29129.000000  576
29131.000000  577
29133.000000  578
29135.000000  579
29137.000000  580
29139.000000  581
29141.000000  582
29143.000000  583
29145.000000  584
29147.000000  585
29149.000000  586
29151.000000  587
29153.000000  588
29155.000000  589
29157.000000  590
29159.000000  591
29161.000000  592
29163.000000  593
29165.000000  594
29167.000000  595
29169.000000  596
29171.000000  596
29173.000000  597
29175.000000  598
29177.000000  599
29179.000000  600
29181.000000  601
29183.000000  602
29185.000000  603
29187.000000  604
29189.000000  605
29191.000000  606
29193.000000  607
29195.000000  608
29197.000000  609
29199.000000  610
29201.000000  611
29203.000000  612
29205.000000  613
29207.000000  614
29209.000000  615
29211.000000  616
29213.000000  617
29215.000000  618
29217.000000  618
29219.000000  620
29221.000000  620
29223.000000  621
29225.000000  622
29227.000000  623
29229.000000  624
29231.000000  625
29233.000000  626
29235.000000  627
29237.000000  628
29239.000000  629
29241.000000  630
29243.000000  631
29245.000000  632
29247.000000  633
29249.000000  634
29251.000000  635
29253.000000  636
29255.000000  637
29257.000000  638
29259.000000  639
29261.000000  640
29263.000000  641
29265.000000  642
29267.000000  642
29269.000000  644
29271.000000  644
29273.000000  645
29275.000000  646
29277.000000  647
29279.000000  648
29281.000000  649
29283.000000  650
29285.000000  651
29287.000000  652
29289.000000  653
29291.000000  654
29293.000000  655
29295.000000  656
29297.000000  657
29299.000000  658
29301.000000  659
29303.000000  660
29305.000000  661
29307.000000  662
29309.000000  663
29311.000000  664
29313.000000  665
29315.000000  666
29317.000000  667
29319.000000  668
29321.000000  668
29323.000000  670
29325.000000  670
29327.000000  671
29329.000000  672
29331.000000  673
29333.000000  674
29335.000000  675
29337.000000  676
29339.000000  677
29341.000000  678
29343.000000  679
29345.000000  680
29347.000000  681
29349.000000  682
29351.000000  683
29353.000000  684
29355.000000  685
29357.000000  686
29359.000000  687
29361.000000  688
29363.000000  689
29365.000000  690
29367.000000  691
29369.000000  692
29371.000000  693
29373.000000  694
29375.000000  694
29377.000000  696
29379.000000  696
29381.000000  697
29383.000000  698
29385.000000  699
29387.000000  700
29389.000000  701
29391.000000  702
29393.000000  703
29395.000000  704
29397.000000  705
29399.000000  706
29401.000000  707
29403.000000  708
29405.000000  709
29407.000000  710
29409.000000  711
29411.000000  712
29413.000000  713
29415.000000  714
29417.000000  715
29419.000000  716
29421.000000  717
29423.000000  718
29425.000000  718
29427.000000  720
29429.000000  720
29431.000000  721
29433.000000  722
29435.000000  723
29437.000000  724
29439.000000  725
29441.000000  726
29443.000000  727
29445.000000  728
29447.000000  729
29449.000000  730
29451.000000  731
29453.000000  732
29455.000000  733
29457.000000  734
29459.000000  735
29461.000000  736
29463.000000  737
29465.000000  738
29467.000000  739
29469.000000  740
29471.000000  741
29473.000000  742
29475.000000  743
29477.000000  744
29479.000000  744
29481.000000  746
29483.000000  746
29485.000000  747
29487.000000  748
29489.000000  749
29491.000000  750
29493.000000  751
29495.000000  752
29497.000000  753
29499.000000  754
29501.000000  755
29503.000000  756
29505.000000  757
29507.000000  758
29509.000000  759
29511.000000  760
29513.000000  761
29515.000000  762
29517.000000  763
29519.000000  764
29521.000000  765
29523.000000  766
29525.000000  767
29527.000000  768
29529.000000  769
29531.000000  770
29533.000000  771
29535.000000  772
29537.000000  772
29539.000000  774
29541.000000  774
29543.000000  776
29545.000000  776
29547.000000  777
29549.000000  778
29551.000000  779
29553.000000  780
29555.000000  781
29557.000000  782
29559.000000  783
29561.000000  784
29563.000000  785
29565.000000  786
29567.000000  787
29569.000000  788
29571.000000  789
29573.000000  790
29575.000000  791
29577.000000  792
29579.000000  793
29581.000000  794
29583.000000  795
29585.000000  796
29587.000000  797
29589.000000  798
29591.000000  799
29593.000000  800
29595.000000  800
29597.000000  802
29599.000000  802
29601.000000  804
29603.000000  804
29605.000000  805
29607.000000  806
29609.000000  807
29611.000000  808
29613.000000  809
29615.000000  810
29617.000000  811
29619.000000  812
29621.000000  813
29623.000000  814
29625.000000  815
29627.000000  816
29629.000000  817
29631.000000  818
29633.000000  819
29635.000000  820
29637.000000  821
29639.000000  822
29641.000000  823
29643.000000  824
29645.000000  825
29647.000000  826
29649.000000  826
29651.000000  828
29653.000000  828
29655.000000  829
29657.000000  830
29659.000000  831
29661.000000  832
29663.000000  833
29665.000000  834
29667.000000  835
29669.000000  836
29671.000000  837
29673.000000  838
29675.000000  839
29677.000000  840
29679.000000  841
29681.000000  842
29683.000000  843
29685.000000  844
29687.000000  845
29689.000000  846
29691.000000  847
29693.000000  848
29695.000000  849
29697.000000  850
29699.000000  851
29701.000000  852
29703.000000  852
29705.000000  854
29707.000000  854
29709.000000  856
29711.000000  856
29713.000000  857
29715.000000  858
29717.000000  859
29719.000000  860
29721.000000  861
29723.000000  862
29725.000000  863
29727.000000  864
29729.000000  865
29731.000000  866
29733.000000  867
29735.000000  868
29737.000000  869
29739.000000  870
29741.000000  871
29743.000000  872
29745.000000  873
29747.000000  874
29749.000000  875
29751.000000  876
29753.000000  877
29755.000000  878
29757.000000  879
29759.000000  880
29761.000000  881
29763.000000  882
29765.000000  882
29767.000000  884
29769.000000  884
29771.000000  885
29773.000000  886
29775.000000  887
29777.000000  888
29779.000000  889
29781.000000  890
29783.000000  891
29785.000000  892
29787.000000  893
29789.000000  894
29791.000000  895
29793.000000  896
29795.000000  897
29797.000000  898
29799.000000  899
29801.000000  900
29803.000000  901
29805.000000  902
29807.000000  903
29809.000000  904
29811.000000  905
29813.000000  906
29815.000000  906
29817.000000  908
29819.000000  908
29821.000000  909
29823.000000  910
29825.000000  911
29827.000000  912
29829.000000  913
29831.000000  914
29833.000000  915
29835.000000  916
29837.000000  917
29839.000000  918
29841.000000  919
29843.000000  920
29845.000000  921
29847.000000  922
29849.000000  923
29851.000000  924
29853.000000  925
29855.000000  926
29857.000000  927
29859.000000  928
29861.000000  929
29863.000000  930
29865.000000  931
29867.000000  932
29869.000000  932
29871.000000  934
29873.000000  934
29875.000000  935
29877.000000  936
29879.000000  937
29881.000000  938
29883.000000  939
29885.000000  940
29887.000000  941
29889.000000  942
29891.000000  943
29893.000000  944
29895.000000  945
29897.000000  946
29899.000000  947
29901.000000  948
29903.000000  949
29905.000000  950
29907.000000  951
29909.000000  952
29911.000000  953
29913.000000  954
29915.000000  955
29917.000000  956
29919.000000  957
29921.000000  958
29923.000000  958
29925.000000  960
29927.000000  960
29929.000000  961
29931.000000  962
29933.000000  963
29935.000000  964
29937.000000  965
29939.000000  966
29941.000000  967
29943.000000  968
29945.000000  969
29947.000000  970
29949.000000  971
29951.000000  972
29953.000000  973
29955.000000  974
29957.000000  975
29959.000000  976
29961.000000  977
29963.000000  978
29965.000000  979
29967.000000  980
29969.000000  981
29971.000000  982
29973.000000  983
29975.000000  984
29977.000000  984
29979.000000  986
29981.000000  986
29983.000000  987
29985.000000  988
29987.000000  989
29989.000000  990
29991.000000  991
29993.000000  992
29995.000000  993
29997.000000  994
29999.000000  995
30001.000000  996
30003.000000  997
30005.000000  998
30007.000000  999
30009.000000  1000
30011.000000  1001
30013.000000  1002
30015.000000  1003
30017.000000  1004
30019.000000  1005
30021.000000  1006
30023.000000  1007
30025.000000  1008
30027.000000  1009
30029.000000  1010
30031.000000  1010
30033.000000  1012
30035.000000  1012
30037.000000  1014
30039.000000  1014
30041.000000  1015
30043.000000  1016
30045.000000  1017
30047.000000  1018
30049.000000  1019
30051.000000  1020
30053.000000  1021
30055.000000  1022
30057.000000  1023
30059.000000  1024
30061.000000  1025
30063.000000  1026
30065.000000  1027
30067.000000  1028
30069.000000  1029
