125.000000  34
127.000000  35
129.000000  36
131.000000  37
133.000000  38
135.000000  39
137.000000  40
139.000000  41
141.000000  42
143.000000  43
145.000000  44
147.000000  45
149.000000  46
151.000000  47
153.000000  48
155.000000  49
157.000000  50
159.000000  51
161.000000  52
163.000000  53
165.000000  54
167.000000  55
169.000000  57
171.000000  58
173.000000  59
175.000000  60
177.000000  61
179.000000  62
181.000000  63
183.000000  64
185.000000  65
187.000000  66
189.000000  67
191.000000  69
193.000000  70
195.000000  71
197.000000  72
199.000000  73
201.000000  74
203.000000  76
205.000000  77
207.000000  78
209.000000  79
211.000000  80
213.000000  81
215.000000  83
217.000000  84
219.000000  85
221.000000  86
223.000000  87
225.000000  88
227.000000  89
229.000000  91
231.000000  92
233.000000  93
235.000000  94
237.000000  95
239.000000  97
241.000000  98
243.000000  99
245.000000  100
247.000000  101
249.000000  103
251.000000  104
253.000000  105
255.000000  106
257.000000  107
259.000000  109
261.000000  110
261.000000  110
277.000000  119
279.000000  121
281.000000  122
283.000000  123
285.000000  124
287.000000  126
289.000000  127
291.000000  128
293.000000  129
295.000000  131
297.000000  132
299.000000  133
301.000000  134
303.000000  135
305.000000  137
307.000000  138
309.000000  139
311.000000  140
313.000000  141
315.000000  143
317.000000  144
319.000000  145
321.000000  146
323.000000  147
325.000000  149
327.000000  150
329.000000  151
331.000000  153
333.000000  154
335.000000  155
337.000000  156
339.000000  157
341.000000  159
343.000000  160
345.000000  161
347.000000  162
349.000000  163
351.000000  165
353.000000  166
355.000000  167
357.000000  168
359.000000  170
361.000000  171
363.000000  172
365.000000  173
367.000000  175
369.000000  176
371.000000  177
373.000000  178
375.000000  179
377.000000  181
379.000000  182
381.000000  183
383.000000  184
385.000000  186
387.000000  187
389.000000  188
391.000000  189
393.000000  191
395.000000  192
397.000000  193
399.000000  194
401.000000  196
403.000000  197
405.000000  198
407.000000  199
409.000000  201
411.000000  202
413.000000  203
415.000000  204
417.000000  205
419.000000  207
421.000000  208
423.000000  209
425.000000  210
427.000000  212
429.000000  213
431.000000  214
433.000000  215
435.000000  217
437.000000  218
439.000000  219
441.000000  220
443.000000  222
445.000000  223
447.000000  224
449.000000  225
451.000000  227
453.000000  228
455.000000  229
457.000000  230
459.000000  231
461.000000  233
463.000000  234
465.000000  235
467.000000  236
469.000000  238
471.000000  239
473.000000  240
475.000000  241
477.000000  243
479.000000  244
481.000000  245
483.000000  246
485.000000  248
487.000000  249
489.000000  250
491.000000  251
493.000000  253
495.000000  254
497.000000  255
499.000000  256
501.000000  257
503.000000  259
505.000000  260
507.000000  261
509.000000  262
511.000000  264
513.000000  265
515.000000  266
517.000000  267
519.000000  269
521.000000  270
523.000000  271
525.000000  272
527.000000  274
529.000000  275
531.000000  276
533.000000  277
535.000000  279
537.000000  280
539.000000  281
541.000000  282
543.000000  283
545.000000  285
547.000000  286
549.000000  287
551.000000  289
553.000000  290
555.000000  291
557.000000  292
559.000000  293
561.000000  295
563.000000  296
565.000000  297
567.000000  298
569.000000  300
571.000000  301
573.000000  302
575.000000  303
577.000000  305
579.000000  306
581.000000  307
583.000000  308
585.000000  309
587.000000  311
589.000000  312
591.000000  313
593.000000  315
595.000000  316
597.000000  317
599.000000  318
601.000000  319
603.000000  321
605.000000  322
607.000000  323
609.000000  324
611.000000  326
613.000000  327
615.000000  328
617.000000  329
619.000000  331
621.000000  332
623.000000  333
625.000000  334
627.000000  335
629.000000  337
631.000000  338
633.000000  339
635.000000  341
637.000000  342
639.000000  343
641.000000  344
643.000000  345
645.000000  347
647.000000  348
649.000000  349
651.000000  350
653.000000  352
655.000000  353
657.000000  354
659.000000  355
661.000000  357
663.000000  358
665.000000  359
667.000000  360
669.000000  362
671.000000  363
673.000000  364
675.000000  365
677.000000  367
679.000000  368
681.000000  369
683.000000  370
685.000000  371
687.000000  373
689.000000  374
691.000000  375
693.000000  377
695.000000  378
697.000000  379
699.000000  380
701.000000  381
703.000000  383
705.000000  384
707.000000  385
709.000000  386
711.000000  388
713.000000  389
715.000000  390
717.000000  391
719.000000  393
721.000000  394
723.000000  395
725.000000  396
727.000000  397
729.000000  399
731.000000  400
733.000000  401
735.000000  403
737.000000  404
739.000000  405
741.000000  406
743.000000  407
745.000000  409
747.000000  410
749.000000  411
751.000000  413
753.000000  414
755.000000  415
757.000000  416
759.000000  417
761.000000  419
763.000000  420
765.000000  421
767.000000  422
769.000000  423
771.000000  425
773.000000  426
775.000000  427
777.000000  429
779.000000  430
781.000000  431
783.000000  432
785.000000  433
787.000000  435
789.000000  436
791.000000  437
793.000000  439
795.000000  440
797.000000  441
799.000000  442
801.000000  443
803.000000  445
805.000000  446
807.000000  447
809.000000  448
811.000000  450
813.000000  451
815.000000  452
817.000000  453
819.000000  455
821.000000  456
823.000000  457
825.000000  458
827.000000  459
829.000000  461
831.000000  462
833.000000  463
835.000000  465
837.000000  466
839.000000  467
841.000000  468
843.000000  469
845.000000  471
847.000000  472
849.000000  473
851.000000  474
853.000000  476
855.000000  477
857.000000  478
859.000000  479
861.000000  481
863.000000  482
865.000000  483
867.000000  484
869.000000  486
871.000000  487
873.000000  488
875.000000  489
877.000000  491
879.000000  492
881.000000  493
883.000000  494
885.000000  495
887.000000  497
889.000000  498
891.000000  499
893.000000  500
895.000000  502
897.000000  503
899.000000  504
901.000000  505
903.000000  507
905.000000  508
907.000000  509
909.000000  510
911.000000  512
913.000000  513
915.000000  514
917.000000  515
919.000000  517
921.000000  518
923.000000  519
925.000000  520
927.000000  521
929.000000  523
931.000000  524
933.000000  525
935.000000  527
937.000000  528
939.000000  529
941.000000  530
943.000000  531
945.000000  533
947.000000  534
949.000000  535
951.000000  537
953.000000  538
955.000000  539
957.000000  540
959.000000  541
961.000000  543
963.000000  544
965.000000  545
967.000000  546
969.000000  547
971.000000  549
973.000000  550
975.000000  551
977.000000  553
979.000000  554
981.000000  555
983.000000  556
985.000000  558
987.000000  559
989.000000  560
991.000000  561
993.000000  563
995.000000  564
997.000000  565
999.000000  566
1001.000000  567
1003.000000  569
1005.000000  570
1007.000000  571
1009.000000  572
1011.000000  574
1013.000000  575
1015.000000  576
1017.000000  577
1019.000000  579
1021.000000  580
1023.000000  581
1025.000000  582
1027.000000  584
1029.000000  585
1031.000000  586
1033.000000  587
1035.000000  589
1037.000000  590
1039.000000  591
1041.000000  592
1043.000000  593
1045.000000  595
1047.000000  596
1049.000000  597
1051.000000  599
1053.000000  600
1055.000000  601
1057.000000  602
1059.000000  603
1061.000000  605
1063.000000  606
1065.000000  607
1067.000000  608
1069.000000  610
1071.000000  611
1073.000000  612
1075.000000  613
1077.000000  615
1079.000000  616
1081.000000  617
1083.000000  618
1085.000000  619
1087.000000  621
1089.000000  622
1091.000000  623
1093.000000  625
1095.000000  626
1097.000000  627
1099.000000  628
1101.000000  630
1103.000000  631
1105.000000  632
1107.000000  633
1109.000000  635
1111.000000  636
1113.000000  637
1115.000000  638
1117.000000  639
1119.000000  641
1121.000000  642
1123.000000  643
1125.000000  644
1127.000000  646
1129.000000  647
1131.000000  648
1133.000000  649
1135.000000  651
1137.000000  652
1139.000000  653
1141.000000  654
1143.000000  656
1145.000000  657
1147.000000  658
1149.000000  659
1151.000000  661
1153.000000  662
1155.000000  663
1157.000000  664
1159.000000  665
1161.000000  667
1163.000000  668
1165.000000  669
1167.000000  670
1169.000000  672
1171.000000  673
1173.000000  674
1175.000000  675
1177.000000  677
1179.000000  678
1181.000000  679
1183.000000  680
1185.000000  682
1187.000000  683
1189.000000  684
1191.000000  685
1193.000000  687
1195.000000  688
1197.000000  689
1199.000000  690
1201.000000  691
1203.000000  693
1205.000000  694
1207.000000  695
1209.000000  697
1211.000000  698
1213.000000  699
1215.000000  700
1217.000000  701
1219.000000  703
1221.000000  704
1223.000000  705
1225.000000  706
1227.000000  708
1229.000000  709
1231.000000  710
1233.000000  711
1235.000000  713
1237.000000  714
1239.000000  715
1241.000000  716
1243.000000  717
1245.000000  719
1247.000000  720
1249.000000  721
1251.000000  723
1253.000000  724
1255.000000  725
1257.000000  726
1259.000000  727
1261.000000  729
1263.000000  730
1265.000000  731
1267.000000  733
1269.000000  734
1271.000000  735
1273.000000  736
1275.000000  737
1277.000000  739
1279.000000  740
1281.000000  741
1283.000000  742
1285.000000  744
1287.000000  745
1289.000000  746
1291.000000  747
1293.000000  749
1295.000000  750
1297.000000  751
1299.000000  752
1301.000000  754
1303.000000  755
1305.000000  756
1307.000000  757
1309.000000  759
1311.000000  760
1313.000000  761
1315.000000  762
1317.000000  763
1319.000000  765
1321.000000  766
1323.000000  767
1325.000000  768
1327.000000  770
1329.000000  771
1331.000000  772
1333.000000  773
1335.000000  775
1337.000000  776
1339.000000  777
1341.000000  778
1343.000000  780
1345.000000  781
1347.000000  782
1349.000000  783
1351.000000  785
1353.000000  786
1355.000000  787
1357.000000  788
1359.000000  789
1361.000000  791
1363.000000  792
1365.000000  793
1367.000000  795
1369.000000  796
1371.000000  797
1373.000000  798
1375.000000  799
1377.000000  801
1379.000000  802
1381.000000  803
1383.000000  804
1385.000000  806
1387.000000  807
1389.000000  808
1391.000000  809
1393.000000  811
1395.000000  812
1397.000000  813
1399.000000  814
1401.000000  816
1403.000000  817
1405.000000  818
1407.000000  819
1409.000000  821
1411.000000  822
1413.000000  823
1415.000000  824
1417.000000  825
1419.000000  827
1421.000000  828
1423.000000  829
1425.000000  830
1427.000000  832
1429.000000  833
1431.000000  834
1433.000000  835
1435.000000  837
1437.000000  838
1439.000000  839
1441.000000  840
1443.000000  842
1445.000000  843
1447.000000  844
1449.000000  845
1451.000000  847
1453.000000  848
1455.000000  849
1457.000000  850
1459.000000  851
1461.000000  853
1463.000000  854
1465.000000  855
1467.000000  857
1469.000000  858
1471.000000  859
1473.000000  860
1475.000000  861
1477.000000  863
1479.000000  864
1481.000000  865
1483.000000  867
1485.000000  868
1487.000000  869
1489.000000  870
1491.000000  871
1493.000000  873
1495.000000  874
1497.000000  875
1499.000000  876
1501.000000  878
1503.000000  879
1505.000000  880
1507.000000  881
1509.000000  883
1511.000000  884
1513.000000  885
1515.000000  886
1517.000000  887
1519.000000  889
1521.000000  890
1523.000000  891
1525.000000  893
1527.000000  894
1529.000000  895
1531.000000  896
1533.000000  897
1535.000000  899
1537.000000  900
1539.000000  901
1541.000000  902
1543.000000  904
1545.000000  905
1547.000000  906
1549.000000  907
1551.000000  909
1553.000000  910
1555.000000  911
1557.000000  912
1559.000000  914
1561.000000  915
1563.000000  916
1565.000000  917
1567.000000  919
1569.000000  920
1571.000000  921
1573.000000  922
1575.000000  923
1577.000000  925
1579.000000  926
1581.000000  927
1583.000000  928
1585.000000  930
1587.000000  931
1589.000000  932
1591.000000  933
1593.000000  935
1595.000000  936
1597.000000  937
1599.000000  938
1601.000000  940
1603.000000  941
1605.000000  942
1607.000000  943
1609.000000  945
1611.000000  946
1613.000000  947
1615.000000  948
1617.000000  949
1619.000000  951
1621.000000  952
1623.000000  953
1625.000000  955
1627.000000  956
1629.000000  957
1631.000000  958
1633.000000  959
1635.000000  961
1637.000000  962
1639.000000  963
1641.000000  965
1643.000000  966
1645.000000  967
1647.000000  968
1649.000000  969
1651.000000  971
1653.000000  972
1655.000000  973
1657.000000  974
1659.000000  975
1661.000000  977
1663.000000  978
1665.000000  979
1667.000000  981
1669.000000  982
1671.000000  983
1673.000000  984
1675.000000  985
1677.000000  987
1679.000000  988
1681.000000  989
1683.000000  991
1685.000000  992
1687.000000  993
1689.000000  994
1691.000000  995
1693.000000  997
1695.000000  998
1697.000000  999
1699.000000  1000
1701.000000  1002
1703.000000  1003
1705.000000  1004
1707.000000  1005
1709.000000  1007
1711.000000  1008
1713.000000  1009
1715.000000  1010
1717.000000  1012
1719.000000  1013
1721.000000  1014
1723.000000  1015
1725.000000  1017
1727.000000  1018
1729.000000  1019
1731.000000  1020
1733.000000  1021
1735.000000  1023
1737.000000  1024
1739.000000  1025
1741.000000  1027
1743.000000  1028
1745.000000  1029
1747.000000  1030
1749.000000  1031
1751.000000  1033
1753.000000  1034
1755.000000  1035
1757.000000  1037
1759.000000  1038
1761.000000  1039
1763.000000  1040
1765.000000  1041
1767.000000  1043
1769.000000  1044
1771.000000  1045
1773.000000  1046
1775.000000  1048
1777.000000  1049
1779.000000  1050
1781.000000  1051
1783.000000  1053
1785.000000  1054
1787.000000  1055
1789.000000  1056
1791.000000  1057
1793.000000  1059
1795.000000  1060
1797.000000  1061
1799.000000  1063
1801.000000  1064
1803.000000  1065
1805.000000  1066
1807.000000  1067
1809.000000  1069
1811.000000  1070
1813.000000  1071
1815.000000  1072
1817.000000  1074
1819.000000  1075
1821.000000  1076
1823.000000  1077
1825.000000  1079
1827.000000  1080
1829.000000  1081
1831.000000  1082
1833.000000  1084
1835.000000  1085
1837.000000  1086
1839.000000  1087
1841.000000  1089
1843.000000  1090
1845.000000  1091
1847.000000  1092
1849.000000  1093
1851.000000  1095
1853.000000  1096
1855.000000  1097
1857.000000  1099
1859.000000  1100
1861.000000  1101
1863.000000  1102
1865.000000  1103
1867.000000  1105
1869.000000  1106
1871.000000  1107
1873.000000  1109
1875.000000  1110
1877.000000  1111
1879.000000  1112
1881.000000  1113
1883.000000  1115
1885.000000  1116
1887.000000  1117
1889.000000  1118
1891.000000  1119
1893.000000  1121
1895.000000  1122
1897.000000  1123
1899.000000  1125
1901.000000  1126
1903.000000  1127
1905.000000  1128
1907.000000  1129
1909.000000  1131
1911.000000  1132
1913.000000  1133
1915.000000  1135
1917.000000  1136
1919.000000  1137
1921.000000  1138
1923.000000  1139
1925.000000  1141
1927.000000  1142
1929.000000  1143
1931.000000  1144
1933.000000  1146
1935.000000  1147
1937.000000  1148
1939.000000  1149
1941.000000  1151
1943.000000  1152
1945.000000  1153
1947.000000  1154
1949.000000  1155
1951.000000  1157
1953.000000  1158
1955.000000  1159
1957.000000  1161
1959.000000  1162
1961.000000  1163
1963.000000  1164
1965.000000  1165
1967.000000  1167
1969.000000  1168
1971.000000  1169
1973.000000  1170
1975.000000  1172
1977.000000  1173
1979.000000  1174
1981.000000  1175
1983.000000  1177
1985.000000  1178
1987.000000  1179
1989.000000  1180
1991.000000  1182
1993.000000  1183
1995.000000  1184
1997.000000  1185
1999.000000  1187
2001.000000  1188
2003.000000  1189
2005.000000  1190
2007.000000  1191
2009.000000  1193
2011.000000  1194
2013.000000  1195
2015.000000  1196
2017.000000  1198
2019.000000  1199
2021.000000  1200
2023.000000  1201
2025.000000  1203
2027.000000  1204
2029.000000  1205
2031.000000  1207
2033.000000  1208
2035.000000  1209
2037.000000  1210
2039.000000  1211
2041.000000  1213
2043.000000  1214
2045.000000  1215
2047.000000  1216
2049.000000  1217
2051.000000  1219
2053.000000  1220
2055.000000  1221
2057.000000  1223
2059.000000  1224
2061.000000  1225
2063.000000  1226
2065.000000  1227
2067.000000  1229
2069.000000  1230
2071.000000  1231
2073.000000  1233
2075.000000  1234
2077.000000  1235
2079.000000  1236
2081.000000  1237
2083.000000  1239
2085.000000  1240
2087.000000  1241
2089.000000  1242
2091.000000  1244
2093.000000  1245
2095.000000  1246
2097.000000  1247
2099.000000  1249
2101.000000  1250
2103.000000  1251
2105.000000  1252
2107.000000  1253
2109.000000  1255
2111.000000  1256
2113.000000  1257
2115.000000  1259
2117.000000  1260
2119.000000  1261
2121.000000  1262
