27918.000000  19 30
28014.000000  43 30
28068.000000  57 30
28136.000000  75 30
28178.000000  87 30
28226.000000  99 30
28302.000000  119 30
28354.000000  133 30
28394.000000  144 30
28452.000000  159 30
28506.000000  173 30
28558.000000  187 30
28560.000000  188 30
28612.000000  201 30
28636.000000  208 30
28636.000000  208 30
28652.000000  212 30
28782.000000  247 30
28800.000000  251 30
28828.000000  259 30
28908.000000  280 30
28920.000000  283 30
28936.000000  287 30
28984.000000  300 30
29018.000000  309 30
29032.000000  313 30
29094.000000  329 30
29132.000000  339 30
29134.000000  340 30
29164.000000  348 30
29178.000000  351 30
29188.000000  354 30
29214.000000  361 30
29244.000000  369 30
29268.000000  375 30
29300.000000  384 30
29336.000000  393 30
29388.000000  407 30
29388.000000  407 30
29440.000000  421 30
29464.000000  427 30
29484.000000  433 30
29504.000000  438 30
29512.000000  440 30
29538.000000  447 30
29540.000000  447 30
29556.000000  452 30
29572.000000  456 30
29664.000000  480 30
29664.000000  480 30
29722.000000  495 30
29756.000000  505 30
29832.000000  525 30
29962.000000  559 30
29996.000000  568 30
30090.000000  593 30
30214.000000  626 30
30214.000000  626 30
30320.000000  654 30
30728.000000  762 30
30730.000000  763 30
30746.000000  767 30
30812.000000  785 30
30836.000000  791 30
30836.000000  791 30
30862.000000  798 30
30912.000000  811 30
30968.000000  826 30
31002.000000  835 30
31036.000000  844 30
31064.000000  851 30
31066.000000  852 30
31094.000000  859 30
31148.000000  873 30
31170.000000  879 30
31170.000000  879 30
31240.000000  898 30
31242.000000  898 30
31276.000000  907 30
31304.000000  915 30
31306.000000  915 30
31368.000000  932 30
31384.000000  936 30
31398.000000  939 30
31418.000000  945 30
31484.000000  962 30
31500.000000  967 30
31514.000000  970 30
31530.000000  975 30
31544.000000  978 30
31562.000000  983 30
31608.000000  995 30
31608.000000  995 30
31626.000000  1000 30
31648.000000  1006 30
31660.000000  1009 30
31680.000000  1014 30
31748.000000  1032 30
31748.000000  1032 30
31778.000000  1040 30
31790.000000  1043 30
31816.000000  1050 30
31850.000000  1059 30
31902.000000  1073 30
31956.000000  1087 30
31986.000000  1095 30
32002.000000  1099 30
32022.000000  1105 30
32038.000000  1109 30
32118.000000  1130 30
32134.000000  1135 30
32148.000000  1138 30
32150.000000  1139 30
32194.000000  1151 30
32196.000000  1151 30
32206.000000  1154 30
32236.000000  1162 30
32236.000000  1162 30
32270.000000  1171 30
32290.000000  1176 30
32290.000000  1176 30
32324.000000  1185 30
32348.000000  1191 30
32380.000000  1199 30
32436.000000  1215 30
32438.000000  1215 30
32460.000000  1221 30
32500.000000  1231 30
32554.000000  1246 30
32584.000000  1254 30
32586.000000  1254 30
32634.000000  1267 30
32668.000000  1276 30
32686.000000  1281 30
32730.000000  1292 30
32732.000000  1293 30
32742.000000  1295 30
32778.000000  1305 30
32782.000000  1306 30
32822.000000  1317 30
32852.000000  1325 30
32878.000000  1332 30
32892.000000  1335 30
32954.000000  1352 30
32956.000000  1352 30
32978.000000  1358 30
33122.000000  1396 30
33124.000000  1397 30
33144.000000  1402 30
33176.000000  1410 30
33200.000000  1417 30
33214.000000  1421 30
33248.000000  1429 30
33268.000000  1435 30
33284.000000  1439 30
33308.000000  1445 30
33350.000000  1456 30
33384.000000  1465 30
33410.000000  1472 30
33424.000000  1476 30
33424.000000  1476 30
33448.000000  1482 30
33468.000000  1488 30
33516.000000  1500 30
33574.000000  1516 30
33604.000000  1524 30
33606.000000  1524 30
33632.000000  1531 30
33686.000000  1545 30
33740.000000  1559 30
33764.000000  1566 30
33776.000000  1569 30
33800.000000  1575 30
33832.000000  1584 30
33834.000000  1585 30
33856.000000  1590 30
33856.000000  1590 30
33890.000000  1599 30
33920.000000  1607 30
33920.000000  1607 30
33978.000000  1623 30
34012.000000  1632 30
34022.000000  1634 30
34022.000000  1634 30
34050.000000  1641 30
34070.000000  1647 30
34110.000000  1657 30
34154.000000  1669 30
34182.000000  1677 30
34236.000000  1691 30
34272.000000  1701 30
34274.000000  1701 30
34326.000000  1715 30
34328.000000  1715 30
34378.000000  1728 30
34380.000000  1729 30
34404.000000  1735 30
34418.000000  1739 30
34448.000000  1747 30
34448.000000  1747 30
34474.000000  1754 30
34506.000000  1762 30
34534.000000  1770 30
34552.000000  1775 30
34578.000000  1781 30
34592.000000  1785 30
34618.000000  1792 30
34634.000000  1796 30
34656.000000  1802 30
34682.000000  1809 30
34706.000000  1815 30
34738.000000  1824 30
34760.000000  1829 30
34798.000000  1840 30
34818.000000  1845 30
34836.000000  1850 30
34836.000000  1850 30
34852.000000  1854 30
34886.000000  1863 30
34910.000000  1869 30
34926.000000  1873 30
34954.000000  1881 30
35008.000000  1895 30
35032.000000  1901 30
35046.000000  1905 30
35058.000000  1908 30
35082.000000  1915 30
35098.000000  1919 30
35130.000000  1927 30
35182.000000  1941 30
35234.000000  1955 30
35234.000000  1955 30
35288.000000  1969 30
35332.000000  1981 30
35410.000000  2001 30
35412.000000  2002 30
35486.000000  2021 30
35522.000000  2031 30
35544.000000  2037 30
35604.000000  2053 30
35606.000000  2053 30
35666.000000  2069 30
35668.000000  2070 30
35720.000000  2083 30
35732.000000  2087 30
35806.000000  2106 30
35860.000000  2121 30
35860.000000  2121 30
35916.000000  2135 30
35994.000000  2156 30
36016.000000  2162 30
36066.000000  2175 30
36090.000000  2181 30
36126.000000  2191 30
36160.000000  2200 30
36186.000000  2207 30
36244.000000  2222 30
36310.000000  2240 30
36388.000000  2260 30
36402.000000  2264 30
36456.000000  2278 30
36472.000000  2282 30
36506.000000  2291 30
36520.000000  2295 30
36546.000000  2302 30
36592.000000  2314 30
36612.000000  2320 30
36642.000000  2327 30
36666.000000  2334 30
36704.000000  2344 30
36722.000000  2349 30
36754.000000  2357 30
36822.000000  2375 30
36824.000000  2375 30
36852.000000  2383 30
36878.000000  2390 30
36890.000000  2393 30
36944.000000  2407 30
36968.000000  2414 30
36978.000000  2416 30
37034.000000  2431 30
37090.000000  2446 30
37106.000000  2450 30
37184.000000  2471 30
37186.000000  2471 30
37202.000000  2475 30
37218.000000  2480 30
37254.000000  2489 30
37290.000000  2499 30
37304.000000  2503 30
37322.000000  2507 30
37372.000000  2521 30
37396.000000  2527 30
37396.000000  2527 30
37436.000000  2537 30
37438.000000  2538 30
37468.000000  2546 30
37526.000000  2561 30
37532.000000  2563 30
37568.000000  2572 30
37570.000000  2573 30
37596.000000  2580 30
37598.000000  2580 30
37624.000000  2587 30
37656.000000  2595 30
37692.000000  2605 30
37720.000000  2613 30
37720.000000  2613 30
37720.000000  2613 30
37744.000000  2619 30
37758.000000  2622 30
37794.000000  2632 30
37832.000000  2642 30
37852.000000  2647 30
37866.000000  2651 30
37896.000000  2659 30
37898.000000  2659 30
37946.000000  2672 30
37974.000000  2680 30
38054.000000  2701 30
38062.000000  2703 30
38096.000000  2712 30
38128.000000  2720 30
38128.000000  2720 30
38166.000000  2730 30
38168.000000  2731 30
38196.000000  2738 30
38280.000000  2761 30
38280.000000  2761 30
38338.000000  2776 30
38424.000000  2799 30
38538.000000  2829 30
38556.000000  2833 30
38602.000000  2846 30
38632.000000  2854 30
38654.000000  2859 30
38674.000000  2865 30
38688.000000  2869 30
38688.000000  2869 30
38724.000000  2878 30
38748.000000  2884 30
38780.000000  2893 30
38804.000000  2899 30
38818.000000  2903 30
38858.000000  2913 30
38882.000000  2920 30
38890.000000  2922 30
38904.000000  2925 30
38932.000000  2933 30
38964.000000  2941 30
38988.000000  2948 30
39020.000000  2956 30
39038.000000  2961 30
39054.000000  2965 30
39068.000000  2969 30
39114.000000  2981 30
39170.000000  2996 30
39188.000000  3000 30
39236.000000  3013 30
39274.000000  3023 30
39276.000000  3024 30
39284.000000  3026 30
39284.000000  3026 30
39304.000000  3031 30
39376.000000  3050 30
39436.000000  3066 30
39468.000000  3075 30
39468.000000  3075 30
39498.000000  3082 30
39500.000000  3083 30
39528.000000  3090 30
39528.000000  3090 30
39528.000000  3090 30
39556.000000  3098 30
39558.000000  3098 30
39588.000000  3106 30
39616.000000  3114 30
39618.000000  3114 30
39646.000000  3122 30
39672.000000  3129 30
39702.000000  3137 30
39748.000000  3149 30
39764.000000  3153 30
39784.000000  3158 30
39852.000000  3176 30
39870.000000  3181 30
39872.000000  3181 30
39926.000000  3195 30
39950.000000  3202 30
39970.000000  3207 30
39972.000000  3208 30
40004.000000  3216 30
40032.000000  3224 30
40066.000000  3233 30
40088.000000  3239 30
40098.000000  3241 30
40128.000000  3249 30
40128.000000  3249 30
40154.000000  3256 30
40168.000000  3260 30
40202.000000  3269 30
40204.000000  3269 30
40224.000000  3274 30
40234.000000  3277 30
40266.000000  3285 30
40318.000000  3299 30
40346.000000  3307 30
40346.000000  3307 30
40360.000000  3311 30
40360.000000  3311 30
40376.000000  3315 30
40408.000000  3323 30
40418.000000  3326 30
40428.000000  3328 30
40452.000000  3335 30
40466.000000  3338 30
40484.000000  3343 30
40512.000000  3351 30
40542.000000  3358 30
40570.000000  3366 30
40602.000000  3374 30
40616.000000  3378 30
40644.000000  3385 30
40646.000000  3386 30
40678.000000  3395 30
40678.000000  3395 30
40678.000000  3395 30
40706.000000  3402 30
40708.000000  3403 30
40736.000000  3410 30
40764.000000  3417 30
40798.000000  3426 30
40822.000000  3432 30
40830.000000  3435 30
40830.000000  3435 30
40854.000000  3441 30
40856.000000  3441 30
40880.000000  3448 30
40888.000000  3450 30
41052.000000  3493 30
41064.000000  3497 30
41086.000000  3502 30
41088.000000  3503 30
41134.000000  3515 30
41190.000000  3530 30
41190.000000  3530 30
41208.000000  3534 30
41236.000000  3542 30
41276.000000  3553 30
41302.000000  3559 30
41368.000000  3577 30
41402.000000  3586 30
41432.000000  3594 30
41444.000000  3597 30
41476.000000  3605 30
41532.000000  3620 30
41534.000000  3621 30
41562.000000  3628 30
41580.000000  3633 30
41588.000000  3635 30
41606.000000  3640 30
41606.000000  3640 30
41640.000000  3649 30
41642.000000  3649 30
41664.000000  3655 30
41680.000000  3659 30
41718.000000  3669 30
41720.000000  3670 30
41740.000000  3675 30
41746.000000  3677 30
41746.000000  3677 30
41780.000000  3686 30
41790.000000  3689 30
41804.000000  3692 30
41834.000000  3700 30
41848.000000  3704 30
41868.000000  3709 30
41940.000000  3728 30
41948.000000  3730 30
41962.000000  3734 30
42038.000000  3754 30
42096.000000  3769 30
42152.000000  3784 30
42166.000000  3788 30
42238.000000  3807 30
42264.000000  3814 30
42310.000000  3826 30
42310.000000  3826 30
42310.000000  3826 30
42310.000000  3826 30
42374.000000  3843 30
42382.000000  3845 30
42400.000000  3850 30
42432.000000  3858 30
42450.000000  3863 30
42470.000000  3868 30
42494.000000  3875 30
42508.000000  3878 30
42526.000000  3883 30
42528.000000  3883 30
42558.000000  3891 30
42558.000000  3891 30
42558.000000  3891 30
42558.000000  3891 30
42558.000000  3891 30
42644.000000  3914 30
42646.000000  3915 30
42674.000000  3922 30
42696.000000  3928 30
42696.000000  3928 30
42708.000000  3931 30
42738.000000  3939 30
42738.000000  3939 30
42768.000000  3947 30
42776.000000  3949 30
42790.000000  3953 30
42812.000000  3959 30
42822.000000  3961 30
42856.000000  3970 30
42878.000000  3976 30
42886.000000  3978 30
42900.000000  3982 30
42900.000000  3982 30
42932.000000  3990 30
42958.000000  3997 30
44092.000000  4297 30
44122.000000  4305 30
44124.000000  4306 30
44144.000000  4311 30
44204.000000  4327 30
44280.000000  4347 30
44302.000000  4353 30
44320.000000  4357 30
44390.000000  4376 30
44390.000000  4376 30
44424.000000  4385 30
44450.000000  4392 30
44482.000000  4400 30
44504.000000  4406 30
44570.000000  4423 30
44606.000000  4433 30
44660.000000  4447 30
44662.000000  4448 30
44704.000000  4459 30
44716.000000  4462 30
44742.000000  4469 30
44756.000000  4473 30
44780.000000  4479 30
44794.000000  4483 30
44812.000000  4487 30
44812.000000  4487 30
44830.000000  4492 30
44860.000000  4500 30
44874.000000  4504 30
44894.000000  4509 30
44916.000000  4515 30
44984.000000  4533 30
45024.000000  4543 30
45044.000000  4549 30
45064.000000  4554 30
45084.000000  4559 30
45148.000000  4577 30
45182.000000  4585 30
45204.000000  4591 30
45238.000000  4600 30
45292.000000  4614 30
45314.000000  4620 30
45374.000000  4636 30
45376.000000  4637 30
45386.000000  4639 30
45422.000000  4649 30
45458.000000  4658 30
45482.000000  4665 30
45516.000000  4674 30
45564.000000  4686 30
45596.000000  4695 30
45626.000000  4703 30
45654.000000  4710 30
45702.000000  4723 30
45726.000000  4729 30
45780.000000  4744 30
45814.000000  4753 30
45836.000000  4758 30
45836.000000  4758 30
45870.000000  4767 30
45944.000000  4787 30
45980.000000  4796 30
46034.000000  4811 30
46078.000000  4822 30
46094.000000  4826 30
46120.000000  4833 30
46138.000000  4838 30
46170.000000  4847 30
46198.000000  4854 30
46230.000000  4863 30
46246.000000  4867 30
46282.000000  4876 30
46332.000000  4889 30
46394.000000  4906 30
46396.000000  4906 30
46420.000000  4913 30
46452.000000  4921 30
46504.000000  4935 30
46504.000000  4935 30
46530.000000  4942 30
46562.000000  4950 30
46590.000000  4958 30
46602.000000  4961 30
46618.000000  4965 30
46648.000000  4973 30
46650.000000  4973 30
46654.000000  4974 30
46654.000000  4974 30
46706.000000  4988 30
46706.000000  4988 30
46740.000000  4997 30
46750.000000  5000 30
46768.000000  5005 30
46794.000000  5012 30
46838.000000  5023 30
46840.000000  5024 30
46846.000000  5025 30
46874.000000  5033 30
46894.000000  5038 30
46908.000000  5042 30
46936.000000  5049 30
46950.000000  5053 30
46950.000000  5053 30
46976.000000  5060 30
46978.000000  5060 30
47002.000000  5066 30
47078.000000  5087 30
47096.000000  5091 30
47124.000000  5099 30
47156.000000  5107 30
47180.000000  5114 30
47192.000000  5117 30
47216.000000  5123 30
47216.000000  5123 30
47248.000000  5132 30
47248.000000  5132 30
47302.000000  5146 30
47354.000000  5159 30
47370.000000  5164 30
47386.000000  5168 30
47408.000000  5174 30
47426.000000  5179 30
47426.000000  5179 30
47488.000000  5195 30
47522.000000  5204 30
47534.000000  5207 30
47550.000000  5211 30
47564.000000  5215 30
47580.000000  5219 30
47590.000000  5222 30
47608.000000  5227 30
47624.000000  5231 30
47642.000000  5236 30
47642.000000  5236 30
47676.000000  5245 30
47730.000000  5259 30
47732.000000  5259 30
47752.000000  5265 30
47752.000000  5265 30
47786.000000  5274 30
47808.000000  5280 30
47818.000000  5282 30
47832.000000  5286 30
47860.000000  5293 30
47862.000000  5294 30
47894.000000  5302 30
47896.000000  5303 30
47916.000000  5308 30
47930.000000  5312 30
47980.000000  5325 30
48002.000000  5331 30
48054.000000  5345 30
48142.000000  5368 30
48144.000000  5369 30
48164.000000  5374 30
48212.000000  5387 30
48254.000000  5398 30
48286.000000  5406 30
48322.000000  5415 30
48348.000000  5422 30
48350.000000  5423 30
48384.000000  5432 30
48386.000000  5432 30
48406.000000  5438 30
48416.000000  5440 30
48430.000000  5444 30
48454.000000  5450 30
48488.000000  5459 30
48488.000000  5459 30
48512.000000  5466 30
48526.000000  5469 30
48554.000000  5477 30
48564.000000  5479 30
48584.000000  5485 30
48628.000000  5496 30
48630.000000  5497 30
48646.000000  5501 30
48658.000000  5504 30
48676.000000  5509 30
48694.000000  5514 30
48708.000000  5517 30
48728.000000  5523 30
48744.000000  5527 30
48760.000000  5531 30
48774.000000  5535 30
48790.000000  5539 30
48804.000000  5543 30
48822.000000  5548 30
48838.000000  5552 30
48858.000000  5557 30
48874.000000  5561 30
48890.000000  5566 30
48900.000000  5568 30
48916.000000  5573 30
48928.000000  5576 30
48962.000000  5585 30
48964.000000  5585 30
49014.000000  5598 30
49036.000000  5604 30
49036.000000  5604 30
49050.000000  5608 30
49074.000000  5614 30
49130.000000  5629 30
49162.000000  5637 30
49190.000000  5645 30
49192.000000  5645 30
49224.000000  5654 30
49250.000000  5661 30
49264.000000  5665 30
49286.000000  5670 30
49286.000000  5670 30
49306.000000  5676 30
49306.000000  5676 30
49322.000000  5680 30
49420.000000  5706 30
49484.000000  5723 30
49528.000000  5734 30
49550.000000  5740 30
49596.000000  5752 30
49598.000000  5753 30
49618.000000  5758 30
49652.000000  5767 30
49654.000000  5768 30
49674.000000  5773 30
49708.000000  5782 30
49710.000000  5782 30
49738.000000  5790 30
49750.000000  5793 30
49762.000000  5796 30
49784.000000  5802 30
49794.000000  5805 30
49828.000000  5813 30
49914.000000  5836 30
49964.000000  5850 30
49976.000000  5853 30
50002.000000  5859 30
50034.000000  5868 30
50080.000000  5880 30
50096.000000  5884 30
50164.000000  5902 30
50186.000000  5908 30
50194.000000  5910 30
50196.000000  5911 30
50218.000000  5917 30
50244.000000  5924 30
50272.000000  5931 30
50274.000000  5931 30
50302.000000  5939 30
50332.000000  5947 30
50338.000000  5948 30
50342.000000  5949 30
50366.000000  5956 30
50398.000000  5964 30
50428.000000  5972 30
50430.000000  5973 30
50432.000000  5973 30
50442.000000  5976 30
50474.000000  5984 30
50474.000000  5984 30
50500.000000  5991 30
50512.000000  5994 30
50536.000000  6001 30
50552.000000  6005 30
50572.000000  6010 30
50590.000000  6015 30
50604.000000  6019 30
50622.000000  6023 30
50670.000000  6036 30
50680.000000  6039 30
50706.000000  6046 30
50708.000000  6046 30
50720.000000  6049 30
50738.000000  6054 30
50774.000000  6063 30
50810.000000  6073 30
50824.000000  6077 30
50844.000000  6082 30
50876.000000  6091 30
50904.000000  6098 30
50962.000000  6113 30
51018.000000  6128 30
51032.000000  6132 30
51056.000000  6138 30
51114.000000  6153 30
51116.000000  6154 30
51128.000000  6157 30
51154.000000  6164 30
51156.000000  6165 30
51170.000000  6168 30
51192.000000  6174 30
51194.000000  6175 30
51214.000000  6180 30
51232.000000  6185 30
51258.000000  6192 30
51304.000000  6204 30
51306.000000  6204 30
51356.000000  6217 30
51356.000000  6217 30
51386.000000  6225 30
51414.000000  6233 30
51414.000000  6233 30
51448.000000  6242 30
51472.000000  6248 30
51492.000000  6253 30
51546.000000  6268 30
51570.000000  6274 30
51602.000000  6283 30
51632.000000  6291 30
51690.000000  6306 30
51692.000000  6306 30
51698.000000  6308 30
51734.000000  6317 30
51736.000000  6318 30
51760.000000  6324 30
51768.000000  6326 30
51788.000000  6332 30
51838.000000  6345 30
51854.000000  6349 30
51886.000000  6358 30
51888.000000  6358 30
51902.000000  6362 30
51930.000000  6369 30
51964.000000  6378 30
51966.000000  6379 30
51994.000000  6386 30
51996.000000  6387 30
52002.000000  6388 30
52022.000000  6394 30
52058.000000  6403 30
52068.000000  6406 30
52098.000000  6413 30
52116.000000  6418 30
52132.000000  6423 30
52146.000000  6426 30
52148.000000  6427 30
52202.000000  6441 30
52296.000000  6466 30
52326.000000  6474 30
52328.000000  6475 30
52354.000000  6481 30
52386.000000  6490 30
52404.000000  6495 30
52414.000000  6497 30
52436.000000  6503 30
52444.000000  6505 30
52478.000000  6514 30
52520.000000  6525 30
52570.000000  6538 30
52606.000000  6548 30
52654.000000  6561 30
52740.000000  6583 30
52740.000000  6583 30
52740.000000  6583 30
52740.000000  6583 30
52816.000000  6603 30
52850.000000  6612 30
52874.000000  6619 30
52930.000000  6634 30
52944.000000  6637 30
52976.000000  6646 30
53030.000000  6660 30
53062.000000  6669 30
53104.000000  6679 30
53104.000000  6679 30
53104.000000  6679 30
53130.000000  6686 30
53160.000000  6694 30
53194.000000  6703 30
53206.000000  6706 30
53262.000000  6721 30
53310.000000  6734 30
53350.000000  6745 30
53350.000000  6745 30
53372.000000  6750 30
53400.000000  6758 30
53436.000000  6767 30
53490.000000  6781 30
53524.000000  6791 30
53560.000000  6800 30
53562.000000  6801 30
53612.000000  6814 30
53642.000000  6822 30
53644.000000  6822 30
53648.000000  6823 30
53668.000000  6829 30
53692.000000  6835 30
53694.000000  6836 30
53720.000000  6842 30
53722.000000  6843 30
53740.000000  6848 30
53750.000000  6850 30
53750.000000  6850 30
53750.000000  6850 30
53750.000000  6850 30
53782.000000  6859 30
53850.000000  6877 30
53886.000000  6886 30
53910.000000  6893 30
53930.000000  6898 30
53960.000000  6906 30
53980.000000  6911 30
54006.000000  6918 30
54020.000000  6922 30
54022.000000  6922 30
54046.000000  6929 30
54058.000000  6932 30
54058.000000  6932 30
54256.000000  6984 30
54258.000000  6985 30
54284.000000  6991 30
54296.000000  6995 30
54296.000000  6995 30
54354.000000  7010 30
54402.000000  7023 30
54462.000000  7038 30
54506.000000  7050 30
54552.000000  7062 30
54564.000000  7065 30
54596.000000  7074 30
54610.000000  7078 30
54686.000000  7098 30
54694.000000  7100 30
54730.000000  7109 30
54732.000000  7110 30
54752.000000  7115 30
54766.000000  7119 30
54786.000000  7124 30
54788.000000  7125 30
54850.000000  7141 30
54852.000000  7142 30
54854.000000  7142 30
54884.000000  7150 30
54938.000000  7164 30
54938.000000  7164 30
54938.000000  7164 30
55014.000000  7185 30
55072.000000  7200 30
55122.000000  7213 30
55152.000000  7221 30
55152.000000  7221 30
55186.000000  7230 30
55188.000000  7230 30
55238.000000  7244 30
55240.000000  7244 30
55286.000000  7256 30
55308.000000  7262 30
55426.000000  7293 30
55428.000000  7294 30
55480.000000  7308 30
55510.000000  7315 30
55566.000000  7330 30
55580.000000  7334 30
55618.000000  7344 30
55620.000000  7345 30
55648.000000  7352 30
55674.000000  7359 30
55722.000000  7372 30
55722.000000  7372 30
55730.000000  7374 30
55744.000000  7377 30
55760.000000  7382 30
55798.000000  7392 30
55800.000000  7392 30
55892.000000  7417 30
55912.000000  7422 30
55964.000000  7436 30
56026.000000  7452 30
56082.000000  7467 30
56084.000000  7467 30
56118.000000  7477 30
56120.000000  7477 30
56150.000000  7485 30
56152.000000  7485 30
56162.000000  7488 30
56176.000000  7491 30
56204.000000  7499 30
56206.000000  7499 30
56262.000000  7514 30
56264.000000  7515 30
56276.000000  7518 30
56306.000000  7526 30
56308.000000  7527 30
56310.000000  7527 30
56318.000000  7529 30
56378.000000  7545 30
56390.000000  7548 30
56410.000000  7554 30
56430.000000  7559 30
56444.000000  7563 30
56460.000000  7567 30
56474.000000  7571 30
56490.000000  7575 30
56504.000000  7578 30
56522.000000  7583 30
56530.000000  7585 30
56530.000000  7585 30
56560.000000  7593 30
56574.000000  7597 30
56594.000000  7602 30
56656.000000  7619 30
56658.000000  7619 30
56672.000000  7623 30
56732.000000  7639 30
56734.000000  7639 30
56784.000000  7653 30
56798.000000  7656 30
56852.000000  7670 30
56938.000000  7693 30
57014.000000  7713 30
57050.000000  7723 30
57050.000000  7723 30
57064.000000  7727 30
57108.000000  7738 30
57110.000000  7739 30
57128.000000  7743 30
57202.000000  7763 30
57272.000000  7781 30
57296.000000  7788 30
57328.000000  7796 30
57352.000000  7803 30
57384.000000  7811 30
57386.000000  7812 30
57412.000000  7819 30
57412.000000  7819 30
57412.000000  7819 30
57424.000000  7822 30
57446.000000  7827 30
57480.000000  7836 30
57502.000000  7842 30
57502.000000  7842 30
57518.000000  7846 30
57548.000000  7854 30
57584.000000  7864 30
57584.000000  7864 30
57584.000000  7864 30
57596.000000  7867 30
57598.000000  7867 30
57610.000000  7871 30
57610.000000  7871 30
57634.000000  7877 30
57634.000000  7877 30
57650.000000  7881 30
57708.000000  7897 30
57756.000000  7909 30
57834.000000  7930 30
57842.000000  7932 30
57914.000000  7951 30
57936.000000  7957 30
57938.000000  7957 30
57970.000000  7966 30
58026.000000  7981 30
58082.000000  7995 30
58084.000000  7996 30
58110.000000  8003 30
58112.000000  8003 30
58138.000000  8010 30
58168.000000  8018 30
58170.000000  8019 30
58222.000000  8032 30
58266.000000  8044 30
58266.000000  8044 30
58314.000000  8057 30
58400.000000  8080 30
58414.000000  8083 30
58430.000000  8087 30
58452.000000  8093 30
58470.000000  8098 30
58484.000000  8102 30
58494.000000  8105 30
58518.000000  8111 30
58538.000000  8116 30
58540.000000  8116 30
58568.000000  8124 30
58598.000000  8132 30
58600.000000  8132 30
58650.000000  8145 30
58686.000000  8155 30
58688.000000  8156 30
58712.000000  8162 30
58712.000000  8162 30
58724.000000  8165 30
58782.000000  8181 30
58784.000000  8181 30
58792.000000  8183 30
58818.000000  8190 30
58848.000000  8198 30
58850.000000  8199 30
58882.000000  8207 30
58884.000000  8207 30
58910.000000  8214 30
58924.000000  8218 30
58970.000000  8230 30
58982.000000  8233 30
59012.000000  8241 30
59030.000000  8246 30
59078.000000  8259 30
59098.000000  8264 30
59124.000000  8271 30
59134.000000  8274 30
59194.000000  8289 30
59248.000000  8303 30
59302.000000  8318 30
59356.000000  8332 30
59430.000000  8352 30
59484.000000  8366 30
59508.000000  8372 30
59542.000000  8381 30
59542.000000  8381 30
59566.000000  8387 30
59614.000000  8400 30
59668.000000  8415 30
59670.000000  8415 30
59698.000000  8423 30
59712.000000  8426 30
59732.000000  8432 30
59732.000000  8432 30
59756.000000  8438 30
59812.000000  8453 30
59884.000000  8472 30
59986.000000  8499 30
59988.000000  8499 30
59990.000000  8500 30
60002.000000  8503 30
60026.000000  8509 30
60058.000000  8518 30
60086.000000  8525 30
60086.000000  8525 30
60086.000000  8525 30
60086.000000  8525 30
60086.000000  8525 30
60140.000000  8539 30
60172.000000  8548 30
60172.000000  8548 30
60220.000000  8561 30
60236.000000  8565 30
60284.000000  8577 30
60350.000000  8595 30
60400.000000  8608 30
60444.000000  8620 30
60502.000000  8635 30
60504.000000  8636 30
60558.000000  8650 30
60558.000000  8650 30
60574.000000  8654 30
60608.000000  8663 30
60660.000000  8677 30
60660.000000  8677 30
60688.000000  8684 30
61814.000000  8982 30
61844.000000  8990 30
61846.000000  8990 30
61876.000000  8998 30
61900.000000  9005 30
61910.000000  9007 30
61944.000000  9016 30
61946.000000  9017 30
62018.000000  9036 30
62060.000000  9047 30
62074.000000  9051 30
62146.000000  9070 30
62198.000000  9083 30
62232.000000  9092 30
62324.000000  9117 30
62364.000000  9127 30
62422.000000  9143 30
62422.000000  9143 30
62422.000000  9143 30
62422.000000  9143 30
62536.000000  9173 30
62592.000000  9188 30
62626.000000  9196 30
62702.000000  9216 30
62718.000000  9221 30
62740.000000  9227 30
62834.000000  9252 30
62914.000000  9273 30
62926.000000  9276 30
62976.000000  9289 30
63038.000000  9305 30
63066.000000  9313 30
63074.000000  9315 30
63136.000000  9331 30
63166.000000  9339 30
63190.000000  9346 30
63204.000000  9349 30
63236.000000  9358 30
63290.000000  9372 30
63324.000000  9381 30
63368.000000  9393 30
63392.000000  9399 30
63394.000000  9399 30
63406.000000  9403 30
63432.000000  9409 30
63496.000000  9427 30
63496.000000  9427 30
63554.000000  9442 30
63592.000000  9452 30
63620.000000  9459 30
63642.000000  9465 30
63702.000000  9481 30
63704.000000  9481 30
63738.000000  9490 30
63740.000000  9491 30
63812.000000  9510 30
63848.000000  9520 30
63880.000000  9528 30
63938.000000  9543 30
63988.000000  9556 30
64024.000000  9566 30
64086.000000  9582 30
64144.000000  9598 30
64220.000000  9618 30
64240.000000  9623 30
64336.000000  9648 30
64394.000000  9664 30
64456.000000  9680 30
64470.000000  9684 30
64504.000000  9693 30
64506.000000  9693 30
64578.000000  9713 30
64632.000000  9727 30
64646.000000  9731 30
64672.000000  9737 30
64686.000000  9741 30
64702.000000  9745 30
64704.000000  9746 30
64752.000000  9758 30
64814.000000  9775 30
64822.000000  9777 30
64842.000000  9782 30
64870.000000  9790 30
64904.000000  9799 30
64920.000000  9803 30
64968.000000  9816 30
65002.000000  9825 30
65026.000000  9831 30
65038.000000  9834 30
65062.000000  9840 30
65120.000000  9856 30
65176.000000  9871 30
65236.000000  9886 30
65238.000000  9887 30
65282.000000  9899 30
65308.000000  9905 30
65322.000000  9909 30
65378.000000  9924 30
65424.000000  9936 30
65472.000000  9949 30
65492.000000  9954 30
65512.000000  9959 30
65520.000000  9961 30
65520.000000  9961 30
65548.000000  9969 30
65620.000000  9988 30
65622.000000  9988 30
65634.000000  9992 30
65634.000000  9992 30
65696.000000  10008 30
65732.000000  10017 30
65788.000000  10032 30
65822.000000  10041 30
65896.000000  10061 30
65898.000000  10061 30
65956.000000  10077 30
66032.000000  10097 30
66124.000000  10121 30
66166.000000  10132 30
66192.000000  10139 30
66194.000000  10140 30
66208.000000  10143 30
66220.000000  10147 30
66248.000000  10154 30
66300.000000  10168 30
66300.000000  10168 30
66336.000000  10177 30
66360.000000  10183 30
66414.000000  10198 30
66414.000000  10198 30
66414.000000  10198 30
66438.000000  10204 30
66494.000000  10219 30
66564.000000  10237 30
66602.000000  10247 30
66622.000000  10253 30
66636.000000  10256 30
66716.000000  10277 30
66716.000000  10277 30
66716.000000  10277 30
66716.000000  10277 30
66850.000000  10313 30
66884.000000  10322 30
66884.000000  10322 30
66912.000000  10329 30
66946.000000  10339 30
66970.000000  10345 30
67038.000000  10363 30
67050.000000  10366 30
67052.000000  10366 30
67124.000000  10385 30
67184.000000  10401 30
67186.000000  10402 30
67230.000000  10413 30
67232.000000  10414 30
67286.000000  10428 30
67358.000000  10447 30
67438.000000  10468 30
67440.000000  10469 30
67536.000000  10494 30
67536.000000  10494 30
67648.000000  10524 30
67676.000000  10531 30
67678.000000  10532 30
67728.000000  10545 30
67728.000000  10545 30
67784.000000  10560 30
67786.000000  10560 30
67822.000000  10570 30
67866.000000  10582 30
67866.000000  10582 30
67924.000000  10597 30
67974.000000  10610 30
68006.000000  10619 30
68054.000000  10631 30
68134.000000  10652 30
68136.000000  10653 30
68190.000000  10667 30
68246.000000  10682 30
68310.000000  10699 30
68398.000000  10722 30
68430.000000  10731 30
68464.000000  10740 30
68480.000000  10744 30
68504.000000  10750 30
68522.000000  10755 30
68524.000000  10755 30
68556.000000  10764 30
68610.000000  10778 30
68642.000000  10787 30
68664.000000  10793 30
68692.000000  10800 30
68694.000000  10801 30
68750.000000  10815 30
68802.000000  10829 30
68864.000000  10845 30
68898.000000  10854 30
68930.000000  10863 30
68930.000000  10863 30
68968.000000  10873 30
68970.000000  10873 30
69020.000000  10887 30
69020.000000  10887 30
69046.000000  10894 30
69080.000000  10902 30
69082.000000  10903 30
69102.000000  10908 30
69116.000000  10912 30
69146.000000  10920 30
69194.000000  10933 30
69270.000000  10953 30
69354.000000  10975 30
69412.000000  10990 30
69470.000000  11005 30
69530.000000  11021 30
69532.000000  11022 30
69590.000000  11037 30
69604.000000  11041 30
69660.000000  11056 30
69716.000000  11071 30
69756.000000  11081 30
69802.000000  11093 30
69844.000000  11105 30
69894.000000  11118 30
69918.000000  11124 30
69918.000000  11124 30
69990.000000  11143 30
70074.000000  11165 30
70148.000000  11185 30
70178.000000  11193 30
70180.000000  11193 30
70196.000000  11197 30
70206.000000  11200 30
70230.000000  11207 30
70244.000000  11210 30
70278.000000  11219 30
70280.000000  11220 30
70330.000000  11233 30
70330.000000  11233 30
70384.000000  11247 30
70400.000000  11251 30
70410.000000  11254 30
70428.000000  11259 30
70428.000000  11259 30
70444.000000  11263 30
70462.000000  11268 30
70524.000000  11284 30
70548.000000  11291 30
70616.000000  11309 30
70656.000000  11319 30
70718.000000  11336 30
70744.000000  11343 30
70806.000000  11359 30
70862.000000  11373 30
70862.000000  11373 30
70900.000000  11384 30
70902.000000  11384 30
70922.000000  11389 30
70990.000000  11407 30
71032.000000  11419 30
71034.000000  11419 30
71080.000000  11431 30
71148.000000  11449 30
71178.000000  11457 30
71198.000000  11462 30
71198.000000  11462 30
71208.000000  11465 30
71232.000000  11471 30
71276.000000  11483 30
71276.000000  11483 30
71318.000000  11494 30
71352.000000  11503 30
71376.000000  11510 30
71432.000000  11524 30
71440.000000  11527 30
71512.000000  11545 30
71580.000000  11563 30
71580.000000  11563 30
71648.000000  11581 30
71668.000000  11587 30
71682.000000  11591 30
71708.000000  11597 30
71724.000000  11601 30
71746.000000  11607 30
71762.000000  11612 30
71810.000000  11624 30
71812.000000  11625 30
71864.000000  11638 30
71910.000000  11651 30
71958.000000  11663 30
72016.000000  11679 30
72072.000000  11693 30
72086.000000  11697 30
72086.000000  11697 30
72120.000000  11706 30
72146.000000  11713 30
72202.000000  11728 30
72258.000000  11743 30
72258.000000  11743 30
72302.000000  11754 30
72304.000000  11755 30
72386.000000  11777 30
72412.000000  11783 30
72442.000000  11791 30
72442.000000  11791 30
72466.000000  11798 30
72486.000000  11803 30
72494.000000  11805 30
72514.000000  11810 30
72540.000000  11817 30
72566.000000  11824 30
72592.000000  11831 30
72600.000000  11833 30
72622.000000  11839 30
72646.000000  11845 30
72674.000000  11853 30
72676.000000  11853 30
72704.000000  11861 30
72732.000000  11868 30
72734.000000  11869 30
72764.000000  11877 30
72766.000000  11877 30
72792.000000  11884 30
72824.000000  11892 30
72826.000000  11893 30
72846.000000  11898 30
72880.000000  11907 30
72906.000000  11914 30
72956.000000  11927 30
73000.000000  11939 30
73086.000000  11961 30
73088.000000  11962 30
73132.000000  11974 30
73164.000000  11982 30
73214.000000  11995 30
73226.000000  11998 30
73284.000000  12014 30
73308.000000  12020 30
73316.000000  12022 30
73318.000000  12023 30
73394.000000  12043 30
73428.000000  12052 30
73452.000000  12058 30
73460.000000  12060 30
73476.000000  12065 30
73484.000000  12067 30
73510.000000  12073 30
73546.000000  12083 30
73548.000000  12083 30
73568.000000  12089 30
73580.000000  12092 30
73580.000000  12092 30
73600.000000  12097 30
73624.000000  12104 30
73638.000000  12107 30
73670.000000  12116 30
73686.000000  12120 30
73728.000000  12131 30
73730.000000  12132 30
73734.000000  12133 30
73758.000000  12139 30
73772.000000  12143 30
73792.000000  12148 30
73808.000000  12152 30
73824.000000  12157 30
73836.000000  12160 30
73836.000000  12160 30
73854.000000  12165 30
73868.000000  12168 30
73922.000000  12182 30
73986.000000  12199 30
74020.000000  12208 30
74020.000000  12208 30
74020.000000  12208 30
74020.000000  12208 30
74160.000000  12245 30
74184.000000  12252 30
74224.000000  12262 30
74226.000000  12263 30
74242.000000  12267 30
74262.000000  12272 30
74264.000000  12273 30
74270.000000  12274 30
74270.000000  12274 30
74298.000000  12282 30
74306.000000  12284 30
74370.000000  12301 30
74434.000000  12318 30
74450.000000  12322 30
74468.000000  12327 30
74468.000000  12327 30
74484.000000  12331 30
74498.000000  12335 30
74498.000000  12335 30
74508.000000  12337 30
74532.000000  12344 30
74588.000000  12358 30
74602.000000  12362 30
74626.000000  12368 30
74640.000000  12372 30
74674.000000  12381 30
74676.000000  12382 30
74702.000000  12389 30
74736.000000  12398 30
74790.000000  12412 30
74818.000000  12419 30
74830.000000  12423 30
74830.000000  12423 30
74872.000000  12433 30
74890.000000  12438 30
74908.000000  12443 30
74908.000000  12443 30
74928.000000  12448 30
74940.000000  12451 30
74958.000000  12456 30
74960.000000  12457 30
75006.000000  12469 30
75068.000000  12485 30
75086.000000  12490 30
75108.000000  12496 30
75108.000000  12496 30
75156.000000  12509 30
75170.000000  12512 30
75230.000000  12528 30
75238.000000  12530 30
75258.000000  12535 30
75324.000000  12553 30
75378.000000  12567 30
75402.000000  12574 30
75462.000000  12590 30
75464.000000  12590 30
75476.000000  12593 30
75476.000000  12593 30
75496.000000  12599 30
75546.000000  12612 30
75548.000000  12612 30
75598.000000  12625 30
75616.000000  12630 30
75630.000000  12634 30
75630.000000  12634 30
75662.000000  12642 30
75708.000000  12655 30
75728.000000  12660 30
75728.000000  12660 30
75740.000000  12663 30
75794.000000  12677 30
75854.000000  12693 30
75920.000000  12711 30
75934.000000  12714 30
75954.000000  12719 30
75956.000000  12720 30
76002.000000  12732 30
76026.000000  12739 30
76034.000000  12741 30
76066.000000  12749 30
76094.000000  12757 30
76124.000000  12765 30
76170.000000  12777 30
76208.000000  12787 30
76234.000000  12793 30
76302.000000  12811 30
76302.000000  12811 30
76326.000000  12818 30
76380.000000  12832 30
76440.000000  12848 30
76474.000000  12857 30
76528.000000  12871 30
76604.000000  12891 30
76606.000000  12892 30
76638.000000  12900 30
76736.000000  12926 30
76738.000000  12927 30
76792.000000  12941 30
76794.000000  12942 30
76822.000000  12949 30
76856.000000  12958 30
76876.000000  12963 30
76892.000000  12968 30
76906.000000  12971 30
76906.000000  12971 30
76932.000000  12978 30
76956.000000  12984 30
76976.000000  12990 30
76998.000000  12995 30
77000.000000  12996 30
77010.000000  12999 30
77038.000000  13006 30
77054.000000  13010 30
77088.000000  13019 30
77122.000000  13029 30
77152.000000  13036 30
77186.000000  13045 30
77216.000000  13053 30
77218.000000  13054 30
77220.000000  13054 30
77232.000000  13057 30
77232.000000  13057 30
77266.000000  13066 30
77268.000000  13067 30
77294.000000  13074 30
77310.000000  13078 30
77326.000000  13082 30
77350.000000  13089 30
77364.000000  13092 30
77418.000000  13107 30
77428.000000  13109 30
77442.000000  13113 30
77442.000000  13113 30
78620.000000  13424 30
78646.000000  13431 30
78660.000000  13435 30
78718.000000  13450 30
78766.000000  13463 30
78826.000000  13479 30
78826.000000  13479 30
78854.000000  13486 30
78916.000000  13503 30
78960.000000  13514 30
78962.000000  13515 30
78988.000000  13522 30
79048.000000  13537 30
79048.000000  13537 30
79108.000000  13553 30
79164.000000  13568 30
79236.000000  13587 30
79318.000000  13609 30
79404.000000  13632 30
79444.000000  13642 30
79462.000000  13647 30
79494.000000  13656 30
79540.000000  13668 30
79542.000000  13668 30
79584.000000  13679 30
79640.000000  13694 30
79656.000000  13698 30
79684.000000  13706 30
79684.000000  13706 30
79684.000000  13706 30
79714.000000  13714 30
79738.000000  13720 30
79746.000000  13722 30
79746.000000  13722 30
79746.000000  13722 30
79746.000000  13722 30
79794.000000  13735 30
79818.000000  13741 30
79826.000000  13743 30
79860.000000  13752 30
79862.000000  13753 30
79884.000000  13759 30
79916.000000  13767 30
79940.000000  13773 30
79950.000000  13776 30
79990.000000  13787 30
79994.000000  13788 30
80002.000000  13790 30
80002.000000  13790 30
80028.000000  13797 30
80038.000000  13799 30
80062.000000  13805 30
80112.000000  13819 30
80158.000000  13831 30
80206.000000  13844 30
80222.000000  13848 30
80248.000000  13855 30
80284.000000  13865 30
80354.000000  13883 30
80368.000000  13887 30
80368.000000  13887 30
80426.000000  13902 30
80462.000000  13911 30
80464.000000  13912 30
80488.000000  13918 30
80490.000000  13919 30
80498.000000  13921 30
80514.000000  13925 30
80546.000000  13934 30
80580.000000  13943 30
80580.000000  13943 30
80604.000000  13949 30
80636.000000  13957 30
80684.000000  13970 30
80690.000000  13971 30
80716.000000  13979 30
80718.000000  13979 30
80746.000000  13987 30
80774.000000  13994 30
80792.000000  13999 30
80806.000000  14002 30
80822.000000  14007 30
80830.000000  14009 30
80856.000000  14016 30
80882.000000  14023 30
80906.000000  14029 30
80916.000000  14032 30
80980.000000  14048 30
80982.000000  14049 30
81010.000000  14056 30
81010.000000  14056 30
81034.000000  14063 30
81070.000000  14072 30
81072.000000  14073 30
81092.000000  14078 30
81124.000000  14086 30
81148.000000  14093 30
81150.000000  14093 30
81180.000000  14101 30
81202.000000  14107 30
81216.000000  14111 30
81254.000000  14121 30
81256.000000  14121 30
81286.000000  14129 30
81316.000000  14137 30
81346.000000  14145 30
81356.000000  14148 30
81376.000000  14153 30
81384.000000  14155 30
81406.000000  14161 30
81428.000000  14167 30
81448.000000  14172 30
81448.000000  14172 30
81458.000000  14175 30
81486.000000  14182 30
81500.000000  14186 30
81516.000000  14190 30
81542.000000  14197 30
81572.000000  14205 30
81586.000000  14209 30
81618.000000  14217 30
81644.000000  14224 30
81676.000000  14232 30
81698.000000  14238 30
81698.000000  14238 30
81732.000000  14247 30
81756.000000  14253 30
81790.000000  14262 30
81812.000000  14268 30
81826.000000  14272 30
81844.000000  14277 30
81850.000000  14278 30
81872.000000  14284 30
81904.000000  14293 30
81934.000000  14301 30
81978.000000  14312 30
81994.000000  14317 30
82010.000000  14321 30
82064.000000  14335 30
82116.000000  14349 30
82150.000000  14358 30
82170.000000  14363 30
82184.000000  14367 30
82208.000000  14373 30
82220.000000  14376 30
82274.000000  14391 30
82304.000000  14399 30
82306.000000  14399 30
82308.000000  14399 30
82356.000000  14412 30
82366.000000  14415 30
82376.000000  14417 30
82390.000000  14421 30
82478.000000  14444 30
82494.000000  14449 30
82516.000000  14454 30
82548.000000  14463 30
82564.000000  14467 30
82564.000000  14467 30
82626.000000  14483 30
82652.000000  14490 30
82664.000000  14494 30
82756.000000  14518 30
82764.000000  14520 30
82782.000000  14525 30
82798.000000  14529 30
82814.000000  14533 30
82846.000000  14542 30
82860.000000  14545 30
82872.000000  14549 30
82874.000000  14549 30
82898.000000  14555 30
82906.000000  14558 30
83044.000000  14594 30
83072.000000  14601 30
83086.000000  14605 30
83108.000000  14611 30
83164.000000  14626 30
83204.000000  14636 30
83206.000000  14637 30
83228.000000  14643 30
83248.000000  14648 30
83270.000000  14654 30
83296.000000  14661 30
83322.000000  14667 30
83336.000000  14671 30
83360.000000  14678 30
83370.000000  14680 30
83388.000000  14685 30
83390.000000  14685 30
83400.000000  14688 30
83432.000000  14696 30
83446.000000  14700 30
83462.000000  14704 30
83522.000000  14720 30
83524.000000  14721 30
83528.000000  14722 30
83638.000000  14751 30
83662.000000  14757 30
83670.000000  14759 30
83684.000000  14763 30
83708.000000  14769 30
83710.000000  14770 30
83740.000000  14778 30
83742.000000  14779 30
83764.000000  14784 30
83778.000000  14788 30
83804.000000  14795 30
83822.000000  14800 30
83822.000000  14800 30
83848.000000  14807 30
83856.000000  14809 30
83878.000000  14814 30
83892.000000  14818 30
83892.000000  14818 30
83914.000000  14824 30
83932.000000  14829 30
83932.000000  14829 30
83968.000000  14838 30
83986.000000  14843 30
84006.000000  14848 30
84020.000000  14852 30
84054.000000  14861 30
84096.000000  14872 30
84112.000000  14876 30
84186.000000  14896 30
84242.000000  14911 30
84278.000000  14920 30
84280.000000  14921 30
84300.000000  14926 30
84332.000000  14935 30
84418.000000  14957 30
84432.000000  14961 30
84458.000000  14968 30
84460.000000  14968 30
84496.000000  14978 30
84534.000000  14988 30
84558.000000  14994 30
84558.000000  14994 30
84610.000000  15008 30
84860.000000  15074 30
84860.000000  15074 30
84860.000000  15074 30
84892.000000  15083 30
84926.000000  15092 30
84948.000000  15097 30
84948.000000  15097 30
85006.000000  15113 30
85062.000000  15127 30
85100.000000  15137 30
85130.000000  15145 30
85132.000000  15146 30
85164.000000  15154 30
85178.000000  15158 30
85212.000000  15167 30
85212.000000  15167 30
85244.000000  15175 30
85280.000000  15185 30
85304.000000  15191 30
85350.000000  15204 30
85384.000000  15213 30
85408.000000  15219 30
85410.000000  15219 30
85442.000000  15228 30
85442.000000  15228 30
85442.000000  15228 30
85466.000000  15234 30
85524.000000  15249 30
85558.000000  15259 30
85612.000000  15273 30
85614.000000  15273 30
85634.000000  15279 30
85634.000000  15279 30
85644.000000  15281 30
85658.000000  15285 30
85686.000000  15292 30
85688.000000  15293 30
85700.000000  15296 30
85724.000000  15303 30
85760.000000  15312 30
85776.000000  15316 30
85792.000000  15320 30
85806.000000  15324 30
85842.000000  15333 30
85860.000000  15338 30
85910.000000  15352 30
85912.000000  15352 30
85928.000000  15356 30
85962.000000  15365 30
85964.000000  15366 30
85980.000000  15370 30
85996.000000  15375 30
86010.000000  15378 30
86024.000000  15382 30
86024.000000  15382 30
86074.000000  15395 30
86102.000000  15402 30
86104.000000  15403 30
86136.000000  15411 30
86160.000000  15418 30
86214.000000  15432 30
86214.000000  15432 30
86248.000000  15441 30
86272.000000  15447 30
86286.000000  15451 30
86320.000000  15460 30
86322.000000  15461 30
86374.000000  15474 30
86392.000000  15479 30
86428.000000  15489 30
86430.000000  15489 30
86444.000000  15493 30
86508.000000  15510 30
86528.000000  15515 30
86558.000000  15523 30
86584.000000  15530 30
86630.000000  15542 30
86654.000000  15548 30
86674.000000  15554 30
86740.000000  15571 30
86742.000000  15572 30
86774.000000  15580 30
86798.000000  15586 30
86800.000000  15587 30
86834.000000  15596 30
86862.000000  15603 30
86864.000000  15604 30
86914.000000  15617 30
86948.000000  15626 30
86970.000000  15632 30
86984.000000  15636 30
87008.000000  15642 30
87038.000000  15650 30
87062.000000  15656 30
87078.000000  15660 30
87096.000000  15665 30
87126.000000  15673 30
87128.000000  15673 30
87152.000000  15680 30
87174.000000  15686 30
87202.000000  15693 30
87216.000000  15697 30
87232.000000  15701 30
87292.000000  15717 30
87362.000000  15736 30
87390.000000  15743 30
87392.000000  15743 30
87450.000000  15759 30
87484.000000  15768 30
87506.000000  15773 30
87562.000000  15788 30
87620.000000  15804 30
87654.000000  15813 30
87670.000000  15817 30
87696.000000  15824 30
87726.000000  15832 30
87774.000000  15844 30
87812.000000  15854 30
87826.000000  15858 30
87842.000000  15862 30
87858.000000  15866 30
87874.000000  15871 30
87890.000000  15875 30
87912.000000  15881 30
87926.000000  15885 30
87942.000000  15889 30
87964.000000  15895 30
87974.000000  15897 30
88030.000000  15912 30
88044.000000  15916 30
88064.000000  15921 30
88064.000000  15921 30
88098.000000  15930 30
88130.000000  15938 30
88166.000000  15948 30
88208.000000  15959 30
88232.000000  15965 30
88264.000000  15974 30
88294.000000  15982 30
88306.000000  15985 30
88306.000000  15985 30
88334.000000  15992 30
88334.000000  15992 30
88342.000000  15995 30
88342.000000  15995 30
88386.000000  16006 30
88416.000000  16014 30
88442.000000  16021 30
88468.000000  16028 30
88498.000000  16036 30
88512.000000  16039 30
88528.000000  16043 30
88564.000000  16053 30
88564.000000  16053 30
88590.000000  16060 30
88634.000000  16072 30
88662.000000  16079 30
88664.000000  16080 30
88694.000000  16088 30
88718.000000  16094 30
88732.000000  16098 30
88766.000000  16107 30
88768.000000  16107 30
88788.000000  16112 30
88848.000000  16128 30
88850.000000  16129 30
88884.000000  16138 30
88886.000000  16138 30
88938.000000  16152 30
88954.000000  16156 30
88984.000000  16164 30
88986.000000  16165 30
89004.000000  16169 30
89034.000000  16177 30
89036.000000  16178 30
89046.000000  16181 30
89060.000000  16184 30
89122.000000  16201 30
89124.000000  16201 30
89148.000000  16208 30
89174.000000  16214 30
89198.000000  16221 30
89218.000000  16226 30
89220.000000  16226 30
89244.000000  16233 30
89258.000000  16237 30
89290.000000  16245 30
89318.000000  16252 30
89320.000000  16253 30
89334.000000  16257 30
89362.000000  16264 30
89394.000000  16273 30
89422.000000  16280 30
89424.000000  16281 30
89436.000000  16284 30
89458.000000  16289 30
89492.000000  16298 30
89516.000000  16305 30
89548.000000  16313 30
89572.000000  16319 30
89598.000000  16326 30
89608.000000  16329 30
89626.000000  16334 30
89626.000000  16334 30
89648.000000  16340 30
89664.000000  16344 30
89684.000000  16349 30
89776.000000  16373 30
89784.000000  16376 30
89804.000000  16381 30
89824.000000  16386 30
89824.000000  16386 30
89824.000000  16386 30
89824.000000  16386 30
89892.000000  16404 30
89962.000000  16423 30
90092.000000  16457 30
90244.000000  16497 30
90256.000000  16500 30
90284.000000  16508 30
90332.000000  16520 30
90368.000000  16530 30
90368.000000  16530 30
90390.000000  16536 30
90416.000000  16543 30
90458.000000  16554 30
90460.000000  16554 30
90490.000000  16562 30
90498.000000  16564 30
90498.000000  16564 30
90524.000000  16571 30
90558.000000  16580 30
90560.000000  16581 30
90580.000000  16586 30
90590.000000  16589 30
90672.000000  16610 30
90734.000000  16627 30
90740.000000  16629 30
90792.000000  16642 30
90802.000000  16645 30
90824.000000  16651 30
90846.000000  16656 30
90846.000000  16656 30
90870.000000  16663 30
90880.000000  16665 30
90904.000000  16672 30
90932.000000  16679 30
90958.000000  16686 30
90984.000000  16693 30
91002.000000  16698 30
91024.000000  16703 30
91052.000000  16711 30
91060.000000  16713 30
91080.000000  16718 30
91090.000000  16721 30
91110.000000  16726 30
91132.000000  16732 30
91146.000000  16736 30
91162.000000  16740 30
91178.000000  16744 30
91208.000000  16752 30
91222.000000  16756 30
91256.000000  16765 30
91258.000000  16765 30
91278.000000  16771 30
91310.000000  16779 30
91384.000000  16799 30
91396.000000  16802 30
91430.000000  16811 30
91452.000000  16817 30
91466.000000  16820 30
91466.000000  16820 30
91504.000000  16830 30
91504.000000  16830 30
91504.000000  16830 30
91628.000000  16863 30
91644.000000  16867 30
91692.000000  16880 30
91722.000000  16888 30
91746.000000  16894 30
91764.000000  16899 30
91764.000000  16899 30
91792.000000  16907 30
91810.000000  16911 30
91844.000000  16920 30
91872.000000  16928 30
91874.000000  16928 30
91900.000000  16935 30
91902.000000  16935 30
91954.000000  16949 30
91978.000000  16955 30
92034.000000  16970 30
92066.000000  16979 30
92066.000000  16979 30
92066.000000  16979 30
92066.000000  16979 30
92066.000000  16979 30
92114.000000  16992 30
92156.000000  17003 30
92158.000000  17003 30
92164.000000  17005 30
92190.000000  17012 30
92196.000000  17013 30
92214.000000  17018 30
92228.000000  17022 30
92228.000000  17022 30
92244.000000  17026 30
92272.000000  17033 30
92282.000000  17036 30
92314.000000  17044 30
92322.000000  17046 30
92324.000000  17047 30
92350.000000  17054 30
92360.000000  17057 30
92378.000000  17061 30
92392.000000  17065 30
92394.000000  17065 30
92414.000000  17071 30
92414.000000  17071 30
92462.000000  17084 30
92478.000000  17088 30
92510.000000  17096 30
92512.000000  17097 30
92532.000000  17102 30
92542.000000  17105 30
92574.000000  17113 30
92598.000000  17119 30
92654.000000  17134 30
92718.000000  17151 30
92734.000000  17155 30
92756.000000  17161 30
92756.000000  17161 30
92766.000000  17164 30
92780.000000  17168 30
92890.000000  17197 30
92892.000000  17197 30
92930.000000  17207 30
92932.000000  17208 30
92954.000000  17213 30
92954.000000  17213 30
92954.000000  17213 30
92982.000000  17221 30
93002.000000  17226 30
93038.000000  17236 30
93068.000000  17244 30
93082.000000  17247 30
93114.000000  17256 30
93136.000000  17262 30
93152.000000  17266 30
93164.000000  17269 30
93170.000000  17271 30
93200.000000  17279 30
93202.000000  17279 30
93228.000000  17286 30
93282.000000  17300 30
93410.000000  17334 30
93466.000000  17349 30
93524.000000  17364 30
93540.000000  17369 30
93638.000000  17394 30
93664.000000  17401 30
93678.000000  17405 30
93698.000000  17410 30
93714.000000  17414 30
93776.000000  17431 30
93834.000000  17446 30
93898.000000  17463 30
93910.000000  17466 30
93912.000000  17467 30
93966.000000  17481 30
93998.000000  17489 30
94032.000000  17498 30
94056.000000  17505 30
94102.000000  17517 30
94134.000000  17525 30
94158.000000  17532 30
94192.000000  17541 30
94208.000000  17545 30
94222.000000  17549 30
94250.000000  17556 30
94278.000000  17563 30
94286.000000  17566 30
94308.000000  17571 30
94328.000000  17577 30
94358.000000  17585 30
94396.000000  17595 30
94420.000000  17601 30
94454.000000  17610 30
94456.000000  17611 30
94476.000000  17616 30
94486.000000  17619 30
94520.000000  17628 30
94542.000000  17633 30
94558.000000  17638 30
94618.000000  17653 30
94620.000000  17654 30
94648.000000  17661 30
94676.000000  17669 30
94760.000000  17691 30
94762.000000  17691 30
94836.000000  17711 30
94852.000000  17715 30
94888.000000  17725 30
94976.000000  17748 30
98414.000000  18657 30
98484.000000  18675 30
98680.000000  18727 30
98696.000000  18732 30
98712.000000  18736 30
98746.000000  18745 30
98848.000000  18772 30
98884.000000  18781 30
99010.000000  18815 30
99156.000000  18853 30
99244.000000  18877 30
99256.000000  18880 30
99324.000000  18898 30
99736.000000  19007 30
99770.000000  19015 30
99794.000000  19022 30
99806.000000  19025 30
99806.000000  19025 30
99806.000000  19025 30
99806.000000  19025 30
99926.000000  19057 30
99972.000000  19069 30
99998.000000  19076 30
100034.000000  19085 30
100078.000000  19097 30
100108.000000  19105 30
100128.000000  19110 30
100194.000000  19128 30
100286.000000  19152 30
100476.000000  19202 30
100594.000000  19233 30
100682.000000  19257 30
100770.000000  19280 30
100906.000000  19316 30
100908.000000  19317 30
100910.000000  19317 30
100960.000000  19330 30
100960.000000  19330 30
101136.000000  19377 30
101182.000000  19389 30
101454.000000  19461 30
101738.000000  19536 30
101914.000000  19583 30
101984.000000  19601 30
101984.000000  19601 30
102136.000000  19641 30
102560.000000  19753 30
102678.000000  19785 30
102678.000000  19785 30
102880.000000  19838 30
103126.000000  19903 30
103294.000000  19947 30
103492.000000  20000 30
103492.000000  20000 30
103620.000000  20033 30
103650.000000  20041 30
103650.000000  20041 30
103704.000000  20056 30
103716.000000  20059 30
103802.000000  20082 30
103898.000000  20107 30
103898.000000  20107 30
103992.000000  20132 30
104120.000000  20166 30
104146.000000  20173 30
104404.000000  20241 30
104458.000000  20255 30
104492.000000  20264 30
104720.000000  20324 30
104922.000000  20377 30
104944.000000  20383 30
104946.000000  20384 30
104960.000000  20388 30
104976.000000  20392 30
104998.000000  20398 30
105008.000000  20400 30
105092.000000  20423 30
105194.000000  20449 30
105470.000000  20523 30
105494.000000  20529 30
105526.000000  20537 30
105550.000000  20544 30
105552.000000  20544 30
105672.000000  20576 30
105772.000000  20602 30
105810.000000  20613 30
105862.000000  20626 30
105946.000000  20648 30
107164.000000  20971 30
107164.000000  20971 30
107202.000000  20980 30
107204.000000  20981 30
107492.000000  21057 30
107508.000000  21061 30
107536.000000  21069 30
107654.000000  21100 30
107654.000000  21100 30
107762.000000  21129 30
107804.000000  21140 30
107840.000000  21149 30
107990.000000  21189 30
108266.000000  21262 30
108578.000000  21344 30
108672.000000  21369 30
108708.000000  21379 30
108938.000000  21439 30
109134.000000  21491 30
109170.000000  21501 30
109222.000000  21514 30
109224.000000  21515 30
109276.000000  21529 30
109404.000000  21562 30
109528.000000  21595 30
109552.000000  21602 30
109554.000000  21602 30
109580.000000  21609 30
109608.000000  21616 30
109682.000000  21636 30
109752.000000  21654 30
109846.000000  21679 30
109904.000000  21695 30
109938.000000  21703 30
110046.000000  21732 30
110182.000000  21768 30
110312.000000  21802 30
110402.000000  21826 30
110506.000000  21854 30
110580.000000  21873 30
110608.000000  21881 30
110836.000000  21941 30
110964.000000  21975 30
111188.000000  22034 30
111546.000000  22129 30
111548.000000  22129 30
111556.000000  22131 30
111578.000000  22137 30
111698.000000  22169 30
111700.000000  22169 30
111702.000000  22170 30
111758.000000  22185 30
111772.000000  22188 30
111774.000000  22189 30
111834.000000  22205 30
112024.000000  22255 30
112024.000000  22255 30
112158.000000  22291 30
112172.000000  22294 30
112232.000000  22310 30
112314.000000  22332 30
112314.000000  22332 30
112496.000000  22380 30
112568.000000  22399 30
112568.000000  22399 30
112644.000000  22419 30
112644.000000  22419 30
112644.000000  22419 30
112644.000000  22419 30
112736.000000  22443 30
112778.000000  22454 30
112800.000000  22460 30
112800.000000  22460 30
112882.000000  22482 30
113150.000000  22553 30
113258.000000  22581 30
113398.000000  22618 30
113440.000000  22629 30
113692.000000  22696 30
113694.000000  22697 30
113838.000000  22735 30
113924.000000  22757 30
113964.000000  22768 30
114028.000000  22785 30
114082.000000  22799 30
114208.000000  22832 30
114266.000000  22848 30
114322.000000  22863 30
114378.000000  22877 30
114564.000000  22927 30
114564.000000  22927 30
114668.000000  22954 30
114694.000000  22961 30
114728.000000  22970 30
114770.000000  22981 30
114800.000000  22989 30
114802.000000  22989 30
114942.000000  23027 30
114976.000000  23035 30
115104.000000  23069 30
115104.000000  23069 30
115170.000000  23087 30
115212.000000  23098 30
115284.000000  23117 30
115306.000000  23123 30
115306.000000  23123 30
115438.000000  23157 30
115480.000000  23169 30
115516.000000  23178 30
115620.000000  23206 30
115876.000000  23273 30
115878.000000  23274 30
115908.000000  23282 30
115978.000000  23300 30
116108.000000  23335 30
116406.000000  23413 30
116478.000000  23432 30
116542.000000  23449 30
116860.000000  23533 30
116862.000000  23534 30
116912.000000  23547 30
117062.000000  23587 30
117188.000000  23620 30
117312.000000  23653 30
117372.000000  23669 30
117400.000000  23676 30
117476.000000  23696 30
117528.000000  23710 30
117528.000000  23710 30
117658.000000  23745 30
117794.000000  23780 30
117860.000000  23798 30
117882.000000  23804 30
117918.000000  23813 30
117938.000000  23819 30
118008.000000  23837 30
118044.000000  23847 30
118100.000000  23861 30
118340.000000  23925 30
118524.000000  23973 30
118526.000000  23974 30
118596.000000  23993 30
118608.000000  23996 30
118640.000000  24004 30
118642.000000  24005 30
118664.000000  24011 30
118732.000000  24028 30
118806.000000  24048 30
118868.000000  24064 30
118870.000000  24065 30
118922.000000  24079 30
119072.000000  24118 30
119254.000000  24166 30
119332.000000  24187 30
119508.000000  24233 30
119508.000000  24233 30
119672.000000  24277 30
119758.000000  24300 30
119796.000000  24310 30
119952.000000  24351 30
120108.000000  24392 30
120256.000000  24431 30
120258.000000  24432 30
120342.000000  24454 30
120442.000000  24481 30
120466.000000  24487 30
120556.000000  24510 30
120574.000000  24515 30
120622.000000  24528 30
120658.000000  24537 30
120682.000000  24544 30
120690.000000  24546 30
120690.000000  24546 30
120770.000000  24567 30
120910.000000  24604 30
121098.000000  24654 30
121452.000000  24747 30
121514.000000  24764 30
121670.000000  24805 30
121678.000000  24807 30
121792.000000  24837 30
121862.000000  24856 30
121974.000000  24885 30
122028.000000  24900 30
122054.000000  24907 30
122124.000000  24925 30
122126.000000  24925 30
122238.000000  24955 30
122382.000000  24993 30
122384.000000  24994 30
122398.000000  24997 30
122398.000000  24997 30
122452.000000  25012 30
122486.000000  25021 30
122554.000000  25038 30
122608.000000  25053 30
122636.000000  25060 30
122638.000000  25061 30
122644.000000  25062 30
122664.000000  25067 30
122686.000000  25073 30
122710.000000  25080 30
122764.000000  25094 30
122798.000000  25103 30
122798.000000  25103 30
122824.000000  25110 30
122888.000000  25127 30
122922.000000  25136 30
122942.000000  25141 30
122962.000000  25146 30
122978.000000  25151 30
123036.000000  25166 30
123052.000000  25170 30
123110.000000  25185 30
123424.000000  25269 30
123480.000000  25283 30
123482.000000  25284 30
123582.000000  25310 30
123584.000000  25311 30
123608.000000  25317 30
123608.000000  25317 30
123636.000000  25324 30
123650.000000  25328 30
123674.000000  25334 30
123710.000000  25344 30
123834.000000  25377 30
123836.000000  25377 30
123856.000000  25383 30
123858.000000  25383 30
123916.000000  25398 30
123948.000000  25407 30
123948.000000  25407 30
123972.000000  25413 30
124028.000000  25428 30
124042.000000  25432 30
124066.000000  25438 30
124124.000000  25453 30
124212.000000  25477 30
124224.000000  25480 30
124378.000000  25521 30
124426.000000  25533 30
124528.000000  25560 30
124536.000000  25562 30
124644.000000  25591 30
124644.000000  25591 30
124872.000000  25651 30
124910.000000  25661 30
124934.000000  25667 30
124962.000000  25675 30
125008.000000  25687 30
125068.000000  25703 30
125088.000000  25708 30
125146.000000  25724 30
125146.000000  25724 30
125450.000000  25804 30
125518.000000  25822 30
125558.000000  25832 30
125574.000000  25837 30
125584.000000  25839 30
125604.000000  25845 30
125618.000000  25848 30
125754.000000  25884 30
125756.000000  25885 30
125950.000000  25936 30
126004.000000  25950 30
126112.000000  25979 30
126164.000000  25993 30
126166.000000  25993 30
126292.000000  26026 30
126314.000000  26032 30
126394.000000  26053 30
126504.000000  26083 30
126506.000000  26083 30
126512.000000  26085 30
126538.000000  26091 30
126608.000000  26110 30
126708.000000  26136 30
126736.000000  26144 30
126750.000000  26147 30
126766.000000  26152 30
126774.000000  26154 30
126788.000000  26157 30
126810.000000  26163 30
126812.000000  26164 30
126832.000000  26169 30
126864.000000  26178 30
126878.000000  26181 30
126894.000000  26185 30
126920.000000  26192 30
126934.000000  26196 30
126950.000000  26200 30
126964.000000  26204 30
126980.000000  26208 30
126998.000000  26213 30
127012.000000  26217 30
127024.000000  26220 30
127048.000000  26226 30
127198.000000  26266 30
127200.000000  26266 30
127222.000000  26272 30
127256.000000  26281 30
127284.000000  26289 30
127286.000000  26289 30
127368.000000  26311 30
127410.000000  26322 30
127430.000000  26327 30
127438.000000  26329 30
127460.000000  26335 30
127466.000000  26337 30
127490.000000  26343 30
127530.000000  26354 30
127550.000000  26359 30
127624.000000  26378 30
127684.000000  26394 30
127746.000000  26411 30
127746.000000  26411 30
127746.000000  26411 30
127776.000000  26419 30
127806.000000  26426 30
127808.000000  26427 30
127824.000000  26431 30
127836.000000  26434 30
127864.000000  26442 30
127898.000000  26451 30
127922.000000  26457 30
127936.000000  26461 30
127946.000000  26463 30
127948.000000  26464 30
128012.000000  26481 30
128040.000000  26488 30
128090.000000  26501 30
128206.000000  26532 30
128314.000000  26561 30
128342.000000  26568 30
128438.000000  26593 30
128460.000000  26599 30
128516.000000  26614 30
128516.000000  26614 30
128550.000000  26623 30
128604.000000  26637 30
128626.000000  26643 30
128626.000000  26643 30
128650.000000  26649 30
128664.000000  26653 30
128664.000000  26653 30
128690.000000  26660 30
128704.000000  26664 30
128704.000000  26664 30
128734.000000  26672 30
128838.000000  26699 30
128856.000000  26704 30
128856.000000  26704 30
128904.000000  26717 30
128938.000000  26726 30
128950.000000  26729 30
128952.000000  26729 30
129006.000000  26743 30
129008.000000  26744 30
129030.000000  26750 30
129084.000000  26764 30
129140.000000  26779 30
129150.000000  26782 30
129170.000000  26787 30
129176.000000  26789 30
129228.000000  26802 30
129230.000000  26803 30
129252.000000  26809 30
129262.000000  26811 30
129320.000000  26827 30
129320.000000  26827 30
129358.000000  26837 30
129374.000000  26841 30
129422.000000  26853 30
129452.000000  26861 30
129470.000000  26866 30
129518.000000  26879 30
129520.000000  26879 30
129592.000000  26899 30
129622.000000  26906 30
129624.000000  26907 30
129654.000000  26915 30
129708.000000  26929 30
129730.000000  26935 30
129766.000000  26944 30
129768.000000  26945 30
129792.000000  26951 30
129822.000000  26959 30
129846.000000  26966 30
129858.000000  26969 30
129882.000000  26975 30
129944.000000  26992 30
129964.000000  26997 30
129984.000000  27002 30
129998.000000  27006 30
130030.000000  27014 30
130064.000000  27023 30
130078.000000  27027 30
130094.000000  27031 30
130120.000000  27038 30
130140.000000  27043 30
130198.000000  27059 30
130234.000000  27068 30
130234.000000  27068 30
130234.000000  27068 30
130288.000000  27083 30
130318.000000  27090 30
130320.000000  27091 30
130326.000000  27093 30
130392.000000  27110 30
130420.000000  27117 30
130420.000000  27117 30
130420.000000  27117 30
130430.000000  27120 30
130454.000000  27126 30
130462.000000  27128 30
130478.000000  27133 30
130538.000000  27149 30
130540.000000  27149 30
130542.000000  27149 30
130580.000000  27160 30
130580.000000  27160 30
130612.000000  27168 30
130664.000000  27182 30
130686.000000  27188 30
130716.000000  27195 30
130726.000000  27198 30
130754.000000  27205 30
130804.000000  27219 30
130824.000000  27224 30
130838.000000  27228 30
130854.000000  27232 30
130928.000000  27252 30
130962.000000  27261 30
130986.000000  27267 30
131020.000000  27276 30
131042.000000  27282 30
131056.000000  27285 30
131112.000000  27300 30
131146.000000  27309 30
131264.000000  27341 30
131266.000000  27341 30
131412.000000  27379 30
131444.000000  27388 30
131494.000000  27401 30
131506.000000  27404 30
131538.000000  27413 30
131538.000000  27413 30
131594.000000  27428 30
131596.000000  27428 30
131690.000000  27453 30
131820.000000  27487 30
131846.000000  27494 30
131846.000000  27494 30
132040.000000  27546 30
132040.000000  27546 30
132040.000000  27546 30
132102.000000  27562 30
132310.000000  27617 30
132438.000000  27651 30
132530.000000  27675 30
132694.000000  27719 30
132710.000000  27723 30
132740.000000  27731 30
132742.000000  27731 30
132762.000000  27736 30
132770.000000  27739 30
132802.000000  27747 30
132858.000000  27762 30
132860.000000  27762 30
132912.000000  27776 30
132914.000000  27777 30
132940.000000  27783 30
132942.000000  27784 30
132972.000000  27792 30
132974.000000  27793 30
133054.000000  27814 30
133090.000000  27823 30
133178.000000  27846 30
133298.000000  27878 30
133660.000000  27974 30
133748.000000  27997 30
133774.000000  28004 30
133788.000000  28007 30
133868.000000  28029 30
134236.000000  28126 30
134238.000000  28127 30
134290.000000  28140 30
134320.000000  28148 30
134450.000000  28183 30
134522.000000  28201 30
134586.000000  28219 30
134586.000000  28219 30
134628.000000  28230 30
134640.000000  28233 30
134660.000000  28238 30
134674.000000  28242 30
134696.000000  28248 30
134728.000000  28256 30
134782.000000  28270 30
134784.000000  28271 30
134864.000000  28292 30
134926.000000  28308 30
134958.000000  28317 30
134958.000000  28317 30
134986.000000  28324 30
134988.000000  28325 30
135002.000000  28329 30
135046.000000  28340 30
135068.000000  28346 30
135096.000000  28353 30
135132.000000  28363 30
135164.000000  28371 30
135190.000000  28378 30
135216.000000  28385 30
135246.000000  28393 30
135272.000000  28400 30
135296.000000  28406 30
135320.000000  28413 30
135418.000000  28439 30
135420.000000  28439 30
135446.000000  28446 30
135448.000000  28447 30
135476.000000  28454 30
135478.000000  28454 30
135498.000000  28460 30
135530.000000  28468 30
135562.000000  28477 30
135600.000000  28487 30
135602.000000  28487 30
135632.000000  28495 30
135644.000000  28498 30
135674.000000  28506 30
135688.000000  28510 30
135722.000000  28519 30
135750.000000  28526 30
137516.000000  28993 30
137516.000000  28993 30
137516.000000  28993 30
137550.000000  29002 30
137598.000000  29015 30
137622.000000  29021 30
137624.000000  29021 30
137634.000000  29024 30
137656.000000  29030 30
137678.000000  29036 30
137692.000000  29040 30
137734.000000  29051 30
137736.000000  29051 30
137738.000000  29052 30
137748.000000  29055 30
137760.000000  29058 30
137800.000000  29068 30
137830.000000  29076 30
137888.000000  29091 30
137922.000000  29100 30
137956.000000  29109 30
138010.000000  29124 30
138038.000000  29131 30
138040.000000  29132 30
138108.000000  29150 30
138110.000000  29150 30
138236.000000  29183 30
138316.000000  29205 30
138424.000000  29233 30
138572.000000  29272 30
138578.000000  29274 30
138664.000000  29297 30
138698.000000  29305 30
138722.000000  29312 30
138844.000000  29344 30
139152.000000  29425 30
139154.000000  29426 30
139174.000000  29431 30
139260.000000  29454 30
139260.000000  29454 30
139276.000000  29458 30
139382.000000  29486 30
139434.000000  29500 30
139436.000000  29501 30
139500.000000  29518 30
139520.000000  29523 30
139684.000000  29566 30
139862.000000  29613 30
139886.000000  29619 30
139894.000000  29622 30
139908.000000  29625 30
139938.000000  29633 30
