18364.000000  14 90
18456.000000  72 90
18544.000000  137 90
18654.000000  222 90
18912.000000  423 90
19022.000000  509 90
19024.000000  511 90
19164.000000  620 90
19166.000000  622 90
19196.000000  645 90
19304.000000  730 90
19328.000000  749 90
19358.000000  772 90
19360.000000  773 90
19502.000000  884 90
19518.000000  897 90
19566.000000  935 90
19600.000000  961 90
19630.000000  985 90
19840.000000  1149 90
19842.000000  1150 90
19892.000000  1189 90
19892.000000  1189 90
19918.000000  1210 90
19972.000000  1252 90
20010.000000  1281 90
20046.000000  1310 90
20100.000000  1352 90
20120.000000  1367 90
20170.000000  1407 90
20224.000000  1449 90
20360.000000  1555 90
20418.000000  1601 90
20598.000000  1741 90
20598.000000  1741 90
20598.000000  1741 90
20848.000000  1937 90
20900.000000  1978 90
20982.000000  2042 90
21020.000000  2072 90
21022.000000  2073 90
21288.000000  2281 90
21334.000000  2317 90
21476.000000  2428 90
21534.000000  2474 90
21570.000000  2502 90
21620.000000  2541 90
21636.000000  2554 90
21670.000000  2580 90
21704.000000  2607 90
21756.000000  2647 90
21758.000000  2649 90
21782.000000  2668 90
21794.000000  2677 90
21876.000000  2741 90
21888.000000  2751 90
21904.000000  2763 90
21950.000000  2799 90
21978.000000  2821 90
22010.000000  2846 90
22026.000000  2859 90
22046.000000  2874 90
22306.000000  3078 90
22308.000000  3079 90
22362.000000  3122 90
22376.000000  3133 90
22386.000000  3141 90
22386.000000  3141 90
22386.000000  3141 90
22386.000000  3141 90
22454.000000  3194 90
22456.000000  3195 90
22476.000000  3211 90
22510.000000  3237 90
22512.000000  3239 90
22568.000000  3283 90
22568.000000  3283 90
22568.000000  3283 90
22622.000000  3325 90
22676.000000  3367 90
22766.000000  3438 90
22858.000000  3510 90
22946.000000  3579 90
22946.000000  3579 90
22946.000000  3579 90
23026.000000  3641 90
23026.000000  3641 90
23026.000000  3641 90
23106.000000  3704 90
23118.000000  3713 90
23172.000000  3755 90
23246.000000  3813 90
23272.000000  3834 90
23292.000000  3849 90
23390.000000  3926 90
23520.000000  4028 90
23574.000000  4070 90
23602.000000  4092 90
23604.000000  4094 90
23618.000000  4105 90
23644.000000  4125 90
23644.000000  4125 90
23700.000000  4169 90
23716.000000  4181 90
23770.000000  4224 90
23804.000000  4250 90
23882.000000  4311 90
23932.000000  4351 90
23978.000000  4387 90
23978.000000  4387 90
23992.000000  4398 90
24012.000000  4413 90
24060.000000  4451 90
24072.000000  4460 90
24112.000000  4492 90
24136.000000  4510 90
24158.000000  4527 90
24172.000000  4539 90
24230.000000  4584 90
24230.000000  4584 90
24230.000000  4584 90
24288.000000  4629 90
24302.000000  4640 90
24302.000000  4640 90
24358.000000  4684 90
24392.000000  4711 90
24472.000000  4773 90
24516.000000  4808 90
24528.000000  4817 90
24556.000000  4839 90
24602.000000  4875 90
24602.000000  4875 90
24628.000000  4895 90
24662.000000  4922 90
24676.000000  4933 90
24704.000000  4955 90
24706.000000  4957 90
24724.000000  4971 90
24732.000000  4977 90
24754.000000  4994 90
24796.000000  5027 90
24830.000000  5054 90
24854.000000  5073 90
24886.000000  5098 90
24886.000000  5098 90
24910.000000  -1 90
24910.000000  -1 90
24944.000000  5145 90
24996.000000  5188 90
25022.000000  5209 90
25054.000000  5235 90
25108.000000  5280 90
25142.000000  5308 90
25144.000000  5309 90
25168.000000  5329 90
25176.000000  5336 90
25178.000000  5337 90
25194.000000  5350 90
25196.000000  5352 90
25256.000000  5401 90
25284.000000  5425 90
25336.000000  5467 90
25360.000000  5487 90
25376.000000  5500 90
25392.000000  5513 90
26954.000000  6800 90
26956.000000  6802 90
26980.000000  6821 90
26980.000000  6821 90
27014.000000  6849 90
27038.000000  6869 90
27062.000000  6889 90
27080.000000  6904 90
27102.000000  6922 90
27134.000000  6948 90
27158.000000  6968 90
27172.000000  6979 90
27192.000000  6996 90
27256.000000  7049 90
27274.000000  7064 90
27292.000000  7079 90
27300.000000  7085 90
27330.000000  7110 90
27330.000000  7110 90
27352.000000  7128 90
27366.000000  7139 90
27400.000000  7167 90
27428.000000  7190 90
27430.000000  7192 90
27456.000000  7213 90
27620.000000  7348 90
27622.000000  7350 90
27624.000000  7352 90
27632.000000  7358 90
27634.000000  7360 90
27688.000000  7404 90
27734.000000  7442 90
27794.000000  7492 90
27812.000000  7506 90
27846.000000  7535 90
27872.000000  7556 90
27904.000000  7582 90
27936.000000  7609 90
27956.000000  7625 90
27982.000000  7647 90
28024.000000  7681 90
28026.000000  7683 90
28046.000000  7699 90
28060.000000  7711 90
28092.000000  7737 90
28114.000000  7755 90
28116.000000  7757 90
28150.000000  7785 90
28152.000000  7787 90
28178.000000  7808 90
28212.000000  7836 90
28266.000000  7880 90
28292.000000  7902 90
28308.000000  7915 90
28328.000000  7931 90
28342.000000  7943 90
28370.000000  7966 90
28370.000000  7966 90
28388.000000  7981 90
28414.000000  8002 90
28462.000000  8042 90
28536.000000  8103 90
28548.000000  8113 90
28572.000000  8132 90
28622.000000  8173 90
28630.000000  8180 90
28664.000000  8208 90
28668.000000  8211 90
28720.000000  8254 90
28744.000000  8274 90
28744.000000  8274 90
28760.000000  8287 90
28772.000000  8297 90
28772.000000  8297 90
28800.000000  8320 90
28800.000000  8320 90
28856.000000  8366 90
28890.000000  8394 90
28918.000000  8417 90
28920.000000  8419 90
28972.000000  8462 90
28980.000000  8468 90
29016.000000  8498 90
29066.000000  8539 90
29116.000000  8580 90
29192.000000  8643 90
29268.000000  8705 90
29284.000000  8719 90
29340.000000  8765 90
29354.000000  8776 90
29378.000000  8796 90
29410.000000  8823 90
29434.000000  8842 90
29442.000000  8849 90
29498.000000  8895 90
29558.000000  8944 90
29568.000000  8953 90
29604.000000  8982 90
29646.000000  9017 90
29682.000000  9047 90
29708.000000  9068 90
29756.000000  9107 90
29774.000000  9122 90
29776.000000  9124 90
29808.000000  9150 90
29822.000000  9162 90
29844.000000  9180 90
29846.000000  9182 90
29884.000000  9213 90
29914.000000  9238 90
29972.000000  9285 90
29986.000000  9297 90
30018.000000  9323 90
30072.000000  9368 90
30072.000000  9368 90
30072.000000  9368 90
30096.000000  9387 90
30106.000000  9396 90
30166.000000  9445 90
30168.000000  9447 90
30180.000000  9457 90
30204.000000  9477 90
30282.000000  9541 90
30284.000000  9542 90
30328.000000  9579 90
30328.000000  9579 90
30372.000000  9615 90
30402.000000  9640 90
30416.000000  9651 90
30478.000000  9702 90
30504.000000  9724 90
30518.000000  9735 90
30518.000000  9735 90
30540.000000  9753 90
30562.000000  9771 90
30636.000000  9832 90
30712.000000  9895 90
30746.000000  9923 90
30748.000000  9925 90
30770.000000  9943 90
30784.000000  9954 90
30854.000000  10012 90
30856.000000  10013 90
30900.000000  10050 90
30936.000000  10079 90
30958.000000  10097 90
31008.000000  10139 90
31048.000000  10172 90
31088.000000  10205 90
31128.000000  10237 90
31164.000000  10267 90
31230.000000  10322 90
31232.000000  10323 90
31254.000000  10341 90
31286.000000  10368 90
31308.000000  10386 90
31378.000000  10443 90
31378.000000  10443 90
31442.000000  10496 90
31444.000000  10498 90
31458.000000  10509 90
31518.000000  10559 90
31548.000000  10583 90
31578.000000  10608 90
31604.000000  10629 90
31640.000000  10659 90
31640.000000  10659 90
31678.000000  10691 90
31692.000000  10702 90
31746.000000  10746 90
31778.000000  10773 90
31806.000000  10796 90
31838.000000  10822 90
31900.000000  10873 90
31934.000000  10901 90
31958.000000  10921 90
32016.000000  10969 90
32018.000000  10971 90
32074.000000  11017 90
32132.000000  11065 90
32146.000000  11076 90
32162.000000  11089 90
32196.000000  11117 90
32234.000000  11148 90
32298.000000  11201 90
32318.000000  11218 90
32344.000000  11239 90
32390.000000  11277 90
32430.000000  11310 90
32500.000000  11367 90
32532.000000  11394 90
32588.000000  11440 90
32626.000000  11471 90
32660.000000  11499 90
32714.000000  11544 90
32746.000000  11570 90
32780.000000  11598 90
32828.000000  11637 90
32864.000000  11667 90
32912.000000  11707 90
32962.000000  11748 90
33002.000000  11781 90
33034.000000  11807 90
33084.000000  11848 90
33084.000000  11848 90
33150.000000  11903 90
33152.000000  11905 90
33202.000000  11946 90
33204.000000  11947 90
33230.000000  11969 90
33262.000000  11995 90
33398.000000  12107 90
33400.000000  12109 90
33434.000000  12137 90
33436.000000  12138 90
33528.000000  12214 90
33530.000000  12216 90
33540.000000  12224 90
33562.000000  12242 90
33588.000000  12263 90
33606.000000  12278 90
33622.000000  12292 90
33652.000000  12316 90
33698.000000  12354 90
33700.000000  12356 90
33724.000000  12375 90
33740.000000  12389 90
33740.000000  12389 90
33810.000000  12446 90
33812.000000  12448 90
33816.000000  12451 90
33850.000000  12479 90
33924.000000  12540 90
33960.000000  12570 90
33982.000000  12588 90
33998.000000  12601 90
34070.000000  12660 90
34110.000000  12693 90
34110.000000  12693 90
34142.000000  12720 90
34184.000000  12754 90
34246.000000  12805 90
34284.000000  12837 90
34284.000000  12837 90
34346.000000  12888 90
34384.000000  12919 90
34418.000000  12947 90
34418.000000  12947 90
34444.000000  12969 90
34478.000000  12997 90
34480.000000  12998 90
34530.000000  13039 90
34554.000000  13059 90
34610.000000  13105 90
34684.000000  13166 90
34686.000000  13168 90
34732.000000  13206 90
34732.000000  13206 90
34758.000000  13227 90
34768.000000  13235 90
34806.000000  13267 90
34844.000000  13298 90
34844.000000  13298 90
34866.000000  13316 90
34886.000000  13333 90
34922.000000  13362 90
34972.000000  13403 90
34974.000000  13405 90
35014.000000  13438 90
35062.000000  13477 90
35096.000000  13505 90
35098.000000  13507 90
35126.000000  13530 90
35186.000000  13580 90
35188.000000  13581 90
35242.000000  13626 90
35256.000000  13637 90
35316.000000  13687 90
35318.000000  13688 90
35328.000000  13697 90
35348.000000  13713 90
35384.000000  13743 90
35384.000000  13743 90
35424.000000  13776 90
35426.000000  13777 90
35454.000000  13800 90
35458.000000  13804 90
35458.000000  13804 90
35486.000000  13827 90
35512.000000  13848 90
35522.000000  13856 90
35540.000000  13871 90
35540.000000  13871 90
35590.000000  13912 90
35592.000000  13914 90
35608.000000  13927 90
35646.000000  13959 90
35682.000000  13988 90
35716.000000  14016 90
35772.000000  14062 90
35774.000000  14064 90
35902.000000  14169 90
35904.000000  14171 90
35962.000000  14219 90
35964.000000  14220 90
35994.000000  14245 90
35996.000000  14247 90
36018.000000  14265 90
36074.000000  14311 90
36106.000000  14337 90
36198.000000  14413 90
36292.000000  14491 90
36342.000000  14532 90
36398.000000  14578 90
36432.000000  14606 90
36432.000000  14606 90
36466.000000  14634 90
36500.000000  14662 90
36502.000000  14663 90
36552.000000  14705 90
36554.000000  14706 90
36584.000000  14731 90
36598.000000  14743 90
36648.000000  14784 90
36696.000000  14823 90
36708.000000  14833 90
36744.000000  14863 90
36744.000000  14863 90
36764.000000  14879 90
36812.000000  14919 90
36838.000000  14940 90
36908.000000  14998 90
37150.000000  15197 90
37152.000000  15199 90
37238.000000  15270 90
37240.000000  15271 90
37272.000000  15298 90
37272.000000  15298 90
37328.000000  15344 90
37330.000000  15345 90
37358.000000  15369 90
37414.000000  15415 90
37414.000000  15415 90
37444.000000  15439 90
37496.000000  15482 90
37498.000000  15484 90
37534.000000  15514 90
37576.000000  15548 90
37622.000000  15586 90
37656.000000  15614 90
37838.000000  15764 90
37840.000000  15766 90
37866.000000  15787 90
37868.000000  15789 90
37894.000000  15810 90
37922.000000  15833 90
37936.000000  15845 90
37972.000000  15875 90
38000.000000  15898 90
38034.000000  15925 90
38050.000000  15939 90
38052.000000  15940 90
38062.000000  15949 90
38080.000000  15963 90
38094.000000  15975 90
38128.000000  16003 90
38128.000000  16003 90
38164.000000  16033 90
38216.000000  16075 90
38228.000000  16085 90
38244.000000  16099 90
38298.000000  16143 90
38332.000000  16171 90
38364.000000  16197 90
38400.000000  16227 90
38432.000000  16254 90
38448.000000  16267 90
38482.000000  16295 90
38482.000000  16295 90
38546.000000  16347 90
38578.000000  16374 90
38592.000000  16385 90
38638.000000  16423 90
38664.000000  16445 90
38698.000000  16473 90
38712.000000  16484 90
38728.000000  16497 90
38778.000000  16539 90
38814.000000  16568 90
38814.000000  16568 90
38838.000000  16588 90
38852.000000  16599 90
38874.000000  16618 90
38888.000000  16629 90
38920.000000  16656 90
38954.000000  16684 90
38956.000000  16685 90
38978.000000  16703 90
39076.000000  16784 90
39104.000000  16807 90
39104.000000  16807 90
39104.000000  16807 90
39156.000000  16850 90
39212.000000  16896 90
39232.000000  16913 90
39264.000000  16939 90
39300.000000  16969 90
39300.000000  16969 90
39300.000000  16969 90
39300.000000  16969 90
39392.000000  17044 90
39420.000000  17067 90
39436.000000  17081 90
39450.000000  17092 90
39508.000000  17140 90
39524.000000  17153 90
39554.000000  17178 90
39568.000000  17189 90
39628.000000  17239 90
39630.000000  17240 90
39662.000000  17267 90
39664.000000  17268 90
39716.000000  17311 90
39740.000000  17331 90
39796.000000  17377 90
39830.000000  17405 90
39852.000000  17423 90
39898.000000  17461 90
39922.000000  17481 90
39950.000000  17504 90
39970.000000  17520 90
39972.000000  17522 90
39996.000000  17542 90
40038.000000  17576 90
40058.000000  17593 90
40080.000000  17611 90
40080.000000  17611 90
40104.000000  17631 90
40138.000000  17659 90
40182.000000  17695 90
40258.000000  17757 90
40292.000000  17785 90
40292.000000  17785 90
40356.000000  17838 90
40378.000000  17856 90
40412.000000  17884 90
40434.000000  17902 90
40488.000000  17947 90
40534.000000  17985 90
40554.000000  18001 90
40600.000000  18039 90
40640.000000  18072 90
40678.000000  18103 90
40690.000000  18113 90
40708.000000  18128 90
40736.000000  18151 90
40784.000000  18191 90
40820.000000  18220 90
40872.000000  18263 90
40896.000000  18283 90
40952.000000  18329 90
40962.000000  18337 90
41016.000000  18382 90
41030.000000  18393 90
41092.000000  18444 90
41126.000000  18472 90
41158.000000  18499 90
41190.000000  18525 90
41228.000000  18556 90
41252.000000  18576 90
41286.000000  18604 90
41310.000000  18624 90
41334.000000  18643 90
41366.000000  18670 90
41396.000000  18695 90
41424.000000  18718 90
41440.000000  18731 90
41472.000000  18757 90
41506.000000  18785 90
41560.000000  18829 90
41586.000000  18851 90
41586.000000  18851 90
41620.000000  18879 90
41650.000000  18904 90
41662.000000  18913 90
41698.000000  18943 90
41752.000000  18988 90
41774.000000  19006 90
41792.000000  19021 90
41836.000000  19057 90
41836.000000  19057 90
41864.000000  19080 90
41894.000000  19105 90
41924.000000  19129 90
41952.000000  19152 90
41998.000000  19190 90
41998.000000  19190 90
42032.000000  19218 90
42048.000000  19231 90
42080.000000  19258 90
42094.000000  19269 90
42148.000000  19314 90
42170.000000  19332 90
42170.000000  19332 90
42204.000000  19360 90
42278.000000  19421 90
42314.000000  19450 90
42346.000000  19477 90
42380.000000  19505 90
42404.000000  19524 90
42428.000000  19544 90
42468.000000  19577 90
42520.000000  19620 90
42570.000000  19661 90
42608.000000  19692 90
42662.000000  19737 90
42740.000000  19801 90
42776.000000  19831 90
42804.000000  19854 90
42804.000000  19854 90
42804.000000  19854 90
42836.000000  19880 90
42888.000000  19923 90
42890.000000  19925 90
42916.000000  19946 90
42930.000000  19957 90
42982.000000  20000 90
43010.000000  20023 90
43056.000000  20061 90
43068.000000  20071 90
43114.000000  20109 90
43150.000000  20139 90
43196.000000  20177 90
43242.000000  20214 90
43264.000000  20233 90
43278.000000  20244 90
43304.000000  20265 90
43352.000000  20305 90
43396.000000  20341 90
43420.000000  20361 90
43432.000000  20371 90
43486.000000  20415 90
43582.000000  20494 90
43640.000000  20542 90
43642.000000  20544 90
43674.000000  20570 90
43752.000000  20634 90
43770.000000  20649 90
43770.000000  20649 90
43818.000000  20689 90
43836.000000  20703 90
43864.000000  20727 90
43880.000000  20740 90
43958.000000  20804 90
43978.000000  20821 90
44002.000000  20840 90
44060.000000  20888 90
44062.000000  20890 90
44072.000000  20898 90
44090.000000  20913 90
44120.000000  20937 90
44154.000000  20965 90
44156.000000  20967 90
44176.000000  20984 90
44184.000000  20990 90
44198.000000  21002 90
44252.000000  21046 90
44276.000000  21066 90
44290.000000  21077 90
44300.000000  21086 90
44308.000000  21092 90
44336.000000  21115 90
44336.000000  21115 90
44376.000000  21148 90
44428.000000  21191 90
44454.000000  21213 90
44486.000000  21239 90
44534.000000  21278 90
44556.000000  21297 90
44556.000000  21297 90
44590.000000  21325 90
44638.000000  21364 90
44672.000000  21392 90
44672.000000  21392 90
44700.000000  21415 90
44702.000000  21417 90
44716.000000  21428 90
44748.000000  21455 90
44780.000000  21481 90
44838.000000  21529 90
44872.000000  21557 90
44900.000000  21580 90
44912.000000  21590 90
44912.000000  21590 90
44940.000000  21613 90
44990.000000  21654 90
45010.000000  21671 90
45068.000000  21718 90
45088.000000  21735 90
45108.000000  21751 90
45132.000000  21771 90
45154.000000  21789 90
45180.000000  21811 90
45180.000000  21811 90
45224.000000  21847 90
45250.000000  21868 90
45302.000000  21911 90
45366.000000  21964 90
45400.000000  21992 90
45454.000000  22036 90
45528.000000  22097 90
45582.000000  22142 90
45616.000000  22169 90
45652.000000  22199 90
45680.000000  22222 90
45726.000000  22260 90
45734.000000  22267 90
45756.000000  22285 90
45786.000000  22310 90
45786.000000  22310 90
45816.000000  22334 90
45836.000000  22351 90
45884.000000  22390 90
45884.000000  22390 90
45926.000000  22425 90
45960.000000  22453 90
45984.000000  22473 90
46016.000000  22499 90
46040.000000  22519 90
46072.000000  22545 90
46072.000000  22545 90
46096.000000  22565 90
46128.000000  22591 90
46128.000000  22591 90
46162.000000  22619 90
46232.000000  22677 90
46232.000000  22677 90
46232.000000  22677 90
46262.000000  22701 90
46264.000000  22703 90
46292.000000  22726 90
46324.000000  22753 90
46370.000000  22791 90
46400.000000  22815 90
46436.000000  22845 90
46482.000000  22883 90
46506.000000  22903 90
46506.000000  22903 90
46554.000000  22942 90
46590.000000  22972 90
46622.000000  22998 90
46624.000000  23000 90
46676.000000  23043 90
46700.000000  23062 90
46760.000000  23112 90
46762.000000  23113 90
46790.000000  23137 90
46822.000000  23163 90
46914.000000  23239 90
46944.000000  23263 90
46960.000000  23277 90
46962.000000  23278 90
46980.000000  23293 90
46980.000000  23293 90
47012.000000  23319 90
47040.000000  23342 90
47114.000000  23403 90
47134.000000  23420 90
47180.000000  23458 90
47192.000000  23467 90
47304.000000  23560 90
47304.000000  23560 90
47330.000000  23581 90
47422.000000  23657 90
47460.000000  23688 90
47474.000000  23700 90
47532.000000  23748 90
47558.000000  23769 90
47622.000000  23822 90
47726.000000  23907 90
47880.000000  24034 90
47988.000000  24123 90
48116.000000  24229 90
48400.000000  24463 90
48502.000000  24547 90
48504.000000  24548 90
48712.000000  24720 90
48720.000000  24726 90
48864.000000  24845 90
48864.000000  24845 90
48978.000000  24939 90
49008.000000  24963 90
49104.000000  25043 90
49234.000000  25150 90
49234.000000  25150 90
49342.000000  25239 90
49416.000000  25300 90
49604.000000  25454 90
49624.000000  25471 90
49684.000000  25520 90
49744.000000  25570 90
49744.000000  25570 90
49762.000000  25585 90
49792.000000  25609 90
49848.000000  25655 90
49850.000000  25657 90
49872.000000  25675 90
49888.000000  25689 90
49922.000000  25716 90
49924.000000  25718 90
49976.000000  25761 90
49978.000000  25763 90
50006.000000  25786 90
50044.000000  25817 90
50046.000000  25819 90
50066.000000  25835 90
50080.000000  25847 90
50752.000000  26400 90
50754.000000  26402 90
50838.000000  26471 90
51040.000000  26637 90
51040.000000  26637 90
51104.000000  26690 90
51106.000000  26692 90
51176.000000  26749 90
51202.000000  26771 90
51410.000000  26942 90
51436.000000  26964 90
51454.000000  26979 90
51626.000000  27120 90
51722.000000  27199 90
51756.000000  27227 90
51792.000000  27257 90
51828.000000  27287 90
51958.000000  27394 90
51960.000000  27395 90
51992.000000  27422 90
52014.000000  27440 90
52014.000000  27440 90
52120.000000  27527 90
52150.000000  27552 90
52256.000000  27639 90
52314.000000  27687 90
52348.000000  27715 90
52348.000000  27715 90
52380.000000  27741 90
52446.000000  27796 90
52446.000000  27796 90
52592.000000  27916 90
52622.000000  27941 90
52650.000000  27964 90
52690.000000  27997 90
52710.000000  28013 90
52834.000000  28115 90
52918.000000  28185 90
52936.000000  28199 90
52936.000000  28199 90
52982.000000  28237 90
53056.000000  28298 90
53128.000000  28357 90
53128.000000  28357 90
53128.000000  28357 90
53158.000000  28382 90
53158.000000  28382 90
53184.000000  28404 90
53216.000000  28430 90
53286.000000  28488 90
53300.000000  28499 90
53314.000000  28511 90
53350.000000  28540 90
53352.000000  28542 90
53442.000000  28616 90
53460.000000  28631 90
53478.000000  28646 90
53544.000000  28700 90
53546.000000  28702 90
53766.000000  28883 90
53876.000000  28973 90
53954.000000  29038 90
54002.000000  29077 90
54050.000000  29117 90
54086.000000  29147 90
54150.000000  29199 90
54150.000000  29199 90
54242.000000  29275 90
54316.000000  29336 90
54390.000000  29397 90
54414.000000  29417 90
54538.000000  29519 90
54590.000000  29561 90
54626.000000  29591 90
54850.000000  29775 90
54914.000000  29828 90
54916.000000  29830 90
54936.000000  29846 90
54936.000000  29846 90
55078.000000  29963 90
55140.000000  30014 90
55196.000000  30060 90
55368.000000  30202 90
55398.000000  30227 90
55430.000000  30253 90
55446.000000  30266 90
55448.000000  30268 90
55460.000000  30278 90
55462.000000  30279 90
55474.000000  30289 90
55516.000000  30324 90
55574.000000  30371 90
55586.000000  30381 90
55610.000000  30401 90
55666.000000  30447 90
55702.000000  30477 90
55704.000000  30479 90
55724.000000  30495 90
55756.000000  30521 90
55778.000000  30539 90
55792.000000  30551 90
55824.000000  30577 90
55866.000000  30612 90
55872.000000  30617 90
55908.000000  30646 90
55952.000000  30683 90
55976.000000  30702 90
55976.000000  30702 90
55992.000000  30715 90
56040.000000  30755 90
56052.000000  30765 90
56070.000000  30780 90
56122.000000  30823 90
56150.000000  30845 90
56268.000000  30943 90
56354.000000  31013 90
56354.000000  31013 90
56380.000000  31035 90
56442.000000  31086 90
56444.000000  31087 90
56472.000000  31111 90
56558.000000  31181 90
56560.000000  31183 90
56622.000000  31234 90
56720.000000  31315 90
56786.000000  31369 90
56968.000000  31519 90
56970.000000  31521 90
57044.000000  31582 90
57060.000000  31595 90
57126.000000  31649 90
57138.000000  31659 90
57152.000000  31671 90
57200.000000  31710 90
57200.000000  31710 90
57262.000000  31761 90
57370.000000  31850 90
57392.000000  31868 90
57400.000000  31875 90
57400.000000  31875 90
57464.000000  31928 90
57494.000000  31952 90
57526.000000  31979 90
57554.000000  32002 90
57612.000000  32049 90
57648.000000  32079 90
57650.000000  32081 90
57700.000000  32122 90
57724.000000  32141 90
57772.000000  32181 90
57828.000000  32227 90
57886.000000  32275 90
57910.000000  32295 90
57926.000000  32308 90
57980.000000  32352 90
57982.000000  32354 90
58012.000000  32379 90
58058.000000  32417 90
58074.000000  32430 90
58140.000000  32484 90
58174.000000  32512 90
58248.000000  32573 90
58260.000000  32583 90
58324.000000  32635 90
58326.000000  32637 90
58352.000000  32659 90
58412.000000  32708 90
58414.000000  32710 90
58454.000000  32743 90
58478.000000  32762 90
58512.000000  32790 90
58546.000000  32818 90
58546.000000  32818 90
58576.000000  32843 90
58576.000000  32843 90
58602.000000  32864 90
58640.000000  32896 90
58704.000000  32948 90
58738.000000  32977 90
58740.000000  32978 90
58772.000000  33005 90
58806.000000  33033 90
58830.000000  33052 90
58842.000000  33062 90
58866.000000  33082 90
58922.000000  33128 90
58922.000000  33128 90
58956.000000  33156 90
60126.000000  34120 90
60128.000000  34121 90
60130.000000  34123 90
60158.000000  34146 90
60182.000000  34166 90
60192.000000  34174 90
60278.000000  34245 90
60292.000000  34257 90
60292.000000  34257 90
60330.000000  34288 90
60338.000000  34294 90
60358.000000  34311 90
60408.000000  34352 90
60452.000000  34388 90
60486.000000  34416 90
60486.000000  34416 90
60550.000000  34469 90
60570.000000  34485 90
60626.000000  34532 90
60642.000000  34545 90
60674.000000  34571 90
60704.000000  34596 90
60736.000000  34622 90
60772.000000  34652 90
60824.000000  34695 90
60824.000000  34695 90
60850.000000  34716 90
60882.000000  34742 90
60904.000000  34761 90
60904.000000  34761 90
60938.000000  34789 90
60972.000000  34816 90
61010.000000  34848 90
61034.000000  34867 90
61070.000000  34897 90
61106.000000  34927 90
61126.000000  34943 90
61174.000000  34983 90
61214.000000  35016 90
61234.000000  35032 90
61244.000000  35040 90
61254.000000  35049 90
61280.000000  35070 90
61306.000000  35091 90
61308.000000  35093 90
61360.000000  35136 90
61360.000000  35136 90
61378.000000  35151 90
61450.000000  35210 90
61450.000000  35210 90
61468.000000  35225 90
61498.000000  35249 90
61500.000000  35251 90
61530.000000  35276 90
61532.000000  35277 90
61544.000000  35287 90
61576.000000  35314 90
61578.000000  35315 90
61618.000000  35348 90
61666.000000  35388 90
61710.000000  35424 90
61710.000000  35424 90
61746.000000  35454 90
61800.000000  35498 90
61826.000000  35520 90
61918.000000  35595 90
61930.000000  35605 90
61962.000000  35632 90
62038.000000  35694 90
62166.000000  35799 90
62202.000000  35829 90
62298.000000  35908 90
62314.000000  35921 90
62324.000000  35930 90
62344.000000  35946 90
62392.000000  35986 90
62432.000000  36019 90
62474.000000  36053 90
62512.000000  36084 90
62550.000000  36116 90
62550.000000  36116 90
62610.000000  36165 90
62642.000000  36191 90
62670.000000  36215 90
62700.000000  36239 90
62734.000000  36267 90
62756.000000  36285 90
62756.000000  36285 90
62756.000000  36285 90
62756.000000  36285 90
62824.000000  36341 90
62856.000000  36368 90
62880.000000  36387 90
62912.000000  36414 90
62946.000000  36442 90
62946.000000  36442 90
62962.000000  36455 90
63010.000000  36494 90
63044.000000  36522 90
63090.000000  36560 90
63092.000000  36562 90
63114.000000  36580 90
63134.000000  36597 90
63142.000000  36603 90
63198.000000  36649 90
63256.000000  36697 90
63290.000000  36725 90
63318.000000  36748 90
63320.000000  36750 90
63348.000000  36773 90
63382.000000  36801 90
63404.000000  36819 90
63438.000000  36847 90
63470.000000  36873 90
63504.000000  36901 90
63504.000000  36901 90
63550.000000  36939 90
63550.000000  36939 90
63594.000000  36975 90
63624.000000  37000 90
63624.000000  37000 90
63644.000000  37017 90
63654.000000  37025 90
63694.000000  37058 90
63696.000000  37059 90
63714.000000  37074 90
63744.000000  37099 90
63778.000000  37127 90
63816.000000  37158 90
63866.000000  37199 90
63898.000000  37226 90
63900.000000  37227 90
63952.000000  37270 90
63976.000000  37290 90
64032.000000  37336 90
64046.000000  37347 90
64064.000000  37362 90
64122.000000  37410 90
64124.000000  37412 90
64152.000000  37435 90
64170.000000  37450 90
64204.000000  37477 90
64268.000000  37530 90
64284.000000  37543 90
64332.000000  37583 90
64370.000000  37614 90
64372.000000  37616 90
64410.000000  37647 90
64422.000000  37657 90
64468.000000  37695 90
64504.000000  37725 90
64528.000000  37744 90
64536.000000  37751 90
64544.000000  37758 90
64580.000000  37787 90
64582.000000  37789 90
64632.000000  37830 90
64656.000000  37850 90
64668.000000  37860 90
64668.000000  37860 90
64668.000000  37860 90
64668.000000  37860 90
64752.000000  37929 90
64752.000000  37929 90
64752.000000  37929 90
64762.000000  37937 90
64822.000000  37986 90
64834.000000  37996 90
64850.000000  38009 90
64894.000000  38046 90
64910.000000  38059 90
64938.000000  38082 90
64954.000000  38095 90
64984.000000  38120 90
64984.000000  38120 90
65002.000000  -1 90
65002.000000  -1 90
65034.000000  38161 90
65048.000000  38173 90
65064.000000  38186 90
65086.000000  38204 90
65116.000000  38229 90
65178.000000  38280 90
65242.000000  38333 90
65276.000000  38360 90
65332.000000  38407 90
65334.000000  38408 90
65354.000000  38425 90
65386.000000  38451 90
65410.000000  38471 90
65442.000000  38497 90
65480.000000  38528 90
65480.000000  38528 90
65514.000000  38556 90
65564.000000  38598 90
65604.000000  38631 90
65696.000000  38706 90
65802.000000  38794 90
65884.000000  38861 90
65940.000000  38907 90
65974.000000  38935 90
65996.000000  38953 90
65998.000000  38955 90
66052.000000  38999 90
66052.000000  38999 90
66154.000000  39083 90
66184.000000  39108 90
66274.000000  39182 90
66310.000000  39212 90
66322.000000  39222 90
66334.000000  39231 90
66350.000000  39245 90
66418.000000  39301 90
66444.000000  39322 90
66458.000000  39334 90
66516.000000  39381 90
66558.000000  39416 90
66612.000000  39460 90
66642.000000  39485 90
66654.000000  39495 90
66682.000000  39518 90
66684.000000  39519 90
66712.000000  39543 90
66734.000000  39561 90
66768.000000  39589 90
66782.000000  39600 90
66800.000000  39615 90
66810.000000  39623 90
66832.000000  39641 90
66832.000000  39641 90
66860.000000  39664 90
66880.000000  39681 90
66894.000000  39692 90
66932.000000  39724 90
66952.000000  39740 90
66952.000000  39740 90
66968.000000  39753 90
66984.000000  39767 90
67032.000000  39806 90
67068.000000  39836 90
67096.000000  39859 90
67098.000000  39860 90
67124.000000  39882 90
67124.000000  39882 90
67150.000000  39903 90
67182.000000  39929 90
67204.000000  39947 90
67238.000000  39975 90
67266.000000  39999 90
67276.000000  40007 90
67330.000000  40051 90
67354.000000  40071 90
67380.000000  40092 90
67392.000000  40102 90
67428.000000  40132 90
67470.000000  40166 90
67482.000000  40176 90
67530.000000  40216 90
67530.000000  40216 90
67564.000000  40244 90
67578.000000  40255 90
67618.000000  40288 90
67658.000000  40321 90
67682.000000  40341 90
67746.000000  40394 90
67748.000000  40395 90
67782.000000  40423 90
67834.000000  40466 90
67836.000000  40468 90
67938.000000  40552 90
67996.000000  40599 90
68024.000000  40623 90
68050.000000  40644 90
68080.000000  40669 90
68098.000000  40683 90
68116.000000  40698 90
68118.000000  40700 90
68148.000000  40725 90
68196.000000  40764 90
68236.000000  40797 90
68266.000000  40822 90
68310.000000  40858 90
68312.000000  40859 90
68346.000000  40887 90
68402.000000  40934 90
68404.000000  40935 90
68424.000000  40952 90
68456.000000  40978 90
68480.000000  40998 90
68536.000000  41044 90
68568.000000  41070 90
68570.000000  41072 90
68596.000000  41093 90
68692.000000  41172 90
68758.000000  41227 90
68830.000000  41286 90
68950.000000  41385 90
69026.000000  41447 90
69082.000000  41493 90
69116.000000  41521 90
69142.000000  41543 90
69158.000000  41556 90
69192.000000  41584 90
69230.000000  41615 90
69264.000000  41643 90
69264.000000  41643 90
69300.000000  41673 90
69302.000000  41674 90
69380.000000  41739 90
69380.000000  41739 90
69380.000000  41739 90
69464.000000  41808 90
69492.000000  41831 90
69492.000000  41831 90
69522.000000  41855 90
69580.000000  41903 90
69664.000000  41973 90
69718.000000  42017 90
69748.000000  42042 90
69750.000000  42043 90
69752.000000  42045 90
69768.000000  42058 90
69794.000000  42079 90
69794.000000  42079 90
69826.000000  42106 90
69828.000000  42107 90
69876.000000  42147 90
69970.000000  42224 90
69972.000000  42226 90
70008.000000  42255 90
70026.000000  42270 90
70096.000000  42328 90
70096.000000  42328 90
70206.000000  42419 90
70338.000000  42527 90
70470.000000  42636 90
70532.000000  42687 90
70534.000000  42688 90
70562.000000  42711 90
70604.000000  42746 90
70636.000000  42773 90
70656.000000  42789 90
70710.000000  42833 90
70740.000000  42858 90
70772.000000  42884 90
70824.000000  42927 90
70862.000000  42959 90
70882.000000  42975 90
70934.000000  43018 90
70936.000000  43019 90
70966.000000  43044 90
71022.000000  43090 90
71078.000000  43136 90
71112.000000  43164 90
71164.000000  43207 90
71194.000000  43232 90
71248.000000  43276 90
71296.000000  43315 90
71296.000000  43315 90
71324.000000  43339 90
71324.000000  43339 90
71374.000000  43380 90
71376.000000  43381 90
71414.000000  43413 90
71456.000000  43447 90
71496.000000  43480 90
71544.000000  43520 90
71578.000000  43548 90
71632.000000  43592 90
71662.000000  43617 90
71676.000000  43628 90
71730.000000  43673 90
71802.000000  43732 90
71804.000000  43734 90
71808.000000  43737 90
71826.000000  43752 90
71856.000000  43777 90
71858.000000  43778 90
71926.000000  43834 90
71976.000000  43875 90
71976.000000  43875 90
72028.000000  43918 90
72082.000000  43962 90
72110.000000  43985 90
72202.000000  44061 90
72238.000000  44091 90
72312.000000  44152 90
72376.000000  44204 90
72412.000000  44234 90
72440.000000  44257 90
72442.000000  44259 90
72472.000000  44283 90
72550.000000  44347 90
72586.000000  44377 90
72598.000000  44387 90
72632.000000  44415 90
72678.000000  44453 90
72706.000000  44476 90
72764.000000  44524 90
72848.000000  44593 90
72864.000000  44606 90
72898.000000  44634 90
72952.000000  44678 90
72974.000000  44697 90
72988.000000  44708 90
73080.000000  44784 90
73082.000000  44785 90
73084.000000  44787 90
73112.000000  44810 90
73158.000000  44848 90
73170.000000  44858 90
73218.000000  44897 90
73240.000000  44915 90
73254.000000  44927 90
73272.000000  44942 90
73344.000000  45001 90
73384.000000  45034 90
73438.000000  45079 90
73474.000000  45108 90
73528.000000  45153 90
73530.000000  45154 90
73582.000000  45197 90
73608.000000  45219 90
73642.000000  45247 90
73728.000000  45317 90
73762.000000  45345 90
73790.000000  45369 90
73792.000000  45370 90
73822.000000  45395 90
73822.000000  45395 90
73868.000000  45433 90
73910.000000  45467 90
73968.000000  45515 90
74006.000000  45546 90
74042.000000  45576 90
74072.000000  45601 90
74104.000000  45627 90
74104.000000  45627 90
74158.000000  45671 90
74190.000000  45698 90
74246.000000  45744 90
74280.000000  45772 90
74310.000000  45797 90
74310.000000  45797 90
74334.000000  45816 90
74382.000000  45856 90
74384.000000  45857 90
74458.000000  45919 90
74518.000000  45968 90
74580.000000  46019 90
74616.000000  46049 90
74636.000000  46065 90
74656.000000  46081 90
74676.000000  46098 90
74696.000000  46115 90
74712.000000  46128 90
74712.000000  46128 90
74746.000000  46156 90
74770.000000  46175 90
74780.000000  46184 90
74812.000000  46210 90
74842.000000  46235 90
74844.000000  46236 90
74878.000000  46264 90
74880.000000  46266 90
74950.000000  46324 90
75008.000000  46371 90
75008.000000  46371 90
75022.000000  46383 90
75054.000000  46409 90
75092.000000  46440 90
75092.000000  46440 90
75150.000000  46488 90
75152.000000  46490 90
75198.000000  46528 90
75280.000000  46595 90
75282.000000  46597 90
75330.000000  46636 90
75354.000000  46656 90
75420.000000  46711 90
75478.000000  46758 90
75494.000000  46771 90
75548.000000  46816 90
75564.000000  46829 90
75596.000000  46855 90
75650.000000  46900 90
75692.000000  46934 90
75722.000000  46959 90
75756.000000  46987 90
75810.000000  47031 90
75888.000000  47096 90
75890.000000  47097 90
75910.000000  47114 90
75924.000000  47125 90
75958.000000  47153 90
75998.000000  47186 90
76034.000000  47216 90
76036.000000  47218 90
76056.000000  47234 90
76088.000000  47261 90
76120.000000  47287 90
76154.000000  47315 90
76194.000000  47348 90
76232.000000  47379 90
76234.000000  47381 90
76284.000000  47422 90
76314.000000  47447 90
76350.000000  47476 90
76382.000000  47503 90
76394.000000  47512 90
76420.000000  47534 90
76442.000000  47552 90
76460.000000  47567 90
76474.000000  47578 90
76488.000000  47590 90
76488.000000  47590 90
76518.000000  47614 90
76554.000000  47644 90
76570.000000  47657 90
76586.000000  47671 90
76622.000000  47700 90
76662.000000  47733 90
76684.000000  47751 90
76718.000000  47779 90
76740.000000  47797 90
76774.000000  47825 90
76804.000000  47850 90
76838.000000  47878 90
76860.000000  47896 90
76894.000000  47924 90
76896.000000  47925 90
76924.000000  47949 90
76958.000000  47977 90
76994.000000  48006 90
76996.000000  48008 90
77030.000000  48036 90
77102.000000  48095 90
77102.000000  48095 90
77128.000000  48117 90
77176.000000  48156 90
77266.000000  48230 90
77266.000000  48230 90
77302.000000  48260 90
77356.000000  48304 90
77384.000000  48327 90
77386.000000  48329 90
77418.000000  48355 90
77470.000000  48398 90
77472.000000  48400 90
77502.000000  48424 90
77502.000000  48424 90
77558.000000  -1 90
77558.000000  -1 90
77574.000000  48484 90
77628.000000  48528 90
77660.000000  48555 90
77676.000000  48567 90
77712.000000  48597 90
77740.000000  48620 90
77788.000000  48660 90
77808.000000  48676 90
77836.000000  48699 90
77870.000000  48727 90
77884.000000  48739 90
77918.000000  48767 90
77918.000000  48767 90
77974.000000  48813 90
77976.000000  48815 90
78008.000000  48841 90
78044.000000  48871 90
78058.000000  48882 90
78112.000000  48927 90
78136.000000  48947 90
78200.000000  48999 90
78202.000000  49001 90
78232.000000  49025 90
78278.000000  49063 90
78308.000000  49088 90
78308.000000  49088 90
78356.000000  49128 90
78356.000000  49128 90
78388.000000  49154 90
78434.000000  49192 90
78468.000000  49220 90
78516.000000  49259 90
78554.000000  49291 90
78612.000000  49339 90
78646.000000  49367 90
78670.000000  49386 90
78702.000000  49413 90
78728.000000  49434 90
78728.000000  49434 90
78792.000000  49487 90
78792.000000  49487 90
78850.000000  49534 90
78884.000000  49562 90
78932.000000  49602 90
78952.000000  49618 90
79000.000000  49658 90
79044.000000  49694 90
79084.000000  49727 90
79122.000000  49758 90
79162.000000  49791 90
79194.000000  49818 90
79252.000000  49865 90
79284.000000  49892 90
79286.000000  49893 90
79316.000000  49918 90
79316.000000  49918 90
79352.000000  49948 90
79382.000000  49972 90
79416.000000  50000 90
79440.000000  50020 90
79496.000000  50066 90
79536.000000  50099 90
79554.000000  50114 90
79586.000000  50140 90
79634.000000  50180 90
79672.000000  50211 90
79710.000000  50242 90
79742.000000  50269 90
79768.000000  50290 90
79768.000000  50290 90
79800.000000  50316 90
79836.000000  50346 90
79868.000000  50372 90
79894.000000  50394 90
79928.000000  50422 90
79960.000000  50448 90
80024.000000  50501 90
80026.000000  50503 90
80040.000000  50514 90
80110.000000  50572 90
80112.000000  50573 90
80136.000000  50593 90
80182.000000  50631 90
80220.000000  50662 90
80240.000000  50679 90
80254.000000  50690 90
80276.000000  50708 90
80302.000000  50730 90
80326.000000  50749 90
80374.000000  50789 90
80420.000000  50827 90
80450.000000  50852 90
80470.000000  50868 90
80486.000000  50881 90
80502.000000  50895 90
80532.000000  50919 90
80564.000000  50945 90
80566.000000  50947 90
80600.000000  50975 90
80654.000000  51020 90
80686.000000  51046 90
80718.000000  51072 90
80742.000000  51092 90
80744.000000  51094 90
80798.000000  51138 90
80798.000000  51138 90
80836.000000  51169 90
80850.000000  51181 90
80902.000000  51224 90
80914.000000  51234 90
80936.000000  51252 90
80986.000000  51293 90
81016.000000  51318 90
81064.000000  51357 90
81088.000000  51377 90
81088.000000  51377 90
81144.000000  51423 90
81178.000000  51451 90
81206.000000  51474 90
81208.000000  51476 90
81268.000000  51525 90
81268.000000  51525 90
81304.000000  51555 90
81328.000000  51575 90
81360.000000  51601 90
81414.000000  51645 90
81438.000000  51665 90
81450.000000  51675 90
81494.000000  51711 90
81540.000000  51749 90
81578.000000  51780 90
81594.000000  51793 90
81610.000000  51807 90
81672.000000  51858 90
81694.000000  51876 90
81710.000000  51889 90
81726.000000  51902 90
81788.000000  51953 90
81790.000000  51955 90
81794.000000  51958 90
81818.000000  51978 90
81842.000000  51998 90
81850.000000  52004 90
81850.000000  52004 90
81910.000000  52054 90
81968.000000  52101 90
81968.000000  52101 90
81984.000000  52115 90
81996.000000  52124 90
82024.000000  52147 90
82046.000000  52165 90
82086.000000  52199 90
82100.000000  52210 90
82132.000000  52236 90
82148.000000  52249 90
82148.000000  52249 90
82164.000000  52263 90
82182.000000  52277 90
82204.000000  52295 90
82256.000000  52338 90
82286.000000  52363 90
82300.000000  52375 90
82346.000000  52413 90
82346.000000  52413 90
82384.000000  52444 90
82442.000000  52491 90
82450.000000  52498 90
82450.000000  52498 90
82484.000000  52526 90
82484.000000  52526 90
82508.000000  52546 90
82508.000000  52546 90
82542.000000  52574 90
82594.000000  52617 90
82624.000000  52641 90
82626.000000  52643 90
82656.000000  52668 90
82680.000000  52687 90
82690.000000  52696 90
82740.000000  52737 90
82782.000000  52771 90
82782.000000  52771 90
82922.000000  52887 90
82952.000000  52911 90
82954.000000  52913 90
83012.000000  52961 90
83012.000000  52961 90
83062.000000  53002 90
83076.000000  53014 90
83076.000000  53014 90
83152.000000  53076 90
83248.000000  53155 90
83320.000000  53215 90
83320.000000  53215 90
83428.000000  53304 90
83456.000000  53327 90
83504.000000  53366 90
83644.000000  53482 90
83728.000000  53551 90
83740.000000  53561 90
83754.000000  53572 90
83778.000000  53592 90
83780.000000  53594 90
83810.000000  53618 90
83810.000000  53618 90
83846.000000  53648 90
83948.000000  53732 90
84002.000000  53776 90
84044.000000  53811 90
84078.000000  53839 90
84078.000000  53839 90
84122.000000  53875 90
84150.000000  53898 90
84158.000000  53905 90
84178.000000  53921 90
84190.000000  53931 90
84192.000000  53933 90
84266.000000  53994 90
84288.000000  54012 90
84318.000000  54037 90
84318.000000  54037 90
84354.000000  54066 90
84356.000000  54068 90
84386.000000  54093 90
84450.000000  54145 90
84452.000000  54147 90
84456.000000  54150 90
84456.000000  54150 90
84488.000000  54177 90
84542.000000  54221 90
84578.000000  54251 90
84578.000000  54251 90
84612.000000  54279 90
84646.000000  54307 90
84696.000000  54348 90
84732.000000  54377 90
84744.000000  54387 90
84766.000000  54405 90
84814.000000  54445 90
84850.000000  54475 90
84876.000000  54496 90
84890.000000  54508 90
84910.000000  54524 90
84956.000000  54562 90
84958.000000  54564 90
85014.000000  54610 90
85048.000000  54638 90
85104.000000  54684 90
85158.000000  54728 90
85180.000000  54747 90
85236.000000  54793 90
85270.000000  54821 90
85296.000000  54842 90
85336.000000  54875 90
85338.000000  54877 90
85354.000000  54890 90
85388.000000  54918 90
85388.000000  54918 90
85388.000000  54918 90
85388.000000  54918 90
85450.000000  54969 90
85472.000000  54987 90
85474.000000  54989 90
85640.000000  55125 90
85676.000000  55155 90
85704.000000  55178 90
85820.000000  55274 90
85836.000000  55287 90
85858.000000  55305 90
85858.000000  55305 90
85920.000000  55356 90
85960.000000  55389 90
86096.000000  55501 90
86134.000000  55532 90
86178.000000  55569 90
86340.000000  55702 90
86404.000000  55755 90
86438.000000  55783 90
86520.000000  55850 90
86738.000000  56030 90
86810.000000  56089 90
86970.000000  56221 90
86970.000000  56221 90
87118.000000  56343 90
87142.000000  56362 90
87326.000000  56514 90
87364.000000  56545 90
87382.000000  56560 90
87474.000000  56635 90
87540.000000  56690 90
87542.000000  56692 90
87594.000000  56734 90
87690.000000  56813 90
87724.000000  56841 90
87778.000000  56886 90
87802.000000  56905 90
87836.000000  56933 90
87870.000000  56961 90
87900.000000  56986 90
88084.000000  57137 90
88202.000000  57235 90
88266.000000  57287 90
88438.000000  57429 90
88440.000000  57431 90
88454.000000  57442 90
88536.000000  57509 90
88538.000000  57511 90
88604.000000  57565 90
88650.000000  57603 90
88670.000000  57620 90
88770.000000  57702 90
88790.000000  57719 90
88886.000000  57798 90
88888.000000  57799 90
89084.000000  57961 90
89120.000000  57990 90
89180.000000  58040 90
89198.000000  58054 90
89200.000000  58056 90
89320.000000  58155 90
89352.000000  58181 90
89380.000000  58204 90
89460.000000  58270 90
89872.000000  58609 90
89872.000000  58609 90
89890.000000  58624 90
89934.000000  58660 90
89970.000000  58690 90
90016.000000  58727 90
90056.000000  58761 90
90102.000000  58798 90
90102.000000  58798 90
90140.000000  58830 90
90142.000000  58831 90
90174.000000  58858 90
90196.000000  58876 90
90292.000000  58955 90
90316.000000  58975 90
90348.000000  59001 90
90372.000000  59021 90
90410.000000  59052 90
90434.000000  59071 90
90476.000000  59106 90
90492.000000  59119 90
90544.000000  59162 90
90580.000000  59192 90
90596.000000  59205 90
90616.000000  59221 90
90636.000000  59238 90
90660.000000  59258 90
90712.000000  59301 90
90712.000000  59301 90
90748.000000  59330 90
90802.000000  59375 90
90828.000000  59396 90
90882.000000  59440 90
90896.000000  59452 90
90950.000000  59496 90
90984.000000  59524 90
91038.000000  59569 90
91040.000000  59571 90
91072.000000  59597 90
91106.000000  59625 90
91146.000000  59658 90
91172.000000  59679 90
91220.000000  59719 90
91242.000000  59737 90
91268.000000  59758 90
91288.000000  59775 90
91346.000000  59822 90
91426.000000  59888 90
91426.000000  59888 90
91486.000000  59937 90
91506.000000  59954 90
91520.000000  59965 90
91544.000000  59985 90
91578.000000  60013 90
91580.000000  60015 90
91604.000000  60035 90
91604.000000  60035 90
91604.000000  60035 90
91604.000000  60035 90
91654.000000  60076 90
91656.000000  60077 90
91702.000000  60115 90
91740.000000  60146 90
91762.000000  60164 90
91780.000000  60179 90
91918.000000  60293 90
91994.000000  60355 90
92032.000000  60387 90
92034.000000  60389 90
92054.000000  60405 90
92114.000000  60454 90
92230.000000  60550 90
92266.000000  60579 90
92288.000000  60597 90
92288.000000  60597 90
92322.000000  60625 90
92340.000000  60640 90
92396.000000  60686 90
92434.000000  60718 90
92470.000000  60747 90
92514.000000  60784 90
92534.000000  60800 90
92582.000000  60840 90
92582.000000  60840 90
92604.000000  60858 90
92666.000000  60909 90
92668.000000  60910 90
92696.000000  60933 90
92696.000000  60933 90
92772.000000  60996 90
92788.000000  61009 90
92790.000000  61011 90
92846.000000  61057 90
92878.000000  61083 90
92932.000000  61127 90
92962.000000  61152 90
92962.000000  61152 90
92962.000000  61152 90
92992.000000  61177 90
92996.000000  61180 90
92996.000000  61180 90
93048.000000  61223 90
93078.000000  61248 90
93086.000000  61254 90
93196.000000  61345 90
93272.000000  61407 90
93272.000000  61407 90
93290.000000  61422 90
93308.000000  61437 90
93364.000000  61483 90
93420.000000  61529 90
93422.000000  61531 90
93442.000000  61547 90
93524.000000  61615 90
93546.000000  61633 90
93580.000000  61661 90
93650.000000  61718 90
93678.000000  61741 90
93680.000000  61743 90
93700.000000  61759 90
93720.000000  61776 90
93766.000000  61814 90
93766.000000  61814 90
93802.000000  61843 90
93848.000000  61881 90
93878.000000  61906 90
93878.000000  61906 90
93916.000000  61937 90
93972.000000  61983 90
94004.000000  62010 90
94030.000000  62031 90
94084.000000  62076 90
94120.000000  62105 90
94174.000000  62150 90
94176.000000  62151 90
94198.000000  62170 90
94232.000000  62197 90
94234.000000  62199 90
94272.000000  62231 90
94322.000000  62271 90
94354.000000  62298 90
94354.000000  62298 90
94388.000000  62326 90
95090.000000  62904 90
95092.000000  62905 90
95114.000000  62923 90
95152.000000  62955 90
95156.000000  62958 90
95184.000000  62981 90
95198.000000  62992 90
95300.000000  63076 90
95302.000000  63078 90
95324.000000  63096 90
95324.000000  63096 90
95358.000000  63124 90
95382.000000  63144 90
95396.000000  63155 90
95430.000000  63183 90
95432.000000  63185 90
95460.000000  63208 90
95462.000000  63209 90
95492.000000  63234 90
95522.000000  63259 90
95524.000000  63261 90
95560.000000  63290 90
95562.000000  63292 90
95618.000000  63338 90
95618.000000  63338 90
95636.000000  63353 90
95684.000000  63392 90
95718.000000  63420 90
95720.000000  63422 90
95736.000000  63435 90
95770.000000  63463 90
95816.000000  63501 90
95818.000000  63503 90
95874.000000  63549 90
95876.000000  63550 90
95882.000000  63555 90
95900.000000  63570 90
95902.000000  63572 90
95958.000000  63618 90
95982.000000  63638 90
96014.000000  63664 90
96038.000000  63684 90
96070.000000  63710 90
96072.000000  63712 90
96150.000000  63776 90
96314.000000  63911 90
96368.000000  63955 90
96546.000000  64102 90
96546.000000  64102 90
96572.000000  64123 90
96626.000000  64168 90
96662.000000  64197 90
96664.000000  64199 90
96738.000000  64260 90
96738.000000  64260 90
96738.000000  64260 90
96796.000000  64308 90
96806.000000  64316 90
96816.000000  64324 90
96816.000000  64324 90
96856.000000  64357 90
96888.000000  64383 90
96890.000000  64385 90
96950.000000  64435 90
96988.000000  64466 90
97000.000000  64476 90
97040.000000  64509 90
97066.000000  64530 90
97094.000000  64553 90
97094.000000  64553 90
97110.000000  64566 90
97142.000000  64593 90
97170.000000  64616 90
97228.000000  64663 90
97242.000000  64675 90
97250.000000  64682 90
97282.000000  64708 90
97282.000000  64708 90
97282.000000  64708 90
97336.000000  64752 90
97358.000000  64771 90
97360.000000  64772 90
97392.000000  64799 90
97424.000000  64825 90
97450.000000  64846 90
97464.000000  64858 90
97482.000000  64873 90
97536.000000  64917 90
97558.000000  64935 90
97560.000000  64937 90
97584.000000  64957 90
97632.000000  64996 90
97686.000000  65041 90
97714.000000  65064 90
97746.000000  65090 90
97760.000000  65101 90
97788.000000  65125 90
97790.000000  65126 90
97822.000000  65153 90
97854.000000  65179 90
97866.000000  65189 90
97902.000000  65218 90
97904.000000  65220 90
97932.000000  65243 90
97964.000000  65269 90
97998.000000  65297 90
98022.000000  65317 90
98030.000000  65324 90
98086.000000  65370 90
98096.000000  65378 90
98146.000000  65419 90
98176.000000  65444 90
98206.000000  65469 90
98310.000000  65554 90
98386.000000  65617 90
98422.000000  65647 90
98448.000000  65668 90
98504.000000  65714 90
98504.000000  65714 90
98562.000000  65762 90
98576.000000  65773 90
98634.000000  65821 90
98634.000000  65821 90
98634.000000  65821 90
98670.000000  65851 90
98672.000000  65852 90
98740.000000  65908 90
98798.000000  65956 90
98798.000000  65956 90
98850.000000  65999 90
98872.000000  66017 90
98924.000000  66060 90
98932.000000  66066 90
98990.000000  66114 90
99086.000000  66193 90
99086.000000  66193 90
99086.000000  66193 90
99092.000000  66198 90
99158.000000  66253 90
99224.000000  66307 90
99284.000000  66356 90
99286.000000  66358 90
99302.000000  66371 90
99330.000000  66394 90
99364.000000  66422 90
99402.000000  66453 90
99402.000000  66453 90
99442.000000  66486 90
99482.000000  66519 90
99498.000000  66532 90
99512.000000  66544 90
99550.000000  66575 90
99580.000000  66600 90
99614.000000  66628 90
99634.000000  66644 90
99648.000000  66656 90
99686.000000  66687 90
99688.000000  66689 90
99722.000000  66717 90
99748.000000  66738 90
99750.000000  66740 90
99806.000000  66786 90
99862.000000  66832 90
99936.000000  66893 90
99972.000000  66923 90
99996.000000  66942 90
100042.000000  66980 90
100136.000000  67058 90
100170.000000  67086 90
100184.000000  67097 90
100228.000000  67133 90
100240.000000  67143 90
100260.000000  67160 90
100308.000000  67199 90
100364.000000  67245 90
100364.000000  67245 90
100374.000000  67254 90
100434.000000  67303 90
100434.000000  67303 90
100434.000000  67303 90
100464.000000  67328 90
100494.000000  67353 90
100550.000000  67399 90
100606.000000  67445 90
100606.000000  67445 90
100670.000000  67497 90
100702.000000  67524 90
100738.000000  67553 90
100744.000000  67558 90
100766.000000  67576 90
100788.000000  67595 90
100790.000000  67596 90
100836.000000  67634 90
100864.000000  67657 90
100910.000000  67695 90
100940.000000  67720 90
100980.000000  67753 90
100982.000000  67754 90
101034.000000  67797 90
101064.000000  67822 90
101066.000000  67823 90
101092.000000  67845 90
101146.000000  67889 90
101180.000000  67917 90
101216.000000  67947 90
101246.000000  67972 90
101262.000000  67985 90
101288.000000  68006 90
101352.000000  68059 90
101354.000000  68061 90
101400.000000  68099 90
101426.000000  68120 90
101436.000000  68128 90
101464.000000  68151 90
101482.000000  68166 90
101540.000000  68214 90
101562.000000  68232 90
101576.000000  68243 90
101600.000000  68263 90
101654.000000  68308 90
101654.000000  68308 90
101670.000000  68321 90
101742.000000  68380 90
101796.000000  68425 90
101890.000000  68502 90
101926.000000  68531 90
101950.000000  68551 90
101988.000000  68582 90
102038.000000  68624 90
102038.000000  68624 90
102056.000000  68638 90
102102.000000  68676 90
102102.000000  68676 90
102150.000000  68716 90
102178.000000  68739 90
102210.000000  68765 90
102316.000000  68852 90
102316.000000  68852 90
102316.000000  68852 90
102392.000000  68915 90
102406.000000  68927 90
102406.000000  68927 90
102460.000000  68971 90
102522.000000  69022 90
102522.000000  69022 90
102558.000000  69052 90
102602.000000  69088 90
102604.000000  69089 90
102626.000000  69107 90
102626.000000  69107 90
102638.000000  69117 90
102660.000000  69135 90
102692.000000  69162 90
102728.000000  69191 90
102786.000000  69239 90
102816.000000  69264 90
102830.000000  69275 90
102926.000000  69355 90
102928.000000  69356 90
102958.000000  69381 90
102982.000000  69401 90
103014.000000  69427 90
103044.000000  69452 90
103076.000000  69478 90
103076.000000  69478 90
103156.000000  69544 90
103190.000000  69572 90
103292.000000  69656 90
103330.000000  69687 90
103374.000000  69723 90
103420.000000  69761 90
103432.000000  69771 90
103448.000000  69784 90
103496.000000  69824 90
103542.000000  69862 90
103542.000000  69862 90
103578.000000  69891 90
103602.000000  69911 90
103634.000000  69937 90
103658.000000  69957 90
103690.000000  69984 90
103794.000000  70069 90
103848.000000  70114 90
103850.000000  70115 90
103858.000000  70122 90
103858.000000  70122 90
103908.000000  70163 90
103908.000000  70163 90
103956.000000  70203 90
104016.000000  70252 90
104046.000000  70277 90
104120.000000  70338 90
104146.000000  70359 90
104202.000000  70405 90
104264.000000  70456 90
104264.000000  70456 90
104298.000000  70484 90
104330.000000  70511 90
104388.000000  70559 90
104420.000000  70585 90
104488.000000  70641 90
104488.000000  70641 90
104534.000000  70679 90
104584.000000  70720 90
104608.000000  70739 90
104656.000000  70779 90
104688.000000  70805 90
104712.000000  70825 90
104760.000000  70865 90
104792.000000  70891 90
104848.000000  70937 90
104880.000000  70963 90
104904.000000  70983 90
104940.000000  71013 90
104942.000000  71015 90
104962.000000  71031 90
105016.000000  71075 90
105026.000000  71084 90
105040.000000  71095 90
105064.000000  71115 90
105078.000000  71127 90
105090.000000  71136 90
105114.000000  71156 90
105138.000000  71176 90
105200.000000  71227 90
105222.000000  71245 90
105268.000000  71283 90
105300.000000  71309 90
105322.000000  71327 90
105370.000000  71367 90
105406.000000  71397 90
105432.000000  71418 90
105464.000000  71444 90
105492.000000  71467 90
105544.000000  71510 90
105544.000000  71510 90
105602.000000  71558 90
105664.000000  71609 90
105666.000000  71611 90
105676.000000  71619 90
105734.000000  71667 90
105740.000000  71671 90
105776.000000  71701 90
105778.000000  71703 90
105796.000000  71718 90
105816.000000  71734 90
105830.000000  71746 90
105854.000000  71765 90
105856.000000  71767 90
105904.000000  71807 90
105960.000000  71853 90
105988.000000  71876 90
106002.000000  71887 90
106056.000000  71932 90
106080.000000  71951 90
106088.000000  71958 90
106122.000000  71986 90
106124.000000  71988 90
106144.000000  72004 90
106158.000000  72016 90
106160.000000  72017 90
106180.000000  72034 90
106202.000000  72052 90
106258.000000  72098 90
106290.000000  72124 90
106322.000000  72151 90
106322.000000  72151 90
106322.000000  72151 90
106330.000000  72157 90
106356.000000  72179 90
106358.000000  72180 90
106390.000000  72207 90
106416.000000  72228 90
106428.000000  72238 90
106442.000000  72249 90
106454.000000  72259 90
106470.000000  72273 90
106482.000000  72282 90
106504.000000  72301 90
106522.000000  72315 90
106704.000000  72465 90
106706.000000  72467 90
106722.000000  72480 90
106734.000000  72490 90
106762.000000  72513 90
106794.000000  72539 90
106828.000000  72567 90
106864.000000  72597 90
106918.000000  72641 90
106920.000000  72643 90
106940.000000  72659 90
106940.000000  72659 90
106974.000000  72687 90
107026.000000  72730 90
107028.000000  72732 90
107050.000000  72750 90
107070.000000  72767 90
107102.000000  72793 90
107148.000000  72831 90
107148.000000  72831 90
107172.000000  72851 90
107214.000000  72885 90
107228.000000  72897 90
107228.000000  72897 90
107246.000000  72911 90
107308.000000  72963 90
107356.000000  73002 90
107392.000000  73032 90
107392.000000  73032 90
107392.000000  73032 90
107426.000000  73060 90
107452.000000  73081 90
107486.000000  73109 90
107488.000000  73111 90
107540.000000  73154 90
107572.000000  73180 90
107586.000000  73191 90
107596.000000  73200 90
107596.000000  73200 90
107624.000000  73223 90
107624.000000  73223 90
107658.000000  73251 90
107728.000000  73309 90
107736.000000  73315 90
107776.000000  73348 90
107802.000000  73370 90
107822.000000  73386 90
107836.000000  73398 90
107894.000000  73445 90
107926.000000  73472 90
107972.000000  73510 90
108022.000000  73551 90
108056.000000  73579 90
108088.000000  73605 90
108146.000000  73653 90
108180.000000  73681 90
108232.000000  73724 90
108232.000000  73724 90
108258.000000  73745 90
108312.000000  73790 90
108338.000000  73811 90
108378.000000  73844 90
108418.000000  73877 90
108418.000000  73877 90
108450.000000  73903 90
108498.000000  73943 90
108524.000000  73964 90
108572.000000  74004 90
108612.000000  74037 90
108638.000000  74058 90
108692.000000  74103 90
108692.000000  74103 90
108718.000000  74124 90
108774.000000  74170 90
108828.000000  74215 90
108862.000000  74243 90
108898.000000  74272 90
108954.000000  74318 90
108954.000000  74318 90
109002.000000  74358 90
109052.000000  74399 90
109054.000000  74401 90
109112.000000  74449 90
109142.000000  74473 90
109174.000000  74500 90
109174.000000  74500 90
109232.000000  74547 90
109298.000000  74602 90
109328.000000  74627 90
109408.000000  74693 90
109416.000000  74699 90
109476.000000  74749 90
109476.000000  74749 90
109476.000000  74749 90
109506.000000  74773 90
109508.000000  74775 90
109530.000000  74793 90
109530.000000  74793 90
109546.000000  74806 90
109556.000000  74815 90
109586.000000  74839 90
109588.000000  74841 90
109618.000000  74865 90
109620.000000  74867 90
109658.000000  74898 90
109658.000000  74898 90
109658.000000  74898 90
109676.000000  74913 90
109702.000000  74935 90
109718.000000  74948 90
109752.000000  74976 90
109774.000000  74994 90
109810.000000  75024 90
109834.000000  75043 90
109848.000000  75055 90
109940.000000  75131 90
110038.000000  75212 90
110074.000000  75241 90
110126.000000  75284 90
110158.000000  75310 90
110160.000000  75312 90
110170.000000  75320 90
110204.000000  75348 90
110232.000000  75371 90
110262.000000  75396 90
110312.000000  75437 90
110334.000000  75455 90
110334.000000  75455 90
110364.000000  75480 90
110364.000000  75480 90
110418.000000  75525 90
110442.000000  75544 90
110490.000000  75584 90
110524.000000  75612 90
110526.000000  75614 90
110592.000000  75668 90
110626.000000  75696 90
110648.000000  75714 90
110722.000000  75775 90
110734.000000  75785 90
110766.000000  75811 90
110842.000000  75874 90
110898.000000  75920 90
111056.000000  76050 90
111058.000000  76052 90
111092.000000  76080 90
111092.000000  76080 90
111172.000000  76146 90
111220.000000  76185 90
111328.000000  76274 90
111376.000000  76314 90
111438.000000  76365 90
111472.000000  76393 90
111506.000000  76421 90
111582.000000  76484 90
111608.000000  76505 90
111630.000000  76523 90
111648.000000  76538 90
111812.000000  76673 90
111812.000000  76673 90
111918.000000  76761 90
111918.000000  76761 90
111996.000000  76825 90
112136.000000  76940 90
112162.000000  76961 90
112176.000000  76973 90
112278.000000  77057 90
112278.000000  77057 90
112382.000000  77143 90
112456.000000  77204 90
112480.000000  77224 90
112480.000000  77224 90
112514.000000  77252 90
112598.000000  77321 90
112674.000000  77384 90
112754.000000  77449 90
112756.000000  77451 90
112770.000000  77463 90
112792.000000  77481 90
112838.000000  77519 90
112838.000000  77519 90
112872.000000  77547 90
112906.000000  77575 90
112908.000000  77576 90
112956.000000  77616 90
112984.000000  77639 90
112992.000000  77646 90
112994.000000  77647 90
113014.000000  77664 90
113016.000000  77665 90
113062.000000  77703 90
113064.000000  77705 90
113080.000000  77718 90
113120.000000  77751 90
113182.000000  77802 90
113184.000000  77804 90
113238.000000  77848 90
113246.000000  77855 90
113316.000000  77913 90
113390.000000  77973 90
113398.000000  77980 90
113412.000000  77992 90
113500.000000  78064 90
113502.000000  78066 90
113538.000000  78095 90
113558.000000  78112 90
113666.000000  78201 90
113780.000000  78295 90
113806.000000  78316 90
113902.000000  78395 90
113926.000000  78415 90
113990.000000  78468 90
114052.000000  78519 90
114054.000000  78521 90
114096.000000  78555 90
114124.000000  78578 90
114124.000000  78578 90
114172.000000  78618 90
114296.000000  78720 90
114352.000000  78766 90
114400.000000  78806 90
114434.000000  78834 90
114490.000000  78880 90
114490.000000  78880 90
114506.000000  78893 90
114534.000000  78916 90
114536.000000  78918 90
114590.000000  78962 90
114598.000000  78969 90
114598.000000  78969 90
114664.000000  79023 90
114666.000000  79025 90
114728.000000  79076 90
114730.000000  79077 90
114740.000000  79086 90
114774.000000  79114 90
114800.000000  79135 90
114800.000000  79135 90
114824.000000  79155 90
114824.000000  79155 90
114844.000000  79171 90
114906.000000  79222 90
114946.000000  79255 90
114972.000000  79277 90
114986.000000  79288 90
115028.000000  79323 90
115064.000000  79353 90
115086.000000  79371 90
115120.000000  79399 90
115152.000000  79425 90
115168.000000  79438 90
115198.000000  79463 90
115198.000000  79463 90
115198.000000  79463 90
115198.000000  79463 90
115198.000000  79463 90
115282.000000  79532 90
115292.000000  79541 90
115306.000000  79552 90
115316.000000  79560 90
115342.000000  79582 90
115344.000000  79583 90
115376.000000  79610 90
115378.000000  79611 90
115406.000000  79634 90
115454.000000  79674 90
115480.000000  79695 90
115500.000000  79712 90
115548.000000  79751 90
115574.000000  79773 90
115608.000000  79801 90
115636.000000  79824 90
115658.000000  79842 90
115672.000000  79853 90
115684.000000  79863 90
115710.000000  79885 90
115764.000000  79929 90
115890.000000  80033 90
115918.000000  80056 90
115950.000000  80082 90
115980.000000  80107 90
116012.000000  80133 90
116072.000000  80183 90
116142.000000  80241 90
116194.000000  80283 90
116194.000000  80283 90
116246.000000  80326 90
116282.000000  80356 90
116324.000000  80391 90
116380.000000  80437 90
116380.000000  80437 90
116414.000000  80465 90
116466.000000  80507 90
116466.000000  80507 90
116492.000000  80529 90
116524.000000  80555 90
116550.000000  80577 90
116564.000000  80588 90
116588.000000  80608 90
116620.000000  80634 90
116654.000000  80662 90
116698.000000  80699 90
116700.000000  80700 90
116724.000000  80720 90
116726.000000  80722 90
116774.000000  80761 90
116834.000000  80811 90
116852.000000  80825 90
116898.000000  80863 90
116952.000000  80908 90
116986.000000  80936 90
116988.000000  80937 90
117020.000000  80964 90
117036.000000  80977 90
117060.000000  80997 90
117128.000000  81053 90
117130.000000  81054 90
117160.000000  81079 90
117214.000000  81124 90
117238.000000  81143 90
117252.000000  81155 90
117300.000000  81194 90
117334.000000  81222 90
117408.000000  81283 90
117436.000000  81306 90
117506.000000  81364 90
117526.000000  81381 90
117550.000000  81400 90
117622.000000  81460 90
117716.000000  81537 90
117724.000000  81544 90
117756.000000  81570 90
117782.000000  81591 90
117816.000000  81619 90
117844.000000  81642 90
117846.000000  81644 90
117898.000000  81687 90
117930.000000  81713 90
117932.000000  81715 90
117964.000000  81741 90
117966.000000  81743 90
117988.000000  81761 90
118092.000000  81847 90
118104.000000  81857 90
118172.000000  81913 90
118184.000000  81923 90
118228.000000  81959 90
118228.000000  81959 90
118288.000000  82008 90
118346.000000  82056 90
118380.000000  82084 90
118402.000000  82102 90
118416.000000  82114 90
118468.000000  82157 90
118468.000000  82157 90
118496.000000  82179 90
118582.000000  82250 90
118660.000000  82315 90
118690.000000  82339 90
118708.000000  82354 90
118758.000000  82395 90
118798.000000  82428 90
118834.000000  82458 90
118906.000000  82517 90
118930.000000  82537 90
118984.000000  82582 90
118998.000000  82593 90
119092.000000  82671 90
119162.000000  82728 90
119198.000000  82758 90
119200.000000  82760 90
119264.000000  82812 90
119264.000000  82812 90
119306.000000  82847 90
119332.000000  82868 90
119344.000000  82878 90
119344.000000  82878 90
119372.000000  82901 90
119382.000000  82909 90
119386.000000  82913 90
119402.000000  82926 90
119428.000000  82947 90
119456.000000  82971 90
119474.000000  82985 90
119502.000000  83008 90
119542.000000  83041 90
119544.000000  83043 90
119564.000000  83059 90
119596.000000  83086 90
119624.000000  83109 90
119624.000000  83109 90
119624.000000  83109 90
119658.000000  83137 90
119686.000000  83160 90
119688.000000  83162 90
119716.000000  83185 90
119738.000000  83203 90
119850.000000  83295 90
119852.000000  83297 90
119872.000000  83313 90
119920.000000  83353 90
119950.000000  83377 90
119950.000000  83377 90
119974.000000  83397 90
120004.000000  83422 90
120038.000000  83450 90
120074.000000  83480 90
120094.000000  83496 90
120140.000000  83534 90
120200.000000  83583 90
120210.000000  83592 90
120242.000000  83618 90
120274.000000  83644 90
120276.000000  83646 90
120292.000000  83659 90
120320.000000  83682 90
120348.000000  83705 90
120382.000000  83733 90
120420.000000  83765 90
120422.000000  83766 90
120482.000000  83816 90
120528.000000  83853 90
120528.000000  83853 90
120580.000000  83896 90
120608.000000  83919 90
120634.000000  83941 90
120666.000000  83967 90
120692.000000  83989 90
120744.000000  84031 90
120774.000000  84056 90
120820.000000  84094 90
120852.000000  84121 90
120910.000000  84168 90
120912.000000  84170 90
120946.000000  84198 90
120948.000000  84199 90
120978.000000  84224 90
120980.000000  84226 90
122316.000000  85327 90
122350.000000  85355 90
122384.000000  85383 90
122386.000000  85385 90
122418.000000  85411 90
122418.000000  85411 90
122458.000000  85444 90
122480.000000  85462 90
122508.000000  85485 90
122520.000000  85495 90
122536.000000  85509 90
122552.000000  85522 90
122568.000000  85535 90
122598.000000  85560 90
122624.000000  85581 90
122636.000000  85591 90
122666.000000  85616 90
122682.000000  85629 90
122710.000000  85652 90
122742.000000  85678 90
122742.000000  85678 90
122766.000000  85698 90
122782.000000  85711 90
122792.000000  85719 90
122792.000000  85719 90
122818.000000  85741 90
122850.000000  85767 90
122876.000000  85789 90
122910.000000  85817 90
122932.000000  85835 90
123000.000000  85891 90
123002.000000  85893 90
123030.000000  85915 90
123078.000000  85955 90
123116.000000  85986 90
123140.000000  86006 90
123142.000000  86008 90
123174.000000  86034 90
123228.000000  86079 90
123260.000000  86105 90
123260.000000  86105 90
123286.000000  86127 90
123324.000000  86158 90
123338.000000  86169 90
123388.000000  86211 90
123390.000000  86212 90
123420.000000  86237 90
123452.000000  86263 90
123454.000000  86265 90
123476.000000  86283 90
123510.000000  86311 90
123534.000000  86331 90
123570.000000  86361 90
123572.000000  86362 90
123594.000000  86380 90
123650.000000  86426 90
123692.000000  86461 90
123694.000000  86463 90
123734.000000  86496 90
123766.000000  86522 90
123790.000000  86542 90
123852.000000  86593 90
123926.000000  86654 90
123944.000000  86669 90
123994.000000  86710 90
123994.000000  86710 90
123994.000000  86710 90
124028.000000  86738 90
124056.000000  86761 90
124142.000000  86832 90
124142.000000  86832 90
124142.000000  86832 90
124208.000000  86886 90
124208.000000  86886 90
124282.000000  86947 90
124312.000000  86972 90
124404.000000  87047 90
124406.000000  87049 90
124412.000000  87054 90
124414.000000  87056 90
124452.000000  87087 90
124504.000000  87130 90
124506.000000  87131 90
124562.000000  87178 90
124578.000000  87191 90
124608.000000  87215 90
124642.000000  87243 90
124676.000000  87271 90
124728.000000  87314 90
124728.000000  87314 90
124762.000000  87342 90
124818.000000  87389 90
124832.000000  87400 90
