36028.000000  19 90
36080.000000  51 90
36082.000000  52 90
36154.000000  104 90
36178.000000  122 90
36210.000000  146 90
36210.000000  146 90
36236.000000  166 90
36296.000000  213 90
36298.000000  214 90
36360.000000  262 90
36386.000000  283 90
36432.000000  319 90
36702.000000  529 90
36762.000000  576 90
36770.000000  582 90
36828.000000  627 90
36828.000000  627 90
36898.000000  682 90
36938.000000  713 90
36940.000000  715 90
36996.000000  759 90
37034.000000  788 90
37118.000000  854 90
37140.000000  871 90
37182.000000  904 90
37218.000000  932 90
37218.000000  932 90
37274.000000  976 90
37342.000000  1029 90
37398.000000  1073 90
37400.000000  1074 90
37496.000000  1149 90
37670.000000  1285 90
37672.000000  1287 90
37692.000000  1302 90
37758.000000  1354 90
37780.000000  1371 90
37828.000000  1409 90
37880.000000  1449 90
37882.000000  1451 90
37884.000000  1452 90
37946.000000  1501 90
37948.000000  1502 90
37980.000000  1527 90
37982.000000  1529 90
38006.000000  1548 90
38038.000000  1573 90
38216.000000  1712 90
38218.000000  1713 90
38322.000000  1794 90
38342.000000  1810 90
38364.000000  1827 90
38414.000000  1866 90
38416.000000  1868 90
38438.000000  1885 90
38438.000000  1885 90
38476.000000  1915 90
38578.000000  1995 90
38580.000000  1996 90
38590.000000  2004 90
38644.000000  2046 90
38716.000000  2102 90
38782.000000  2154 90
38784.000000  2155 90
38792.000000  2162 90
38792.000000  2162 90
38828.000000  2190 90
38830.000000  2191 90
38856.000000  2212 90
38864.000000  2218 90
38886.000000  2235 90
38900.000000  2246 90
38920.000000  2262 90
38928.000000  2268 90
38946.000000  2282 90
38960.000000  2293 90
38972.000000  2302 90
39970.000000  3083 90
39972.000000  3084 90
40042.000000  3139 90
40056.000000  3150 90
40110.000000  3192 90
40144.000000  3219 90
40178.000000  3245 90
40192.000000  3256 90
40194.000000  3258 90
40216.000000  3275 90
40272.000000  3319 90
40312.000000  3350 90
40312.000000  3350 90
40312.000000  3350 90
40312.000000  3350 90
40382.000000  3405 90
40470.000000  3473 90
40564.000000  3547 90
40636.000000  3603 90
40696.000000  3650 90
40698.000000  3652 90
40754.000000  3695 90
40770.000000  3708 90
40860.000000  3779 90
40886.000000  3799 90
40914.000000  3821 90
40960.000000  3857 90
41000.000000  3888 90
41054.000000  3930 90
41092.000000  3960 90
41152.000000  4007 90
41208.000000  4051 90
41264.000000  4095 90
41264.000000  4095 90
41276.000000  4104 90
41308.000000  4129 90
41332.000000  4148 90
41364.000000  4173 90
41390.000000  4193 90
41424.000000  4220 90
41580.000000  4342 90
41684.000000  4423 90
41712.000000  4445 90
41776.000000  4495 90
41812.000000  4524 90
41922.000000  4613 90
41922.000000  4613 90
41992.000000  4671 90
42024.000000  4697 90
42068.000000  4733 90
42202.000000  4843 90
42202.000000  4843 90
42244.000000  4878 90
42268.000000  4898 90
42288.000000  4914 90
42340.000000  4957 90
42430.000000  5031 90
42430.000000  5031 90
42466.000000  5061 90
42490.000000  5080 90
42524.000000  5108 90
42546.000000  5126 90
42602.000000  5172 90
42636.000000  5200 90
42668.000000  5227 90
42714.000000  5265 90
42716.000000  5266 90
42736.000000  5283 90
42850.000000  5376 90
42862.000000  5386 90
42902.000000  5419 90
42924.000000  5437 90
42960.000000  5467 90
42992.000000  5493 90
43030.000000  5525 90
43054.000000  5544 90
43054.000000  5544 90
43122.000000  5600 90
43178.000000  5647 90
43180.000000  5648 90
43204.000000  5668 90
43204.000000  5668 90
43260.000000  5714 90
43260.000000  5714 90
43318.000000  5762 90
43390.000000  5821 90
43436.000000  5859 90
43436.000000  5859 90
43462.000000  5880 90
43492.000000  5905 90
43516.000000  5925 90
43570.000000  5969 90
43586.000000  5982 90
43610.000000  6002 90
43682.000000  6061 90
43714.000000  6088 90
43724.000000  6096 90
43784.000000  6145 90
43818.000000  6173 90
43842.000000  6193 90
43876.000000  6221 90
43910.000000  6249 90
43948.000000  6280 90
43950.000000  6282 90
43988.000000  6313 90
44010.000000  6331 90
44032.000000  6349 90
44080.000000  6389 90
44156.000000  6451 90
44186.000000  6476 90
44202.000000  6489 90
44202.000000  6489 90
44236.000000  6517 90
44272.000000  6547 90
44332.000000  6596 90
44366.000000  6624 90
44420.000000  6669 90
44474.000000  6713 90
44504.000000  6738 90
44506.000000  6739 90
44538.000000  6766 90
44560.000000  6784 90
44618.000000  6831 90
44662.000000  6868 90
44664.000000  6869 90
44694.000000  6894 90
44694.000000  6894 90
44710.000000  6907 90
44744.000000  6935 90
44776.000000  6961 90
44796.000000  6978 90
44818.000000  6996 90
44884.000000  7050 90
44912.000000  7073 90
44974.000000  7124 90
44974.000000  7124 90
44986.000000  7134 90
45006.000000  7151 90
45054.000000  7190 90
45056.000000  7192 90
45140.000000  7261 90
45176.000000  7291 90
45178.000000  7292 90
45302.000000  7394 90
45302.000000  7394 90
45350.000000  7434 90
45382.000000  7460 90
45432.000000  7501 90
45432.000000  7501 90
45550.000000  7599 90
45598.000000  7638 90
45614.000000  7651 90
45624.000000  7659 90
45652.000000  7682 90
45708.000000  7728 90
45742.000000  7756 90
45766.000000  7776 90
45774.000000  7783 90
45790.000000  7796 90
45842.000000  7839 90
45900.000000  7886 90
45916.000000  7899 90
45974.000000  7947 90
45986.000000  7957 90
46020.000000  7985 90
46022.000000  7987 90
46038.000000  8000 90
46058.000000  8016 90
46106.000000  8056 90
46118.000000  8066 90
46118.000000  8066 90
46144.000000  8087 90
46160.000000  8100 90
46184.000000  8120 90
46184.000000  8120 90
46200.000000  8133 90
46216.000000  8146 90
46216.000000  8146 90
46246.000000  8171 90
46280.000000  8199 90
46306.000000  8220 90
46364.000000  8268 90
46384.000000  8285 90
46414.000000  8309 90
46448.000000  8337 90
46522.000000  8398 90
46522.000000  8398 90
46554.000000  0 90
46554.000000  0 90
46574.000000  8441 90
46622.000000  8480 90
46650.000000  8503 90
46706.000000  8549 90
46740.000000  8577 90
46762.000000  8595 90
46796.000000  8623 90
46798.000000  8625 90
46804.000000  8630 90
46834.000000  8655 90
46872.000000  8686 90
46874.000000  8687 90
46894.000000  8704 90
46926.000000  8730 90
46950.000000  8750 90
47066.000000  8845 90
47210.000000  8964 90
47228.000000  8979 90
47228.000000  8979 90
47280.000000  9021 90
47326.000000  9059 90
47342.000000  9073 90
47396.000000  9117 90
47428.000000  9143 90
47676.000000  9347 90
47676.000000  9347 90
47732.000000  9393 90
47786.000000  9438 90
47812.000000  9459 90
47832.000000  9475 90
47854.000000  9493 90
47892.000000  9525 90
47942.000000  9566 90
47972.000000  9591 90
48004.000000  9617 90
48032.000000  9640 90
48068.000000  9669 90
48112.000000  9706 90
48150.000000  9737 90
48202.000000  9780 90
48202.000000  9780 90
48256.000000  9824 90
48256.000000  9824 90
48310.000000  9868 90
48384.000000  9929 90
48408.000000  9949 90
48420.000000  9959 90
48436.000000  9972 90
49274.000000  10661 90
49276.000000  10663 90
49280.000000  10666 90
49366.000000  10737 90
49500.000000  10847 90
49530.000000  10872 90
49532.000000  10874 90
49562.000000  10898 90
49588.000000  10920 90
49596.000000  10926 90
49676.000000  10992 90
49712.000000  11022 90
49738.000000  11043 90
49758.000000  11060 90
49766.000000  11066 90
49796.000000  11091 90
49810.000000  11103 90
49838.000000  11125 90
49882.000000  11162 90
49902.000000  11178 90
49940.000000  11209 90
49990.000000  11251 90
50022.000000  11277 90
50084.000000  11328 90
50144.000000  11377 90
50144.000000  11377 90
50144.000000  11377 90
50176.000000  11404 90
50176.000000  11404 90
50176.000000  11404 90
50210.000000  11432 90
50232.000000  11450 90
50292.000000  11499 90
50294.000000  11501 90
50354.000000  11550 90
50390.000000  11580 90
50428.000000  11611 90
50430.000000  11613 90
50538.000000  11702 90
50582.000000  11738 90
50624.000000  11772 90
50636.000000  11782 90
50658.000000  11800 90
50746.000000  11873 90
50806.000000  11922 90
50868.000000  11973 90
50870.000000  11975 90
50904.000000  12003 90
50928.000000  12022 90
51000.000000  12082 90
51066.000000  12136 90
51116.000000  12177 90
51134.000000  12192 90
51162.000000  12215 90
51226.000000  12268 90
51258.000000  12294 90
51350.000000  12370 90
51350.000000  12370 90
51350.000000  12370 90
51376.000000  12391 90
51430.000000  12436 90
51466.000000  12465 90
51544.000000  12529 90
51580.000000  12559 90
51602.000000  12577 90
51636.000000  12605 90
51726.000000  12679 90
51734.000000  12686 90
51754.000000  12702 90
51754.000000  12702 90
51792.000000  12733 90
51806.000000  12745 90
51828.000000  12763 90
51830.000000  12765 90
51880.000000  12806 90
51912.000000  12832 90
51962.000000  12873 90
51998.000000  12903 90
52050.000000  12946 90
52084.000000  12974 90
52140.000000  13020 90
52162.000000  13038 90
52196.000000  13066 90
52230.000000  13094 90
52252.000000  13112 90
52304.000000  13155 90
52336.000000  13181 90
52382.000000  13219 90
52382.000000  13219 90
52470.000000  13291 90
52484.000000  13303 90
52484.000000  13303 90
52520.000000  13332 90
52554.000000  13360 90
52554.000000  13360 90
52630.000000  13423 90
52654.000000  13443 90
52688.000000  13471 90
52714.000000  13492 90
52714.000000  13492 90
52714.000000  13492 90
52744.000000  13517 90
52820.000000  13579 90
52894.000000  13640 90
52986.000000  13716 90
53044.000000  13763 90
53062.000000  13778 90
53082.000000  13795 90
53102.000000  13811 90
53118.000000  13824 90
53120.000000  13826 90
53190.000000  13883 90
53208.000000  13898 90
53222.000000  13910 90
53224.000000  13911 90
53274.000000  13953 90
53274.000000  13953 90
53342.000000  14009 90
53400.000000  14056 90
53434.000000  14084 90
53486.000000  14127 90
53514.000000  14150 90
53514.000000  14150 90
53514.000000  14150 90
53576.000000  14201 90
53578.000000  14203 90
53602.000000  14223 90
53632.000000  14247 90
53676.000000  14283 90
53676.000000  14283 90
53704.000000  14306 90
53766.000000  14357 90
53842.000000  14420 90
53912.000000  14477 90
53942.000000  14502 90
53998.000000  14548 90
54012.000000  14560 90
54044.000000  14586 90
54098.000000  14630 90
54122.000000  14650 90
54178.000000  14696 90
54184.000000  14701 90
54192.000000  14707 90
54192.000000  14707 90
54232.000000  14740 90
54234.000000  14742 90
54260.000000  14763 90
54308.000000  14803 90
54334.000000  14824 90
54358.000000  14844 90
54438.000000  14910 90
54474.000000  14939 90
54486.000000  14949 90
54488.000000  14951 90
54510.000000  14969 90
54510.000000  14969 90
54528.000000  14984 90
54592.000000  15036 90
54614.000000  15055 90
54614.000000  15055 90
54648.000000  15082 90
54702.000000  15127 90
54756.000000  15171 90
54810.000000  15215 90
54812.000000  15217 90
54864.000000  15260 90
54904.000000  15293 90
54932.000000  15316 90
54968.000000  15345 90
54988.000000  15362 90
55036.000000  15401 90
55048.000000  15411 90
55068.000000  15427 90
55082.000000  15439 90
55082.000000  15439 90
55136.000000  15483 90
55206.000000  15541 90
55232.000000  15562 90
55288.000000  15608 90
55320.000000  15635 90
55352.000000  15661 90
55352.000000  15661 90
55412.000000  15710 90
55472.000000  15760 90
55474.000000  15761 90
55502.000000  15784 90
55520.000000  15799 90
55536.000000  15812 90
55570.000000  15840 90
55624.000000  15885 90
55626.000000  15886 90
55646.000000  15903 90
55660.000000  15914 90
55694.000000  15942 90
55742.000000  15982 90
55764.000000  16000 90
55810.000000  16038 90
55846.000000  16067 90
55878.000000  16094 90
55942.000000  16146 90
55944.000000  16148 90
55994.000000  16189 90
56026.000000  16215 90
56026.000000  16215 90
56050.000000  16235 90
56084.000000  16263 90
56136.000000  16306 90
56138.000000  16307 90
56164.000000  16329 90
56164.000000  16329 90
56196.000000  16355 90
56232.000000  16385 90
56276.000000  16421 90
56278.000000  16423 90
56308.000000  16447 90
56310.000000  16449 90
56356.000000  16487 90
56380.000000  16506 90
56426.000000  16544 90
56426.000000  16544 90
56474.000000  16584 90
56506.000000  16610 90
56530.000000  16630 90
56562.000000  16656 90
56594.000000  16682 90
56606.000000  16692 90
56662.000000  16738 90
56694.000000  16765 90
56748.000000  16809 90
56774.000000  16831 90
56786.000000  16840 90
56834.000000  16880 90
56870.000000  16909 90
56910.000000  16942 90
56968.000000  16990 90
57006.000000  17021 90
57042.000000  17051 90
57068.000000  17072 90
57132.000000  17125 90
57166.000000  17153 90
57194.000000  17176 90
57224.000000  17201 90
57254.000000  17225 90
57288.000000  17253 90
57314.000000  17275 90
57350.000000  17304 90
57352.000000  17306 90
57378.000000  17327 90
57380.000000  17329 90
57412.000000  17355 90
57438.000000  17376 90
57492.000000  17421 90
57530.000000  17452 90
57552.000000  17470 90
57584.000000  17496 90
57604.000000  17513 90
57634.000000  17538 90
57636.000000  17539 90
57708.000000  17599 90
57708.000000  17599 90
57776.000000  17655 90
57838.000000  17705 90
57894.000000  17751 90
57952.000000  17799 90
57986.000000  17827 90
57988.000000  17829 90
58008.000000  17845 90
58024.000000  17858 90
58034.000000  17867 90
58034.000000  17867 90
58048.000000  17878 90
58104.000000  17924 90
58128.000000  17944 90
58146.000000  17959 90
58168.000000  17977 90
58226.000000  18024 90
58258.000000  18051 90
58308.000000  18092 90
58310.000000  18093 90
58322.000000  18103 90
58340.000000  18118 90
58340.000000  18118 90
58368.000000  18141 90
58424.000000  18187 90
58494.000000  18245 90
58528.000000  18273 90
58556.000000  18296 90
58558.000000  18297 90
58570.000000  18307 90
58590.000000  18324 90
58622.000000  18350 90
58676.000000  18394 90
58702.000000  18416 90
58720.000000  18430 90
58720.000000  18430 90
58754.000000  18458 90
58768.000000  18470 90
58768.000000  18470 90
58808.000000  18503 90
58844.000000  18533 90
58876.000000  18559 90
58892.000000  18572 90
58904.000000  18582 90
58948.000000  18618 90
58948.000000  18618 90
58980.000000  18644 90
59014.000000  18672 90
59070.000000  18718 90
59086.000000  18732 90
59116.000000  18756 90
59116.000000  18756 90
59192.000000  18819 90
59206.000000  18830 90
59206.000000  18830 90
59260.000000  18875 90
59284.000000  18894 90
59340.000000  18940 90
59350.000000  18949 90
59374.000000  18968 90
59408.000000  18996 90
59456.000000  19036 90
59474.000000  19051 90
59492.000000  19065 90
59540.000000  19105 90
59564.000000  19125 90
59598.000000  19153 90
59628.000000  19177 90
59694.000000  19232 90
59696.000000  19233 90
59728.000000  19260 90
59754.000000  19281 90
59754.000000  19281 90
59790.000000  19311 90
59814.000000  19331 90
59814.000000  19331 90
59850.000000  19360 90
59902.000000  19403 90
59902.000000  19403 90
59928.000000  19424 90
59968.000000  19457 90
59990.000000  19475 90
60010.000000  19492 90
60010.000000  19492 90
60036.000000  19513 90
60044.000000  19520 90
60064.000000  19536 90
60064.000000  19536 90
60112.000000  19575 90
60112.000000  19575 90
60136.000000  19595 90
60152.000000  19608 90
60168.000000  19622 90
60178.000000  19630 90
60198.000000  19646 90
60228.000000  19671 90
60258.000000  19696 90
60280.000000  19714 90
60336.000000  19760 90
60370.000000  19788 90
60400.000000  19812 90
60414.000000  19824 90
60446.000000  19850 90
60446.000000  19850 90
60502.000000  19896 90
60538.000000  19926 90
60570.000000  19952 90
60618.000000  19991 90
60636.000000  20006 90
60652.000000  20019 90
60672.000000  20036 90
60772.000000  20118 90
60826.000000  20163 90
60904.000000  20227 90
60928.000000  20247 90
61022.000000  20324 90
61122.000000  20406 90
61180.000000  20453 90
61214.000000  20481 90
61264.000000  20523 90
61302.000000  20554 90
61328.000000  20575 90
61376.000000  20615 90
61398.000000  20633 90
61412.000000  20644 90
61438.000000  20665 90
61464.000000  20687 90
61478.000000  20699 90
61494.000000  20711 90
61494.000000  20711 90
61524.000000  20736 90
61570.000000  20774 90
61628.000000  20822 90
61662.000000  20850 90
61688.000000  20871 90
61746.000000  20919 90
61780.000000  20947 90
61802.000000  20965 90
61816.000000  20976 90
61846.000000  21001 90
61870.000000  21021 90
61944.000000  21081 90
61956.000000  21091 90
61994.000000  21123 90
62010.000000  21136 90
62028.000000  21151 90
62166.000000  21264 90
62210.000000  21300 90
62232.000000  21318 90
62266.000000  21346 90
62320.000000  21391 90
62352.000000  21417 90
62352.000000  21417 90
62440.000000  21489 90
62474.000000  21517 90
62526.000000  21560 90
62540.000000  21571 90
62596.000000  21617 90
62628.000000  21644 90
62652.000000  21664 90
62704.000000  21706 90
62742.000000  21738 90
62764.000000  21756 90
62764.000000  21756 90
62788.000000  21775 90
62818.000000  21800 90
62832.000000  21812 90
62848.000000  21825 90
62882.000000  21853 90
62884.000000  21854 90
62904.000000  21871 90
62936.000000  21897 90
62990.000000  21941 90
63024.000000  21969 90
63048.000000  21989 90
63062.000000  22001 90
63090.000000  22024 90
63122.000000  22050 90
63124.000000  22051 90
63126.000000  22053 90
63154.000000  22076 90
63186.000000  22102 90
63188.000000  22104 90
63250.000000  22155 90
63274.000000  22175 90
63276.000000  22176 90
63304.000000  22199 90
63304.000000  22199 90
63328.000000  22219 90
63342.000000  22231 90
63362.000000  22247 90
63420.000000  22295 90
63438.000000  22310 90
63468.000000  22334 90
63530.000000  22385 90
63566.000000  22415 90
63590.000000  22435 90
63622.000000  22461 90
63656.000000  22489 90
63670.000000  22500 90
63798.000000  22605 90
63806.000000  22612 90
63880.000000  22673 90
63900.000000  22689 90
63948.000000  22729 90
63984.000000  22759 90
63984.000000  22759 90
64042.000000  22806 90
64082.000000  22839 90
64118.000000  22869 90
64150.000000  22895 90
64182.000000  22921 90
64242.000000  22971 90
64242.000000  22971 90
64242.000000  22971 90
64262.000000  22987 90
64314.000000  23030 90
64346.000000  23056 90
64346.000000  23056 90
64346.000000  23056 90
64346.000000  23056 90
64380.000000  23084 90
64410.000000  23109 90
64460.000000  23150 90
64484.000000  23169 90
64530.000000  23207 90
64536.000000  23212 90
64574.000000  23243 90
64610.000000  23273 90
64644.000000  23301 90
64644.000000  23301 90
64682.000000  23332 90
64716.000000  23360 90
64732.000000  23373 90
64748.000000  23387 90
64812.000000  23439 90
64812.000000  23439 90
64812.000000  23439 90
64846.000000  23467 90
64872.000000  23489 90
64928.000000  23535 90
64942.000000  23546 90
65000.000000  23594 90
65002.000000  23595 90
65018.000000  23609 90
65046.000000  23631 90
65076.000000  23656 90
65118.000000  23691 90
65150.000000  23717 90
65168.000000  23732 90
65200.000000  23758 90
65228.000000  23781 90
65276.000000  23821 90
65308.000000  23847 90
65324.000000  23860 90
65326.000000  23862 90
65372.000000  23899 90
65406.000000  23927 90
65438.000000  23954 90
65468.000000  23978 90
65468.000000  23978 90
65468.000000  23978 90
65468.000000  23978 90
65508.000000  24011 90
65564.000000  24057 90
65572.000000  24064 90
65572.000000  24064 90
65628.000000  24110 90
65642.000000  24121 90
65642.000000  24121 90
65676.000000  24149 90
65730.000000  24194 90
65750.000000  24210 90
65750.000000  24210 90
65798.000000  24250 90
65834.000000  24279 90
65858.000000  24299 90
65892.000000  24327 90
65900.000000  24333 90
65916.000000  24347 90
65932.000000  24360 90
65962.000000  24385 90
65994.000000  24411 90
66036.000000  24445 90
66050.000000  24457 90
66080.000000  24481 90
66090.000000  24490 90
66124.000000  24518 90
66126.000000  24519 90
66128.000000  24521 90
66150.000000  24539 90
66184.000000  24567 90
66208.000000  24587 90
66262.000000  24631 90
66262.000000  24631 90
66296.000000  24659 90
66298.000000  24661 90
66328.000000  24685 90
66328.000000  24685 90
66386.000000  24733 90
66408.000000  24751 90
66498.000000  24825 90
66520.000000  24843 90
66538.000000  24858 90
66572.000000  24886 90
66604.000000  24912 90
66618.000000  24924 90
66634.000000  24937 90
66666.000000  24963 90
66728.000000  25014 90
66728.000000  25014 90
66766.000000  25045 90
66768.000000  25047 90
66818.000000  25088 90
66850.000000  25115 90
66862.000000  25124 90
66862.000000  25124 90
66916.000000  25169 90
66940.000000  25189 90
67000.000000  25238 90
67000.000000  25238 90
67000.000000  25238 90
67048.000000  25277 90
67050.000000  25279 90
67098.000000  25318 90
67130.000000  25345 90
67176.000000  25382 90
67226.000000  25423 90
67282.000000  25469 90
67284.000000  25471 90
67290.000000  25476 90
67320.000000  25501 90
67320.000000  25501 90
67352.000000  25527 90
67382.000000  25552 90
67384.000000  25553 90
67434.000000  25595 90
67448.000000  25606 90
67448.000000  25606 90
67482.000000  25634 90
67482.000000  25634 90
67482.000000  25634 90
67560.000000  25698 90
67562.000000  25700 90
67592.000000  25724 90
67592.000000  25724 90
67622.000000  25749 90
67650.000000  25772 90
67684.000000  25800 90
67686.000000  25802 90
67704.000000  25817 90
67718.000000  25828 90
67740.000000  25846 90
67798.000000  25894 90
67846.000000  25933 90
67882.000000  25963 90
67900.000000  25978 90
67914.000000  25989 90
67958.000000  26025 90
67996.000000  26057 90
67998.000000  26058 90
68048.000000  26099 90
68122.000000  26160 90
68144.000000  26178 90
68146.000000  26180 90
68180.000000  26208 90
68182.000000  26209 90
68232.000000  26251 90
68232.000000  26251 90
68258.000000  26272 90
68308.000000  26313 90
68326.000000  26328 90
68374.000000  26367 90
68398.000000  26387 90
68418.000000  26404 90
68442.000000  26423 90
68464.000000  26442 90
68492.000000  26465 90
68542.000000  26506 90
68588.000000  26544 90
68640.000000  26587 90
68642.000000  26588 90
68668.000000  26610 90
68742.000000  26671 90
68800.000000  26718 90
68800.000000  26718 90
68816.000000  26731 90
68848.000000  26758 90
68872.000000  26777 90
68906.000000  26805 90
68934.000000  26828 90
68934.000000  26828 90
68966.000000  26855 90
68980.000000  26866 90
69016.000000  26896 90
69030.000000  26907 90
69030.000000  26907 90
69098.000000  26963 90
69118.000000  26980 90
69164.000000  27018 90
69204.000000  27051 90
69230.000000  27072 90
69230.000000  27072 90
69294.000000  27125 90
69352.000000  27172 90
69386.000000  27200 90
69414.000000  27223 90
69416.000000  27225 90
69448.000000  27251 90
69524.000000  27314 90
69526.000000  27315 90
69532.000000  27320 90
69548.000000  27333 90
69630.000000  27401 90
69688.000000  27449 90
69722.000000  27476 90
69740.000000  27491 90
69816.000000  27554 90
69878.000000  27605 90
69912.000000  27633 90
69912.000000  27633 90
69912.000000  27633 90
69912.000000  27633 90
69952.000000  27665 90
69984.000000  27692 90
70010.000000  27713 90
70046.000000  27743 90
70048.000000  27744 90
70122.000000  27805 90
70140.000000  27820 90
70154.000000  27831 90
70206.000000  27874 90
70224.000000  27889 90
70240.000000  27902 90
70240.000000  27902 90
70262.000000  27920 90
70280.000000  27935 90
70304.000000  27955 90
70324.000000  27971 90
70326.000000  27973 90
70336.000000  27981 90
70358.000000  27999 90
70372.000000  28011 90
70418.000000  28049 90
70448.000000  28073 90
70480.000000  28099 90
70480.000000  28099 90
70508.000000  28122 90
70550.000000  28157 90
70602.000000  28200 90
70602.000000  28200 90
70628.000000  28221 90
70640.000000  28231 90
70670.000000  28256 90
70682.000000  28265 90
70708.000000  28287 90
70762.000000  28331 90
70914.000000  28456 90
70914.000000  28456 90
70914.000000  28456 90
70940.000000  28477 90
70956.000000  28491 90
70984.000000  28514 90
71016.000000  28540 90
71036.000000  28556 90
71060.000000  28576 90
71118.000000  28624 90
71120.000000  28625 90
71210.000000  28699 90
71230.000000  28716 90
71232.000000  28718 90
71260.000000  28741 90
71294.000000  28769 90
71352.000000  28816 90
71366.000000  28828 90
71450.000000  28897 90
71486.000000  28926 90
71528.000000  28961 90
71562.000000  28989 90
71610.000000  29028 90
71640.000000  29053 90
71640.000000  29053 90
71674.000000  29081 90
71722.000000  29120 90
71744.000000  29138 90
71782.000000  29170 90
71840.000000  29217 90
71840.000000  29217 90
71874.000000  29245 90
71900.000000  29267 90
71900.000000  29267 90
71912.000000  29276 90
71944.000000  29303 90
71970.000000  29324 90
72002.000000  29350 90
72002.000000  29350 90
72034.000000  29377 90
72068.000000  29405 90
72136.000000  29461 90
72148.000000  29470 90
72202.000000  29515 90
72214.000000  29525 90
72240.000000  29546 90
72242.000000  29547 90
72268.000000  29569 90
72282.000000  29581 90
72312.000000  29605 90
72338.000000  29627 90
72392.000000  29671 90
72394.000000  29673 90
72424.000000  29697 90
72480.000000  29743 90
72480.000000  29743 90
72480.000000  29743 90
72512.000000  29769 90
72538.000000  29791 90
72572.000000  29819 90
72626.000000  29863 90
72652.000000  29884 90
72662.000000  29893 90
72718.000000  29939 90
72776.000000  29986 90
72822.000000  30024 90
72824.000000  30026 90
72878.000000  30070 90
72922.000000  30106 90
72924.000000  30108 90
72964.000000  30141 90
72996.000000  30167 90
73014.000000  30182 90
73048.000000  30210 90
73068.000000  30226 90
73132.000000  30279 90
73146.000000  30290 90
73178.000000  30317 90
73204.000000  30338 90
73206.000000  30340 90
73240.000000  30368 90
73262.000000  30386 90
73296.000000  30414 90
73326.000000  30438 90
73340.000000  30450 90
73368.000000  30473 90
73418.000000  30514 90
73448.000000  30539 90
73480.000000  30565 90
73488.000000  30571 90
73488.000000  30571 90
73516.000000  30595 90
73526.000000  30603 90
73546.000000  30619 90
73576.000000  30644 90
73608.000000  30670 90
73756.000000  30792 90
73758.000000  30793 90
73790.000000  30820 90
73824.000000  30848 90
73878.000000  30892 90
73878.000000  30892 90
74052.000000  31035 90
74054.000000  31037 90
74076.000000  31055 90
74086.000000  31063 90
74116.000000  31088 90
74152.000000  31118 90
74170.000000  31133 90
74186.000000  31146 90
74226.000000  31179 90
74264.000000  31210 90
74324.000000  31259 90
74324.000000  31259 90
74412.000000  31331 90
74440.000000  31355 90
74472.000000  31381 90
74472.000000  31381 90
74496.000000  31401 90
74530.000000  31429 90
74552.000000  31447 90
74586.000000  31475 90
74618.000000  31501 90
74652.000000  31529 90
74654.000000  31530 90
74686.000000  31557 90
74724.000000  31588 90
74726.000000  31590 90
74756.000000  31614 90
74792.000000  31644 90
74824.000000  31670 90
74856.000000  31697 90
74902.000000  31735 90
74904.000000  31736 90
74958.000000  31781 90
74988.000000  31805 90
75054.000000  31860 90
75068.000000  31871 90
75098.000000  31896 90
75152.000000  31940 90
75152.000000  31940 90
75152.000000  31940 90
75206.000000  31985 90
75236.000000  32009 90
75238.000000  32011 90
75254.000000  32024 90
75282.000000  32047 90
75318.000000  32077 90
75356.000000  32108 90
75394.000000  32139 90
75394.000000  32139 90
75422.000000  32162 90
75422.000000  32162 90
75488.000000  32216 90
75512.000000  32236 90
75526.000000  32248 90
75542.000000  32261 90
75566.000000  32281 90
75600.000000  32309 90
75636.000000  32338 90
75672.000000  32368 90
75702.000000  32393 90
75734.000000  32419 90
75758.000000  32439 90
75790.000000  32465 90
75814.000000  32485 90
75846.000000  32511 90
75900.000000  32555 90
75930.000000  32580 90
75932.000000  32582 90
75958.000000  32603 90
75984.000000  32624 90
75984.000000  32624 90
75984.000000  32624 90
76016.000000  32651 90
76064.000000  32690 90
76088.000000  32710 90
76124.000000  32739 90
76148.000000  32759 90
76180.000000  32786 90
76188.000000  32792 90
76206.000000  32807 90
76232.000000  32828 90
76254.000000  32847 90
76268.000000  32858 90
76292.000000  32878 90
76314.000000  32896 90
76346.000000  32922 90
76370.000000  32942 90
76382.000000  32952 90
76384.000000  32953 90
76406.000000  32971 90
76430.000000  32991 90
76484.000000  33036 90
76544.000000  33085 90
76546.000000  33087 90
76576.000000  33111 90
76578.000000  33113 90
76598.000000  33129 90
76620.000000  33147 90
76644.000000  33167 90
76670.000000  33188 90
76672.000000  33190 90
76700.000000  33213 90
77860.000000  34168 90
77884.000000  34188 90
77932.000000  34227 90
77962.000000  34252 90
78008.000000  34289 90
78036.000000  34313 90
78070.000000  34341 90
78092.000000  34359 90
78110.000000  34373 90
78156.000000  34411 90
78188.000000  34438 90
78252.000000  34490 90
78266.000000  34502 90
78278.000000  34512 90
78306.000000  34535 90
78360.000000  34579 90
78384.000000  34599 90
78416.000000  34625 90
78442.000000  34647 90
78478.000000  34676 90
78478.000000  34676 90
78478.000000  34676 90
78504.000000  34698 90
78518.000000  34709 90
78544.000000  34731 90
78580.000000  34760 90
78600.000000  34777 90
78602.000000  34778 90
78626.000000  34798 90
78644.000000  34813 90
78654.000000  34821 90
78678.000000  34841 90
78728.000000  34882 90
78730.000000  34884 90
78740.000000  34892 90
78766.000000  34913 90
78774.000000  34920 90
78810.000000  34949 90
78878.000000  35005 90
78878.000000  35005 90
78878.000000  35005 90
78912.000000  35033 90
78966.000000  35078 90
78994.000000  35101 90
79050.000000  35147 90
79082.000000  35173 90
79082.000000  35173 90
79158.000000  35236 90
79172.000000  35247 90
79192.000000  35264 90
79240.000000  35303 90
79252.000000  35313 90
79278.000000  35335 90
79292.000000  35346 90
79314.000000  35365 90
79362.000000  35404 90
79386.000000  35424 90
79434.000000  35463 90
79442.000000  35470 90
79466.000000  35490 90
79466.000000  35490 90
79482.000000  35503 90
79512.000000  35528 90
79536.000000  35547 90
79544.000000  35554 90
79546.000000  35555 90
79602.000000  35602 90
79636.000000  35630 90
79688.000000  35672 90
79688.000000  35672 90
79722.000000  35700 90
79780.000000  35748 90
79830.000000  35789 90
79830.000000  35789 90
79890.000000  35839 90
79902.000000  35849 90
79978.000000  35911 90
80028.000000  35952 90
80078.000000  35993 90
80100.000000  36012 90
80100.000000  36012 90
80152.000000  36055 90
80186.000000  36083 90
80208.000000  36101 90
80224.000000  36114 90
80258.000000  36142 90
80260.000000  36143 90
80310.000000  36185 90
80334.000000  36204 90
80366.000000  36231 90
80420.000000  36275 90
80444.000000  36295 90
80500.000000  36341 90
80574.000000  36402 90
80574.000000  36402 90
80598.000000  36422 90
80608.000000  36430 90
80684.000000  36493 90
80686.000000  36494 90
80708.000000  36513 90
80788.000000  36578 90
80788.000000  36578 90
80814.000000  36600 90
80848.000000  36628 90
80850.000000  36629 90
80922.000000  36689 90
80938.000000  36702 90
80962.000000  36722 90
80976.000000  36733 90
81000.000000  36753 90
81032.000000  36779 90
81034.000000  36781 90
81056.000000  36799 90
81114.000000  36847 90
81116.000000  36848 90
81138.000000  36867 90
81152.000000  36878 90
81188.000000  36908 90
81220.000000  36934 90
81254.000000  36962 90
81302.000000  37002 90
81354.000000  37045 90
81390.000000  37074 90
81452.000000  37125 90
81526.000000  37186 90
81528.000000  37188 90
81556.000000  37211 90
81608.000000  37254 90
81610.000000  37255 90
81634.000000  37275 90
81688.000000  37319 90
81722.000000  37347 90
81738.000000  37361 90
81768.000000  37385 90
81794.000000  37407 90
81840.000000  37445 90
81888.000000  37484 90
81916.000000  37507 90
81964.000000  37547 90
81964.000000  37547 90
81964.000000  37547 90
81964.000000  37547 90
82058.000000  37624 90
82092.000000  37652 90
82094.000000  37654 90
82126.000000  37680 90
82150.000000  37700 90
82182.000000  37726 90
82182.000000  37726 90
82216.000000  37754 90
82272.000000  37800 90
82306.000000  37828 90
82338.000000  37855 90
82338.000000  37855 90
82410.000000  37914 90
82446.000000  37944 90
82490.000000  37980 90
82532.000000  38014 90
82546.000000  38026 90
82546.000000  38026 90
82582.000000  38056 90
82624.000000  38090 90
82674.000000  38131 90
82676.000000  38133 90
82710.000000  38161 90
82738.000000  38184 90
82768.000000  38209 90
82800.000000  38235 90
82800.000000  38235 90
82834.000000  38263 90
82868.000000  38291 90
82904.000000  38321 90
82904.000000  38321 90
82904.000000  38321 90
82936.000000  38347 90
82952.000000  38360 90
82962.000000  38369 90
82964.000000  38370 90
82984.000000  38387 90
83018.000000  38415 90
83050.000000  38441 90
83108.000000  38489 90
83144.000000  38518 90
83178.000000  38546 90
83208.000000  38571 90
83256.000000  38611 90
83258.000000  38612 90
83296.000000  38644 90
83358.000000  38695 90
83358.000000  38695 90
83384.000000  38716 90
83416.000000  38743 90
83440.000000  38762 90
83440.000000  38762 90
83534.000000  38840 90
83568.000000  38868 90
83630.000000  38919 90
83632.000000  38920 90
83648.000000  38933 90
83764.000000  39029 90
83822.000000  39077 90
83850.000000  39100 90
83926.000000  39162 90
84012.000000  39233 90
84014.000000  39235 90
84046.000000  39261 90
84082.000000  39291 90
84114.000000  39317 90
84138.000000  39337 90
84194.000000  39383 90
84226.000000  39409 90
84252.000000  39430 90
84294.000000  39465 90
84296.000000  39467 90
84312.000000  39480 90
84360.000000  39519 90
84434.000000  39580 90
84436.000000  39582 90
84464.000000  39605 90
84478.000000  39616 90
84498.000000  39633 90
84526.000000  39656 90
84526.000000  39656 90
84572.000000  39694 90
84596.000000  39713 90
84596.000000  39713 90
84608.000000  39723 90
84642.000000  39751 90
84696.000000  39796 90
84728.000000  39822 90
84730.000000  39824 90
84742.000000  39834 90
84772.000000  39859 90
84808.000000  39888 90
84838.000000  39913 90
84852.000000  39924 90
84884.000000  39951 90
84884.000000  39951 90
84902.000000  39965 90
84930.000000  39989 90
84964.000000  40017 90
85008.000000  40053 90
85040.000000  40079 90
85042.000000  40081 90
85064.000000  40099 90
85100.000000  40128 90
85136.000000  40158 90
85162.000000  40179 90
85194.000000  40206 90
85194.000000  40206 90
85194.000000  40206 90
85212.000000  40221 90
85272.000000  40270 90
85274.000000  40272 90
85294.000000  40288 90
85308.000000  40300 90
85340.000000  40326 90
85376.000000  40356 90
85432.000000  40402 90
85448.000000  40415 90
85482.000000  40443 90
85484.000000  40444 90
85504.000000  40461 90
85572.000000  40517 90
85574.000000  40519 90
85600.000000  40540 90
85630.000000  40565 90
85632.000000  40566 90
85678.000000  40604 90
85700.000000  40622 90
85746.000000  40660 90
85770.000000  40680 90
85770.000000  40680 90
85770.000000  40680 90
85818.000000  40719 90
85820.000000  40721 90
85836.000000  40734 90
85864.000000  40757 90
85886.000000  40775 90
85940.000000  40820 90
85954.000000  40831 90
85984.000000  40856 90
86010.000000  40877 90
86010.000000  40877 90
86072.000000  40929 90
86074.000000  40930 90
86130.000000  40976 90
86132.000000  40978 90
86186.000000  41022 90
86186.000000  41022 90
86186.000000  41022 90
86186.000000  41022 90
86186.000000  41022 90
86248.000000  41073 90
86266.000000  41088 90
86266.000000  41088 90
86314.000000  41127 90
86330.000000  41141 90
86354.000000  41160 90
86386.000000  41187 90
86400.000000  41198 90
86400.000000  41198 90
86426.000000  41220 90
86438.000000  41229 90
86490.000000  41272 90
86540.000000  41314 90
86574.000000  41341 90
86652.000000  41406 90
86664.000000  41416 90
86726.000000  41467 90
86726.000000  41467 90
86726.000000  41467 90
86756.000000  41491 90
86780.000000  41511 90
86856.000000  41573 90
86890.000000  41601 90
86910.000000  41618 90
86958.000000  41657 90
86984.000000  41679 90
87000.000000  41692 90
87026.000000  41713 90
87072.000000  41751 90
87096.000000  41771 90
87096.000000  41771 90
87156.000000  41821 90
87214.000000  41868 90
87228.000000  41880 90
87230.000000  41881 90
87262.000000  41908 90
87286.000000  41927 90
87286.000000  41927 90
87318.000000  41954 90
87318.000000  41954 90
87350.000000  41980 90
87382.000000  42007 90
87408.000000  42028 90
87498.000000  42102 90
87524.000000  42123 90
87572.000000  42163 90
87584.000000  42173 90
87620.000000  42202 90
87620.000000  42202 90
87646.000000  42224 90
87674.000000  42247 90
87752.000000  42311 90
87790.000000  42342 90
87840.000000  42383 90
87872.000000  42410 90
87902.000000  42435 90
87936.000000  42463 90
87960.000000  42482 90
87992.000000  42509 90
88046.000000  42553 90
88078.000000  42579 90
88140.000000  42630 90
88140.000000  42630 90
88140.000000  42630 90
88158.000000  42645 90
88158.000000  42645 90
88188.000000  42670 90
88290.000000  42754 90
88374.000000  42823 90
88396.000000  42841 90
88436.000000  42874 90
88448.000000  42883 90
88482.000000  42912 90
88536.000000  42956 90
88560.000000  42976 90
88616.000000  43022 90
88648.000000  43048 90
88648.000000  43048 90
88672.000000  43068 90
88706.000000  43096 90
88808.000000  43180 90
88826.000000  43195 90
88854.000000  43217 90
88886.000000  43244 90
88886.000000  43244 90
88908.000000  43262 90
88932.000000  43282 90
88948.000000  43295 90
88964.000000  43308 90
89012.000000  43348 90
89052.000000  43381 90
89054.000000  43382 90
89064.000000  43390 90
89114.000000  43431 90
89124.000000  43440 90
89138.000000  43451 90
89168.000000  43476 90
89180.000000  43486 90
89236.000000  43532 90
89236.000000  43532 90
89270.000000  43560 90
89300.000000  43585 90
89300.000000  43585 90
89364.000000  43637 90
89416.000000  43680 90
89416.000000  43680 90
89426.000000  43688 90
89444.000000  43703 90
89528.000000  43772 90
89570.000000  43807 90
89592.000000  43825 90
89644.000000  43867 90
89688.000000  43904 90
89724.000000  43933 90
89736.000000  43943 90
89760.000000  43963 90
89816.000000  44009 90
89830.000000  44021 90
89830.000000  44021 90
89890.000000  44070 90
89890.000000  44070 90
89890.000000  44070 90
89922.000000  44096 90
89952.000000  44121 90
89964.000000  44131 90
89964.000000  44131 90
89980.000000  44144 90
90006.000000  44165 90
90006.000000  44165 90
90064.000000  44213 90
90088.000000  44233 90
90102.000000  44245 90
90160.000000  44292 90
90172.000000  44302 90
90188.000000  44315 90
90210.000000  44333 90
90224.000000  44345 90
90248.000000  44365 90
90252.000000  44368 90
90282.000000  44393 90
90282.000000  44393 90
90320.000000  44424 90
90322.000000  44425 90
90324.000000  44427 90
90346.000000  44445 90
90360.000000  44457 90
90360.000000  44457 90
90520.000000  44588 90
90522.000000  44590 90
90542.000000  44607 90
90542.000000  44607 90
90598.000000  44653 90
90632.000000  44681 90
90654.000000  44699 90
90664.000000  44707 90
90678.000000  44718 90
90704.000000  44740 90
90738.000000  44768 90
90756.000000  44783 90
90756.000000  44783 90
90772.000000  44796 90
90822.000000  44837 90
90878.000000  44883 90
90906.000000  44906 90
90906.000000  44906 90
90932.000000  44927 90
90988.000000  44973 90
91008.000000  44990 90
91022.000000  45002 90
91086.000000  45054 90
91088.000000  45056 90
91144.000000  45102 90
91176.000000  45128 90
91206.000000  45153 90
91218.000000  45163 90
91230.000000  45173 90
91264.000000  45201 90
91324.000000  45250 90
91332.000000  45257 90
91364.000000  45283 90
91378.000000  45295 90
91458.000000  45360 90
91470.000000  45370 90
91490.000000  45387 90
91504.000000  45398 90
91550.000000  45436 90
91566.000000  45449 90
91606.000000  45482 90
91608.000000  45484 90
91624.000000  45497 90
91624.000000  45497 90
91680.000000  45543 90
91712.000000  45569 90
91742.000000  45594 90
91776.000000  45622 90
91800.000000  45642 90
91832.000000  45668 90
91856.000000  45688 90
91912.000000  45734 90
91926.000000  45745 90
91950.000000  45765 90
91964.000000  45777 90
91966.000000  45778 90
91986.000000  45795 90
92038.000000  45837 90
92056.000000  45852 90
92074.000000  45867 90
92100.000000  45888 90
92170.000000  45946 90
92206.000000  45976 90
92254.000000  46015 90
92316.000000  46066 90
92350.000000  46094 90
92352.000000  46096 90
92374.000000  46114 90
92388.000000  46125 90
92418.000000  46150 90
92472.000000  46195 90
92524.000000  46237 90
92524.000000  46237 90
92550.000000  46259 90
92608.000000  46307 90
92610.000000  46308 90
92640.000000  46333 90
92672.000000  46359 90
92718.000000  46397 90
92752.000000  46425 90
92798.000000  46463 90
92826.000000  46486 90
92874.000000  46525 90
92910.000000  46555 90
92930.000000  46571 90
92984.000000  46616 90
93050.000000  46670 90
93064.000000  46682 90
93080.000000  46695 90
93124.000000  46731 90
93124.000000  46731 90
93142.000000  46746 90
93174.000000  46772 90
93174.000000  46772 90
93202.000000  46795 90
93236.000000  46823 90
93272.000000  46853 90
93296.000000  46872 90
93322.000000  46894 90
93344.000000  46912 90
93374.000000  46937 90
93406.000000  46963 90
93424.000000  46978 90
93454.000000  47002 90
93488.000000  47030 90
93534.000000  47068 90
93552.000000  47083 90
93610.000000  47131 90
93646.000000  47160 90
93698.000000  47203 90
93722.000000  47223 90
93722.000000  47223 90
93756.000000  47251 90
93808.000000  47294 90
93808.000000  47294 90
93836.000000  47317 90
93836.000000  47317 90
93836.000000  47317 90
93914.000000  47381 90
93938.000000  47401 90
93966.000000  47424 90
93996.000000  47448 90
94042.000000  47486 90
94076.000000  47514 90
94090.000000  47526 90
94148.000000  47573 90
94234.000000  47644 90
94236.000000  47646 90
94270.000000  47674 90
94272.000000  47676 90
94344.000000  47735 90
94378.000000  47763 90
94378.000000  47763 90
94406.000000  47786 90
94406.000000  47786 90
94406.000000  47786 90
94460.000000  47830 90
94524.000000  47883 90
94526.000000  47885 90
94538.000000  47895 90
94540.000000  47896 90
94568.000000  47919 90
94576.000000  47926 90
94582.000000  47931 90
94610.000000  47954 90
94620.000000  47962 90
94620.000000  47962 90
94658.000000  47993 90
94686.000000  48016 90
94720.000000  48044 90
94734.000000  48056 90
94774.000000  48089 90
94796.000000  48107 90
94798.000000  48109 90
94812.000000  48120 90
94842.000000  48145 90
94850.000000  48151 90
94852.000000  48153 90
94872.000000  48170 90
94894.000000  48188 90
94928.000000  48216 90
94982.000000  48260 90
95004.000000  48278 90
95038.000000  48306 90
95092.000000  48351 90
95126.000000  48379 90
95128.000000  48380 90
95186.000000  48428 90
95186.000000  48428 90
95186.000000  48428 90
95208.000000  48446 90
95250.000000  48481 90
95282.000000  48507 90
95332.000000  48548 90
95362.000000  48573 90
95408.000000  48611 90
95446.000000  48642 90
95478.000000  48669 90
95488.000000  48677 90
95520.000000  48703 90
95544.000000  48723 90
95576.000000  48749 90
95600.000000  48769 90
95656.000000  48815 90
95688.000000  48841 90
95712.000000  48861 90
95722.000000  48869 90
95752.000000  48894 90
95810.000000  48942 90
95812.000000  48943 90
95848.000000  48973 90
95876.000000  48996 90
95928.000000  49039 90
95930.000000  49041 90
95958.000000  49064 90
96004.000000  49101 90
96030.000000  49123 90
96042.000000  49133 90
96080.000000  49164 90
96080.000000  49164 90
96118.000000  49195 90
96134.000000  49209 90
96146.000000  49218 90
96178.000000  49245 90
96204.000000  49266 90
96218.000000  49278 90
96244.000000  49299 90
96278.000000  49327 90
96302.000000  49347 90
96316.000000  49358 90
96332.000000  49371 90
96332.000000  49371 90
96414.000000  49439 90
96448.000000  49467 90
96450.000000  49469 90
96476.000000  49490 90
96490.000000  49501 90
96508.000000  49516 90
96546.000000  49547 90
96576.000000  49572 90
96576.000000  49572 90
96576.000000  49572 90
96576.000000  49572 90
96610.000000  49600 90
96624.000000  49612 90
96624.000000  49612 90
96650.000000  49633 90
96682.000000  49659 90
96748.000000  49714 90
96760.000000  49723 90
96794.000000  49751 90
96820.000000  49773 90
96874.000000  49817 90
96934.000000  49867 90
96948.000000  49878 90
96980.000000  49905 90
97004.000000  49924 90
97064.000000  49974 90
97066.000000  49975 90
97100.000000  50003 90
97136.000000  50033 90
97170.000000  50061 90
97200.000000  50085 90
97230.000000  50110 90
97250.000000  50127 90
97270.000000  50143 90
97306.000000  50173 90
97334.000000  50196 90
97364.000000  50221 90
97412.000000  50260 90
97446.000000  50288 90
97474.000000  50311 90
97532.000000  50359 90
97566.000000  50387 90
97598.000000  50413 90
97656.000000  50461 90
97658.000000  50463 90
97690.000000  50489 90
97724.000000  50517 90
97776.000000  50560 90
97808.000000  50586 90
97858.000000  50627 90
97880.000000  50645 90
97910.000000  50670 90
98146.000000  50864 90
98148.000000  50866 90
98168.000000  50882 90
98182.000000  50894 90
98236.000000  50938 90
98236.000000  50938 90
98270.000000  50966 90
98294.000000  50986 90
98308.000000  50997 90
98366.000000  51045 90
98368.000000  51047 90
98394.000000  51068 90
98410.000000  51081 90
98426.000000  51094 90
98446.000000  51111 90
98570.000000  51213 90
98570.000000  51213 90
98592.000000  51231 90
98664.000000  51290 90
98712.000000  51330 90
98718.000000  51335 90
98752.000000  51363 90
98788.000000  51393 90
98818.000000  51417 90
98854.000000  51447 90
98856.000000  51448 90
98976.000000  51547 90
99004.000000  51570 90
99006.000000  51572 90
99082.000000  51634 90
99122.000000  51667 90
99216.000000  51745 90
99266.000000  51786 90
99266.000000  51786 90
99352.000000  51857 90
99384.000000  51883 90
99442.000000  51931 90
99444.000000  51932 90
99578.000000  52043 90
99594.000000  52056 90
99628.000000  52084 90
99662.000000  52112 90
99682.000000  52128 90
99710.000000  52151 90
99758.000000  52191 90
99798.000000  52224 90
99830.000000  52250 90
99876.000000  52288 90
99902.000000  52309 90
99948.000000  52347 90
99994.000000  52385 90
100028.000000  52413 90
100060.000000  52439 90
100060.000000  52439 90
100096.000000  52469 90
100130.000000  52497 90
100154.000000  52517 90
100166.000000  52527 90
100166.000000  52527 90
100202.000000  52556 90
100236.000000  52584 90
100260.000000  52604 90
100274.000000  52616 90
100310.000000  52645 90
100310.000000  52645 90
100362.000000  52688 90
100400.000000  52719 90
100458.000000  52767 90
100514.000000  52813 90
100570.000000  52859 90
100618.000000  52899 90
100706.000000  52971 90
100706.000000  52971 90
100766.000000  53021 90
100776.000000  53029 90
100790.000000  53040 90
100812.000000  53058 90
100812.000000  53058 90
100824.000000  53068 90
100858.000000  53096 90
100860.000000  53098 90
100910.000000  53139 90
100934.000000  53159 90
100948.000000  53170 90
100970.000000  53188 90
100996.000000  53210 90
101026.000000  53235 90
101046.000000  53251 90
101060.000000  53263 90
101090.000000  53287 90
101104.000000  53299 90
101140.000000  53328 90
101162.000000  53346 90
101162.000000  53346 90
101194.000000  53373 90
101270.000000  53435 90
101300.000000  53460 90
101302.000000  53462 90
101328.000000  53483 90
101402.000000  53544 90
101414.000000  53554 90
101446.000000  53580 90
101524.000000  53644 90
101526.000000  53646 90
101560.000000  53674 90
101562.000000  53676 90
101584.000000  53694 90
101616.000000  53720 90
101618.000000  53722 90
101644.000000  53743 90
101654.000000  53751 90
101732.000000  53816 90
101788.000000  53862 90
101828.000000  53895 90
101878.000000  53936 90
101914.000000  53965 90
101996.000000  54033 90
101996.000000  54033 90
102032.000000  54063 90
102056.000000  54082 90
102056.000000  54082 90
102056.000000  54082 90
102056.000000  54082 90
102120.000000  54135 90
102154.000000  54163 90
102228.000000  54224 90
102230.000000  54225 90
102254.000000  54245 90
102274.000000  54261 90
102322.000000  54301 90
102334.000000  54311 90
102352.000000  54326 90
102352.000000  54326 90
102374.000000  54344 90
102434.000000  54393 90
102518.000000  54463 90
102552.000000  54491 90
102576.000000  54510 90
102634.000000  54558 90
102692.000000  54606 90
102748.000000  54652 90
102758.000000  54660 90
102814.000000  54706 90
102848.000000  54734 90
102874.000000  54755 90
102922.000000  54795 90
102954.000000  54821 90
103002.000000  54861 90
103028.000000  54882 90
103082.000000  54927 90
103134.000000  54969 90
103168.000000  54997 90
103202.000000  55025 90
103204.000000  55027 90
103226.000000  55045 90
103238.000000  55055 90
103292.000000  55099 90
103322.000000  55124 90
103324.000000  55126 90
103352.000000  55149 90
103380.000000  55172 90
103382.000000  55173 90
103388.000000  55178 90
103402.000000  55190 90
103432.000000  55215 90
103444.000000  55225 90
103500.000000  55271 90
103526.000000  55292 90
103552.000000  55313 90
103566.000000  55325 90
103586.000000  55341 90
103606.000000  55358 90
103656.000000  55399 90
103658.000000  55401 90
103680.000000  55419 90
103728.000000  55458 90
103730.000000  55460 90
103734.000000  55463 90
103748.000000  55475 90
103760.000000  55485 90
103780.000000  55501 90
103812.000000  55527 90
105032.000000  56531 90
105044.000000  56541 90
105066.000000  56559 90
105068.000000  56561 90
105132.000000  56614 90
105132.000000  56614 90
105194.000000  56665 90
105196.000000  56666 90
105252.000000  56712 90
105254.000000  56714 90
105286.000000  56740 90
105340.000000  56785 90
105364.000000  56805 90
105416.000000  56847 90
105424.000000  56854 90
105424.000000  56854 90
105440.000000  56867 90
105442.000000  56869 90
105470.000000  56892 90
105518.000000  56931 90
105574.000000  56977 90
105608.000000  57005 90
105674.000000  57060 90
105682.000000  57066 90
105730.000000  57106 90
105732.000000  57107 90
105766.000000  57135 90
105794.000000  57159 90
105796.000000  57160 90
105828.000000  57186 90
105852.000000  57206 90
105866.000000  57218 90
105884.000000  57233 90
105914.000000  57257 90
105916.000000  57259 90
105994.000000  57323 90
106026.000000  57349 90
106052.000000  57371 90
106072.000000  57387 90
106086.000000  57399 90
106112.000000  57420 90
106112.000000  57420 90
106136.000000  57440 90
106138.000000  57442 90
106146.000000  57448 90
106166.000000  57465 90
106182.000000  57478 90
106202.000000  57494 90
106216.000000  57506 90
106258.000000  57540 90
106278.000000  57557 90
106300.000000  57575 90
106350.000000  57616 90
106392.000000  57651 90
106448.000000  57697 90
106484.000000  57726 90
106486.000000  57728 90
106510.000000  57748 90
106512.000000  57749 90
106544.000000  57776 90
106546.000000  57777 90
106568.000000  57795 90
106600.000000  57822 90
106626.000000  57843 90
106682.000000  57889 90
106684.000000  57891 90
106710.000000  57912 90
106724.000000  57924 90
106764.000000  57957 90
106804.000000  57990 90
106840.000000  58019 90
106866.000000  58041 90
106886.000000  58057 90
106922.000000  58087 90
106954.000000  58113 90
106986.000000  58139 90
107000.000000  58151 90
107060.000000  58200 90
107062.000000  58202 90
107112.000000  58243 90
107112.000000  58243 90
107148.000000  58273 90
107170.000000  58291 90
107204.000000  58319 90
107230.000000  58340 90
107264.000000  58368 90
107288.000000  58388 90
107338.000000  58429 90
107338.000000  58429 90
107366.000000  58452 90
107424.000000  58500 90
107524.000000  58582 90
107532.000000  58589 90
107622.000000  58663 90
107650.000000  58686 90
107662.000000  58696 90
107686.000000  58716 90
107700.000000  58727 90
107730.000000  58752 90
107764.000000  58780 90
107872.000000  58869 90
107874.000000  58871 90
107898.000000  58890 90
107960.000000  58941 90
107962.000000  58943 90
107996.000000  58971 90
107998.000000  58973 90
108038.000000  59006 90
108054.000000  59019 90
108102.000000  59059 90
108154.000000  59101 90
108178.000000  59121 90
108200.000000  59139 90
108230.000000  59164 90
108230.000000  59164 90
108248.000000  59179 90
108266.000000  59194 90
108280.000000  59205 90
108282.000000  59207 90
108294.000000  59217 90
108318.000000  59236 90
108352.000000  59265 90
108354.000000  59266 90
108374.000000  59283 90
108406.000000  59309 90
108458.000000  59352 90
108460.000000  59353 90
108488.000000  59376 90
108490.000000  59378 90
108506.000000  59391 90
108506.000000  59391 90
108534.000000  59414 90
108536.000000  59416 90
108568.000000  59442 90
108602.000000  59470 90
108642.000000  59503 90
108678.000000  59533 90
108712.000000  59561 90
108714.000000  59563 90
108768.000000  59607 90
108806.000000  59638 90
108806.000000  59638 90
108838.000000  59665 90
108874.000000  59694 90
108900.000000  59716 90
108996.000000  59795 90
109050.000000  59839 90
109074.000000  59859 90
109106.000000  59885 90
109160.000000  59930 90
109182.000000  59948 90
109182.000000  59948 90
109240.000000  59995 90
109270.000000  60020 90
109300.000000  60045 90
109356.000000  60091 90
109356.000000  60091 90
109386.000000  60116 90
109442.000000  60162 90
109470.000000  60185 90
109508.000000  60216 90
109510.000000  60218 90
109530.000000  60234 90
109550.000000  60251 90
109590.000000  60284 90
109590.000000  60284 90
109590.000000  60284 90
109622.000000  60310 90
109634.000000  60320 90
109666.000000  60346 90
109692.000000  60368 90
109726.000000  60396 90
109756.000000  60421 90
109788.000000  60447 90
109812.000000  60467 90
109844.000000  60493 90
109844.000000  60493 90
109870.000000  60514 90
109902.000000  60541 90
109902.000000  60541 90
109950.000000  60580 90
109980.000000  60605 90
110008.000000  60628 90
110038.000000  60653 90
110066.000000  60676 90
110100.000000  60704 90
110108.000000  60710 90
110142.000000  60738 90
110160.000000  60753 90
110232.000000  60812 90
110260.000000  60835 90
110272.000000  60845 90
110348.000000  60908 90
110360.000000  60918 90
110398.000000  60949 90
110400.000000  60951 90
110460.000000  61000 90
110514.000000  61045 90
110540.000000  61066 90
110554.000000  61077 90
110584.000000  61102 90
110598.000000  61114 90
110636.000000  61145 90
110720.000000  61214 90
110780.000000  61263 90
110800.000000  61280 90
110850.000000  61321 90
110908.000000  61369 90
110918.000000  61377 90
110954.000000  61407 90
110956.000000  61408 90
111034.000000  61473 90
111068.000000  61501 90
111098.000000  61525 90
111100.000000  61527 90
111126.000000  61548 90
111154.000000  61571 90
111156.000000  61573 90
111184.000000  61596 90
111200.000000  61609 90
111200.000000  61609 90
111224.000000  61629 90
111232.000000  61636 90
111256.000000  61655 90
111266.000000  61663 90
111288.000000  61682 90
111338.000000  61723 90
111368.000000  61747 90
111398.000000  61772 90
111430.000000  61799 90
111530.000000  61881 90
111588.000000  61929 90
111624.000000  61958 90
111626.000000  61960 90
111646.000000  61977 90
111678.000000  62003 90
111730.000000  62046 90
111730.000000  62046 90
111758.000000  62069 90
111816.000000  62116 90
111840.000000  62136 90
111886.000000  62174 90
111918.000000  62200 90
112016.000000  62281 90
112016.000000  62281 90
112094.000000  62345 90
112156.000000  62396 90
112180.000000  62416 90
112194.000000  62428 90
112224.000000  62452 90
112224.000000  62452 90
112300.000000  62515 90
112320.000000  62531 90
112322.000000  62533 90
112376.000000  62577 90
112410.000000  62605 90
112434.000000  62625 90
112464.000000  62650 90
112534.000000  62707 90
112540.000000  62712 90
112540.000000  62712 90
112648.000000  62801 90
112720.000000  62861 90
112772.000000  62903 90
112826.000000  62948 90
112856.000000  62973 90
112892.000000  63002 90
112894.000000  63004 90
112944.000000  63045 90
112976.000000  63071 90
112990.000000  63083 90
113072.000000  63150 90
113078.000000  63155 90
113100.000000  63173 90
113120.000000  63190 90
113192.000000  63249 90
113192.000000  63249 90
113220.000000  63272 90
113240.000000  63289 90
113260.000000  63305 90
113306.000000  63343 90
113342.000000  63373 90
113342.000000  63373 90
113360.000000  63387 90
113450.000000  63461 90
113514.000000  63514 90
113548.000000  63542 90
113570.000000  63560 90
113626.000000  63606 90
113660.000000  63634 90
113688.000000  63657 90
113696.000000  63664 90
113746.000000  63705 90
113764.000000  63720 90
113794.000000  63744 90
113840.000000  63782 90
113840.000000  63782 90
113868.000000  63805 90
113914.000000  63843 90
113936.000000  63861 90
113954.000000  63876 90
113970.000000  63889 90
113986.000000  63902 90
113994.000000  63909 90
114042.000000  63949 90
114078.000000  63978 90
114102.000000  63998 90
114158.000000  64044 90
114158.000000  64044 90
114192.000000  64072 90
114224.000000  64098 90
114282.000000  64146 90
114316.000000  64174 90
114342.000000  64195 90
114414.000000  64255 90
114476.000000  64306 90
114488.000000  64315 90
114532.000000  64352 90
114548.000000  64365 90
114584.000000  64395 90
114626.000000  64429 90
114626.000000  64429 90
114670.000000  64465 90
114682.000000  64475 90
114712.000000  64500 90
114768.000000  64546 90
114770.000000  64548 90
114792.000000  64566 90
114824.000000  64592 90
114850.000000  64613 90
114884.000000  64641 90
114938.000000  64686 90
114960.000000  64704 90
115018.000000  64752 90
115018.000000  64752 90
115036.000000  64767 90
115066.000000  64791 90
115096.000000  64816 90
115142.000000  64854 90
115220.000000  64918 90
115268.000000  64958 90
115314.000000  64995 90
115350.000000  65025 90
115372.000000  65043 90
115372.000000  65043 90
115372.000000  65043 90
115372.000000  65043 90
115462.000000  65117 90
115516.000000  65162 90
115540.000000  65181 90
115612.000000  65241 90
115612.000000  65241 90
115634.000000  65259 90
115662.000000  65282 90
115662.000000  65282 90
115674.000000  65292 90
115696.000000  65310 90
115746.000000  65351 90
115770.000000  65371 90
115802.000000  65397 90
115838.000000  65427 90
115868.000000  65451 90
115868.000000  65451 90
115906.000000  65483 90
115936.000000  65507 90
115962.000000  65529 90
116018.000000  65575 90
116018.000000  65575 90
116034.000000  65588 90
116066.000000  65614 90
116098.000000  65641 90
116132.000000  65669 90
116160.000000  65692 90
116194.000000  65720 90
116224.000000  65745 90
116238.000000  65756 90
116272.000000  65784 90
116302.000000  65809 90
116316.000000  65820 90
116316.000000  65820 90
116340.000000  65840 90
116362.000000  65858 90
116388.000000  65879 90
116416.000000  65903 90
116434.000000  65917 90
116488.000000  65962 90
116512.000000  65982 90
116536.000000  66001 90
116550.000000  66013 90
116566.000000  66026 90
116592.000000  66047 90
116632.000000  66081 90
116634.000000  66082 90
116656.000000  66100 90
116708.000000  66143 90
116708.000000  66143 90
116742.000000  66171 90
116766.000000  66191 90
116798.000000  66217 90
116822.000000  66237 90
116878.000000  66283 90
116950.000000  66342 90
117026.000000  66405 90
117026.000000  66405 90
117044.000000  66419 90
117072.000000  66443 90
117122.000000  66484 90
117158.000000  66513 90
117198.000000  66546 90
117240.000000  66581 90
117242.000000  66583 90
117308.000000  66637 90
117308.000000  66637 90
117344.000000  66667 90
117346.000000  66668 90
117366.000000  66685 90
117380.000000  66696 90
117402.000000  66714 90
117510.000000  66803 90
117510.000000  66803 90
117540.000000  66828 90
117542.000000  66830 90
117588.000000  66867 90
117588.000000  66867 90
117618.000000  0 90
117618.000000  0 90
117628.000000  66901 90
117666.000000  66932 90
117666.000000  66932 90
117722.000000  66978 90
117752.000000  67003 90
117754.000000  67004 90
117782.000000  67027 90
117784.000000  67029 90
117932.000000  67151 90
117992.000000  67200 90
117992.000000  67200 90
118028.000000  67230 90
118052.000000  67250 90
118066.000000  67261 90
118088.000000  67279 90
118144.000000  67325 90
118178.000000  67353 90
118202.000000  67373 90
118216.000000  67385 90
118260.000000  67421 90
118304.000000  67457 90
118342.000000  67489 90
118384.000000  67523 90
118414.000000  67548 90
118460.000000  67586 90
118486.000000  67607 90
118532.000000  67645 90
118568.000000  67675 90
118594.000000  67696 90
118596.000000  67698 90
118602.000000  67703 90
118602.000000  67703 90
118664.000000  67754 90
118666.000000  67755 90
118698.000000  67782 90
118726.000000  67805 90
118734.000000  67812 90
118790.000000  67858 90
118824.000000  67886 90
118852.000000  67909 90
118854.000000  67910 90
118876.000000  67929 90
118922.000000  67966 90
118942.000000  67983 90
118956.000000  67994 90
118976.000000  68011 90
119006.000000  68036 90
119068.000000  68087 90
119098.000000  68111 90
119134.000000  68141 90
119190.000000  68187 90
119226.000000  68217 90
119250.000000  68237 90
119284.000000  68265 90
119286.000000  68266 90
119338.000000  68309 90
119360.000000  68327 90
119394.000000  68355 90
119428.000000  68383 90
119450.000000  68401 90
119484.000000  68429 90
119520.000000  68459 90
119556.000000  68489 90
119576.000000  68505 90
119590.000000  68517 90
119618.000000  68540 90
119618.000000  68540 90
119618.000000  68540 90
119618.000000  68540 90
119618.000000  68540 90
119814.000000  68701 90
119818.000000  68705 90
119870.000000  68747 90
119926.000000  68793 90
119958.000000  68820 90
119982.000000  68840 90
119984.000000  68841 90
120020.000000  68871 90
120022.000000  68873 90
120042.000000  68889 90
120074.000000  68915 90
120096.000000  68933 90
120130.000000  68961 90
120164.000000  68989 90
120202.000000  69021 90
120222.000000  69037 90
120270.000000  69077 90
120290.000000  69093 90
120316.000000  69115 90
120332.000000  69128 90
120380.000000  69167 90
120414.000000  69195 90
120464.000000  69236 90
120496.000000  69263 90
120498.000000  69264 90
120560.000000  69315 90
120560.000000  69315 90
120574.000000  69327 90
120638.000000  69380 90
120640.000000  69381 90
120644.000000  69385 90
120702.000000  69432 90
120738.000000  69462 90
120740.000000  69464 90
120758.000000  69478 90
120758.000000  69478 90
120810.000000  69521 90
120822.000000  69531 90
120842.000000  69548 90
120866.000000  69567 90
120938.000000  69627 90
120966.000000  69650 90
121002.000000  69679 90
121002.000000  69679 90
121002.000000  69679 90
121002.000000  69679 90
121086.000000  69749 90
121118.000000  69775 90
121148.000000  69800 90
121162.000000  69811 90
121186.000000  69831 90
121220.000000  69859 90
121220.000000  69859 90
121220.000000  69859 90
121242.000000  69877 90
121256.000000  69889 90
121258.000000  69890 90
121288.000000  69915 90
121342.000000  69959 90
121380.000000  69991 90
121410.000000  70015 90
121410.000000  70015 90
121436.000000  70037 90
121466.000000  70061 90
121492.000000  70083 90
121512.000000  70099 90
121638.000000  70203 90
121644.000000  70208 90
121696.000000  70251 90
121740.000000  70287 90
121798.000000  70335 90
121854.000000  70381 90
121864.000000  70389 90
121918.000000  70434 90
121918.000000  70434 90
122036.000000  70531 90
122140.000000  70616 90
122172.000000  70643 90
122218.000000  70681 90
122296.000000  70745 90
122296.000000  70745 90
122318.000000  70763 90
122318.000000  70763 90
122366.000000  70803 90
122400.000000  70831 90
122400.000000  70831 90
122426.000000  70852 90
122484.000000  70900 90
122486.000000  70901 90
122518.000000  70928 90
122542.000000  70947 90
122548.000000  70952 90
122580.000000  70979 90
122580.000000  70979 90
122638.000000  71026 90
122690.000000  71069 90
122720.000000  71094 90
122768.000000  71133 90
122804.000000  71163 90
122852.000000  71203 90
122882.000000  71227 90
122896.000000  71239 90
122942.000000  71277 90
122958.000000  71290 90
122978.000000  71306 90
122978.000000  71306 90
123012.000000  71334 90
123066.000000  71379 90
123100.000000  71407 90
123124.000000  71427 90
123156.000000  71453 90
123190.000000  71481 90
123244.000000  71525 90
123272.000000  71548 90
123272.000000  71548 90
123272.000000  71548 90
123348.000000  71611 90
123380.000000  71637 90
123396.000000  71650 90
123422.000000  71672 90
123446.000000  71691 90
123546.000000  71774 90
123598.000000  71817 90
123616.000000  71831 90
123652.000000  71861 90
123694.000000  71896 90
123696.000000  71897 90
123748.000000  71940 90
123772.000000  71960 90
123804.000000  71986 90
123828.000000  72006 90
123830.000000  72007 90
123884.000000  72052 90
123898.000000  72063 90
123932.000000  72091 90
123966.000000  72119 90
123988.000000  72137 90
123988.000000  72137 90
124024.000000  72167 90
124054.000000  72192 90
124072.000000  72207 90
124092.000000  72223 90
124112.000000  72240 90
124160.000000  72279 90
124190.000000  72304 90
124222.000000  72330 90
124256.000000  72358 90
124286.000000  72383 90
124318.000000  72409 90
124350.000000  72436 90
124364.000000  72447 90
124390.000000  72469 90
124448.000000  72516 90
124504.000000  72562 90
124538.000000  72590 90
124566.000000  72613 90
124568.000000  72615 90
124626.000000  72663 90
124646.000000  72679 90
124680.000000  72707 90
124710.000000  72732 90
124726.000000  72745 90
124746.000000  72761 90
124794.000000  72801 90
124840.000000  72839 90
124876.000000  72869 90
124916.000000  72901 90
124930.000000  72913 90
124930.000000  72913 90
124962.000000  72939 90
124994.000000  72966 90
125018.000000  72985 90
125030.000000  72995 90
125060.000000  73020 90
125072.000000  73030 90
125072.000000  73030 90
125072.000000  73030 90
125072.000000  73030 90
125072.000000  73030 90
125130.000000  73078 90
125160.000000  73102 90
125160.000000  73102 90
125186.000000  73124 90
125194.000000  73130 90
125228.000000  73158 90
125252.000000  73178 90
125278.000000  73199 90
125340.000000  73251 90
125374.000000  73279 90
125398.000000  73298 90
125400.000000  73300 90
125422.000000  73318 90
125430.000000  73325 90
125538.000000  73413 90
125562.000000  73433 90
125618.000000  73479 90
125618.000000  73479 90
125618.000000  73479 90
125618.000000  73479 90
125790.000000  73621 90
125866.000000  73683 90
125904.000000  73715 90
125930.000000  73736 90
125962.000000  73763 90
125990.000000  73785 90
126014.000000  73805 90
126062.000000  73845 90
126100.000000  73876 90
126142.000000  73911 90
126160.000000  73925 90
126208.000000  73965 90
126264.000000  74011 90
126264.000000  74011 90
126274.000000  74019 90
126332.000000  74067 90
126364.000000  74093 90
126388.000000  74113 90
126420.000000  74139 90
126420.000000  74139 90
126516.000000  74218 90
126550.000000  74246 90
126598.000000  74286 90
126618.000000  74302 90
126632.000000  74314 90
126632.000000  74314 90
126654.000000  74332 90
126670.000000  74345 90
126712.000000  74380 90
126770.000000  74427 90
126806.000000  74457 90
126848.000000  74491 90
126906.000000  74539 90
126920.000000  74551 90
126978.000000  74599 90
126980.000000  74600 90
127012.000000  74627 90
127066.000000  74671 90
127088.000000  74689 90
127088.000000  74689 90
127104.000000  74702 90
127164.000000  74751 90
127166.000000  74753 90
127208.000000  74788 90
127266.000000  74835 90
127286.000000  74852 90
127332.000000  74890 90
127362.000000  74915 90
127370.000000  74921 90
127392.000000  74939 90
127404.000000  74949 90
127442.000000  74980 90
127476.000000  75008 90
127494.000000  75023 90
127548.000000  75067 90
127550.000000  75069 90
127582.000000  75095 90
127582.000000  75095 90
127618.000000  75125 90
127652.000000  75153 90
127654.000000  75155 90
127676.000000  75173 90
127710.000000  75201 90
127710.000000  75201 90
127710.000000  75201 90
127742.000000  75227 90
127744.000000  75229 90
127754.000000  75237 90
127768.000000  75249 90
129222.000000  76446 90
129228.000000  76451 90
129228.000000  76451 90
129244.000000  76464 90
129268.000000  76483 90
129282.000000  76495 90
129284.000000  76497 90
129332.000000  76536 90
129348.000000  76549 90
129366.000000  76564 90
129414.000000  76604 90
129428.000000  76615 90
129462.000000  76643 90
129486.000000  76663 90
129498.000000  76673 90
129534.000000  76702 90
129546.000000  76712 90
129546.000000  76712 90
129580.000000  76740 90
129614.000000  76768 90
129674.000000  76818 90
129708.000000  76846 90
129736.000000  76869 90
129738.000000  76870 90
129748.000000  76879 90
129772.000000  76898 90
129786.000000  76910 90
129786.000000  76910 90
129798.000000  76920 90
129824.000000  76941 90
129826.000000  76943 90
129848.000000  76961 90
129862.000000  76972 90
129872.000000  76981 90
129880.000000  76987 90
129938.000000  77035 90
129990.000000  77078 90
130040.000000  77119 90
130052.000000  77129 90
130104.000000  77171 90
130104.000000  77171 90
130120.000000  77185 90
130132.000000  77195 90
130186.000000  77239 90
130240.000000  77283 90
130314.000000  77344 90
130336.000000  77363 90
130394.000000  77410 90
130400.000000  77415 90
130418.000000  77430 90
130440.000000  77448 90
130468.000000  77471 90
130470.000000  77473 90
130508.000000  77504 90
130510.000000  77506 90
130534.000000  77525 90
130554.000000  77542 90
130562.000000  77548 90
130590.000000  77571 90
130606.000000  77585 90
130626.000000  77601 90
130654.000000  77624 90
130668.000000  77636 90
130668.000000  77636 90
130690.000000  77654 90
130746.000000  77700 90
130778.000000  77726 90
130836.000000  77774 90
130850.000000  77785 90
130862.000000  77795 90
130864.000000  77797 90
130888.000000  77817 90
130942.000000  77861 90
130950.000000  77868 90
130984.000000  77896 90
131006.000000  77914 90
131042.000000  77944 90
131074.000000  77970 90
131074.000000  77970 90
131090.000000  77983 90
131106.000000  77996 90
131128.000000  78014 90
131128.000000  78014 90
131182.000000  78059 90
131184.000000  78061 90
131208.000000  78080 90
131236.000000  78103 90
131266.000000  78128 90
131288.000000  78146 90
131338.000000  78187 90
131340.000000  78189 90
131398.000000  78237 90
131398.000000  78237 90
131398.000000  78237 90
131522.000000  78339 90
131580.000000  78387 90
131582.000000  78388 90
131638.000000  78434 90
131646.000000  78441 90
131670.000000  78461 90
131686.000000  78474 90
131706.000000  78490 90
131758.000000  78533 90
131802.000000  78569 90
131802.000000  78569 90
131826.000000  78589 90
131874.000000  78628 90
131894.000000  78645 90
131894.000000  78645 90
131916.000000  78663 90
131972.000000  78709 90
131996.000000  78729 90
132010.000000  78740 90
132034.000000  78760 90
132088.000000  78805 90
