0.000000 16245.000000
0.000000 16247.000000
0.000000 16249.000000
1.000000 16251.000000
1.000000 16253.000000
1.000000 16255.000000
1.000000 16257.000000
1.000000 16259.000000
2.000000 16261.000000
2.000000 16263.000000
2.000000 16265.000000
3.000000 16267.000000
3.000000 16269.000000
4.000000 16271.000000
4.000000 16273.000000
5.000000 16275.000000
6.000000 16277.000000
6.000000 16279.000000
7.000000 16281.000000
8.000000 16283.000000
8.000000 16285.000000
9.000000 16287.000000
10.000000 16289.000000
11.000000 16291.000000
12.000000 16293.000000
13.000000 16295.000000
14.000000 16297.000000
14.000000 16299.000000
15.000000 16301.000000
16.000000 16303.000000
17.000000 16305.000000
18.000000 16307.000000
19.000000 16309.000000
20.000000 16311.000000
22.000000 16313.000000
22.000000 16315.000000
24.000000 16317.000000
25.000000 16319.000000
26.000000 16321.000000
27.000000 16323.000000
28.000000 16325.000000
29.000000 16327.000000
30.000000 16329.000000
31.000000 16331.000000
33.000000 16333.000000
34.000000 16335.000000
35.000000 16337.000000
36.000000 16339.000000
38.000000 16341.000000
39.000000 16343.000000
40.000000 16345.000000
41.000000 16347.000000
42.000000 16349.000000
44.000000 16351.000000
45.000000 16353.000000
46.000000 16355.000000
48.000000 16357.000000
49.000000 16359.000000
50.000000 16361.000000
51.000000 16363.000000
53.000000 16365.000000
54.000000 16367.000000
55.000000 16369.000000
57.000000 16371.000000
58.000000 16373.000000
59.000000 16375.000000
61.000000 16377.000000
62.000000 16379.000000
63.000000 16381.000000
65.000000 16383.000000
66.000000 16385.000000
67.000000 16387.000000
69.000000 16389.000000
70.000000 16391.000000
72.000000 16393.000000
73.000000 16395.000000
74.000000 16397.000000
76.000000 16399.000000
77.000000 16401.000000
78.000000 16403.000000
80.000000 16405.000000
81.000000 16407.000000
83.000000 16409.000000
84.000000 16411.000000
86.000000 16413.000000
87.000000 16415.000000
88.000000 16417.000000
90.000000 16419.000000
91.000000 16421.000000
92.000000 16423.000000
94.000000 16425.000000
95.000000 16427.000000
97.000000 16429.000000
98.000000 16431.000000
100.000000 16433.000000
101.000000 16435.000000
102.000000 16437.000000
104.000000 16439.000000
105.000000 16441.000000
107.000000 16443.000000
108.000000 16445.000000
110.000000 16447.000000
111.000000 16449.000000
113.000000 16451.000000
114.000000 16453.000000
116.000000 16455.000000
117.000000 16457.000000
118.000000 16459.000000
120.000000 16461.000000
121.000000 16463.000000
123.000000 16465.000000
124.000000 16467.000000
126.000000 16469.000000
127.000000 16471.000000
128.000000 16473.000000
130.000000 16475.000000
131.000000 16477.000000
133.000000 16479.000000
134.000000 16481.000000
136.000000 16483.000000
137.000000 16485.000000
139.000000 16487.000000
140.000000 16489.000000
142.000000 16491.000000
143.000000 16493.000000
144.000000 16495.000000
146.000000 16497.000000
147.000000 16499.000000
149.000000 16501.000000
150.000000 16503.000000
152.000000 16505.000000
153.000000 16507.000000
155.000000 16509.000000
156.000000 16511.000000
158.000000 16513.000000
159.000000 16515.000000
161.000000 16517.000000
162.000000 16519.000000
164.000000 16521.000000
165.000000 16523.000000
166.000000 16525.000000
168.000000 16527.000000
170.000000 16529.000000
171.000000 16531.000000
172.000000 16533.000000
174.000000 16535.000000
175.000000 16537.000000
177.000000 16539.000000
178.000000 16541.000000
180.000000 16543.000000
181.000000 16545.000000
183.000000 16547.000000
184.000000 16549.000000
186.000000 16551.000000
187.000000 16553.000000
189.000000 16555.000000
190.000000 16557.000000
192.000000 16559.000000
193.000000 16561.000000
194.000000 16563.000000
196.000000 16565.000000
197.000000 16567.000000
199.000000 16569.000000
200.000000 16571.000000
202.000000 16573.000000
203.000000 16575.000000
205.000000 16577.000000
206.000000 16579.000000
208.000000 16581.000000
209.000000 16583.000000
211.000000 16585.000000
212.000000 16587.000000
214.000000 16589.000000
215.000000 16591.000000
217.000000 16593.000000
218.000000 16595.000000
220.000000 16597.000000
221.000000 16599.000000
222.000000 16601.000000
224.000000 16603.000000
226.000000 16605.000000
227.000000 16607.000000
228.000000 16609.000000
230.000000 16611.000000
232.000000 16613.000000
233.000000 16615.000000
234.000000 16617.000000
236.000000 16619.000000
237.000000 16621.000000
239.000000 16623.000000
240.000000 16625.000000
242.000000 16627.000000
243.000000 16629.000000
245.000000 16631.000000
246.000000 16633.000000
248.000000 16635.000000
249.000000 16637.000000
251.000000 16639.000000
252.000000 16641.000000
254.000000 16643.000000
255.000000 16645.000000
257.000000 16647.000000
258.000000 16649.000000
260.000000 16651.000000
261.000000 16653.000000
263.000000 16655.000000
264.000000 16657.000000
266.000000 16659.000000
267.000000 16661.000000
268.000000 16663.000000
270.000000 16665.000000
271.000000 16667.000000
273.000000 16669.000000
274.000000 16671.000000
276.000000 16673.000000
277.000000 16675.000000
279.000000 16677.000000
280.000000 16679.000000
282.000000 16681.000000
283.000000 16683.000000
285.000000 16685.000000
286.000000 16687.000000
288.000000 16689.000000
289.000000 16691.000000
291.000000 16693.000000
292.000000 16695.000000
294.000000 16697.000000
295.000000 16699.000000
296.000000 16701.000000
298.000000 16703.000000
300.000000 16705.000000
301.000000 16707.000000
302.000000 16709.000000
304.000000 16711.000000
306.000000 16713.000000
307.000000 16715.000000
308.000000 16717.000000
310.000000 16719.000000
311.000000 16721.000000
313.000000 16723.000000
314.000000 16725.000000
316.000000 16727.000000
317.000000 16729.000000
319.000000 16731.000000
320.000000 16733.000000
322.000000 16735.000000
323.000000 16737.000000
325.000000 16739.000000
326.000000 16741.000000
328.000000 16743.000000
329.000000 16745.000000
331.000000 16747.000000
332.000000 16749.000000
334.000000 16751.000000
335.000000 16753.000000
337.000000 16755.000000
338.000000 16757.000000
340.000000 16759.000000
341.000000 16761.000000
342.000000 16763.000000
344.000000 16765.000000
345.000000 16767.000000
347.000000 16769.000000
348.000000 16771.000000
350.000000 16773.000000
351.000000 16775.000000
353.000000 16777.000000
354.000000 16779.000000
356.000000 16781.000000
357.000000 16783.000000
359.000000 16785.000000
360.000000 16787.000000
362.000000 16789.000000
363.000000 16791.000000
365.000000 16793.000000
366.000000 16795.000000
368.000000 16797.000000
369.000000 16799.000000
371.000000 16801.000000
372.000000 16803.000000
374.000000 16805.000000
375.000000 16807.000000
376.000000 16809.000000
378.000000 16811.000000
380.000000 16813.000000
381.000000 16815.000000
382.000000 16817.000000
384.000000 16819.000000
385.000000 16821.000000
387.000000 16823.000000
388.000000 16825.000000
390.000000 16827.000000
391.000000 16829.000000
393.000000 16831.000000
394.000000 16833.000000
396.000000 16835.000000
397.000000 16837.000000
399.000000 16839.000000
400.000000 16841.000000
402.000000 16843.000000
403.000000 16845.000000
405.000000 16847.000000
406.000000 16849.000000
408.000000 16851.000000
409.000000 16853.000000
411.000000 16855.000000
412.000000 16857.000000
414.000000 16859.000000
415.000000 16861.000000
416.000000 16863.000000
418.000000 16865.000000
420.000000 16867.000000
421.000000 16869.000000
422.000000 16871.000000
424.000000 16873.000000
425.000000 16875.000000
427.000000 16877.000000
428.000000 16879.000000
430.000000 16881.000000
431.000000 16883.000000
433.000000 16885.000000
434.000000 16887.000000
436.000000 16889.000000
437.000000 16891.000000
439.000000 16893.000000
440.000000 16895.000000
442.000000 16897.000000
443.000000 16899.000000
445.000000 16901.000000
446.000000 16903.000000
448.000000 16905.000000
449.000000 16907.000000
450.000000 16909.000000
452.000000 16911.000000
454.000000 16913.000000
455.000000 16915.000000
456.000000 16917.000000
458.000000 16919.000000
459.000000 16921.000000
461.000000 16923.000000
462.000000 16925.000000
464.000000 16927.000000
465.000000 16929.000000
467.000000 16931.000000
468.000000 16933.000000
470.000000 16935.000000
471.000000 16937.000000
473.000000 16939.000000
474.000000 16941.000000
476.000000 16943.000000
477.000000 16945.000000
479.000000 16947.000000
480.000000 16949.000000
482.000000 16951.000000
483.000000 16953.000000
484.000000 16955.000000
486.000000 16957.000000
488.000000 16959.000000
489.000000 16961.000000
490.000000 16963.000000
492.000000 16965.000000
493.000000 16967.000000
495.000000 16969.000000
496.000000 16971.000000
498.000000 16973.000000
499.000000 16975.000000
501.000000 16977.000000
502.000000 16979.000000
504.000000 16981.000000
505.000000 16983.000000
507.000000 16985.000000
508.000000 16987.000000
510.000000 16989.000000
511.000000 16991.000000
513.000000 16993.000000
514.000000 16995.000000
516.000000 16997.000000
517.000000 16999.000000
518.000000 17001.000000
520.000000 17003.000000
522.000000 17005.000000
523.000000 17007.000000
524.000000 17009.000000
526.000000 17011.000000
528.000000 17013.000000
529.000000 17015.000000
530.000000 17017.000000
532.000000 17019.000000
533.000000 17021.000000
535.000000 17023.000000
536.000000 17025.000000
538.000000 17027.000000
539.000000 17029.000000
541.000000 17031.000000
542.000000 17033.000000
544.000000 17035.000000
545.000000 17037.000000
547.000000 17039.000000
548.000000 17041.000000
548.000000 17041.000000
573.000000 17075.000000
575.000000 17077.000000
576.000000 17079.000000
578.000000 17081.000000
579.000000 17083.000000
581.000000 17085.000000
582.000000 17087.000000
584.000000 17089.000000
585.000000 17091.000000
587.000000 17093.000000
588.000000 17095.000000
590.000000 17097.000000
591.000000 17099.000000
593.000000 17101.000000
594.000000 17103.000000
596.000000 17105.000000
597.000000 17107.000000
599.000000 17109.000000
600.000000 17111.000000
602.000000 17113.000000
603.000000 17115.000000
604.000000 17117.000000
606.000000 17119.000000
607.000000 17121.000000
609.000000 17123.000000
610.000000 17125.000000
612.000000 17127.000000
613.000000 17129.000000
615.000000 17131.000000
616.000000 17133.000000
618.000000 17135.000000
619.000000 17137.000000
621.000000 17139.000000
622.000000 17141.000000
624.000000 17143.000000
625.000000 17145.000000
627.000000 17147.000000
628.000000 17149.000000
630.000000 17151.000000
631.000000 17153.000000
633.000000 17155.000000
634.000000 17157.000000
636.000000 17159.000000
637.000000 17161.000000
638.000000 17163.000000
640.000000 17165.000000
642.000000 17167.000000
643.000000 17169.000000
644.000000 17171.000000
646.000000 17173.000000
648.000000 17175.000000
649.000000 17177.000000
650.000000 17179.000000
652.000000 17181.000000
653.000000 17183.000000
655.000000 17185.000000
656.000000 17187.000000
658.000000 17189.000000
659.000000 17191.000000
661.000000 17193.000000
662.000000 17195.000000
664.000000 17197.000000
665.000000 17199.000000
667.000000 17201.000000
668.000000 17203.000000
670.000000 17205.000000
671.000000 17207.000000
673.000000 17209.000000
674.000000 17211.000000
676.000000 17213.000000
677.000000 17215.000000
678.000000 17217.000000
680.000000 17219.000000
682.000000 17221.000000
683.000000 17223.000000
684.000000 17225.000000
686.000000 17227.000000
688.000000 17229.000000
689.000000 17231.000000
690.000000 17233.000000
692.000000 17235.000000
693.000000 17237.000000
695.000000 17239.000000
696.000000 17241.000000
698.000000 17243.000000
699.000000 17245.000000
701.000000 17247.000000
702.000000 17249.000000
704.000000 17251.000000
705.000000 17253.000000
707.000000 17255.000000
708.000000 17257.000000
710.000000 17259.000000
711.000000 17261.000000
713.000000 17263.000000
714.000000 17265.000000
716.000000 17267.000000
717.000000 17269.000000
719.000000 17271.000000
720.000000 17273.000000
722.000000 17275.000000
723.000000 17277.000000
724.000000 17279.000000
726.000000 17281.000000
727.000000 17283.000000
729.000000 17285.000000
730.000000 17287.000000
732.000000 17289.000000
733.000000 17291.000000
735.000000 17293.000000
736.000000 17295.000000
738.000000 17297.000000
739.000000 17299.000000
741.000000 17301.000000
742.000000 17303.000000
744.000000 17305.000000
745.000000 17307.000000
747.000000 17309.000000
748.000000 17311.000000
750.000000 17313.000000
751.000000 17315.000000
753.000000 17317.000000
754.000000 17319.000000
756.000000 17321.000000
757.000000 17323.000000
759.000000 17325.000000
760.000000 17327.000000
762.000000 17329.000000
763.000000 17331.000000
764.000000 17333.000000
766.000000 17335.000000
768.000000 17337.000000
769.000000 17339.000000
770.000000 17341.000000
772.000000 17343.000000
773.000000 17345.000000
775.000000 17347.000000
776.000000 17349.000000
778.000000 17351.000000
779.000000 17353.000000
781.000000 17355.000000
782.000000 17357.000000
784.000000 17359.000000
785.000000 17361.000000
787.000000 17363.000000
788.000000 17365.000000
790.000000 17367.000000
791.000000 17369.000000
793.000000 17371.000000
794.000000 17373.000000
796.000000 17375.000000
797.000000 17377.000000
798.000000 17379.000000
800.000000 17381.000000
802.000000 17383.000000
803.000000 17385.000000
804.000000 17387.000000
806.000000 17389.000000
808.000000 17391.000000
809.000000 17393.000000
810.000000 17395.000000
812.000000 17397.000000
813.000000 17399.000000
813.000000 17399.000000
843.000000 17439.000000
844.000000 17441.000000
846.000000 17443.000000
847.000000 17445.000000
849.000000 17447.000000
850.000000 17449.000000
852.000000 17451.000000
853.000000 17453.000000
855.000000 17455.000000
856.000000 17457.000000
858.000000 17459.000000
859.000000 17461.000000
861.000000 17463.000000
862.000000 17465.000000
864.000000 17467.000000
865.000000 17469.000000
867.000000 17471.000000
868.000000 17473.000000
870.000000 17475.000000
871.000000 17477.000000
872.000000 17479.000000
874.000000 17481.000000
876.000000 17483.000000
877.000000 17485.000000
878.000000 17487.000000
880.000000 17489.000000
882.000000 17491.000000
883.000000 17493.000000
884.000000 17495.000000
886.000000 17497.000000
887.000000 17499.000000
889.000000 17501.000000
890.000000 17503.000000
892.000000 17505.000000
893.000000 17507.000000
895.000000 17509.000000
896.000000 17511.000000
898.000000 17513.000000
899.000000 17515.000000
901.000000 17517.000000
902.000000 17519.000000
904.000000 17521.000000
905.000000 17523.000000
907.000000 17525.000000
908.000000 17527.000000
910.000000 17529.000000
911.000000 17531.000000
912.000000 17533.000000
914.000000 17535.000000
915.000000 17537.000000
917.000000 17539.000000
918.000000 17541.000000
920.000000 17543.000000
921.000000 17545.000000
923.000000 17547.000000
924.000000 17549.000000
926.000000 17551.000000
927.000000 17553.000000
929.000000 17555.000000
929.000000 17555.000000
957.000000 17593.000000
958.000000 17595.000000
960.000000 17597.000000
961.000000 17599.000000
963.000000 17601.000000
964.000000 17603.000000
966.000000 17605.000000
967.000000 17607.000000
969.000000 17609.000000
970.000000 17611.000000
972.000000 17613.000000
973.000000 17615.000000
975.000000 17617.000000
976.000000 17619.000000
978.000000 17621.000000
979.000000 17623.000000
981.000000 17625.000000
982.000000 17627.000000
984.000000 17629.000000
985.000000 17631.000000
986.000000 17633.000000
988.000000 17635.000000
989.000000 17637.000000
991.000000 17639.000000
992.000000 17641.000000
994.000000 17643.000000
995.000000 17645.000000
997.000000 17647.000000
998.000000 17649.000000
1000.000000 17651.000000
1001.000000 17653.000000
1003.000000 17655.000000
1004.000000 17657.000000
1006.000000 17659.000000
1007.000000 17661.000000
1009.000000 17663.000000
1010.000000 17665.000000
1012.000000 17667.000000
1013.000000 17669.000000
1015.000000 17671.000000
1016.000000 17673.000000
1018.000000 17675.000000
1019.000000 17677.000000
1020.000000 17679.000000
1022.000000 17681.000000
1024.000000 17683.000000
1025.000000 17685.000000
1026.000000 17687.000000
1028.000000 17689.000000
1030.000000 17691.000000
1031.000000 17693.000000
1032.000000 17695.000000
1034.000000 17697.000000
1035.000000 17699.000000
1037.000000 17701.000000
1038.000000 17703.000000
1040.000000 17705.000000
1041.000000 17707.000000
1043.000000 17709.000000
1044.000000 17711.000000
1046.000000 17713.000000
1047.000000 17715.000000
1049.000000 17717.000000
1050.000000 17719.000000
1052.000000 17721.000000
1053.000000 17723.000000
1055.000000 17725.000000
1056.000000 17727.000000
1058.000000 17729.000000
1059.000000 17731.000000
1060.000000 17733.000000
1062.000000 17735.000000
1064.000000 17737.000000
1065.000000 17739.000000
1066.000000 17741.000000
1068.000000 17743.000000
1070.000000 17745.000000
1071.000000 17747.000000
1072.000000 17749.000000
1074.000000 17751.000000
1075.000000 17753.000000
1077.000000 17755.000000
1078.000000 17757.000000
1080.000000 17759.000000
1081.000000 17761.000000
1083.000000 17763.000000
1084.000000 17765.000000
1086.000000 17767.000000
1087.000000 17769.000000
1089.000000 17771.000000
1090.000000 17773.000000
1092.000000 17775.000000
1093.000000 17777.000000
1095.000000 17779.000000
1096.000000 17781.000000
1098.000000 17783.000000
1099.000000 17785.000000
1101.000000 17787.000000
1102.000000 17789.000000
1104.000000 17791.000000
1105.000000 17793.000000
1106.000000 17795.000000
1108.000000 17797.000000
1109.000000 17799.000000
1111.000000 17801.000000
1112.000000 17803.000000
1114.000000 17805.000000
1115.000000 17807.000000
1117.000000 17809.000000
1118.000000 17811.000000
1120.000000 17813.000000
1121.000000 17815.000000
1123.000000 17817.000000
1124.000000 17819.000000
1126.000000 17821.000000
1127.000000 17823.000000
1129.000000 17825.000000
1130.000000 17827.000000
1132.000000 17829.000000
1133.000000 17831.000000
1135.000000 17833.000000
1136.000000 17835.000000
1138.000000 17837.000000
1139.000000 17839.000000
1141.000000 17841.000000
1142.000000 17843.000000
1144.000000 17845.000000
1145.000000 17847.000000
1146.000000 17849.000000
1148.000000 17851.000000
1150.000000 17853.000000
1151.000000 17855.000000
1152.000000 17857.000000
1154.000000 17859.000000
1155.000000 17861.000000
1157.000000 17863.000000
1158.000000 17865.000000
1160.000000 17867.000000
1161.000000 17869.000000
1163.000000 17871.000000
1164.000000 17873.000000
1166.000000 17875.000000
1167.000000 17877.000000
1169.000000 17879.000000
1170.000000 17881.000000
1172.000000 17883.000000
1173.000000 17885.000000
1175.000000 17887.000000
1176.000000 17889.000000
1178.000000 17891.000000
1179.000000 17893.000000
1180.000000 17895.000000
1182.000000 17897.000000
1184.000000 17899.000000
1185.000000 17901.000000
1186.000000 17903.000000
1188.000000 17905.000000
1190.000000 17907.000000
1191.000000 17909.000000
1192.000000 17911.000000
1194.000000 17913.000000
1196.000000 17915.000000
1197.000000 17917.000000
1198.000000 17919.000000
1200.000000 17921.000000
1201.000000 17923.000000
1203.000000 17925.000000
1204.000000 17927.000000
1206.000000 17929.000000
1207.000000 17931.000000
1209.000000 17933.000000
1210.000000 17935.000000
1212.000000 17937.000000
1213.000000 17939.000000
1215.000000 17941.000000
1216.000000 17943.000000
1218.000000 17945.000000
1219.000000 17947.000000
1221.000000 17949.000000
1222.000000 17951.000000
1224.000000 17953.000000
1225.000000 17955.000000
1226.000000 17957.000000
1228.000000 17959.000000
1229.000000 17961.000000
1231.000000 17963.000000
1232.000000 17965.000000
1234.000000 17967.000000
1235.000000 17969.000000
1237.000000 17971.000000
1238.000000 17973.000000
1240.000000 17975.000000
1241.000000 17977.000000
1243.000000 17979.000000
1244.000000 17981.000000
1246.000000 17983.000000
1247.000000 17985.000000
1249.000000 17987.000000
1250.000000 17989.000000
1252.000000 17991.000000
1253.000000 17993.000000
1255.000000 17995.000000
1256.000000 17997.000000
1258.000000 17999.000000
1259.000000 18001.000000
1260.000000 18003.000000
1262.000000 18005.000000
1264.000000 18007.000000
1265.000000 18009.000000
1266.000000 18011.000000
1268.000000 18013.000000
1270.000000 18015.000000
1271.000000 18017.000000
1272.000000 18019.000000
1274.000000 18021.000000
1274.000000 18021.000000
1308.000000 18067.000000
1309.000000 18069.000000
1311.000000 18071.000000
1312.000000 18073.000000
1314.000000 18075.000000
1315.000000 18077.000000
1317.000000 18079.000000
1318.000000 18081.000000
1320.000000 18083.000000
1321.000000 18085.000000
1323.000000 18087.000000
1324.000000 18089.000000
1326.000000 18091.000000
1327.000000 18093.000000
1329.000000 18095.000000
1330.000000 18097.000000
1332.000000 18099.000000
1333.000000 18101.000000
1335.000000 18103.000000
1336.000000 18105.000000
1338.000000 18107.000000
1339.000000 18109.000000
1340.000000 18111.000000
1342.000000 18113.000000
1344.000000 18115.000000
1345.000000 18117.000000
1346.000000 18119.000000
1348.000000 18121.000000
1349.000000 18123.000000
1351.000000 18125.000000
1352.000000 18127.000000
1354.000000 18129.000000
1355.000000 18131.000000
1357.000000 18133.000000
1358.000000 18135.000000
1360.000000 18137.000000
1361.000000 18139.000000
1363.000000 18141.000000
1364.000000 18143.000000
1366.000000 18145.000000
1367.000000 18147.000000
1369.000000 18149.000000
1370.000000 18151.000000
1372.000000 18153.000000
1373.000000 18155.000000
1374.000000 18157.000000
1376.000000 18159.000000
1378.000000 18161.000000
1379.000000 18163.000000
1380.000000 18165.000000
1382.000000 18167.000000
1384.000000 18169.000000
1385.000000 18171.000000
1386.000000 18173.000000
1388.000000 18175.000000
1389.000000 18177.000000
1391.000000 18179.000000
1392.000000 18181.000000
1394.000000 18183.000000
1395.000000 18185.000000
1397.000000 18187.000000
1398.000000 18189.000000
1400.000000 18191.000000
1401.000000 18193.000000
1403.000000 18195.000000
1404.000000 18197.000000
1406.000000 18199.000000
1407.000000 18201.000000
1409.000000 18203.000000
1410.000000 18205.000000
1412.000000 18207.000000
1413.000000 18209.000000
1414.000000 18211.000000
1416.000000 18213.000000
1418.000000 18215.000000
1419.000000 18217.000000
1420.000000 18219.000000
1422.000000 18221.000000
1423.000000 18223.000000
1425.000000 18225.000000
1426.000000 18227.000000
1428.000000 18229.000000
1429.000000 18231.000000
1431.000000 18233.000000
1432.000000 18235.000000
1434.000000 18237.000000
1435.000000 18239.000000
1437.000000 18241.000000
1438.000000 18243.000000
1440.000000 18245.000000
1441.000000 18247.000000
1443.000000 18249.000000
1444.000000 18251.000000
1446.000000 18253.000000
1447.000000 18255.000000
1448.000000 18257.000000
1450.000000 18259.000000
1452.000000 18261.000000
1453.000000 18263.000000
1454.000000 18265.000000
1456.000000 18267.000000
1458.000000 18269.000000
1459.000000 18271.000000
1460.000000 18273.000000
1462.000000 18275.000000
1463.000000 18277.000000
1465.000000 18279.000000
1466.000000 18281.000000
1468.000000 18283.000000
1469.000000 18285.000000
1471.000000 18287.000000
1472.000000 18289.000000
1474.000000 18291.000000
1475.000000 18293.000000
1477.000000 18295.000000
1478.000000 18297.000000
1480.000000 18299.000000
1481.000000 18301.000000
1483.000000 18303.000000
1484.000000 18305.000000
1486.000000 18307.000000
1487.000000 18309.000000
1488.000000 18311.000000
1490.000000 18313.000000
1492.000000 18315.000000
1493.000000 18317.000000
1494.000000 18319.000000
1496.000000 18321.000000
1497.000000 18323.000000
1499.000000 18325.000000
1500.000000 18327.000000
1502.000000 18329.000000
1503.000000 18331.000000
1505.000000 18333.000000
1506.000000 18335.000000
1508.000000 18337.000000
1509.000000 18339.000000
1511.000000 18341.000000
1512.000000 18343.000000
1514.000000 18345.000000
1515.000000 18347.000000
1517.000000 18349.000000
1518.000000 18351.000000
1520.000000 18353.000000
1521.000000 18355.000000
1523.000000 18357.000000
1524.000000 18359.000000
1526.000000 18361.000000
1527.000000 18363.000000
1528.000000 18365.000000
1530.000000 18367.000000
1532.000000 18369.000000
1533.000000 18371.000000
1534.000000 18373.000000
1536.000000 18375.000000
1537.000000 18377.000000
1539.000000 18379.000000
1540.000000 18381.000000
1542.000000 18383.000000
1543.000000 18385.000000
1545.000000 18387.000000
1546.000000 18389.000000
1548.000000 18391.000000
1549.000000 18393.000000
1551.000000 18395.000000
1552.000000 18397.000000
1554.000000 18399.000000
1555.000000 18401.000000
1557.000000 18403.000000
1558.000000 18405.000000
1560.000000 18407.000000
1561.000000 18409.000000
1563.000000 18411.000000
1564.000000 18413.000000
1566.000000 18415.000000
1567.000000 18417.000000
1568.000000 18419.000000
1570.000000 18421.000000
1572.000000 18423.000000
1573.000000 18425.000000
1574.000000 18427.000000
1576.000000 18429.000000
1577.000000 18431.000000
1579.000000 18433.000000
1580.000000 18435.000000
1582.000000 18437.000000
1583.000000 18439.000000
1585.000000 18441.000000
1586.000000 18443.000000
1588.000000 18445.000000
1589.000000 18447.000000
1591.000000 18449.000000
1592.000000 18451.000000
1594.000000 18453.000000
1595.000000 18455.000000
1597.000000 18457.000000
1598.000000 18459.000000
1600.000000 18461.000000
1601.000000 18463.000000
1603.000000 18465.000000
1604.000000 18467.000000
1606.000000 18469.000000
1607.000000 18471.000000
1608.000000 18473.000000
1610.000000 18475.000000
1611.000000 18477.000000
1613.000000 18479.000000
1614.000000 18481.000000
1616.000000 18483.000000
1617.000000 18485.000000
1619.000000 18487.000000
1620.000000 18489.000000
1622.000000 18491.000000
1623.000000 18493.000000
1625.000000 18495.000000
1626.000000 18497.000000
1628.000000 18499.000000
1629.000000 18501.000000
1631.000000 18503.000000
1632.000000 18505.000000
1634.000000 18507.000000
1635.000000 18509.000000
1637.000000 18511.000000
1638.000000 18513.000000
1640.000000 18515.000000
1641.000000 18517.000000
1643.000000 18519.000000
1644.000000 18521.000000
1646.000000 18523.000000
1647.000000 18525.000000
1649.000000 18527.000000
1650.000000 18529.000000
1652.000000 18531.000000
1653.000000 18533.000000
1654.000000 18535.000000
1656.000000 18537.000000
1657.000000 18539.000000
1659.000000 18541.000000
1660.000000 18543.000000
1662.000000 18545.000000
1663.000000 18547.000000
1665.000000 18549.000000
1666.000000 18551.000000
1668.000000 18553.000000
1669.000000 18555.000000
1671.000000 18557.000000
1672.000000 18559.000000
1674.000000 18561.000000
1675.000000 18563.000000
1677.000000 18565.000000
1678.000000 18567.000000
1680.000000 18569.000000
1681.000000 18571.000000
1683.000000 18573.000000
1684.000000 18575.000000
1686.000000 18577.000000
1687.000000 18579.000000
1688.000000 18581.000000
1690.000000 18583.000000
1692.000000 18585.000000
1693.000000 18587.000000
1694.000000 18589.000000
1696.000000 18591.000000
1698.000000 18593.000000
1699.000000 18595.000000
1700.000000 18597.000000
1702.000000 18599.000000
1703.000000 18601.000000
1705.000000 18603.000000
1706.000000 18605.000000
1708.000000 18607.000000
1709.000000 18609.000000
1711.000000 18611.000000
1712.000000 18613.000000
1714.000000 18615.000000
1715.000000 18617.000000
1717.000000 18619.000000
1718.000000 18621.000000
1720.000000 18623.000000
1721.000000 18625.000000
1723.000000 18627.000000
1724.000000 18629.000000
1726.000000 18631.000000
1727.000000 18633.000000
1729.000000 18635.000000
1730.000000 18637.000000
1732.000000 18639.000000
1733.000000 18641.000000
1734.000000 18643.000000
1736.000000 18645.000000
1738.000000 18647.000000
1739.000000 18649.000000
1740.000000 18651.000000
1742.000000 18653.000000
1744.000000 18655.000000
1745.000000 18657.000000
1746.000000 18659.000000
1748.000000 18661.000000
1749.000000 18663.000000
1751.000000 18665.000000
1752.000000 18667.000000
1754.000000 18669.000000
1755.000000 18671.000000
1757.000000 18673.000000
1758.000000 18675.000000
1760.000000 18677.000000
1761.000000 18679.000000
1763.000000 18681.000000
1764.000000 18683.000000
1766.000000 18685.000000
1767.000000 18687.000000
1769.000000 18689.000000
1770.000000 18691.000000
1772.000000 18693.000000
1773.000000 18695.000000
1775.000000 18697.000000
1776.000000 18699.000000
1778.000000 18701.000000
1779.000000 18703.000000
1780.000000 18705.000000
1782.000000 18707.000000
1783.000000 18709.000000
1785.000000 18711.000000
1786.000000 18713.000000
1788.000000 18715.000000
1789.000000 18717.000000
1791.000000 18719.000000
1792.000000 18721.000000
1794.000000 18723.000000
1795.000000 18725.000000
1797.000000 18727.000000
1798.000000 18729.000000
1800.000000 18731.000000
1801.000000 18733.000000
1803.000000 18735.000000
1804.000000 18737.000000
1806.000000 18739.000000
1807.000000 18741.000000
1808.000000 18743.000000
1810.000000 18745.000000
1812.000000 18747.000000
1813.000000 18749.000000
1814.000000 18751.000000
1816.000000 18753.000000
1818.000000 18755.000000
1819.000000 18757.000000
1820.000000 18759.000000
1822.000000 18761.000000
1823.000000 18763.000000
1825.000000 18765.000000
1826.000000 18767.000000
1828.000000 18769.000000
1829.000000 18771.000000
1831.000000 18773.000000
1832.000000 18775.000000
1834.000000 18777.000000
1835.000000 18779.000000
1837.000000 18781.000000
1838.000000 18783.000000
1840.000000 18785.000000
1841.000000 18787.000000
1843.000000 18789.000000
1844.000000 18791.000000
1846.000000 18793.000000
1847.000000 18795.000000
1849.000000 18797.000000
1850.000000 18799.000000
1852.000000 18801.000000
1853.000000 18803.000000
1854.000000 18805.000000
1856.000000 18807.000000
1857.000000 18809.000000
1859.000000 18811.000000
1860.000000 18813.000000
1862.000000 18815.000000
1863.000000 18817.000000
1865.000000 18819.000000
1866.000000 18821.000000
1868.000000 18823.000000
1869.000000 18825.000000
1871.000000 18827.000000
1872.000000 18829.000000
1874.000000 18831.000000
1875.000000 18833.000000
1877.000000 18835.000000
1878.000000 18837.000000
1880.000000 18839.000000
1881.000000 18841.000000
1883.000000 18843.000000
1884.000000 18845.000000
1886.000000 18847.000000
1887.000000 18849.000000
1888.000000 18851.000000
1890.000000 18853.000000
1892.000000 18855.000000
1893.000000 18857.000000
1894.000000 18859.000000
1896.000000 18861.000000
1897.000000 18863.000000
1899.000000 18865.000000
1900.000000 18867.000000
1902.000000 18869.000000
1903.000000 18871.000000
1905.000000 18873.000000
1906.000000 18875.000000
1908.000000 18877.000000
1909.000000 18879.000000
1911.000000 18881.000000
1912.000000 18883.000000
1914.000000 18885.000000
1915.000000 18887.000000
1917.000000 18889.000000
1918.000000 18891.000000
1920.000000 18893.000000
1921.000000 18895.000000
1922.000000 18897.000000
1924.000000 18899.000000
1926.000000 18901.000000
1927.000000 18903.000000
1928.000000 18905.000000
1930.000000 18907.000000
1931.000000 18909.000000
1933.000000 18911.000000
1934.000000 18913.000000
1936.000000 18915.000000
1937.000000 18917.000000
1939.000000 18919.000000
1940.000000 18921.000000
1942.000000 18923.000000
1943.000000 18925.000000
1945.000000 18927.000000
1946.000000 18929.000000
1948.000000 18931.000000
1949.000000 18933.000000
1951.000000 18935.000000
1952.000000 18937.000000
1954.000000 18939.000000
1955.000000 18941.000000
1956.000000 18943.000000
1958.000000 18945.000000
1960.000000 18947.000000
1961.000000 18949.000000
1962.000000 18951.000000
1964.000000 18953.000000
1966.000000 18955.000000
1967.000000 18957.000000
1968.000000 18959.000000
1970.000000 18961.000000
1971.000000 18963.000000
1973.000000 18965.000000
1974.000000 18967.000000
1976.000000 18969.000000
1977.000000 18971.000000
1979.000000 18973.000000
1980.000000 18975.000000
1982.000000 18977.000000
1983.000000 18979.000000
1985.000000 18981.000000
1986.000000 18983.000000
1988.000000 18985.000000
1989.000000 18987.000000
1991.000000 18989.000000
1992.000000 18991.000000
1994.000000 18993.000000
1995.000000 18995.000000
1996.000000 18997.000000
1998.000000 18999.000000
1999.000000 19001.000000
2001.000000 19003.000000
2002.000000 19005.000000
2004.000000 19007.000000
2005.000000 19009.000000
2007.000000 19011.000000
2008.000000 19013.000000
2010.000000 19015.000000
2011.000000 19017.000000
2013.000000 19019.000000
2014.000000 19021.000000
2016.000000 19023.000000
2017.000000 19025.000000
2019.000000 19027.000000
2020.000000 19029.000000
2022.000000 19031.000000
2023.000000 19033.000000
2025.000000 19035.000000
2026.000000 19037.000000
2028.000000 19039.000000
2029.000000 19041.000000
2031.000000 19043.000000
2032.000000 19045.000000
2034.000000 19047.000000
2035.000000 19049.000000
2037.000000 19051.000000
2038.000000 19053.000000
2040.000000 19055.000000
2041.000000 19057.000000
2042.000000 19059.000000
2044.000000 19061.000000
2045.000000 19063.000000
2047.000000 19065.000000
2048.000000 19067.000000
2050.000000 19069.000000
2051.000000 19071.000000
2053.000000 19073.000000
2054.000000 19075.000000
2056.000000 19077.000000
2057.000000 19079.000000
2059.000000 19081.000000
2060.000000 19083.000000
2062.000000 19085.000000
2063.000000 19087.000000
2065.000000 19089.000000
2066.000000 19091.000000
2068.000000 19093.000000
2069.000000 19095.000000
2070.000000 19097.000000
2072.000000 19099.000000
2074.000000 19101.000000
2075.000000 19103.000000
2076.000000 19105.000000
2078.000000 19107.000000
2080.000000 19109.000000
2081.000000 19111.000000
2082.000000 19113.000000
2084.000000 19115.000000
2086.000000 19117.000000
2087.000000 19119.000000
2088.000000 19121.000000
2090.000000 19123.000000
2091.000000 19125.000000
2093.000000 19127.000000
2094.000000 19129.000000
2096.000000 19131.000000
2097.000000 19133.000000
2099.000000 19135.000000
2100.000000 19137.000000
2102.000000 19139.000000
2103.000000 19141.000000
2105.000000 19143.000000
2106.000000 19145.000000
2108.000000 19147.000000
2109.000000 19149.000000
2111.000000 19151.000000
2112.000000 19153.000000
2114.000000 19155.000000
2115.000000 19157.000000
2116.000000 19159.000000
2118.000000 19161.000000
2120.000000 19163.000000
2121.000000 19165.000000
2122.000000 19167.000000
2124.000000 19169.000000
2126.000000 19171.000000
2127.000000 19173.000000
2128.000000 19175.000000
2130.000000 19177.000000
2131.000000 19179.000000
2133.000000 19181.000000
2134.000000 19183.000000
2136.000000 19185.000000
2137.000000 19187.000000
2139.000000 19189.000000
2140.000000 19191.000000
2142.000000 19193.000000
2143.000000 19195.000000
2145.000000 19197.000000
2146.000000 19199.000000
2148.000000 19201.000000
2149.000000 19203.000000
2151.000000 19205.000000
2152.000000 19207.000000
2154.000000 19209.000000
2155.000000 19211.000000
2157.000000 19213.000000
2158.000000 19215.000000
2160.000000 19217.000000
2161.000000 19219.000000
2162.000000 19221.000000
2164.000000 19223.000000
2166.000000 19225.000000
2167.000000 19227.000000
2168.000000 19229.000000
2170.000000 19231.000000
2171.000000 19233.000000
2173.000000 19235.000000
2174.000000 19237.000000
2176.000000 19239.000000
2177.000000 19241.000000
2179.000000 19243.000000
2180.000000 19245.000000
2182.000000 19247.000000
2183.000000 19249.000000
2185.000000 19251.000000
2186.000000 19253.000000
2188.000000 19255.000000
2189.000000 19257.000000
2191.000000 19259.000000
2192.000000 19261.000000
2194.000000 19263.000000
2195.000000 19265.000000
2197.000000 19267.000000
2198.000000 19269.000000
2200.000000 19271.000000
2201.000000 19273.000000
2203.000000 19275.000000
2204.000000 19277.000000
2206.000000 19279.000000
2207.000000 19281.000000
2208.000000 19283.000000
2210.000000 19285.000000
2211.000000 19287.000000
2213.000000 19289.000000
2214.000000 19291.000000
2216.000000 19293.000000
2217.000000 19295.000000
2219.000000 19297.000000
2220.000000 19299.000000
2222.000000 19301.000000
2223.000000 19303.000000
2225.000000 19305.000000
2226.000000 19307.000000
2228.000000 19309.000000
2229.000000 19311.000000
2231.000000 19313.000000
2232.000000 19315.000000
2234.000000 19317.000000
2235.000000 19319.000000
2236.000000 19321.000000
2238.000000 19323.000000
2240.000000 19325.000000
2241.000000 19327.000000
2242.000000 19329.000000
2244.000000 19331.000000
2246.000000 19333.000000
2247.000000 19335.000000
2248.000000 19337.000000
2250.000000 19339.000000
2251.000000 19341.000000
2253.000000 19343.000000
2254.000000 19345.000000
2256.000000 19347.000000
2257.000000 19349.000000
2259.000000 19351.000000
2260.000000 19353.000000
2262.000000 19355.000000
2263.000000 19357.000000
2265.000000 19359.000000
2266.000000 19361.000000
2268.000000 19363.000000
2269.000000 19365.000000
2271.000000 19367.000000
2272.000000 19369.000000
2274.000000 19371.000000
2275.000000 19373.000000
2277.000000 19375.000000
2278.000000 19377.000000
2280.000000 19379.000000
2281.000000 19381.000000
2282.000000 19383.000000
2284.000000 19385.000000
2285.000000 19387.000000
2287.000000 19389.000000
2288.000000 19391.000000
2290.000000 19393.000000
2291.000000 19395.000000
2293.000000 19397.000000
2294.000000 19399.000000
2296.000000 19401.000000
2297.000000 19403.000000
2299.000000 19405.000000
2300.000000 19407.000000
2302.000000 19409.000000
2303.000000 19411.000000
2305.000000 19413.000000
2306.000000 19415.000000
2308.000000 19417.000000
2309.000000 19419.000000
2310.000000 19421.000000
2312.000000 19423.000000
2314.000000 19425.000000
2315.000000 19427.000000
2316.000000 19429.000000
2318.000000 19431.000000
2320.000000 19433.000000
2321.000000 19435.000000
2322.000000 19437.000000
2324.000000 19439.000000
2325.000000 19441.000000
2327.000000 19443.000000
2328.000000 19445.000000
2330.000000 19447.000000
2331.000000 19449.000000
2333.000000 19451.000000
2334.000000 19453.000000
2336.000000 19455.000000
2337.000000 19457.000000
2339.000000 19459.000000
2340.000000 19461.000000
2342.000000 19463.000000
2343.000000 19465.000000
2345.000000 19467.000000
2346.000000 19469.000000
2348.000000 19471.000000
2349.000000 19473.000000
2350.000000 19475.000000
2352.000000 19477.000000
2354.000000 19479.000000
2355.000000 19481.000000
2356.000000 19483.000000
2358.000000 19485.000000
2358.000000 19485.000000
2386.000000 19523.000000
2388.000000 19525.000000
2389.000000 19527.000000
2390.000000 19529.000000
2392.000000 19531.000000
2394.000000 19533.000000
2395.000000 19535.000000
2396.000000 19537.000000
2398.000000 19539.000000
2399.000000 19541.000000
2401.000000 19543.000000
2402.000000 19545.000000
2404.000000 19547.000000
2405.000000 19549.000000
2407.000000 19551.000000
2408.000000 19553.000000
2410.000000 19555.000000
2411.000000 19557.000000
2413.000000 19559.000000
2414.000000 19561.000000
2416.000000 19563.000000
2417.000000 19565.000000
2419.000000 19567.000000
2420.000000 19569.000000
2422.000000 19571.000000
2423.000000 19573.000000
2424.000000 19575.000000
2426.000000 19577.000000
2428.000000 19579.000000
2429.000000 19581.000000
2430.000000 19583.000000
2432.000000 19585.000000
2433.000000 19587.000000
2435.000000 19589.000000
2436.000000 19591.000000
2438.000000 19593.000000
2439.000000 19595.000000
2441.000000 19597.000000
2442.000000 19599.000000
2444.000000 19601.000000
2445.000000 19603.000000
2447.000000 19605.000000
2448.000000 19607.000000
2450.000000 19609.000000
2451.000000 19611.000000
2453.000000 19613.000000
2454.000000 19615.000000
2456.000000 19617.000000
2457.000000 19619.000000
2459.000000 19621.000000
2460.000000 19623.000000
2462.000000 19625.000000
2463.000000 19627.000000
2464.000000 19629.000000
2466.000000 19631.000000
2468.000000 19633.000000
2469.000000 19635.000000
2470.000000 19637.000000
2472.000000 19639.000000
2473.000000 19641.000000
2475.000000 19643.000000
2476.000000 19645.000000
2478.000000 19647.000000
2479.000000 19649.000000
2481.000000 19651.000000
2482.000000 19653.000000
2484.000000 19655.000000
2485.000000 19657.000000
2487.000000 19659.000000
2488.000000 19661.000000
2490.000000 19663.000000
2491.000000 19665.000000
2493.000000 19667.000000
2494.000000 19669.000000
2496.000000 19671.000000
2497.000000 19673.000000
2499.000000 19675.000000
2500.000000 19677.000000
2502.000000 19679.000000
2503.000000 19681.000000
2504.000000 19683.000000
2506.000000 19685.000000
2508.000000 19687.000000
2509.000000 19689.000000
2510.000000 19691.000000
2512.000000 19693.000000
2514.000000 19695.000000
2515.000000 19697.000000
2516.000000 19699.000000
2518.000000 19701.000000
2519.000000 19703.000000
2521.000000 19705.000000
2522.000000 19707.000000
2524.000000 19709.000000
2525.000000 19711.000000
2527.000000 19713.000000
2528.000000 19715.000000
2530.000000 19717.000000
2531.000000 19719.000000
2533.000000 19721.000000
2534.000000 19723.000000
2536.000000 19725.000000
2537.000000 19727.000000
2539.000000 19729.000000
2540.000000 19731.000000
2542.000000 19733.000000
2543.000000 19735.000000
2545.000000 19737.000000
2546.000000 19739.000000
2548.000000 19741.000000
2549.000000 19743.000000
2550.000000 19745.000000
2552.000000 19747.000000
2554.000000 19749.000000
2555.000000 19751.000000
2556.000000 19753.000000
2558.000000 19755.000000
2559.000000 19757.000000
2561.000000 19759.000000
2562.000000 19761.000000
2564.000000 19763.000000
2565.000000 19765.000000
2567.000000 19767.000000
2568.000000 19769.000000
2570.000000 19771.000000
2571.000000 19773.000000
2573.000000 19775.000000
2574.000000 19777.000000
2576.000000 19779.000000
2577.000000 19781.000000
2579.000000 19783.000000
2580.000000 19785.000000
2582.000000 19787.000000
2583.000000 19789.000000
2585.000000 19791.000000
2586.000000 19793.000000
2588.000000 19795.000000
2589.000000 19797.000000
2590.000000 19799.000000
2592.000000 19801.000000
2594.000000 19803.000000
2595.000000 19805.000000
2596.000000 19807.000000
2598.000000 19809.000000
2599.000000 19811.000000
2601.000000 19813.000000
2602.000000 19815.000000
2604.000000 19817.000000
2605.000000 19819.000000
2607.000000 19821.000000
2608.000000 19823.000000
2610.000000 19825.000000
2611.000000 19827.000000
2613.000000 19829.000000
2614.000000 19831.000000
2616.000000 19833.000000
2617.000000 19835.000000
2619.000000 19837.000000
2620.000000 19839.000000
2622.000000 19841.000000
2623.000000 19843.000000
2625.000000 19845.000000
2626.000000 19847.000000
2628.000000 19849.000000
2629.000000 19851.000000
2630.000000 19853.000000
2632.000000 19855.000000
2634.000000 19857.000000
2635.000000 19859.000000
2636.000000 19861.000000
2638.000000 19863.000000
2640.000000 19865.000000
2641.000000 19867.000000
2642.000000 19869.000000
2644.000000 19871.000000
2645.000000 19873.000000
2647.000000 19875.000000
2648.000000 19877.000000
2650.000000 19879.000000
2651.000000 19881.000000
2653.000000 19883.000000
2654.000000 19885.000000
2656.000000 19887.000000
2657.000000 19889.000000
2659.000000 19891.000000
2660.000000 19893.000000
2662.000000 19895.000000
2663.000000 19897.000000
2665.000000 19899.000000
2666.000000 19901.000000
2668.000000 19903.000000
2669.000000 19905.000000
2670.000000 19907.000000
2672.000000 19909.000000
2673.000000 19911.000000
2675.000000 19913.000000
2676.000000 19915.000000
2678.000000 19917.000000
2679.000000 19919.000000
2681.000000 19921.000000
2682.000000 19923.000000
2684.000000 19925.000000
2685.000000 19927.000000
2687.000000 19929.000000
2688.000000 19931.000000
2690.000000 19933.000000
2691.000000 19935.000000
2693.000000 19937.000000
2694.000000 19939.000000
2696.000000 19941.000000
2697.000000 19943.000000
2699.000000 19945.000000
2700.000000 19947.000000
2702.000000 19949.000000
2703.000000 19951.000000
2705.000000 19953.000000
2706.000000 19955.000000
2708.000000 19957.000000
2709.000000 19959.000000
2710.000000 19961.000000
2712.000000 19963.000000
2714.000000 19965.000000
2715.000000 19967.000000
2716.000000 19969.000000
2718.000000 19971.000000
2719.000000 19973.000000
2721.000000 19975.000000
2722.000000 19977.000000
2724.000000 19979.000000
2725.000000 19981.000000
2727.000000 19983.000000
2728.000000 19985.000000
2730.000000 19987.000000
2731.000000 19989.000000
2733.000000 19991.000000
2734.000000 19993.000000
2736.000000 19995.000000
2737.000000 19997.000000
2739.000000 19999.000000
2740.000000 20001.000000
2742.000000 20003.000000
2743.000000 20005.000000
2744.000000 20007.000000
2746.000000 20009.000000
2748.000000 20011.000000
2749.000000 20013.000000
2750.000000 20015.000000
2752.000000 20017.000000
2754.000000 20019.000000
2755.000000 20021.000000
2756.000000 20023.000000
2758.000000 20025.000000
2759.000000 20027.000000
2761.000000 20029.000000
2762.000000 20031.000000
2764.000000 20033.000000
2765.000000 20035.000000
2767.000000 20037.000000
2768.000000 20039.000000
2770.000000 20041.000000
2771.000000 20043.000000
2773.000000 20045.000000
2774.000000 20047.000000
2776.000000 20049.000000
2777.000000 20051.000000
2779.000000 20053.000000
2780.000000 20055.000000
2782.000000 20057.000000
2783.000000 20059.000000
2784.000000 20061.000000
2786.000000 20063.000000
2788.000000 20065.000000
2789.000000 20067.000000
2790.000000 20069.000000
2792.000000 20071.000000
2793.000000 20073.000000
2795.000000 20075.000000
2796.000000 20077.000000
2798.000000 20079.000000
2799.000000 20081.000000
2801.000000 20083.000000
2802.000000 20085.000000
2804.000000 20087.000000
2805.000000 20089.000000
2807.000000 20091.000000
2808.000000 20093.000000
2810.000000 20095.000000
2811.000000 20097.000000
2813.000000 20099.000000
2814.000000 20101.000000
2816.000000 20103.000000
2817.000000 20105.000000
2819.000000 20107.000000
2820.000000 20109.000000
2822.000000 20111.000000
2823.000000 20113.000000
2825.000000 20115.000000
2826.000000 20117.000000
2828.000000 20119.000000
2829.000000 20121.000000
2830.000000 20123.000000
2832.000000 20125.000000
2833.000000 20127.000000
2835.000000 20129.000000
2836.000000 20131.000000
2838.000000 20133.000000
2839.000000 20135.000000
2841.000000 20137.000000
2842.000000 20139.000000
2844.000000 20141.000000
2845.000000 20143.000000
2847.000000 20145.000000
2848.000000 20147.000000
2850.000000 20149.000000
2851.000000 20151.000000
2853.000000 20153.000000
2854.000000 20155.000000
2856.000000 20157.000000
2857.000000 20159.000000
2859.000000 20161.000000
2860.000000 20163.000000
2862.000000 20165.000000
2863.000000 20167.000000
2864.000000 20169.000000
2866.000000 20171.000000
2868.000000 20173.000000
2869.000000 20175.000000
2870.000000 20177.000000
2872.000000 20179.000000
2873.000000 20181.000000
2875.000000 20183.000000
2876.000000 20185.000000
2878.000000 20187.000000
2879.000000 20189.000000
2881.000000 20191.000000
2882.000000 20193.000000
2884.000000 20195.000000
2885.000000 20197.000000
2887.000000 20199.000000
2888.000000 20201.000000
2890.000000 20203.000000
2891.000000 20205.000000
2893.000000 20207.000000
2894.000000 20209.000000
2896.000000 20211.000000
2897.000000 20213.000000
2899.000000 20215.000000
2900.000000 20217.000000
2902.000000 20219.000000
2903.000000 20221.000000
2904.000000 20223.000000
2906.000000 20225.000000
2908.000000 20227.000000
2909.000000 20229.000000
2910.000000 20231.000000
2912.000000 20233.000000
2913.000000 20235.000000
2915.000000 20237.000000
2916.000000 20239.000000
2918.000000 20241.000000
2919.000000 20243.000000
2921.000000 20245.000000
2922.000000 20247.000000
2924.000000 20249.000000
2925.000000 20251.000000
2927.000000 20253.000000
2928.000000 20255.000000
2930.000000 20257.000000
2931.000000 20259.000000
2933.000000 20261.000000
2934.000000 20263.000000
2936.000000 20265.000000
2937.000000 20267.000000
2938.000000 20269.000000
2940.000000 20271.000000
2942.000000 20273.000000
2943.000000 20275.000000
2944.000000 20277.000000
2946.000000 20279.000000
2948.000000 20281.000000
2949.000000 20283.000000
2950.000000 20285.000000
2952.000000 20287.000000
2953.000000 20289.000000
2955.000000 20291.000000
2956.000000 20293.000000
2958.000000 20295.000000
2959.000000 20297.000000
2961.000000 20299.000000
2962.000000 20301.000000
2964.000000 20303.000000
2965.000000 20305.000000
2967.000000 20307.000000
2968.000000 20309.000000
2970.000000 20311.000000
2971.000000 20313.000000
2973.000000 20315.000000
2974.000000 20317.000000
2976.000000 20319.000000
2977.000000 20321.000000
2978.000000 20323.000000
2980.000000 20325.000000
2982.000000 20327.000000
2983.000000 20329.000000
2984.000000 20331.000000
2986.000000 20333.000000
2988.000000 20335.000000
2989.000000 20337.000000
2990.000000 20339.000000
2992.000000 20341.000000
2993.000000 20343.000000
2995.000000 20345.000000
2996.000000 20347.000000
2998.000000 20349.000000
2999.000000 20351.000000
3001.000000 20353.000000
3002.000000 20355.000000
3004.000000 20357.000000
3005.000000 20359.000000
3007.000000 20361.000000
3008.000000 20363.000000
3010.000000 20365.000000
3011.000000 20367.000000
3013.000000 20369.000000
3014.000000 20371.000000
3016.000000 20373.000000
3017.000000 20375.000000
3019.000000 20377.000000
3020.000000 20379.000000
3022.000000 20381.000000
3023.000000 20383.000000
3024.000000 20385.000000
3026.000000 20387.000000
3027.000000 20389.000000
3029.000000 20391.000000
3030.000000 20393.000000
3032.000000 20395.000000
3033.000000 20397.000000
3035.000000 20399.000000
3036.000000 20401.000000
3038.000000 20403.000000
3039.000000 20405.000000
3041.000000 20407.000000
3042.000000 20409.000000
3044.000000 20411.000000
3045.000000 20413.000000
3047.000000 20415.000000
3048.000000 20417.000000
3050.000000 20419.000000
3051.000000 20421.000000
3053.000000 20423.000000
3054.000000 20425.000000
3056.000000 20427.000000
3057.000000 20429.000000
3058.000000 20431.000000
3060.000000 20433.000000
3062.000000 20435.000000
3063.000000 20437.000000
3064.000000 20439.000000
3066.000000 20441.000000
3068.000000 20443.000000
3069.000000 20445.000000
3070.000000 20447.000000
3072.000000 20449.000000
3073.000000 20451.000000
3075.000000 20453.000000
3076.000000 20455.000000
3078.000000 20457.000000
3079.000000 20459.000000
3081.000000 20461.000000
3082.000000 20463.000000
3084.000000 20465.000000
3085.000000 20467.000000
3087.000000 20469.000000
3088.000000 20471.000000
3090.000000 20473.000000
3091.000000 20475.000000
3093.000000 20477.000000
3094.000000 20479.000000
3096.000000 20481.000000
3097.000000 20483.000000
3099.000000 20485.000000
3100.000000 20487.000000
3102.000000 20489.000000
3103.000000 20491.000000
3104.000000 20493.000000
3106.000000 20495.000000
3108.000000 20497.000000
3109.000000 20499.000000
3110.000000 20501.000000
3112.000000 20503.000000
3113.000000 20505.000000
3115.000000 20507.000000
3116.000000 20509.000000
3118.000000 20511.000000
3119.000000 20513.000000
3121.000000 20515.000000
3122.000000 20517.000000
3124.000000 20519.000000
3125.000000 20521.000000
3127.000000 20523.000000
3128.000000 20525.000000
3130.000000 20527.000000
3131.000000 20529.000000
3133.000000 20531.000000
3134.000000 20533.000000
3136.000000 20535.000000
3137.000000 20537.000000
3139.000000 20539.000000
3140.000000 20541.000000
3142.000000 20543.000000
3143.000000 20545.000000
3144.000000 20547.000000
3146.000000 20549.000000
3148.000000 20551.000000
3149.000000 20553.000000
3150.000000 20555.000000
3152.000000 20557.000000
3153.000000 20559.000000
3155.000000 20561.000000
3156.000000 20563.000000
3158.000000 20565.000000
3159.000000 20567.000000
3161.000000 20569.000000
3162.000000 20571.000000
3164.000000 20573.000000
3165.000000 20575.000000
3167.000000 20577.000000
3168.000000 20579.000000
3170.000000 20581.000000
3171.000000 20583.000000
3173.000000 20585.000000
3174.000000 20587.000000
3176.000000 20589.000000
3177.000000 20591.000000
3179.000000 20593.000000
3180.000000 20595.000000
3182.000000 20597.000000
3183.000000 20599.000000
3184.000000 20601.000000
3186.000000 20603.000000
3188.000000 20605.000000
3189.000000 20607.000000
3190.000000 20609.000000
3192.000000 20611.000000
3193.000000 20613.000000
3195.000000 20615.000000
3196.000000 20617.000000
3198.000000 20619.000000
3199.000000 20621.000000
3201.000000 20623.000000
3202.000000 20625.000000
3204.000000 20627.000000
3205.000000 20629.000000
3207.000000 20631.000000
3208.000000 20633.000000
3210.000000 20635.000000
3211.000000 20637.000000
3213.000000 20639.000000
3214.000000 20641.000000
3216.000000 20643.000000
3217.000000 20645.000000
3218.000000 20647.000000
3220.000000 20649.000000
3222.000000 20651.000000
3223.000000 20653.000000
3224.000000 20655.000000
3226.000000 20657.000000
3228.000000 20659.000000
3229.000000 20661.000000
3230.000000 20663.000000
3232.000000 20665.000000
3233.000000 20667.000000
3235.000000 20669.000000
3236.000000 20671.000000
3238.000000 20673.000000
3239.000000 20675.000000
3241.000000 20677.000000
3242.000000 20679.000000
3244.000000 20681.000000
3245.000000 20683.000000
3247.000000 20685.000000
3248.000000 20687.000000
3250.000000 20689.000000
3251.000000 20691.000000
3253.000000 20693.000000
3254.000000 20695.000000
3256.000000 20697.000000
3257.000000 20699.000000
3259.000000 20701.000000
3260.000000 20703.000000
3262.000000 20705.000000
3263.000000 20707.000000
3264.000000 20709.000000
3266.000000 20711.000000
3267.000000 20713.000000
3269.000000 20715.000000
3270.000000 20717.000000
3272.000000 20719.000000
3273.000000 20721.000000
3275.000000 20723.000000
3276.000000 20725.000000
3278.000000 20727.000000
3279.000000 20729.000000
3281.000000 20731.000000
3282.000000 20733.000000
3284.000000 20735.000000
3285.000000 20737.000000
3287.000000 20739.000000
3288.000000 20741.000000
3290.000000 20743.000000
3291.000000 20745.000000
3293.000000 20747.000000
3294.000000 20749.000000
3296.000000 20751.000000
3297.000000 20753.000000
3298.000000 20755.000000
3300.000000 20757.000000
3302.000000 20759.000000
3303.000000 20761.000000
3304.000000 20763.000000
3306.000000 20765.000000
3308.000000 20767.000000
3309.000000 20769.000000
3310.000000 20771.000000
3312.000000 20773.000000
3313.000000 20775.000000
3315.000000 20777.000000
3316.000000 20779.000000
3318.000000 20781.000000
3319.000000 20783.000000
3321.000000 20785.000000
3322.000000 20787.000000
3324.000000 20789.000000
3325.000000 20791.000000
3327.000000 20793.000000
3328.000000 20795.000000
3330.000000 20797.000000
3331.000000 20799.000000
3333.000000 20801.000000
3334.000000 20803.000000
3336.000000 20805.000000
3337.000000 20807.000000
3338.000000 20809.000000
3340.000000 20811.000000
3342.000000 20813.000000
3343.000000 20815.000000
3344.000000 20817.000000
3346.000000 20819.000000
3347.000000 20821.000000
3349.000000 20823.000000
3350.000000 20825.000000
3352.000000 20827.000000
3353.000000 20829.000000
3355.000000 20831.000000
3356.000000 20833.000000
3358.000000 20835.000000
3359.000000 20837.000000
3361.000000 20839.000000
3362.000000 20841.000000
3364.000000 20843.000000
3365.000000 20845.000000
3367.000000 20847.000000
3368.000000 20849.000000
3370.000000 20851.000000
3371.000000 20853.000000
3373.000000 20855.000000
3374.000000 20857.000000
3376.000000 20859.000000
3377.000000 20861.000000
3378.000000 20863.000000
3380.000000 20865.000000
3382.000000 20867.000000
3383.000000 20869.000000
3384.000000 20871.000000
3386.000000 20873.000000
3387.000000 20875.000000
3389.000000 20877.000000
3390.000000 20879.000000
3392.000000 20881.000000
3393.000000 20883.000000
3395.000000 20885.000000
3396.000000 20887.000000
3398.000000 20889.000000
3399.000000 20891.000000
3401.000000 20893.000000
3402.000000 20895.000000
3404.000000 20897.000000
3405.000000 20899.000000
3407.000000 20901.000000
3408.000000 20903.000000
3410.000000 20905.000000
3411.000000 20907.000000
3412.000000 20909.000000
3414.000000 20911.000000
3415.000000 20913.000000
3417.000000 20915.000000
3418.000000 20917.000000
3420.000000 20919.000000
3421.000000 20921.000000
3423.000000 20923.000000
3424.000000 20925.000000
3426.000000 20927.000000
3427.000000 20929.000000
3429.000000 20931.000000
3430.000000 20933.000000
3432.000000 20935.000000
3433.000000 20937.000000
3435.000000 20939.000000
3436.000000 20941.000000
3438.000000 20943.000000
3439.000000 20945.000000
3441.000000 20947.000000
3442.000000 20949.000000
3444.000000 20951.000000
3445.000000 20953.000000
3447.000000 20955.000000
3448.000000 20957.000000
3450.000000 20959.000000
3451.000000 20961.000000
3453.000000 20963.000000
3454.000000 20965.000000
3456.000000 20967.000000
3457.000000 20969.000000
3458.000000 20971.000000
3460.000000 20973.000000
3461.000000 20975.000000
3463.000000 20977.000000
3464.000000 20979.000000
3466.000000 20981.000000
3467.000000 20983.000000
3469.000000 20985.000000
3470.000000 20987.000000
3472.000000 20989.000000
3473.000000 20991.000000
3475.000000 20993.000000
3476.000000 20995.000000
3478.000000 20997.000000
3479.000000 20999.000000
3481.000000 21001.000000
3482.000000 21003.000000
3484.000000 21005.000000
3485.000000 21007.000000
3487.000000 21009.000000
3488.000000 21011.000000
3490.000000 21013.000000
3491.000000 21015.000000
3493.000000 21017.000000
3494.000000 21019.000000
3496.000000 21021.000000
3497.000000 21023.000000
3499.000000 21025.000000
3500.000000 21027.000000
3502.000000 21029.000000
3503.000000 21031.000000
3504.000000 21033.000000
3506.000000 21035.000000
3507.000000 21037.000000
3509.000000 21039.000000
3510.000000 21041.000000
3512.000000 21043.000000
3513.000000 21045.000000
3515.000000 21047.000000
3516.000000 21049.000000
3518.000000 21051.000000
3519.000000 21053.000000
3521.000000 21055.000000
3522.000000 21057.000000
3524.000000 21059.000000
3525.000000 21061.000000
3527.000000 21063.000000
3528.000000 21065.000000
3530.000000 21067.000000
3531.000000 21069.000000
3533.000000 21071.000000
3534.000000 21073.000000
3536.000000 21075.000000
3537.000000 21077.000000
3538.000000 21079.000000
3540.000000 21081.000000
3542.000000 21083.000000
3543.000000 21085.000000
3544.000000 21087.000000
3546.000000 21089.000000
3548.000000 21091.000000
3549.000000 21093.000000
3550.000000 21095.000000
3552.000000 21097.000000
3553.000000 21099.000000
3555.000000 21101.000000
3556.000000 21103.000000
3558.000000 21105.000000
3559.000000 21107.000000
3561.000000 21109.000000
3562.000000 21111.000000
3564.000000 21113.000000
3565.000000 21115.000000
3567.000000 21117.000000
3568.000000 21119.000000
3570.000000 21121.000000
3571.000000 21123.000000
3573.000000 21125.000000
3574.000000 21127.000000
3576.000000 21129.000000
3577.000000 21131.000000
3578.000000 21133.000000
3580.000000 21135.000000
3582.000000 21137.000000
3583.000000 21139.000000
3584.000000 21141.000000
3586.000000 21143.000000
3588.000000 21145.000000
3589.000000 21147.000000
3590.000000 21149.000000
3592.000000 21151.000000
3594.000000 21153.000000
3595.000000 21155.000000
3596.000000 21157.000000
3598.000000 21159.000000
3599.000000 21161.000000
3601.000000 21163.000000
3602.000000 21165.000000
3604.000000 21167.000000
3605.000000 21169.000000
3607.000000 21171.000000
3608.000000 21173.000000
3610.000000 21175.000000
3611.000000 21177.000000
3613.000000 21179.000000
3614.000000 21181.000000
3616.000000 21183.000000
3617.000000 21185.000000
3619.000000 21187.000000
3620.000000 21189.000000
3622.000000 21191.000000
3623.000000 21193.000000
3624.000000 21195.000000
3626.000000 21197.000000
3628.000000 21199.000000
3629.000000 21201.000000
3630.000000 21203.000000
3632.000000 21205.000000
3633.000000 21207.000000
3635.000000 21209.000000
3636.000000 21211.000000
3638.000000 21213.000000
3639.000000 21215.000000
3641.000000 21217.000000
3642.000000 21219.000000
3644.000000 21221.000000
3645.000000 21223.000000
3647.000000 21225.000000
3648.000000 21227.000000
3650.000000 21229.000000
3651.000000 21231.000000
3653.000000 21233.000000
3654.000000 21235.000000
3656.000000 21237.000000
3657.000000 21239.000000
3659.000000 21241.000000
3660.000000 21243.000000
3662.000000 21245.000000
3663.000000 21247.000000
3665.000000 21249.000000
3666.000000 21251.000000
3668.000000 21253.000000
3669.000000 21255.000000
3670.000000 21257.000000
3672.000000 21259.000000
3673.000000 21261.000000
3675.000000 21263.000000
3676.000000 21265.000000
3678.000000 21267.000000
3679.000000 21269.000000
3681.000000 21271.000000
3682.000000 21273.000000
3684.000000 21275.000000
3685.000000 21277.000000
3687.000000 21279.000000
3688.000000 21281.000000
3690.000000 21283.000000
3691.000000 21285.000000
3693.000000 21287.000000
3694.000000 21289.000000
3696.000000 21291.000000
3697.000000 21293.000000
3699.000000 21295.000000
3700.000000 21297.000000
3702.000000 21299.000000
3703.000000 21301.000000
3704.000000 21303.000000
3706.000000 21305.000000
3708.000000 21307.000000
3709.000000 21309.000000
3710.000000 21311.000000
3712.000000 21313.000000
3713.000000 21315.000000
3715.000000 21317.000000
3716.000000 21319.000000
3718.000000 21321.000000
3719.000000 21323.000000
3721.000000 21325.000000
3722.000000 21327.000000
3724.000000 21329.000000
3725.000000 21331.000000
3727.000000 21333.000000
3728.000000 21335.000000
3730.000000 21337.000000
3731.000000 21339.000000
3733.000000 21341.000000
3734.000000 21343.000000
3736.000000 21345.000000
3737.000000 21347.000000
3739.000000 21349.000000
3740.000000 21351.000000
3742.000000 21353.000000
3743.000000 21355.000000
3744.000000 21357.000000
3746.000000 21359.000000
3747.000000 21361.000000
3749.000000 21363.000000
3750.000000 21365.000000
3752.000000 21367.000000
3753.000000 21369.000000
3755.000000 21371.000000
3756.000000 21373.000000
3758.000000 21375.000000
3759.000000 21377.000000
3761.000000 21379.000000
3762.000000 21381.000000
3764.000000 21383.000000
3765.000000 21385.000000
3767.000000 21387.000000
3768.000000 21389.000000
3770.000000 21391.000000
3771.000000 21393.000000
3772.000000 21395.000000
3774.000000 21397.000000
3776.000000 21399.000000
3777.000000 21401.000000
3778.000000 21403.000000
3780.000000 21405.000000
3782.000000 21407.000000
3783.000000 21409.000000
3784.000000 21411.000000
3786.000000 21413.000000
3787.000000 21415.000000
3789.000000 21417.000000
3790.000000 21419.000000
3792.000000 21421.000000
3793.000000 21423.000000
3795.000000 21425.000000
3796.000000 21427.000000
3798.000000 21429.000000
3799.000000 21431.000000
3801.000000 21433.000000
3802.000000 21435.000000
3804.000000 21437.000000
3805.000000 21439.000000
3807.000000 21441.000000
3808.000000 21443.000000
3810.000000 21445.000000
3811.000000 21447.000000
3813.000000 21449.000000
3814.000000 21451.000000
3816.000000 21453.000000
3817.000000 21455.000000
3818.000000 21457.000000
3820.000000 21459.000000
3821.000000 21461.000000
3823.000000 21463.000000
3824.000000 21465.000000
3826.000000 21467.000000
3827.000000 21469.000000
3829.000000 21471.000000
3830.000000 21473.000000
3832.000000 21475.000000
3833.000000 21477.000000
3835.000000 21479.000000
3836.000000 21481.000000
3838.000000 21483.000000
3839.000000 21485.000000
3841.000000 21487.000000
3842.000000 21489.000000
3844.000000 21491.000000
3845.000000 21493.000000
3847.000000 21495.000000
3848.000000 21497.000000
3850.000000 21499.000000
3851.000000 21501.000000
3852.000000 21503.000000
3854.000000 21505.000000
3856.000000 21507.000000
3857.000000 21509.000000
3858.000000 21511.000000
3860.000000 21513.000000
3862.000000 21515.000000
3863.000000 21517.000000
3864.000000 21519.000000
3866.000000 21521.000000
3867.000000 21523.000000
3869.000000 21525.000000
3870.000000 21527.000000
3872.000000 21529.000000
3873.000000 21531.000000
3875.000000 21533.000000
3876.000000 21535.000000
3878.000000 21537.000000
3879.000000 21539.000000
3881.000000 21541.000000
3882.000000 21543.000000
3884.000000 21545.000000
3885.000000 21547.000000
3887.000000 21549.000000
3888.000000 21551.000000
3890.000000 21553.000000
3891.000000 21555.000000
3892.000000 21557.000000
3894.000000 21559.000000
3896.000000 21561.000000
3897.000000 21563.000000
3898.000000 21565.000000
3900.000000 21567.000000
3902.000000 21569.000000
3903.000000 21571.000000
3904.000000 21573.000000
3906.000000 21575.000000
3908.000000 21577.000000
3909.000000 21579.000000
3910.000000 21581.000000
3912.000000 21583.000000
3913.000000 21585.000000
3915.000000 21587.000000
3916.000000 21589.000000
3918.000000 21591.000000
3919.000000 21593.000000
3921.000000 21595.000000
3922.000000 21597.000000
3924.000000 21599.000000
3925.000000 21601.000000
3927.000000 21603.000000
3928.000000 21605.000000
3930.000000 21607.000000
3931.000000 21609.000000
3933.000000 21611.000000
3934.000000 21613.000000
3936.000000 21615.000000
3937.000000 21617.000000
3938.000000 21619.000000
3940.000000 21621.000000
3942.000000 21623.000000
3943.000000 21625.000000
3944.000000 21627.000000
3946.000000 21629.000000
3947.000000 21631.000000
3949.000000 21633.000000
3950.000000 21635.000000
3952.000000 21637.000000
3953.000000 21639.000000
3955.000000 21641.000000
3956.000000 21643.000000
3958.000000 21645.000000
3959.000000 21647.000000
3961.000000 21649.000000
3962.000000 21651.000000
3964.000000 21653.000000
3965.000000 21655.000000
3967.000000 21657.000000
3968.000000 21659.000000
3970.000000 21661.000000
3971.000000 21663.000000
3973.000000 21665.000000
3974.000000 21667.000000
3976.000000 21669.000000
3977.000000 21671.000000
3979.000000 21673.000000
3980.000000 21675.000000
3982.000000 21677.000000
3983.000000 21679.000000
3984.000000 21681.000000
3986.000000 21683.000000
3988.000000 21685.000000
3989.000000 21687.000000
3990.000000 21689.000000
3992.000000 21691.000000
3993.000000 21693.000000
3995.000000 21695.000000
3996.000000 21697.000000
3998.000000 21699.000000
3999.000000 21701.000000
4001.000000 21703.000000
4002.000000 21705.000000
4004.000000 21707.000000
4005.000000 21709.000000
4007.000000 21711.000000
4008.000000 21713.000000
4010.000000 21715.000000
4011.000000 21717.000000
4013.000000 21719.000000
4014.000000 21721.000000
4016.000000 21723.000000
4017.000000 21725.000000
4019.000000 21727.000000
4020.000000 21729.000000
4022.000000 21731.000000
4023.000000 21733.000000
4025.000000 21735.000000
4026.000000 21737.000000
4028.000000 21739.000000
4029.000000 21741.000000
4030.000000 21743.000000
4032.000000 21745.000000
4034.000000 21747.000000
4035.000000 21749.000000
4036.000000 21751.000000
4038.000000 21753.000000
4039.000000 21755.000000
4041.000000 21757.000000
4042.000000 21759.000000
4044.000000 21761.000000
4045.000000 21763.000000
4047.000000 21765.000000
4048.000000 21767.000000
4050.000000 21769.000000
4051.000000 21771.000000
4053.000000 21773.000000
4054.000000 21775.000000
4056.000000 21777.000000
4057.000000 21779.000000
4059.000000 21781.000000
4060.000000 21783.000000
4062.000000 21785.000000
4063.000000 21787.000000
4065.000000 21789.000000
4066.000000 21791.000000
4068.000000 21793.000000
4069.000000 21795.000000
4071.000000 21797.000000
4072.000000 21799.000000
4074.000000 21801.000000
4075.000000 21803.000000
4076.000000 21805.000000
4078.000000 21807.000000
4080.000000 21809.000000
4081.000000 21811.000000
4082.000000 21813.000000
4084.000000 21815.000000
4085.000000 21817.000000
4087.000000 21819.000000
4088.000000 21821.000000
4090.000000 21823.000000
4091.000000 21825.000000
4093.000000 21827.000000
4094.000000 21829.000000
4096.000000 21831.000000
4097.000000 21833.000000
4099.000000 21835.000000
4100.000000 21837.000000
4102.000000 21839.000000
4103.000000 21841.000000
4105.000000 21843.000000
4106.000000 21845.000000
4108.000000 21847.000000
4109.000000 21849.000000
4110.000000 21851.000000
4112.000000 21853.000000
4114.000000 21855.000000
4114.000000 21855.000000
4139.000000 21889.000000
4140.000000 21891.000000
4142.000000 21893.000000
4143.000000 21895.000000
4145.000000 21897.000000
4146.000000 21899.000000
4148.000000 21901.000000
4149.000000 21903.000000
4150.000000 21905.000000
4152.000000 21907.000000
4153.000000 21909.000000
4155.000000 21911.000000
4156.000000 21913.000000
4158.000000 21915.000000
4159.000000 21917.000000
4161.000000 21919.000000
4162.000000 21921.000000
4164.000000 21923.000000
4165.000000 21925.000000
4167.000000 21927.000000
4168.000000 21929.000000
4170.000000 21931.000000
4171.000000 21933.000000
4173.000000 21935.000000
4174.000000 21937.000000
4176.000000 21939.000000
4177.000000 21941.000000
4179.000000 21943.000000
4180.000000 21945.000000
4182.000000 21947.000000
4183.000000 21949.000000
4184.000000 21951.000000
4186.000000 21953.000000
4188.000000 21955.000000
4189.000000 21957.000000
4190.000000 21959.000000
4192.000000 21961.000000
4194.000000 21963.000000
4195.000000 21965.000000
4196.000000 21967.000000
4198.000000 21969.000000
4199.000000 21971.000000
4201.000000 21973.000000
4202.000000 21975.000000
4204.000000 21977.000000
4205.000000 21979.000000
4207.000000 21981.000000
4208.000000 21983.000000
4210.000000 21985.000000
4211.000000 21987.000000
4213.000000 21989.000000
4214.000000 21991.000000
4216.000000 21993.000000
4217.000000 21995.000000
4219.000000 21997.000000
4220.000000 21999.000000
4222.000000 22001.000000
4223.000000 22003.000000
4224.000000 22005.000000
4226.000000 22007.000000
4228.000000 22009.000000
4229.000000 22011.000000
4230.000000 22013.000000
4232.000000 22015.000000
4233.000000 22017.000000
4235.000000 22019.000000
4236.000000 22021.000000
4238.000000 22023.000000
4239.000000 22025.000000
4241.000000 22027.000000
4242.000000 22029.000000
4244.000000 22031.000000
4245.000000 22033.000000
4247.000000 22035.000000
4248.000000 22037.000000
4250.000000 22039.000000
4251.000000 22041.000000
4253.000000 22043.000000
4254.000000 22045.000000
4256.000000 22047.000000
4257.000000 22049.000000
4258.000000 22051.000000
4260.000000 22053.000000
4262.000000 22055.000000
4263.000000 22057.000000
4264.000000 22059.000000
4266.000000 22061.000000
4268.000000 22063.000000
4269.000000 22065.000000
4270.000000 22067.000000
4272.000000 22069.000000
4273.000000 22071.000000
4275.000000 22073.000000
4276.000000 22075.000000
4278.000000 22077.000000
4279.000000 22079.000000
4281.000000 22081.000000
4282.000000 22083.000000
4284.000000 22085.000000
4285.000000 22087.000000
4287.000000 22089.000000
4288.000000 22091.000000
4290.000000 22093.000000
4291.000000 22095.000000
4293.000000 22097.000000
4294.000000 22099.000000
4296.000000 22101.000000
4297.000000 22103.000000
4298.000000 22105.000000
4300.000000 22107.000000
4302.000000 22109.000000
4303.000000 22111.000000
4304.000000 22113.000000
4306.000000 22115.000000
4307.000000 22117.000000
4309.000000 22119.000000
4310.000000 22121.000000
4312.000000 22123.000000
4313.000000 22125.000000
4315.000000 22127.000000
4316.000000 22129.000000
4318.000000 22131.000000
4319.000000 22133.000000
4321.000000 22135.000000
4322.000000 22137.000000
4324.000000 22139.000000
4325.000000 22141.000000
4327.000000 22143.000000
4328.000000 22145.000000
4330.000000 22147.000000
4331.000000 22149.000000
4333.000000 22151.000000
4334.000000 22153.000000
4336.000000 22155.000000
4337.000000 22157.000000
4339.000000 22159.000000
4340.000000 22161.000000
4342.000000 22163.000000
4343.000000 22165.000000
4344.000000 22167.000000
4346.000000 22169.000000
4347.000000 22171.000000
4349.000000 22173.000000
4350.000000 22175.000000
4352.000000 22177.000000
4353.000000 22179.000000
4355.000000 22181.000000
4356.000000 22183.000000
4358.000000 22185.000000
4359.000000 22187.000000
4361.000000 22189.000000
4362.000000 22191.000000
4364.000000 22193.000000
4365.000000 22195.000000
4367.000000 22197.000000
4368.000000 22199.000000
4370.000000 22201.000000
4371.000000 22203.000000
4373.000000 22205.000000
4374.000000 22207.000000
4376.000000 22209.000000
4377.000000 22211.000000
4378.000000 22213.000000
4380.000000 22215.000000
4382.000000 22217.000000
4383.000000 22219.000000
4384.000000 22221.000000
4386.000000 22223.000000
4388.000000 22225.000000
4389.000000 22227.000000
4390.000000 22229.000000
4392.000000 22231.000000
