24380.000000  12 30
24510.000000  44 30
24646.000000  80 30
24766.000000  112 30
24812.000000  124 30
24852.000000  135 30
24852.000000  135 30
24976.000000  168 30
25000.000000  174 30
25032.000000  183 30
25032.000000  183 30
25058.000000  189 30
25090.000000  198 30
25114.000000  204 30
25170.000000  219 30
25202.000000  227 30
25202.000000  227 30
25230.000000  235 30
25282.000000  249 30
25302.000000  254 30
25322.000000  259 30
25394.000000  278 30
25394.000000  278 30
25422.000000  286 30
25448.000000  293 30
25494.000000  305 30
25554.000000  321 30
25638.000000  343 30
25652.000000  347 30
25652.000000  347 30
25718.000000  364 30
25748.000000  372 30
25808.000000  388 30
25810.000000  389 30
25838.000000  396 30
25912.000000  416 30
25988.000000  436 30
26052.000000  453 30
26110.000000  468 30
26136.000000  475 30
26162.000000  482 30
26256.000000  507 30
26332.000000  527 30
26344.000000  530 30
26404.000000  546 30
26406.000000  547 30
26436.000000  555 30
26438.000000  555 30
26458.000000  560 30
26566.000000  589 30
26582.000000  593 30
26606.000000  599 30
26624.000000  604 30
26672.000000  617 30
26674.000000  617 30
26762.000000  641 30
26838.000000  661 30
26868.000000  669 30
26882.000000  673 30
26916.000000  682 30
26918.000000  682 30
27064.000000  721 30
27064.000000  721 30
27082.000000  726 30
27154.000000  745 30
27238.000000  767 30
27260.000000  773 30
27384.000000  806 30
27392.000000  808 30
27406.000000  811 30
27424.000000  816 30
27472.000000  829 30
27490.000000  834 30
27490.000000  834 30
27538.000000  846 30
27540.000000  847 30
27590.000000  860 30
27614.000000  867 30
27670.000000  881 30
27702.000000  890 30
27702.000000  890 30
27756.000000  904 30
27850.000000  929 30
27958.000000  958 30
27994.000000  967 30
28058.000000  984 30
28058.000000  984 30
28138.000000  1005 30
28206.000000  1023 30
28312.000000  1051 30
28314.000000  1052 30
28408.000000  1077 30
28466.000000  1092 30
28490.000000  1098 30
28498.000000  1101 30
28518.000000  1106 30
28542.000000  1112 30
28550.000000  1114 30
28566.000000  1119 30
28612.000000  1131 30
28630.000000  1136 30
28648.000000  1140 30
28674.000000  1147 30
28722.000000  1160 30
28742.000000  1165 30
28760.000000  1170 30
28780.000000  1175 30
28782.000000  1176 30
28816.000000  1185 30
28818.000000  1185 30
28838.000000  1191 30
28852.000000  1194 30
28884.000000  1203 30
28884.000000  1203 30
28922.000000  1213 30
28922.000000  1213 30
28922.000000  1213 30
28950.000000  1220 30
28986.000000  1230 30
28988.000000  1231 30
29008.000000  1236 30
29016.000000  1238 30
29082.000000  1255 30
29098.000000  1260 30
29158.000000  1275 30
29178.000000  1281 30
29224.000000  1293 30
29252.000000  1300 30
29322.000000  1319 30
29352.000000  1327 30
29378.000000  1334 30
29428.000000  1347 30
29462.000000  1356 30
29462.000000  1356 30
29490.000000  1363 30
29490.000000  1363 30
29490.000000  1363 30
29508.000000  1368 30
29544.000000  1377 30
29546.000000  1378 30
29576.000000  1386 30
29578.000000  1387 30
29598.000000  1392 30
29634.000000  1401 30
29636.000000  1402 30
29656.000000  1407 30
29710.000000  1422 30
29710.000000  1422 30
29744.000000  1431 30
29770.000000  1437 30
29788.000000  1442 30
29814.000000  1449 30
29844.000000  1457 30
29858.000000  1461 30
29874.000000  1465 30
29882.000000  1467 30
29900.000000  1472 30
29916.000000  1476 30
29970.000000  1490 30
29978.000000  1493 30
30020.000000  1504 30
30034.000000  1507 30
30050.000000  1512 30
30064.000000  1515 30
30076.000000  1519 30
30130.000000  1533 30
30154.000000  1539 30
30188.000000  1548 30
30210.000000  1554 30
30210.000000  1554 30
30244.000000  1563 30
30298.000000  1577 30
30324.000000  1584 30
30378.000000  1598 30
30426.000000  1611 30
30450.000000  1617 30
30478.000000  1625 30
30520.000000  1636 30
30538.000000  1641 30
30564.000000  1647 30
30610.000000  1660 30
30688.000000  1681 30
30708.000000  1686 30
30714.000000  1687 30
30746.000000  1696 30
30822.000000  1716 30
30834.000000  1719 30
30870.000000  1729 30
30952.000000  1750 30
30968.000000  1755 30
31022.000000  1769 30
31024.000000  1769 30
31048.000000  1776 30
31094.000000  1788 30
31094.000000  1788 30
31106.000000  1791 30
31130.000000  1797 30
31148.000000  1802 30
31168.000000  1808 30
31194.000000  1814 30
31228.000000  1823 30
31242.000000  1827 30
31258.000000  1831 30
31280.000000  1837 30
31304.000000  1843 30
31318.000000  1847 30
31328.000000  1850 30
31378.000000  1863 30
31410.000000  1872 30
31434.000000  1878 30
31472.000000  1888 30
31474.000000  1889 30
31494.000000  1894 30
31526.000000  1902 30
31556.000000  1910 30
31570.000000  1914 30
31602.000000  1922 30
31602.000000  1922 30
31636.000000  1931 30
31684.000000  1944 30
31694.000000  1947 30
31720.000000  1954 30
31728.000000  1956 30
31728.000000  1956 30
31760.000000  1964 30
31794.000000  1973 30
31796.000000  1974 30
31844.000000  1986 30
31874.000000  1994 30
31888.000000  1998 30
31900.000000  2001 30
31916.000000  2005 30
31932.000000  2009 30
31934.000000  2010 30
31948.000000  2014 30
31960.000000  2017 30
31996.000000  2027 30
32004.000000  2029 30
32004.000000  2029 30
32022.000000  2033 30
32030.000000  2036 30
33378.000000  2392 30
33386.000000  2394 30
33406.000000  2400 30
33414.000000  2402 30
33434.000000  2407 30
33458.000000  2413 30
33490.000000  2422 30
33518.000000  2429 30
33520.000000  2430 30
33552.000000  2438 30
33554.000000  2439 30
33584.000000  2447 30
33586.000000  2447 30
33592.000000  2449 30
33608.000000  2453 30
33624.000000  2457 30
33646.000000  2463 30
33666.000000  2468 30
33700.000000  2477 30
33748.000000  2490 30
33780.000000  2499 30
33874.000000  2523 30
33874.000000  2523 30
33918.000000  2535 30
33972.000000  2549 30
33996.000000  2555 30
34030.000000  2565 30
34052.000000  2570 30
34086.000000  2579 30
34110.000000  2586 30
34116.000000  2587 30
34150.000000  2596 30
34174.000000  2603 30
34182.000000  2605 30
34196.000000  2608 30
34220.000000  2615 30
34248.000000  2622 30
34296.000000  2635 30
34342.000000  2647 30
34576.000000  2709 30
34602.000000  2716 30
34604.000000  2716 30
34638.000000  2725 30
34672.000000  2734 30
34686.000000  2738 30
34740.000000  2752 30
34774.000000  2761 30
34834.000000  2777 30
34870.000000  2787 30
34906.000000  2796 30
34936.000000  2804 30
34936.000000  2804 30
34970.000000  2813 30
34986.000000  2817 30
35028.000000  2828 30
35028.000000  2828 30
35076.000000  2841 30
35168.000000  2865 30
35180.000000  2869 30
35238.000000  2884 30
35270.000000  2892 30
35398.000000  2926 30
35422.000000  2933 30
35476.000000  2947 30
35476.000000  2947 30
35510.000000  2956 30
35536.000000  2963 30
35536.000000  2963 30
35638.000000  2989 30
35714.000000  3010 30
35738.000000  3016 30
35760.000000  3022 30
35774.000000  3026 30
35790.000000  3030 30
35826.000000  3039 30
35826.000000  3039 30
35840.000000  3043 30
35874.000000  3052 30
35954.000000  3073 30
35954.000000  3073 30
36014.000000  3089 30
36072.000000  3104 30
36106.000000  3113 30
36184.000000  3134 30
36274.000000  3158 30
36274.000000  3158 30
36338.000000  3175 30
36364.000000  3181 30
36380.000000  3186 30
36456.000000  3206 30
36504.000000  3219 30
36506.000000  3219 30
36534.000000  3227 30
36588.000000  3241 30
36682.000000  3265 30
36740.000000  3281 30
36774.000000  3290 30
36800.000000  3297 30
36854.000000  3311 30
36898.000000  3323 30
36936.000000  3333 30
36954.000000  3338 30
36968.000000  3341 30
36970.000000  3342 30
37014.000000  3353 30
37054.000000  3364 30
37076.000000  3370 30
37112.000000  3379 30
37128.000000  3384 30
37160.000000  3392 30
37188.000000  3399 30
37190.000000  3400 30
37196.000000  3402 30
37298.000000  3429 30
37298.000000  3429 30
37324.000000  3435 30
37478.000000  3476 30
37494.000000  3480 30
37632.000000  3517 30
37744.000000  3546 30
37856.000000  3576 30
37982.000000  3609 30
37982.000000  3609 30
37982.000000  3609 30
38008.000000  3616 30
38022.000000  3620 30
38094.000000  3639 30
38126.000000  3647 30
38126.000000  3647 30
38144.000000  3652 30
38180.000000  3662 30
38180.000000  3662 30
38238.000000  3677 30
38320.000000  3699 30
38520.000000  3751 30
38522.000000  3752 30
38538.000000  3756 30
38550.000000  3759 30
38638.000000  3783 30
38738.000000  3809 30
38754.000000  3813 30
38810.000000  3828 30
38826.000000  3832 30
38840.000000  3836 30
38840.000000  3836 30
38862.000000  3842 30
38890.000000  3849 30
38910.000000  3855 30
38926.000000  3859 30
38956.000000  3867 30
38980.000000  3873 30
39078.000000  3899 30
39078.000000  3899 30
39078.000000  3899 30
39112.000000  3908 30
39138.000000  3915 30
39168.000000  3923 30
39168.000000  3923 30
39204.000000  3932 30
39258.000000  3947 30
39280.000000  3952 30
39282.000000  3953 30
39344.000000  3969 30
39358.000000  3973 30
39370.000000  3976 30
39392.000000  3982 30
39442.000000  3995 30
39456.000000  3999 30
39456.000000  3999 30
39494.000000  4009 30
39496.000000  4009 30
39498.000000  4010 30
39530.000000  4018 30
39542.000000  4022 30
39564.000000  4027 30
39604.000000  4038 30
39634.000000  4046 30
39644.000000  4049 30
39684.000000  4059 30
39718.000000  4068 30
39718.000000  4068 30
39748.000000  4076 30
39750.000000  4077 30
39756.000000  4078 30
39792.000000  4088 30
39794.000000  4088 30
39814.000000  4093 30
39830.000000  4098 30
39838.000000  4100 30
39866.000000  4107 30
39890.000000  4114 30
39926.000000  4123 30
39928.000000  4124 30
39946.000000  4128 30
39946.000000  4128 30
39980.000000  4137 30
40002.000000  4143 30
40012.000000  4146 30
40032.000000  4151 30
40054.000000  4157 30
40068.000000  4161 30
40068.000000  4161 30
40090.000000  4166 30
40130.000000  4177 30
40160.000000  4185 30
40194.000000  4194 30
40208.000000  4198 30
40208.000000  4198 30
40248.000000  4208 30
40284.000000  4218 30
40310.000000  4225 30
40378.000000  4242 30
40378.000000  4242 30
40396.000000  4247 30
40408.000000  4250 30
40438.000000  4258 30
40472.000000  4267 30
40474.000000  4268 30
40498.000000  4274 30
40532.000000  4283 30
40534.000000  4284 30
40554.000000  4289 30
40586.000000  4298 30
40616.000000  4305 30
40618.000000  4306 30
40658.000000  4317 30
40660.000000  4317 30
40662.000000  4318 30
40686.000000  4324 30
40686.000000  4324 30
40698.000000  4327 30
40740.000000  4338 30
40754.000000  4342 30
40774.000000  4347 30
40788.000000  4351 30
40862.000000  4370 30
40878.000000  4375 30
40896.000000  4379 30
40896.000000  4379 30
40912.000000  4384 30
40938.000000  4391 30
40978.000000  4401 30
40980.000000  4402 30
41032.000000  4415 30
41062.000000  4423 30
41096.000000  4432 30
41148.000000  4446 30
41148.000000  4446 30
41148.000000  4446 30
41148.000000  4446 30
41148.000000  4446 30
41210.000000  4462 30
41240.000000  4470 30
41254.000000  4474 30
41270.000000  4478 30
41292.000000  4484 30
41368.000000  4504 30
41444.000000  4524 30
41456.000000  4527 30
41472.000000  4531 30
41524.000000  4545 30
41526.000000  4546 30
41550.000000  4552 30
41576.000000  4559 30
41576.000000  4559 30
41592.000000  4563 30
41636.000000  4575 30
41638.000000  4575 30
41726.000000  4599 30
41750.000000  4605 30
41810.000000  4621 30
41812.000000  4621 30
41840.000000  4629 30
41868.000000  4636 30
41920.000000  4650 30
41934.000000  4654 30
41934.000000  4654 30
41960.000000  4661 30
42028.000000  4679 30
42058.000000  4687 30
42080.000000  4692 30
42142.000000  4709 30
42168.000000  4715 30
42196.000000  4723 30
42218.000000  4729 30
42232.000000  4733 30
42264.000000  4741 30
42286.000000  4747 30
42286.000000  4747 30
42298.000000  4750 30
42356.000000  4765 30
42356.000000  4765 30
42390.000000  4774 30
42414.000000  4781 30
42448.000000  4789 30
42450.000000  4790 30
42470.000000  4795 30
42530.000000  4811 30
42532.000000  4812 30
42538.000000  4813 30
42586.000000  4826 30
42586.000000  4826 30
42618.000000  4835 30
42642.000000  4841 30
42666.000000  4847 30
42702.000000  4857 30
42728.000000  4863 30
42760.000000  4872 30
42780.000000  4877 30
42812.000000  4886 30
42860.000000  4898 30
42896.000000  4908 30
42918.000000  4914 30
42952.000000  4923 30
42976.000000  4929 30
43008.000000  4937 30
43032.000000  4944 30
43040.000000  4946 30
43040.000000  4946 30
43076.000000  4955 30
43078.000000  4956 30
43108.000000  4964 30
43108.000000  4964 30
43132.000000  4970 30
43166.000000  4979 30
43188.000000  4985 30
43210.000000  4991 30
43226.000000  4995 30
43242.000000  4999 30
43280.000000  5009 30
43288.000000  5011 30
43326.000000  5022 30
43374.000000  5034 30
43394.000000  5039 30
43408.000000  5043 30
43424.000000  5047 30
43460.000000  5057 30
43486.000000  5064 30
43486.000000  5064 30
43514.000000  5071 30
43546.000000  5079 30
43622.000000  5100 30
43656.000000  5109 30
43686.000000  5117 30
43720.000000  5126 30
43742.000000  5131 30
43756.000000  5135 30
43810.000000  5149 30
43844.000000  5158 30
43856.000000  5161 30
43906.000000  5175 30
43948.000000  5186 30
43984.000000  5195 30
44010.000000  5202 30
44030.000000  5208 30
44038.000000  5210 30
44062.000000  5216 30
44064.000000  5217 30
44094.000000  5225 30
44140.000000  5237 30
44148.000000  5239 30
44182.000000  5248 30
44212.000000  5256 30
44214.000000  5256 30
44240.000000  5263 30
44264.000000  5269 30
44278.000000  5273 30
44294.000000  5277 30
44342.000000  5290 30
44344.000000  5291 30
44360.000000  5295 30
44368.000000  5297 30
44368.000000  5297 30
44404.000000  5306 30
44406.000000  5307 30
44420.000000  5311 30
44442.000000  5317 30
44510.000000  5334 30
44528.000000  5339 30
44584.000000  5354 30
44586.000000  5355 30
44588.000000  5355 30
44610.000000  5361 30
44636.000000  5368 30
44638.000000  5368 30
44666.000000  5376 30
44678.000000  5379 30
44702.000000  5385 30
44752.000000  5398 30
44786.000000  5407 30
44818.000000  5416 30
44818.000000  5416 30
44872.000000  5430 30
44902.000000  5438 30
44958.000000  5453 30
44972.000000  5457 30
45048.000000  5477 30
45056.000000  5479 30
45072.000000  5483 30
45094.000000  5489 30
45126.000000  5497 30
45126.000000  5497 30
45156.000000  5505 30
45158.000000  5506 30
45190.000000  5514 30
45240.000000  5527 30
45276.000000  5537 30
45296.000000  5542 30
45388.000000  5567 30
45416.000000  5574 30
45416.000000  5574 30
45476.000000  5590 30
45510.000000  5599 30
45564.000000  5613 30
45586.000000  5619 30
45586.000000  5619 30
45602.000000  5623 30
45656.000000  5637 30
45658.000000  5638 30
45708.000000  5651 30
45742.000000  5660 30
45784.000000  5671 30
45784.000000  5671 30
45812.000000  5679 30
45828.000000  5683 30
45862.000000  5692 30
45898.000000  5701 30
45916.000000  5706 30
45918.000000  5706 30
45964.000000  5719 30
45988.000000  5725 30
46014.000000  5732 30
46028.000000  5736 30
46046.000000  5740 30
46100.000000  5755 30
46134.000000  5764 30
46156.000000  5769 30
46156.000000  5769 30
46172.000000  5773 30
46238.000000  5791 30
46240.000000  5791 30
46272.000000  5800 30
46308.000000  5809 30
46310.000000  5810 30
46362.000000  5824 30
46364.000000  5824 30
46386.000000  5830 30
46394.000000  5832 30
46424.000000  5840 30
46454.000000  5848 30
46510.000000  5863 30
46512.000000  5863 30
46534.000000  5869 30
46548.000000  5873 30
46564.000000  5877 30
46596.000000  5886 30
46610.000000  5889 30
46612.000000  5890 30
46626.000000  5893 30
46652.000000  5900 30
46674.000000  5906 30
46688.000000  5910 30
46704.000000  5914 30
46736.000000  5923 30
46758.000000  5929 30
46768.000000  5931 30
46802.000000  5940 30
46804.000000  5941 30
46830.000000  5947 30
46832.000000  5948 30
46860.000000  5955 30
46862.000000  5956 30
46940.000000  5977 30
46956.000000  5981 30
46988.000000  5989 30
47000.000000  5992 30
47012.000000  5995 30
47054.000000  6007 30
47076.000000  6013 30
47076.000000  6013 30
47086.000000  6015 30
47120.000000  6024 30
47164.000000  6036 30
47164.000000  6036 30
47192.000000  6043 30
47206.000000  6047 30
47234.000000  6054 30
47258.000000  6060 30
47294.000000  6070 30
47308.000000  6074 30
47332.000000  6080 30
47352.000000  6085 30
47362.000000  6088 30
47382.000000  6093 30
47382.000000  6093 30
47382.000000  6093 30
47410.000000  6101 30
47480.000000  6119 30
47482.000000  6120 30
47540.000000  6135 30
47542.000000  6135 30
47592.000000  6149 30
47626.000000  6158 30
47656.000000  6166 30
47668.000000  6169 30
47700.000000  6177 30
47724.000000  6184 30
47724.000000  6184 30
47724.000000  6184 30
47724.000000  6184 30
47778.000000  6198 30
47792.000000  6202 30
47808.000000  6206 30
47858.000000  6219 30
47860.000000  6220 30
47902.000000  6231 30
47950.000000  6243 30
47992.000000  6255 30
48028.000000  6264 30
48052.000000  6271 30
48064.000000  6274 30
48080.000000  6278 30
48106.000000  6285 30
48130.000000  6291 30
48162.000000  6299 30
48184.000000  6305 30
48240.000000  6320 30
48274.000000  6329 30
48330.000000  6344 30
48354.000000  6350 30
48364.000000  6353 30
48382.000000  6358 30
48400.000000  6363 30
48412.000000  6366 30
48436.000000  6372 30
48448.000000  6375 30
48470.000000  6381 30
48490.000000  6386 30
48516.000000  6393 30
48518.000000  6394 30
48546.000000  6401 30
48560.000000  6405 30
48592.000000  6413 30
48610.000000  6418 30
48624.000000  6421 30
48658.000000  6430 30
48658.000000  6430 30
48684.000000  6437 30
48716.000000  6446 30
48744.000000  6453 30
48746.000000  6454 30
48762.000000  6458 30
48794.000000  6467 30
48796.000000  6467 30
48820.000000  6473 30
48854.000000  6482 30
48876.000000  6488 30
48876.000000  6488 30
48892.000000  6492 30
48924.000000  6501 30
48946.000000  6507 30
48946.000000  6507 30
48970.000000  6513 30
49170.000000  6566 30
49170.000000  6566 30
49190.000000  6571 30
49200.000000  6574 30
49230.000000  6582 30
49274.000000  6593 30
49332.000000  6609 30
49366.000000  6617 30
49420.000000  6632 30
49422.000000  6633 30
49474.000000  6646 30
49496.000000  6652 30
49496.000000  6652 30
49532.000000  6661 30
49534.000000  6662 30
49586.000000  6676 30
49588.000000  6676 30
49612.000000  6683 30
49658.000000  6695 30
49702.000000  6706 30
49704.000000  6707 30
49728.000000  6713 30
49730.000000  6714 30
49776.000000  6726 30
49800.000000  6732 30
49834.000000  6741 30
49880.000000  6753 30
49880.000000  6753 30
49918.000000  6763 30
49952.000000  6772 30
50034.000000  6794 30
50092.000000  6809 30
50092.000000  6809 30
50126.000000  6819 30
50200.000000  6838 30
50202.000000  6839 30
50214.000000  6842 30
50262.000000  6854 30
50262.000000  6854 30
50286.000000  6861 30
50286.000000  6861 30
50302.000000  6865 30
50324.000000  6871 30
50388.000000  6888 30
50416.000000  6895 30
50416.000000  6895 30
50446.000000  6903 30
50500.000000  6917 30
50502.000000  6918 30
50550.000000  6931 30
50564.000000  6934 30
50596.000000  6943 30
50648.000000  6956 30
50702.000000  6971 30
50800.000000  6997 30
50802.000000  6997 30
50856.000000  7011 30
50890.000000  7021 30
50906.000000  7025 30
50940.000000  7034 30
50956.000000  7038 30
50968.000000  7041 30
50968.000000  7041 30
50998.000000  7049 30
51046.000000  7062 30
51062.000000  7066 30
51078.000000  7070 30
51106.000000  7077 30
51114.000000  7080 30
51116.000000  7080 30
51134.000000  7085 30
51154.000000  7090 30
52438.000000  7429 30
52440.000000  7430 30
52464.000000  7437 30
52496.000000  7445 30
52520.000000  7451 30
52552.000000  7460 30
52612.000000  7476 30
52614.000000  7476 30
52666.000000  7490 30
52668.000000  7490 30
52690.000000  7496 30
52754.000000  7513 30
52802.000000  7526 30
52802.000000  7526 30
52818.000000  7530 30
52866.000000  7543 30
52882.000000  7547 30
52940.000000  7562 30
52994.000000  7576 30
53010.000000  7581 30
53056.000000  7593 30
53056.000000  7593 30
53074.000000  7597 30
53106.000000  7606 30
53108.000000  7607 30
53118.000000  7609 30
53120.000000  7610 30
53142.000000  7616 30
53142.000000  7616 30
53176.000000  7625 30
53198.000000  7631 30
53232.000000  7639 30
53264.000000  7648 30
53322.000000  7663 30
53322.000000  7663 30
53332.000000  7666 30
53368.000000  7675 30
53370.000000  7676 30
53394.000000  7682 30
53402.000000  7684 30
53436.000000  7693 30
53456.000000  7699 30
53486.000000  7707 30
53514.000000  7714 30
53544.000000  7722 30
53574.000000  7730 30
53598.000000  7736 30
53658.000000  7752 30
53670.000000  7755 30
53690.000000  7761 30
53726.000000  7770 30
53740.000000  7774 30
53756.000000  7778 30
53788.000000  7786 30
53790.000000  7787 30
53812.000000  7793 30
53884.000000  7812 30
53886.000000  7812 30
53888.000000  7813 30
53912.000000  7819 30
53936.000000  7825 30
53968.000000  7834 30
53970.000000  7835 30
53992.000000  7840 30
54024.000000  7849 30
54024.000000  7849 30
54056.000000  7857 30
54102.000000  7869 30
54102.000000  7869 30
54140.000000  7879 30
54172.000000  7888 30
54218.000000  7900 30
54240.000000  7906 30
54292.000000  7920 30
54318.000000  7927 30
54340.000000  7932 30
54388.000000  7945 30
54422.000000  7954 30
54446.000000  7960 30
54454.000000  7962 30
54488.000000  7971 30
54490.000000  7972 30
54510.000000  7977 30
54564.000000  7992 30
54564.000000  7992 30
54598.000000  8001 30
54600.000000  8001 30
54652.000000  8015 30
54676.000000  8021 30
54684.000000  8023 30
54716.000000  8031 30
54736.000000  8037 30
54744.000000  8039 30
54764.000000  8044 30
54778.000000  8048 30
54800.000000  8054 30
54834.000000  8063 30
54846.000000  8066 30
54864.000000  8071 30
54878.000000  8075 30
54902.000000  8081 30
54902.000000  8081 30
54902.000000  8081 30
54902.000000  8081 30
54950.000000  8094 30
54976.000000  8100 30
54996.000000  8106 30
55010.000000  8109 30
55036.000000  8116 30
55068.000000  8125 30
55090.000000  8130 30
55164.000000  8150 30
55166.000000  8151 30
55168.000000  8151 30
55194.000000  8158 30
55196.000000  8159 30
55248.000000  8172 30
55270.000000  8178 30
55304.000000  8187 30
55358.000000  8201 30
55406.000000  8214 30
55448.000000  8225 30
55460.000000  8228 30
55498.000000  8238 30
55524.000000  8245 30
55592.000000  8263 30
55668.000000  8283 30
55726.000000  8298 30
55758.000000  8307 30
55760.000000  8307 30
55834.000000  8327 30
55850.000000  8331 30
55884.000000  8340 30
55884.000000  8340 30
55884.000000  8340 30
55964.000000  8361 30
55966.000000  8362 30
55980.000000  8366 30
56006.000000  8373 30
56024.000000  8377 30
56038.000000  8381 30
56060.000000  8387 30
56102.000000  8398 30
56104.000000  8398 30
56140.000000  8408 30
56174.000000  8417 30
56206.000000  8425 30
56254.000000  8438 30
56270.000000  8442 30
56284.000000  8446 30
56284.000000  8446 30
56312.000000  8453 30
56346.000000  8463 30
56360.000000  8466 30
56390.000000  8474 30
56450.000000  8490 30
56474.000000  8496 30
56538.000000  8513 30
56596.000000  8529 30
56654.000000  8544 30
56676.000000  8550 30
56706.000000  8557 30
56756.000000  8571 30
56756.000000  8571 30
56788.000000  8579 30
56818.000000  8587 30
56838.000000  8592 30
56888.000000  8606 30
56890.000000  8606 30
56910.000000  8611 30
56944.000000  8621 30
57006.000000  8637 30
57062.000000  8652 30
57080.000000  8656 30
57118.000000  8666 30
57120.000000  8667 30
57140.000000  8672 30
57174.000000  8681 30
57176.000000  8682 30
57196.000000  8687 30
57210.000000  8691 30
57242.000000  8699 30
57280.000000  8709 30
57300.000000  8715 30
57338.000000  8725 30
57380.000000  8736 30
57404.000000  8742 30
57424.000000  8747 30
57452.000000  8755 30
57478.000000  8761 30
57506.000000  8769 30
57556.000000  8782 30
57558.000000  8783 30
57584.000000  8790 30
57636.000000  8803 30
57650.000000  8807 30
57674.000000  8813 30
57734.000000  8829 30
57736.000000  8830 30
57764.000000  8837 30
57788.000000  8843 30
57820.000000  8852 30
57850.000000  8860 30
57862.000000  8863 30
57878.000000  8867 30
57900.000000  8873 30
57948.000000  8886 30
57984.000000  8895 30
58004.000000  8901 30
58020.000000  8905 30
58060.000000  8915 30
58080.000000  8921 30
58106.000000  8927 30
58130.000000  8934 30
58144.000000  8937 30
58166.000000  8943 30
58168.000000  8944 30
58204.000000  8953 30
58230.000000  8960 30
58244.000000  8964 30
58300.000000  8979 30
58332.000000  8987 30
58386.000000  9002 30
58448.000000  9018 30
58484.000000  9027 30
58538.000000  9041 30
58540.000000  9042 30
58562.000000  9048 30
58584.000000  9054 30
58614.000000  9062 30
58638.000000  9068 30
58682.000000  9080 30
58700.000000  9085 30
58770.000000  9103 30
58772.000000  9103 30
58826.000000  9118 30
58826.000000  9118 30
58844.000000  9123 30
58866.000000  9128 30
58920.000000  9143 30
58952.000000  9151 30
58952.000000  9151 30
58984.000000  9160 30
59018.000000  9169 30
59040.000000  9174 30
59100.000000  9190 30
59102.000000  9191 30
59136.000000  9200 30
59164.000000  9207 30
59208.000000  9219 30
59210.000000  9219 30
59242.000000  9228 30
59272.000000  9236 30
59296.000000  9242 30
59310.000000  9246 30
59328.000000  9251 30
59426.000000  9276 30
59462.000000  9286 30
59486.000000  9292 30
59512.000000  9299 30
59544.000000  9307 30
59598.000000  9322 30
59622.000000  9328 30
59654.000000  9337 30
59676.000000  9343 30
59678.000000  9343 30
59686.000000  9345 30
59686.000000  9345 30
59702.000000  9349 30
59714.000000  9353 30
59738.000000  9359 30
59752.000000  9363 30
59786.000000  9371 30
59810.000000  9378 30
59822.000000  9381 30
59858.000000  9391 30
59874.000000  9395 30
59904.000000  9403 30
59916.000000  9406 30
59916.000000  9406 30
59932.000000  9410 30
59958.000000  9417 30
60090.000000  9452 30
60090.000000  9452 30
60108.000000  9457 30
60136.000000  9464 30
60158.000000  9470 30
60186.000000  9477 30
60218.000000  9486 30
60248.000000  9494 30
60282.000000  9503 30
60428.000000  9541 30
60464.000000  9551 30
60486.000000  9557 30
60492.000000  9558 30
60544.000000  9572 30
60596.000000  9586 30
60596.000000  9586 30
60648.000000  9599 30
60674.000000  9606 30
60688.000000  9610 30
60708.000000  9615 30
60754.000000  9627 30
60774.000000  9633 30
60814.000000  9643 30
60814.000000  9643 30
60848.000000  9652 30
60884.000000  9662 30
60906.000000  9667 30
60916.000000  9670 30
60950.000000  9679 30
60952.000000  9680 30
60978.000000  9687 30
60980.000000  9687 30
60994.000000  9691 30
61014.000000  9696 30
61088.000000  9716 30
61120.000000  9724 30
61140.000000  9729 30
61166.000000  9736 30
61182.000000  9740 30
61240.000000  9756 30
61272.000000  9764 30
61300.000000  9772 30
61358.000000  9787 30
61404.000000  9799 30
61424.000000  9805 30
61458.000000  9813 30
61482.000000  9820 30
61482.000000  9820 30
61518.000000  9829 30
61570.000000  9843 30
61570.000000  9843 30
61596.000000  9850 30
61650.000000  9864 30
61664.000000  9868 30
61694.000000  9876 30
61716.000000  9882 30
61730.000000  9885 30
61730.000000  9885 30
61766.000000  9895 30
61780.000000  9899 30
61792.000000  9902 30
61808.000000  9906 30
61820.000000  9909 30
61828.000000  9911 30
61852.000000  9917 30
61888.000000  9927 30
61902.000000  9931 30
61920.000000  9935 30
61966.000000  9948 30
61996.000000  9956 30
62026.000000  9964 30
62058.000000  9972 30
62122.000000  9989 30
62122.000000  9989 30
62122.000000  9989 30
62156.000000  9998 30
62208.000000  10012 30
62232.000000  10018 30
62268.000000  10027 30
62270.000000  10028 30
62290.000000  10033 30
62302.000000  10037 30
62334.000000  10045 30
62360.000000  10052 30
62410.000000  10065 30
62412.000000  10066 30
62436.000000  10072 30
62466.000000  10080 30
62502.000000  10089 30
62552.000000  10102 30
62558.000000  10104 30
62578.000000  10109 30
62608.000000  10117 30
62618.000000  10120 30
62636.000000  10125 30
62650.000000  10129 30
62660.000000  10131 30
62682.000000  10137 30
62696.000000  10141 30
62716.000000  10146 30
62736.000000  10151 30
62770.000000  10160 30
62792.000000  10166 30
62792.000000  10166 30
62828.000000  10176 30
62830.000000  10176 30
62860.000000  10184 30
62896.000000  10193 30
62926.000000  10201 30
62928.000000  10202 30
62932.000000  10203 30
62940.000000  10205 30
62956.000000  10209 30
62982.000000  10216 30
62984.000000  10217 30
63014.000000  10225 30
63016.000000  10225 30
63044.000000  10233 30
63046.000000  10233 30
63052.000000  10235 30
63072.000000  10240 30
63072.000000  10240 30
63088.000000  10244 30
63108.000000  10250 30
63116.000000  10252 30
63140.000000  10258 30
63176.000000  10267 30
63212.000000  10277 30
63244.000000  10285 30
63272.000000  10293 30
63286.000000  10297 30
63288.000000  10297 30
63314.000000  10304 30
63430.000000  10335 30
63460.000000  10343 30
63466.000000  10344 30
63466.000000  10344 30
63504.000000  10354 30
63506.000000  10355 30
63588.000000  10376 30
63612.000000  10383 30
63644.000000  10391 30
63644.000000  10391 30
63672.000000  -1 30
63672.000000  -1 30
63672.000000  -1 30
63686.000000  10402 30
63704.000000  10407 30
63724.000000  10412 30
63756.000000  10421 30
63790.000000  10430 30
63792.000000  10430 30
63814.000000  10436 30
63850.000000  10446 30
63882.000000  10454 30
63882.000000  10454 30
63910.000000  10461 30
63930.000000  10467 30
63980.000000  10480 30
63982.000000  10480 30
63998.000000  10485 30
64022.000000  10491 30
64054.000000  10499 30
64108.000000  10514 30
64136.000000  10521 30
64138.000000  10522 30
64144.000000  10523 30
64158.000000  10527 30
64198.000000  10538 30
64214.000000  10542 30
64246.000000  10550 30
64262.000000  10554 30
64286.000000  10561 30
64330.000000  10572 30
64332.000000  10573 30
64382.000000  10586 30
64394.000000  10589 30
64404.000000  10592 30
64414.000000  10595 30
64440.000000  10602 30
64512.000000  10621 30
64540.000000  10628 30
64554.000000  10632 30
64576.000000  10637 30
64590.000000  10641 30
64590.000000  10641 30
64654.000000  10658 30
64656.000000  10659 30
64678.000000  10664 30
64712.000000  10673 30
64740.000000  10681 30
64742.000000  10681 30
64768.000000  10688 30
64844.000000  10708 30
64906.000000  10725 30
64908.000000  10725 30
64936.000000  10733 30
64962.000000  10739 30
65012.000000  10753 30
65016.000000  10754 30
65036.000000  10759 30
65068.000000  10767 30
65070.000000  10768 30
65100.000000  10776 30
65148.000000  10789 30
65160.000000  10792 30
65160.000000  10792 30
65186.000000  10799 30
65200.000000  10802 30
65216.000000  10807 30
65260.000000  10818 30
65260.000000  10818 30
65296.000000  10828 30
65320.000000  10834 30
65386.000000  10851 30
65388.000000  10852 30
65422.000000  10861 30
65424.000000  10861 30
65444.000000  10867 30
65498.000000  10881 30
65532.000000  10890 30
65588.000000  10905 30
65590.000000  10905 30
65610.000000  10911 30
65628.000000  10915 30
65664.000000  10925 30
65688.000000  10931 30
65688.000000  10931 30
65722.000000  10940 30
65736.000000  10944 30
65738.000000  10945 30
65758.000000  10950 30
65790.000000  10958 30
65818.000000  10966 30
65840.000000  10972 30
65856.000000  10976 30
65904.000000  10989 30
65942.000000  10998 30
65944.000000  10999 30
65966.000000  11005 30
66000.000000  11014 30
66024.000000  11020 30
66034.000000  11023 30
66064.000000  11031 30
66090.000000  11038 30
66104.000000  11041 30
66114.000000  11044 30
66114.000000  11044 30
66190.000000  11064 30
66226.000000  11073 30
66248.000000  11079 30
66276.000000  11087 30
66324.000000  11099 30
66326.000000  11100 30
66378.000000  11114 30
66378.000000  11114 30
66428.000000  11127 30
66488.000000  11143 30
66508.000000  11148 30
66516.000000  11150 30
66536.000000  11155 30
66598.000000  11172 30
66598.000000  11172 30
66632.000000  11181 30
66668.000000  11190 30
66670.000000  11191 30
66694.000000  11197 30
66750.000000  11212 30
66752.000000  11213 30
66778.000000  11219 30
66780.000000  11220 30
66810.000000  11228 30
66836.000000  11235 30
66850.000000  11239 30
66890.000000  11249 30
66892.000000  11249 30
66926.000000  11259 30
66954.000000  11266 30
66982.000000  11273 30
66982.000000  11273 30
66998.000000  11277 30
67016.000000  11282 30
67030.000000  11286 30
67060.000000  11294 30
67108.000000  11307 30
67120.000000  11310 30
67164.000000  11321 30
67186.000000  11327 30
67200.000000  11331 30
67200.000000  11331 30
67242.000000  11342 30
67266.000000  11349 30
67280.000000  11352 30
67304.000000  11358 30
67336.000000  11367 30
67372.000000  11376 30
67396.000000  11383 30
67456.000000  11399 30
67458.000000  11399 30
67464.000000  11401 30
67484.000000  11406 30
67484.000000  11406 30
67576.000000  11430 30
67624.000000  11443 30
67626.000000  11443 30
67642.000000  11448 30
67720.000000  11468 30
67736.000000  11473 30
67794.000000  11488 30
67796.000000  11488 30
67816.000000  11494 30
67838.000000  11500 30
67840.000000  11500 30
67854.000000  11504 30
67878.000000  11510 30
67878.000000  11510 30
67878.000000  11510 30
67888.000000  11513 30
67962.000000  11532 30
67964.000000  11533 30
67990.000000  11540 30
67990.000000  11540 30
68020.000000  11547 30
68022.000000  11548 30
68028.000000  11550 30
68044.000000  11554 30
68070.000000  11561 30
68070.000000  11561 30
68070.000000  11561 30
68102.000000  11569 30
68104.000000  11570 30
68118.000000  11574 30
68138.000000  11579 30
68138.000000  11579 30
68150.000000  11582 30
68162.000000  11585 30
68178.000000  11589 30
68178.000000  11589 30
68202.000000  11596 30
68202.000000  11596 30
68226.000000  11602 30
68272.000000  11614 30
68280.000000  11617 30
68308.000000  11624 30
68330.000000  11629 30
68406.000000  11650 30
68408.000000  11650 30
68430.000000  11656 30
68456.000000  11663 30
68472.000000  11667 30
68474.000000  11668 30
68484.000000  11670 30
68514.000000  11678 30
68514.000000  11678 30
68514.000000  11678 30
68514.000000  11678 30
68552.000000  11688 30
68574.000000  11694 30
68608.000000  11703 30
68630.000000  11709 30
68644.000000  11713 30
68664.000000  11718 30
68666.000000  11718 30
68692.000000  11725 30
68692.000000  11725 30
68692.000000  11725 30
68724.000000  11734 30
68726.000000  11734 30
68750.000000  11741 30
68758.000000  11743 30
69894.000000  12043 30
69924.000000  12051 30
69926.000000  12051 30
69932.000000  12053 30
69932.000000  12053 30
69948.000000  12057 30
69976.000000  12065 30
70008.000000  12073 30
70034.000000  12080 30
70036.000000  12080 30
70064.000000  12088 30
70104.000000  12098 30
70126.000000  12104 30
70160.000000  12113 30
70200.000000  12124 30
70224.000000  12130 30
70248.000000  12137 30
70268.000000  12142 30
70268.000000  12142 30
70304.000000  12151 30
70350.000000  12163 30
70352.000000  12164 30
70374.000000  12170 30
70390.000000  12174 30
70424.000000  12183 30
70426.000000  12183 30
70454.000000  12191 30
70456.000000  12191 30
70524.000000  12209 30
70526.000000  12210 30
70530.000000  12211 30
70530.000000  12211 30
70530.000000  12211 30
70554.000000  12217 30
70610.000000  12232 30
70636.000000  12239 30
70668.000000  12248 30
70722.000000  12262 30
70740.000000  12266 30
70776.000000  12276 30
70786.000000  12279 30
70806.000000  12284 30
70820.000000  12288 30
70838.000000  12292 30
70866.000000  12300 30
70900.000000  12309 30
70918.000000  12314 30
70918.000000  12314 30
70952.000000  12323 30
70988.000000  12332 30
71016.000000  12339 30
71080.000000  12356 30
71114.000000  12365 30
71192.000000  12386 30
71194.000000  12387 30
71250.000000  12401 30
71282.000000  12410 30
71358.000000  12430 30
71416.000000  12445 30
71466.000000  12458 30
71544.000000  12479 30
71626.000000  12501 30
71628.000000  12501 30
71650.000000  12507 30
71694.000000  12519 30
71780.000000  12541 30
71782.000000  12542 30
71818.000000  12551 30
71820.000000  12552 30
71838.000000  12557 30
71838.000000  12557 30
71892.000000  12571 30
71892.000000  12571 30
71928.000000  12581 30
71980.000000  12594 30
72006.000000  12601 30
72008.000000  12602 30
72024.000000  12606 30
72042.000000  12611 30
72084.000000  12622 30
72122.000000  12632 30
72148.000000  12639 30
72148.000000  12639 30
72200.000000  12652 30
72210.000000  12655 30
72210.000000  12655 30
72234.000000  12661 30
72268.000000  12671 30
72292.000000  12677 30
72304.000000  12680 30
72320.000000  12684 30
72320.000000  12684 30
72328.000000  12686 30
72352.000000  12693 30
72366.000000  12696 30
72366.000000  12696 30
72366.000000  12696 30
72366.000000  12696 30
72408.000000  12707 30
72410.000000  12708 30
72438.000000  12715 30
72468.000000  12723 30
72522.000000  12737 30
72546.000000  12744 30
72560.000000  12748 30
72614.000000  12762 30
72652.000000  12772 30
72666.000000  12776 30
72692.000000  12782 30
72718.000000  12789 30
72718.000000  12789 30
72736.000000  12794 30
72744.000000  12796 30
72754.000000  12799 30
72778.000000  12805 30
72780.000000  12805 30
72802.000000  12811 30
72816.000000  12815 30
72842.000000  12822 30
72856.000000  12826 30
72856.000000  12826 30
72856.000000  12826 30
72856.000000  12826 30
72928.000000  12845 30
72956.000000  12852 30
72988.000000  12861 30
73018.000000  12869 30
73020.000000  12869 30
73024.000000  12870 30
73038.000000  12874 30
73062.000000  12880 30
73122.000000  12896 30
73124.000000  12896 30
73128.000000  12897 30
73144.000000  12902 30
73170.000000  12909 30
73170.000000  12909 30
73248.000000  12929 30
73300.000000  12943 30
73324.000000  12949 30
73348.000000  12956 30
73348.000000  12956 30
73370.000000  12962 30
73416.000000  12974 30
73428.000000  12977 30
73446.000000  12981 30
73498.000000  12995 30
73550.000000  13009 30
73734.000000  13058 30
73736.000000  13058 30
73766.000000  13066 30
73766.000000  13066 30
73766.000000  13066 30
73824.000000  13081 30
73858.000000  13090 30
73884.000000  13097 30
73898.000000  13101 30
73944.000000  13113 30
73966.000000  13119 30
73998.000000  13128 30
74046.000000  13140 30
74058.000000  13143 30
74074.000000  13148 30
74096.000000  13153 30
74144.000000  13166 30
74156.000000  13169 30
74184.000000  13177 30
74234.000000  13190 30
74246.000000  13193 30
74280.000000  13202 30
74306.000000  13209 30
74338.000000  13217 30
74362.000000  13224 30
74396.000000  13233 30
74420.000000  13239 30
74452.000000  13247 30
74476.000000  13254 30
74532.000000  13269 30
74586.000000  13283 30
74610.000000  13289 30
74656.000000  13301 30
74656.000000  13301 30
74696.000000  13312 30
74712.000000  13316 30
74760.000000  13329 30
74778.000000  13334 30
74848.000000  13352 30
74902.000000  13366 30
74938.000000  13376 30
74962.000000  13382 30
74964.000000  13383 30
75020.000000  13398 30
75028.000000  13400 30
75086.000000  13415 30
75118.000000  13423 30
75196.000000  13444 30
75262.000000  13461 30
75262.000000  13461 30
75300.000000  13472 30
75342.000000  13483 30
75342.000000  13483 30
75362.000000  13488 30
75436.000000  13507 30
75454.000000  13512 30
75502.000000  13525 30
75566.000000  13542 30
75568.000000  13542 30
75598.000000  13550 30
75624.000000  13557 30
75658.000000  13566 30
75680.000000  13572 30
75736.000000  13587 30
75750.000000  13591 30
75810.000000  13606 30
75812.000000  13607 30
75852.000000  13617 30
75854.000000  13618 30
75860.000000  13619 30
75886.000000  13626 30
75900.000000  13630 30
75900.000000  13630 30
75930.000000  13638 30
75936.000000  13640 30
75946.000000  13642 30
75968.000000  13648 30
75982.000000  13652 30
75998.000000  13656 30
75998.000000  13656 30
76050.000000  13670 30
76052.000000  13670 30
76072.000000  13675 30
76094.000000  13681 30
76126.000000  13690 30
76154.000000  13697 30
76164.000000  13700 30
76250.000000  13722 30
76284.000000  13731 30
76338.000000  13746 30
76362.000000  13752 30
76374.000000  13755 30
76398.000000  13762 30
76398.000000  13762 30
76430.000000  13770 30
76430.000000  13770 30
76462.000000  13779 30
76476.000000  13782 30
76556.000000  13803 30
76568.000000  13807 30
76602.000000  13815 30
76650.000000  13828 30
76674.000000  13835 30
76696.000000  13841 30
76710.000000  13844 30
76712.000000  13845 30
76732.000000  13850 30
76734.000000  13851 30
76754.000000  13856 30
76778.000000  13862 30
76778.000000  13862 30
76816.000000  13872 30
76844.000000  13879 30
76844.000000  13879 30
76900.000000  13894 30
76900.000000  13894 30
76934.000000  13903 30
76988.000000  13918 30
77022.000000  13927 30
77058.000000  13936 30
77080.000000  13942 30
77112.000000  13950 30
77112.000000  13950 30
77142.000000  13958 30
77172.000000  13966 30
77218.000000  13978 30
77240.000000  13984 30
77264.000000  13990 30
77264.000000  13990 30
77296.000000  13999 30
77328.000000  14007 30
77380.000000  14021 30
77402.000000  14027 30
77420.000000  14032 30
77482.000000  14048 30
77484.000000  14049 30
77516.000000  14057 30
77590.000000  14077 30
77602.000000  14080 30
77634.000000  14088 30
77710.000000  14109 30
77746.000000  14118 30
77746.000000  14118 30
77746.000000  14118 30
77800.000000  14132 30
77860.000000  14148 30
77882.000000  14154 30
77896.000000  14157 30
77924.000000  14165 30
77938.000000  14169 30
77982.000000  14180 30
77982.000000  14180 30
78012.000000  14188 30
78058.000000  14200 30
78120.000000  14217 30
78122.000000  14217 30
78130.000000  14219 30
78136.000000  14221 30
78138.000000  14221 30
78150.000000  14225 30
78152.000000  14225 30
78186.000000  14234 30
78188.000000  14235 30
78198.000000  14237 30
78218.000000  14243 30
78218.000000  14243 30
78254.000000  14252 30
78256.000000  14253 30
78276.000000  14258 30
78290.000000  14262 30
78324.000000  14271 30
78326.000000  14271 30
78376.000000  14284 30
78376.000000  14284 30
78402.000000  14291 30
78428.000000  14298 30
78430.000000  14299 30
78476.000000  14311 30
78510.000000  14320 30
78544.000000  14329 30
78590.000000  14341 30
78642.000000  14355 30
78690.000000  14367 30
78736.000000  14380 30
78750.000000  14383 30
78790.000000  14394 30
78792.000000  14394 30
78814.000000  14400 30
78836.000000  14406 30
78860.000000  14412 30
78870.000000  14415 30
78882.000000  14418 30
78904.000000  14424 30
78920.000000  14428 30
78936.000000  14432 30
78968.000000  14441 30
78970.000000  14441 30
79020.000000  14455 30
79068.000000  14467 30
79088.000000  14473 30
79090.000000  14473 30
79120.000000  14481 30
79166.000000  14493 30
79178.000000  14496 30
79232.000000  14510 30
79248.000000  14515 30
79296.000000  14527 30
79312.000000  14531 30
79332.000000  14537 30
79398.000000  14555 30
79412.000000  14558 30
79466.000000  14573 30
79488.000000  14578 30
79488.000000  14578 30
79546.000000  14593 30
79578.000000  14602 30
79602.000000  14608 30
79634.000000  14617 30
79660.000000  14624 30
79688.000000  14631 30
79700.000000  14634 30
79730.000000  14642 30
79750.000000  14647 30
79800.000000  14661 30
79802.000000  14661 30
79838.000000  14671 30
79860.000000  14677 30
79876.000000  14681 30
79908.000000  14689 30
79956.000000  14702 30
79958.000000  14702 30
79978.000000  14707 30
79978.000000  14707 30
79994.000000  14712 30
80006.000000  14715 30
80006.000000  14715 30
80028.000000  14721 30
80042.000000  14725 30
80070.000000  14732 30
80072.000000  14733 30
80086.000000  14736 30
80112.000000  14743 30
80114.000000  14744 30
80144.000000  14751 30
80146.000000  14752 30
80166.000000  14757 30
80280.000000  14787 30
80286.000000  14789 30
80286.000000  14789 30
80302.000000  -1 30
80302.000000  -1 30
80336.000000  14802 30
80344.000000  14804 30
80364.000000  14810 30
80376.000000  14813 30
80400.000000  14819 30
80422.000000  14825 30
80470.000000  14838 30
80472.000000  14838 30
80492.000000  14844 30
80538.000000  14856 30
80546.000000  14858 30
80576.000000  14866 30
80590.000000  14869 30
80680.000000  14893 30
80694.000000  14897 30
80718.000000  14903 30
80726.000000  14905 30
80726.000000  14905 30
80760.000000  14915 30
80866.000000  14943 30
80866.000000  14943 30
80892.000000  14949 30
80972.000000  14970 30
80972.000000  14970 30
81006.000000  14979 30
81026.000000  14985 30
81096.000000  15003 30
81124.000000  15011 30
81124.000000  15011 30
81194.000000  15029 30
81212.000000  15034 30
81228.000000  15038 30
81248.000000  15043 30
81250.000000  15044 30
81276.000000  15051 30
81310.000000  15060 30
81332.000000  15065 30
81388.000000  15080 30
81452.000000  15097 30
81454.000000  15098 30
81516.000000  15114 30
81528.000000  15117 30
81560.000000  15126 30
81590.000000  15134 30
81590.000000  15134 30
81590.000000  15134 30
81598.000000  15136 30
81606.000000  15138 30
81620.000000  15142 30
81644.000000  15148 30
81654.000000  15151 30
81700.000000  15163 30
81716.000000  15167 30
81750.000000  15176 30
81816.000000  15194 30
81838.000000  15199 30
81894.000000  15214 30
81894.000000  15214 30
81958.000000  15231 30
81958.000000  15231 30
81992.000000  15240 30
82018.000000  15247 30
82018.000000  15247 30
82052.000000  15256 30
82076.000000  15262 30
82088.000000  15265 30
82142.000000  15280 30
82176.000000  15289 30
82200.000000  15295 30
82274.000000  15315 30
82300.000000  15321 30
82352.000000  15335 30
82352.000000  15335 30
82374.000000  15341 30
82404.000000  15349 30
82404.000000  15349 30
82414.000000  15351 30
82434.000000  15357 30
82450.000000  15361 30
82472.000000  15367 30
82498.000000  15374 30
82498.000000  15374 30
82554.000000  15389 30
82590.000000  15398 30
82614.000000  15404 30
82622.000000  15407 30
82636.000000  15410 30
82658.000000  15416 30
82666.000000  15418 30
82666.000000  15418 30
82680.000000  -1 30
82680.000000  -1 30
82708.000000  15429 30
82768.000000  15445 30
82770.000000  15446 30
82800.000000  15454 30
82802.000000  15454 30
82822.000000  15459 30
82854.000000  15468 30
82886.000000  15476 30
82886.000000  15476 30
82910.000000  15483 30
82946.000000  15492 30
82996.000000  15505 30
83030.000000  15514 30
83064.000000  15523 30
83112.000000  15536 30
83136.000000  15542 30
83172.000000  15552 30
83180.000000  15554 30
83196.000000  15558 30
83224.000000  15566 30
83254.000000  15574 30
83256.000000  15574 30
83324.000000  15592 30
83326.000000  15593 30
83328.000000  15593 30
83376.000000  15606 30
83390.000000  15609 30
83420.000000  15617 30
83420.000000  15617 30
83420.000000  15617 30
83420.000000  15617 30
83500.000000  15639 30
83536.000000  15648 30
83538.000000  15649 30
83560.000000  15655 30
83606.000000  15667 30
83618.000000  15670 30
83636.000000  15675 30
83660.000000  15681 30
83706.000000  15693 30
83706.000000  15693 30
83746.000000  15704 30
83776.000000  15711 30
83804.000000  15719 30
83824.000000  15724 30
83824.000000  15724 30
83886.000000  15741 30
83888.000000  15741 30
83916.000000  15749 30
83938.000000  15754 30
83938.000000  15754 30
83954.000000  15759 30
83972.000000  15763 30
83974.000000  15764 30
83998.000000  15770 30
84030.000000  15779 30
84052.000000  15784 30
84086.000000  15793 30
84162.000000  15814 30
84178.000000  15818 30
84192.000000  15822 30
84192.000000  15822 30
84222.000000  15829 30
84234.000000  15833 30
84266.000000  15841 30
84266.000000  15841 30
84266.000000  15841 30
84284.000000  15846 30
84306.000000  15852 30
84320.000000  15855 30
84342.000000  15861 30
84374.000000  15869 30
84422.000000  15882 30
84438.000000  15887 30
84458.000000  15892 30
84480.000000  15898 30
84514.000000  15907 30
84538.000000  15913 30
84540.000000  15914 30
84596.000000  15928 30
84652.000000  15943 30
84710.000000  15958 30
84744.000000  15967 30
84766.000000  15973 30
84800.000000  15982 30
84832.000000  15991 30
84862.000000  15999 30
84916.000000  16013 30
84946.000000  16021 30
84960.000000  16025 30
84976.000000  16029 30
84990.000000  16033 30
85010.000000  16038 30
85026.000000  16042 30
85076.000000  16055 30
85084.000000  16057 30
85104.000000  16063 30
85104.000000  16063 30
85138.000000  16071 30
85162.000000  16078 30
85174.000000  16081 30
85198.000000  16087 30
85212.000000  16091 30
85234.000000  16097 30
85268.000000  16106 30
85292.000000  16112 30
85304.000000  16115 30
85328.000000  16122 30
85388.000000  16137 30
85426.000000  16147 30
85428.000000  16148 30
85460.000000  16157 30
85646.000000  16206 30
85646.000000  16206 30
85646.000000  16206 30
85676.000000  16214 30
85724.000000  16226 30
85746.000000  16232 30
85820.000000  16252 30
85874.000000  16266 30
85876.000000  16267 30
85928.000000  16280 30
86022.000000  16305 30
86022.000000  16305 30
86058.000000  16315 30
86128.000000  16333 30
86182.000000  16347 30
86236.000000  16362 30
86258.000000  16368 30
86272.000000  16371 30
86298.000000  16378 30
86298.000000  16378 30
86318.000000  16383 30
86318.000000  16383 30
86370.000000  16397 30
86382.000000  16400 30
86398.000000  16404 30
86400.000000  16405 30
86416.000000  16409 30
86448.000000  16418 30
86478.000000  16426 30
86512.000000  16435 30
86570.000000  16450 30
86572.000000  16451 30
86624.000000  16464 30
86626.000000  16465 30
86648.000000  16471 30
86680.000000  16479 30
86710.000000  16487 30
86726.000000  16491 30
86740.000000  16495 30
86756.000000  16499 30
86782.000000  16506 30
86800.000000  16511 30
86826.000000  16517 30
86828.000000  16518 30
86852.000000  16524 30
86870.000000  16529 30
86880.000000  16532 30
86902.000000  16538 30
86928.000000  16545 30
86948.000000  16550 30
86962.000000  16553 30
86988.000000  16560 30
87002.000000  16564 30
87018.000000  16568 30
87076.000000  16583 30
87076.000000  16583 30
87076.000000  16583 30
87084.000000  16586 30
87098.000000  16589 30
87122.000000  16596 30
87154.000000  16604 30
87260.000000  16632 30
87270.000000  16635 30
87306.000000  16644 30
87308.000000  16645 30
88702.000000  17013 30
88704.000000  17014 30
88706.000000  17015 30
88728.000000  17020 30
88754.000000  17027 30
88768.000000  17031 30
88784.000000  17035 30
88816.000000  17043 30
88842.000000  17050 30
88872.000000  17058 30
88922.000000  17072 30
88924.000000  17072 30
88950.000000  17079 30
88952.000000  17080 30
88976.000000  17086 30
89000.000000  17092 30
89054.000000  17107 30
89054.000000  17107 30
89088.000000  17115 30
89120.000000  17124 30
89154.000000  17133 30
89180.000000  17140 30
89192.000000  17143 30
89192.000000  17143 30
89208.000000  17147 30
89262.000000  17162 30
89284.000000  17167 30
89298.000000  17171 30
89342.000000  17183 30
89342.000000  17183 30
89362.000000  17188 30
89362.000000  17188 30
89362.000000  17188 30
89362.000000  17188 30
89450.000000  17211 30
89462.000000  17214 30
89502.000000  17225 30
89522.000000  17230 30
89582.000000  17246 30
89616.000000  17255 30
89616.000000  17255 30
89696.000000  17276 30
89712.000000  17281 30
89796.000000  17303 30
89850.000000  17317 30
89922.000000  17336 30
90012.000000  17360 30
90044.000000  17368 30
90068.000000  17375 30
90070.000000  17375 30
90104.000000  17384 30
90104.000000  17384 30
90152.000000  17397 30
90152.000000  17397 30
90230.000000  17417 30
90286.000000  17432 30
90320.000000  17441 30
90346.000000  17448 30
90360.000000  17452 30
90446.000000  17474 30
90500.000000  17489 30
90554.000000  17503 30
90574.000000  17508 30
90600.000000  17515 30
90616.000000  17519 30
90634.000000  17524 30
90660.000000  17531 30
90662.000000  17531 30
90678.000000  17536 30
90696.000000  17540 30
90710.000000  17544 30
90734.000000  17551 30
90758.000000  17557 30
90760.000000  17557 30
90806.000000  17569 30
90828.000000  17575 30
90836.000000  17577 30
90856.000000  17583 30
90896.000000  17593 30
90924.000000  17601 30
90924.000000  17601 30
90924.000000  17601 30
90924.000000  17601 30
90924.000000  17601 30
90948.000000  17607 30
90988.000000  17618 30
90990.000000  17618 30
90994.000000  17619 30
91000.000000  17621 30
91026.000000  17628 30
91052.000000  17635 30
91084.000000  17643 30
91116.000000  17651 30
91152.000000  17661 30
91152.000000  17661 30
91152.000000  17661 30
91184.000000  17669 30
91186.000000  17670 30
91190.000000  17671 30
91200.000000  17673 30
91212.000000  17677 30
91212.000000  17677 30
91234.000000  -1 30
91234.000000  -1 30
91278.000000  17694 30
91304.000000  17701 30
91342.000000  17711 30
91360.000000  17716 30
91370.000000  17719 30
91428.000000  17734 30
91478.000000  17747 30
91478.000000  17747 30
91492.000000  17751 30
91512.000000  17756 30
91544.000000  17764 30
91570.000000  17771 30
91606.000000  17781 30
91608.000000  17781 30
91680.000000  17801 30
91694.000000  17804 30
91694.000000  17804 30
91712.000000  17809 30
91740.000000  17816 30
91774.000000  17825 30
91802.000000  17833 30
91804.000000  17833 30
91838.000000  17842 30
91840.000000  17843 30
91886.000000  17855 30
91898.000000  17858 30
91920.000000  17864 30
91930.000000  17867 30
91980.000000  17880 30
91994.000000  17883 30
92018.000000  17890 30
92026.000000  17892 30
92040.000000  17896 30
92058.000000  17900 30
92072.000000  17904 30
92074.000000  17905 30
92100.000000  17911 30
92116.000000  17916 30
92132.000000  17920 30
92158.000000  17927 30
92190.000000  17935 30
92214.000000  17941 30
92214.000000  17941 30
92280.000000  17959 30
92282.000000  17959 30
92292.000000  17962 30
92356.000000  17979 30
92390.000000  17988 30
92444.000000  18002 30
92494.000000  18015 30
92548.000000  18030 30
92580.000000  18038 30
92614.000000  18047 30
92614.000000  18047 30
92614.000000  18047 30
92614.000000  18047 30
92654.000000  18058 30
92672.000000  18063 30
92692.000000  18068 30
92700.000000  18070 30
92720.000000  18075 30
92734.000000  18079 30
92750.000000  18083 30
92778.000000  18091 30
92780.000000  18091 30
92796.000000  18095 30
92820.000000  18102 30
92854.000000  18111 30
92856.000000  18111 30
92876.000000  18116 30
92886.000000  18119 30
92900.000000  18123 30
92922.000000  18129 30
92932.000000  18131 30
92986.000000  18145 30
93022.000000  18155 30
93024.000000  18156 30
93052.000000  18163 30
93110.000000  18178 30
93126.000000  18183 30
93142.000000  18187 30
93174.000000  18195 30
93174.000000  18195 30
93174.000000  18195 30
93174.000000  18195 30
93210.000000  18205 30
93236.000000  18211 30
93240.000000  18213 30
93256.000000  18217 30
93274.000000  18222 30
93294.000000  18227 30
93296.000000  18227 30
93306.000000  18230 30
93342.000000  18240 30
93342.000000  18240 30
93366.000000  18246 30
93376.000000  18249 30
93386.000000  18251 30
93416.000000  18259 30
93456.000000  18270 30
93456.000000  18270 30
93480.000000  18276 30
93516.000000  18285 30
93518.000000  18286 30
93544.000000  18293 30
93546.000000  18293 30
93560.000000  18297 30
93580.000000  18302 30
93614.000000  18311 30
93616.000000  18312 30
93642.000000  18319 30
93644.000000  18319 30
93660.000000  18324 30
93690.000000  18331 30
93718.000000  18339 30
93720.000000  18340 30
93878.000000  18381 30
93878.000000  18381 30
93916.000000  18391 30
93918.000000  18392 30
93940.000000  18397 30
93956.000000  18402 30
93976.000000  18407 30
94002.000000  18414 30
94056.000000  18428 30
94076.000000  18434 30
94132.000000  18448 30
94156.000000  18455 30
94170.000000  18459 30
94192.000000  18464 30
94224.000000  18473 30
94278.000000  18487 30
94308.000000  18495 30
94310.000000  18495 30
94336.000000  18502 30
94336.000000  18502 30
94362.000000  18509 30
94376.000000  18513 30
94392.000000  18517 30
94408.000000  18521 30
94426.000000  18526 30
94458.000000  18535 30
94484.000000  18541 30
94486.000000  18542 30
94522.000000  18551 30
94528.000000  18553 30
94578.000000  18566 30
94608.000000  18574 30
94640.000000  18583 30
94688.000000  18595 30
94738.000000  18609 30
94738.000000  18609 30
94738.000000  18609 30
94794.000000  18623 30
94796.000000  18624 30
94828.000000  18632 30
94848.000000  18638 30
94850.000000  18638 30
94862.000000  18641 30
94890.000000  18649 30
94922.000000  18657 30
94924.000000  18657 30
94956.000000  18666 30
94956.000000  18666 30
95036.000000  18687 30
95038.000000  18688 30
95054.000000  18692 30
95072.000000  18697 30
95122.000000  18710 30
95124.000000  18711 30
95126.000000  18711 30
95128.000000  18712 30
95158.000000  18719 30
95184.000000  18727 30
95198.000000  18730 30
95232.000000  18739 30
95232.000000  18739 30
95262.000000  18747 30
95284.000000  18753 30
95308.000000  18759 30
95360.000000  18773 30
95416.000000  18788 30
95418.000000  18788 30
95440.000000  18794 30
95454.000000  18798 30
95490.000000  18807 30
95492.000000  18808 30
95520.000000  18815 30
95534.000000  18819 30
95590.000000  18833 30
95592.000000  18834 30
95650.000000  18849 30
95674.000000  18856 30
95690.000000  18860 30
95704.000000  18864 30
95704.000000  18864 30
95732.000000  18871 30
95754.000000  18877 30
95784.000000  18885 30
95804.000000  18890 30
95830.000000  18897 30
95846.000000  18901 30
95864.000000  18906 30
95866.000000  18907 30
95938.000000  18925 30
95988.000000  18939 30
95988.000000  18939 30
96024.000000  18948 30
96048.000000  18955 30
96124.000000  18975 30
96126.000000  18975 30
96130.000000  18976 30
96138.000000  18978 30
96138.000000  18978 30
96144.000000  18980 30
96172.000000  18987 30
96174.000000  18988 30
96184.000000  18991 30
96244.000000  19006 30
96244.000000  19006 30
96244.000000  19006 30
96278.000000  19015 30
96280.000000  19016 30
96306.000000  19023 30
96346.000000  19033 30
96364.000000  19038 30
96364.000000  19038 30
96402.000000  19048 30
96414.000000  19051 30
96438.000000  19058 30
96462.000000  19064 30
96482.000000  19069 30
96490.000000  19071 30
96506.000000  19076 30
96546.000000  19086 30
96578.000000  19095 30
96626.000000  19107 30
96638.000000  19111 30
96670.000000  19119 30
96698.000000  19126 30
96700.000000  19127 30
96726.000000  19134 30
96726.000000  19134 30
96780.000000  19148 30
96804.000000  19155 30
96836.000000  19163 30
96836.000000  19163 30
96858.000000  19169 30
96868.000000  19171 30
96900.000000  19180 30
96934.000000  19189 30
96966.000000  19197 30
96976.000000  19200 30
97012.000000  19209 30
97038.000000  19216 30
97070.000000  19225 30
97090.000000  19230 30
97104.000000  19234 30
97126.000000  19239 30
97126.000000  19239 30
97152.000000  19246 30
97198.000000  19259 30
97238.000000  19269 30
97266.000000  19276 30
97322.000000  19291 30
97356.000000  19300 30
97384.000000  19307 30
97386.000000  19308 30
97416.000000  19316 30
97448.000000  19325 30
97460.000000  19328 30
97474.000000  19331 30
97504.000000  19339 30
97520.000000  19344 30
97550.000000  19351 30
97578.000000  19359 30
97580.000000  19359 30
97636.000000  19374 30
97648.000000  19377 30
97664.000000  19381 30
97664.000000  19381 30
97684.000000  19387 30
97684.000000  19387 30
97706.000000  19393 30
97714.000000  19395 30
97736.000000  19401 30
97786.000000  19414 30
97788.000000  19414 30
97814.000000  19421 30
97828.000000  19425 30
97848.000000  19430 30
97878.000000  19438 30
97886.000000  19440 30
97906.000000  19446 30
97936.000000  19453 30
97936.000000  19453 30
97960.000000  19460 30
98056.000000  19485 30
98084.000000  19493 30
98084.000000  19493 30
98084.000000  19493 30
98114.000000  19501 30
98144.000000  19509 30
98146.000000  19509 30
98172.000000  19516 30
98226.000000  19530 30
98250.000000  19537 30
98252.000000  19537 30
98272.000000  19542 30
98304.000000  19551 30
98364.000000  19567 30
98364.000000  19567 30
98422.000000  19582 30
98450.000000  19589 30
98472.000000  19595 30
98496.000000  19601 30
98518.000000  19607 30
98550.000000  19616 30
98586.000000  19625 30
98588.000000  19626 30
98612.000000  19632 30
98680.000000  19650 30
98682.000000  19650 30
98738.000000  19665 30
98790.000000  19679 30
98790.000000  19679 30
98800.000000  19682 30
98814.000000  19685 30
98840.000000  19692 30
98840.000000  19692 30
98874.000000  19701 30
98892.000000  19706 30
98898.000000  19708 30
98898.000000  19708 30
98920.000000  19713 30
98934.000000  19717 30
98948.000000  19721 30
98982.000000  19730 30
98996.000000  19733 30
99036.000000  19744 30
99064.000000  19751 30
99092.000000  19759 30
99126.000000  19768 30
99156.000000  19776 30
99194.000000  19786 30
99248.000000  19800 30
99282.000000  19809 30
99310.000000  19816 30
99312.000000  19817 30
99376.000000  19834 30
99394.000000  19839 30
99444.000000  19852 30
99444.000000  19852 30
99478.000000  19861 30
99502.000000  19867 30
99538.000000  19877 30
99538.000000  19877 30
99538.000000  19877 30
99570.000000  19885 30
99578.000000  19887 30
99578.000000  19887 30
99618.000000  19898 30
99642.000000  19904 30
99652.000000  19907 30
99662.000000  19909 30
99664.000000  19910 30
99680.000000  19914 30
99722.000000  19925 30
99734.000000  19928 30
99744.000000  19931 30
99744.000000  19931 30
99752.000000  19933 30
99774.000000  19939 30
99774.000000  19939 30
99810.000000  19949 30
99830.000000  19954 30
99862.000000  19962 30
99884.000000  19968 30
99884.000000  19968 30
99918.000000  19977 30
99942.000000  19983 30
100006.000000  20000 30
100040.000000  20009 30
100064.000000  20015 30
100120.000000  20030 30
100130.000000  20033 30
100178.000000  20046 30
100204.000000  20053 30
100252.000000  20065 30
100278.000000  20072 30
100326.000000  20085 30
100372.000000  20097 30
100408.000000  20106 30
100442.000000  20115 30
100462.000000  20121 30
100496.000000  20130 30
100520.000000  20136 30
100552.000000  20145 30
100574.000000  20150 30
100574.000000  20150 30
100608.000000  20159 30
100632.000000  20166 30
100664.000000  20174 30
100696.000000  20183 30
100698.000000  20183 30
100700.000000  20184 30
100726.000000  20191 30
100728.000000  20191 30
100748.000000  20196 30
100780.000000  20205 30
100808.000000  20212 30
100808.000000  20212 30
100808.000000  20212 30
100842.000000  20221 30
100864.000000  20227 30
100864.000000  20227 30
100878.000000  20231 30
100910.000000  20239 30
100940.000000  20247 30
100940.000000  20247 30
100976.000000  20257 30
100998.000000  20262 30
101012.000000  20266 30
101032.000000  20271 30
101050.000000  20276 30
101066.000000  20280 30
101088.000000  20286 30
101090.000000  20287 30
101106.000000  20291 30
101122.000000  20295 30
101152.000000  20303 30
101152.000000  20303 30
101240.000000  20327 30
101242.000000  20327 30
101244.000000  20327 30
101272.000000  20335 30
101294.000000  20341 30
101296.000000  20341 30
101306.000000  20344 30
101368.000000  20360 30
101424.000000  20375 30
101436.000000  20378 30
101436.000000  20378 30
101462.000000  20385 30
101496.000000  20394 30
101510.000000  20398 30
101562.000000  20411 30
101580.000000  20416 30
101594.000000  20420 30
101622.000000  20427 30
101630.000000  20429 30
101654.000000  20436 30
101654.000000  20436 30
101654.000000  20436 30
101724.000000  20454 30
101744.000000  20459 30
101780.000000  20469 30
101782.000000  20469 30
101832.000000  20483 30
101832.000000  20483 30
101856.000000  20489 30
101856.000000  20489 30
101874.000000  20494 30
101926.000000  20508 30
101936.000000  20510 30
102006.000000  20529 30
102040.000000  20538 30
102064.000000  20544 30
102072.000000  20546 30
102096.000000  20552 30
102116.000000  20558 30
102132.000000  20562 30
102156.000000  20568 30
102158.000000  20569 30
102206.000000  20582 30
102222.000000  20586 30
102268.000000  20598 30
102268.000000  20598 30
102282.000000  20602 30
102298.000000  20606 30
102356.000000  20621 30
102440.000000  20643 30
102476.000000  20653 30
102504.000000  20660 30
102506.000000  20661 30
102518.000000  20664 30
102520.000000  20665 30
102538.000000  20669 30
102596.000000  20685 30
102598.000000  20685 30
102626.000000  20693 30
102628.000000  20693 30
102660.000000  20702 30
102676.000000  20706 30
102704.000000  20713 30
102728.000000  20719 30
102736.000000  20722 30
102764.000000  20729 30
102778.000000  20733 30
102802.000000  20739 30
102826.000000  20745 30
102846.000000  20751 30
102848.000000  20751 30
102912.000000  20768 30
102958.000000  20780 30
102958.000000  20780 30
102982.000000  20787 30
102996.000000  20791 30
103032.000000  20800 30
103044.000000  20803 30
103056.000000  20806 30
103056.000000  20806 30
103112.000000  20821 30
103114.000000  20821 30
103146.000000  20830 30
103182.000000  20840 30
103184.000000  20840 30
103204.000000  20845 30
103218.000000  20849 30
103250.000000  20858 30
103252.000000  20858 30
103272.000000  20863 30
103286.000000  20867 30
103300.000000  20871 30
103300.000000  20871 30
103300.000000  20871 30
103300.000000  20871 30
103378.000000  20891 30
103422.000000  20903 30
103424.000000  20903 30
103460.000000  20913 30
103480.000000  20918 30
103494.000000  20922 30
103494.000000  20922 30
103518.000000  20928 30
103584.000000  20946 30
103584.000000  20946 30
103616.000000  20954 30
103632.000000  20959 30
103694.000000  20975 30
103724.000000  20983 30
103726.000000  20983 30
103760.000000  20992 30
103762.000000  20993 30
103782.000000  20998 30
103792.000000  21001 30
103816.000000  21007 30
103818.000000  21008 30
103840.000000  21013 30
103854.000000  21017 30
103888.000000  21026 30
103890.000000  21027 30
103912.000000  21033 30
103946.000000  21042 30
103948.000000  21042 30
103974.000000  21049 30
103974.000000  21049 30
103974.000000  21049 30
104024.000000  21062 30
104044.000000  21067 30
104046.000000  21068 30
104064.000000  21073 30
104064.000000  21073 30
104080.000000  21077 30
104098.000000  21082 30
104112.000000  21085 30
104130.000000  21090 30
104140.000000  21093 30
104158.000000  21097 30
104210.000000  21111 30
104212.000000  21112 30
104230.000000  21117 30
104250.000000  21122 30
104250.000000  21122 30
104286.000000  21131 30
104304.000000  21136 30
104306.000000  21137 30
104338.000000  21145 30
104370.000000  21154 30
104372.000000  21154 30
104374.000000  21155 30
104430.000000  21169 30
104484.000000  21183 30
104508.000000  21190 30
104540.000000  21198 30
104568.000000  21206 30
104570.000000  21206 30
104578.000000  21208 30
104578.000000  21208 30
104596.000000  21213 30
104598.000000  21214 30
104630.000000  21222 30
104632.000000  21223 30
104638.000000  21224 30
104640.000000  21225 30
104656.000000  21229 30
104684.000000  21237 30
104704.000000  21242 30
104752.000000  21254 30
104784.000000  21263 30
104786.000000  21263 30
104804.000000  21268 30
104828.000000  21274 30
104830.000000  21275 30
104860.000000  21283 30
104888.000000  21290 30
104930.000000  21301 30
104932.000000  21302 30
104958.000000  21309 30
105016.000000  21324 30
105232.000000  21381 30
105234.000000  21382 30
105248.000000  21385 30
105296.000000  21398 30
105304.000000  21400 30
105326.000000  21406 30
105380.000000  21420 30
105400.000000  21426 30
105402.000000  21426 30
105418.000000  21430 30
105430.000000  21434 30
105458.000000  21441 30
105490.000000  21449 30
105514.000000  21456 30
105516.000000  21456 30
105530.000000  21460 30
105546.000000  21464 30
105556.000000  21467 30
105574.000000  21471 30
105614.000000  21482 30
105642.000000  21490 30
105644.000000  21490 30
105656.000000  21493 30
105658.000000  21494 30
105678.000000  21499 30
106496.000000  21715 30
106496.000000  21715 30
106496.000000  21715 30
106520.000000  21721 30
106572.000000  21735 30
106600.000000  21743 30
106600.000000  21743 30
106632.000000  21751 30
106634.000000  21752 30
106650.000000  21756 30
106668.000000  21761 30
106696.000000  21768 30
106746.000000  21781 30
106752.000000  21783 30
106774.000000  21789 30
106774.000000  21789 30
106782.000000  21791 30
106782.000000  21791 30
106782.000000  21791 30
106782.000000  21791 30
106822.000000  21801 30
106896.000000  21821 30
106898.000000  21821 30
106920.000000  21827 30
106928.000000  21829 30
106928.000000  21829 30
106966.000000  21840 30
106968.000000  21840 30
106986.000000  21845 30
107030.000000  21856 30
107032.000000  21857 30
107052.000000  21862 30
107112.000000  21878 30
107114.000000  21879 30
107166.000000  21892 30
107180.000000  21896 30
107204.000000  21902 30
107236.000000  21911 30
107254.000000  21916 30
107256.000000  21916 30
107274.000000  21921 30
107286.000000  21924 30
107288.000000  21925 30
107380.000000  21949 30
107412.000000  21957 30
107426.000000  21961 30
107454.000000  21969 30
107456.000000  21969 30
107502.000000  21981 30
107584.000000  22003 30
107618.000000  22012 30
107640.000000  22018 30
107640.000000  22018 30
107674.000000  22027 30
107698.000000  22033 30
107710.000000  22036 30
107734.000000  22043 30
107736.000000  22043 30
107768.000000  22051 30
107842.000000  22071 30
107860.000000  22076 30
107860.000000  22076 30
107908.000000  22088 30
107932.000000  22095 30
107946.000000  22098 30
