37098.000000  9 30
37136.000000  18 30
37136.000000  18 30
37176.000000  28 30
37198.000000  33 30
37268.000000  52 30
37342.000000  71 30
37342.000000  71 30
37406.000000  88 30
37460.000000  102 30
37564.000000  130 30
37658.000000  155 30
37736.000000  175 30
37784.000000  188 30
37870.000000  211 30
37930.000000  227 30
37992.000000  243 30
38086.000000  268 30
38146.000000  284 30
38148.000000  284 30
38230.000000  306 30
38232.000000  307 30
38326.000000  332 30
38342.000000  336 30
38392.000000  349 30
38436.000000  361 30
38480.000000  372 30
38530.000000  385 30
38532.000000  386 30
38558.000000  393 30
38558.000000  393 30
38606.000000  406 30
38632.000000  413 30
38654.000000  418 30
38668.000000  422 30
38700.000000  431 30
38754.000000  445 30
38806.000000  459 30
38806.000000  459 30
38832.000000  465 30
38846.000000  469 30
38878.000000  478 30
38906.000000  485 30
38908.000000  486 30
38936.000000  493 30
38990.000000  507 30
39036.000000  519 30
39036.000000  519 30
39088.000000  533 30
39162.000000  553 30
39162.000000  553 30
39240.000000  574 30
39280.000000  584 30
39336.000000  599 30
39396.000000  615 30
39452.000000  629 30
39508.000000  645 30
39510.000000  645 30
39564.000000  659 30
39564.000000  659 30
39586.000000  665 30
39636.000000  678 30
39682.000000  691 30
39730.000000  703 30
39782.000000  717 30
39840.000000  732 30
39916.000000  753 30
39962.000000  765 30
39962.000000  765 30
39998.000000  774 30
40028.000000  782 30
40030.000000  783 30
40084.000000  797 30
40148.000000  814 30
40148.000000  814 30
40148.000000  814 30
40186.000000  824 30
40240.000000  838 30
40266.000000  845 30
40302.000000  855 30
40392.000000  879 30
40466.000000  898 30
40512.000000  910 30
40548.000000  920 30
40686.000000  956 30
40688.000000  957 30
40742.000000  971 30
40776.000000  980 30
40802.000000  987 30
40866.000000  1004 30
40982.000000  1035 30
40982.000000  1035 30
41030.000000  1047 30
41214.000000  1096 30
41230.000000  1100 30
41292.000000  1117 30
41384.000000  1141 30
41438.000000  1155 30
41534.000000  1180 30
41540.000000  1182 30
41556.000000  1186 30
41570.000000  1190 30
41660.000000  1214 30
41716.000000  1229 30
41836.000000  1260 30
41896.000000  1276 30
42032.000000  1312 30
42068.000000  1322 30
42142.000000  1341 30
42142.000000  1341 30
42248.000000  1369 30
42324.000000  1390 30
42408.000000  1412 30
42466.000000  1427 30
42550.000000  1449 30
42624.000000  1469 30
42690.000000  1486 30
42724.000000  1495 30
42746.000000  1501 30
42780.000000  1510 30
42802.000000  1516 30
42850.000000  1529 30
42900.000000  1542 30
42954.000000  1556 30
43000.000000  1568 30
43030.000000  1576 30
43966.000000  1824 30
43968.000000  1824 30
44000.000000  1833 30
44030.000000  1841 30
44064.000000  1850 30
44190.000000  1883 30
44274.000000  1905 30
44304.000000  1913 30
44304.000000  1913 30
44380.000000  1933 30
44444.000000  1950 30
44538.000000  1975 30
44574.000000  1984 30
44596.000000  1990 30
44630.000000  1999 30
44704.000000  2019 30
44740.000000  2028 30
44820.000000  2049 30
44896.000000  2069 30
44958.000000  2086 30
45034.000000  2106 30
45168.000000  2141 30
45198.000000  2149 30
45200.000000  2150 30
45226.000000  2157 30
45300.000000  2176 30
45308.000000  2179 30
45340.000000  2187 30
45342.000000  2187 30
45402.000000  2203 30
45486.000000  2226 30
45506.000000  2231 30
45516.000000  2233 30
45546.000000  2241 30
45670.000000  2274 30
45754.000000  2297 30
45822.000000  2315 30
45920.000000  2340 30
45972.000000  2354 30
45972.000000  2354 30
46070.000000  2380 30
46072.000000  2381 30
46086.000000  2384 30
46086.000000  2384 30
46110.000000  2391 30
46186.000000  2411 30
46206.000000  2416 30
46220.000000  2419 30
46300.000000  2441 30
46364.000000  2458 30
46396.000000  2466 30
46452.000000  2481 30
46574.000000  2513 30
46660.000000  2536 30
46736.000000  2556 30
46812.000000  2576 30
46814.000000  2577 30
46902.000000  2600 30
46956.000000  2614 30
47002.000000  2626 30
47002.000000  2626 30
47038.000000  2636 30
47094.000000  2651 30
47148.000000  2665 30
47276.000000  2699 30
47446.000000  2744 30
47612.000000  2787 30
47668.000000  2802 30
47668.000000  2802 30
47836.000000  2847 30
47952.000000  2877 30
48030.000000  2898 30
48066.000000  2907 30
48090.000000  2914 30
48104.000000  2918 30
48186.000000  2939 30
48188.000000  2940 30
48190.000000  2940 30
48206.000000  2945 30
48224.000000  2949 30
48224.000000  2949 30
48246.000000  2955 30
48308.000000  2971 30
48342.000000  2980 30
48416.000000  3000 30
48474.000000  3015 30
48508.000000  3024 30
48584.000000  3044 30
48596.000000  3047 30
48634.000000  3057 30
48636.000000  3058 30
48646.000000  3061 30
48660.000000  3064 30
48682.000000  3070 30
48712.000000  3078 30
48740.000000  3086 30
48764.000000  3092 30
48810.000000  3104 30
48826.000000  3109 30
48862.000000  3118 30
48914.000000  3132 30
48938.000000  3138 30
48950.000000  3141 30
48952.000000  3142 30
48976.000000  3148 30
49072.000000  3173 30
49096.000000  3180 30
49190.000000  3205 30
49262.000000  3223 30
49264.000000  3224 30
49284.000000  3229 30
49284.000000  3229 30
49336.000000  3243 30
49364.000000  3251 30
49390.000000  3257 30
49406.000000  3262 30
49440.000000  3271 30
49456.000000  3275 30
49482.000000  3282 30
49512.000000  3290 30
49542.000000  3298 30
49602.000000  3313 30
49658.000000  3328 30
49714.000000  3343 30
49714.000000  3343 30
49748.000000  3352 30
49776.000000  3359 30
49790.000000  3363 30
49814.000000  3370 30
49814.000000  3370 30
49870.000000  3384 30
49918.000000  3397 30
49964.000000  3409 30
50020.000000  3424 30
50044.000000  3430 30
50044.000000  3430 30
50230.000000  3479 30
50232.000000  3480 30
50264.000000  3489 30
50288.000000  3495 30
50346.000000  3510 30
50404.000000  3525 30
50468.000000  3542 30
50518.000000  3555 30
50582.000000  3573 30
50674.000000  3597 30
50732.000000  3612 30
50806.000000  3632 30
50872.000000  3649 30
50938.000000  3667 30
50974.000000  3676 30
50976.000000  3677 30
51002.000000  3683 30
51002.000000  3683 30
51016.000000  3687 30
51016.000000  3687 30
51072.000000  3702 30
51108.000000  3711 30
51110.000000  3712 30
51156.000000  3724 30
51196.000000  3735 30
51238.000000  3746 30
51322.000000  3768 30
51430.000000  3797 30
51520.000000  3821 30
51594.000000  3840 30
51594.000000  3840 30
51630.000000  3849 30
51660.000000  3857 30
51672.000000  3861 30
51704.000000  3869 30
51728.000000  3875 30
51742.000000  3879 30
51742.000000  3879 30
51758.000000  3883 30
51782.000000  3890 30
51810.000000  3897 30
51860.000000  3910 30
51884.000000  3917 30
51884.000000  3917 30
51902.000000  3921 30
51950.000000  3934 30
51992.000000  3945 30
52036.000000  3957 30
52150.000000  3987 30
52204.000000  4001 30
52234.000000  4009 30
52236.000000  4010 30
52296.000000  4026 30
52330.000000  4034 30
52406.000000  4055 30
52480.000000  4074 30
52536.000000  4089 30
52570.000000  4098 30
52622.000000  4112 30
52642.000000  4117 30
52668.000000  4124 30
52726.000000  4139 30
52780.000000  4153 30
52792.000000  4157 30
52792.000000  4157 30
52850.000000  4172 30
52910.000000  4188 30
52966.000000  4203 30
53022.000000  4217 30
53056.000000  4226 30
53106.000000  4240 30
53222.000000  4270 30
53270.000000  4283 30
53288.000000  4288 30
53338.000000  4301 30
53354.000000  4305 30
53354.000000  4305 30
53408.000000  4319 30
53442.000000  4328 30
53464.000000  4334 30
53464.000000  4334 30
53498.000000  4343 30
53522.000000  4350 30
53554.000000  4358 30
53636.000000  4380 30
53708.000000  4399 30
53840.000000  4434 30
53906.000000  4451 30
53930.000000  4458 30
53952.000000  4463 30
54008.000000  4478 30
54076.000000  4496 30
54132.000000  4511 30
54196.000000  4528 30
54230.000000  4537 30
54258.000000  4544 30
54314.000000  4559 30
54324.000000  4562 30
54352.000000  4569 30
54402.000000  4582 30
54452.000000  4595 30
54510.000000  4611 30
54570.000000  4627 30
54686.000000  4657 30
54740.000000  4671 30
54792.000000  4685 30
54792.000000  4685 30
54792.000000  4685 30
54792.000000  4685 30
54956.000000  4729 30
55006.000000  4742 30
55008.000000  4743 30
55044.000000  4752 30
55092.000000  4765 30
55142.000000  4778 30
55180.000000  4788 30
55200.000000  4793 30
55262.000000  4810 30
55310.000000  4822 30
55344.000000  4831 30
55400.000000  4846 30
55416.000000  4850 30
55426.000000  4853 30
55426.000000  4853 30
55502.000000  4873 30
55540.000000  4883 30
55542.000000  4883 30
55562.000000  4889 30
55576.000000  4893 30
55608.000000  4901 30
55636.000000  4909 30
55660.000000  4915 30
55660.000000  4915 30
55680.000000  4920 30
55698.000000  4925 30
55708.000000  4927 30
55728.000000  4933 30
55774.000000  4945 30
55818.000000  4956 30
55862.000000  4968 30
55874.000000  4971 30
55922.000000  4984 30
55968.000000  4996 30
56000.000000  5005 30
56024.000000  5011 30
56026.000000  5011 30
56058.000000  5020 30
56058.000000  5020 30
56058.000000  5020 30
56082.000000  5026 30
56090.000000  5028 30
56098.000000  5030 30
56098.000000  5030 30
56134.000000  5040 30
56166.000000  5048 30
56168.000000  5049 30
56196.000000  5056 30
56198.000000  5057 30
56226.000000  5064 30
56228.000000  5065 30
56272.000000  5077 30
56292.000000  5082 30
56328.000000  5091 30
56340.000000  5094 30
56356.000000  5099 30
56402.000000  5111 30
56428.000000  5117 30
56458.000000  5125 30
56504.000000  5138 30
56548.000000  5149 30
56616.000000  5167 30
56638.000000  5173 30
56790.000000  5213 30
56812.000000  5219 30
56826.000000  5223 30
56858.000000  5231 30
56892.000000  5240 30
56892.000000  5240 30
56892.000000  5240 30
56950.000000  5256 30
56982.000000  5264 30
57002.000000  5269 30
57012.000000  5272 30
57036.000000  5279 30
57042.000000  5280 30
57094.000000  5294 30
57096.000000  5294 30
57136.000000  5305 30
57184.000000  5317 30
57214.000000  5325 30
57250.000000  5335 30
57252.000000  5335 30
57280.000000  5343 30
57314.000000  5352 30
57338.000000  5358 30
57352.000000  5362 30
57362.000000  5365 30
57362.000000  5365 30
57388.000000  5371 30
57422.000000  5380 30
57424.000000  5381 30
57454.000000  5389 30
57484.000000  5397 30
57516.000000  5405 30
57518.000000  5406 30
57552.000000  5415 30
57604.000000  5429 30
57652.000000  5441 30
57674.000000  5447 30
57694.000000  5452 30
57742.000000  5465 30
57758.000000  5469 30
57790.000000  5477 30
57802.000000  5481 30
57802.000000  5481 30
57840.000000  5491 30
57860.000000  5496 30
57894.000000  5505 30
57926.000000  5514 30
57938.000000  5517 30
57952.000000  5521 30
57974.000000  5526 30
58006.000000  5535 30
58036.000000  5543 30
58038.000000  5543 30
58046.000000  5545 30
58068.000000  5551 30
58078.000000  5554 30
58110.000000  5562 30
58244.000000  5597 30
58260.000000  5602 30
58276.000000  5606 30
58294.000000  5611 30
58314.000000  5616 30
58322.000000  5618 30
58364.000000  5629 30
58394.000000  5637 30
58394.000000  5637 30
58422.000000  5645 30
58452.000000  5653 30
58478.000000  5659 30
58496.000000  5664 30
58552.000000  5679 30
58566.000000  5683 30
58628.000000  5699 30
58694.000000  5717 30
58754.000000  5733 30
58756.000000  5733 30
58784.000000  5740 30
58808.000000  5747 30
58838.000000  5755 30
58870.000000  5763 30
58992.000000  5795 30
59004.000000  5799 30
59024.000000  5804 30
59026.000000  5805 30
59212.000000  5853 30
59214.000000  5854 30
59216.000000  5855 30
59232.000000  5859 30
59314.000000  5881 30
59372.000000  5896 30
59492.000000  5927 30
59552.000000  5943 30
59656.000000  5971 30
59716.000000  5987 30
59826.000000  6016 30
59828.000000  6016 30
59930.000000  6043 30
59954.000000  6050 30
59986.000000  6058 30
60060.000000  6078 30
60076.000000  6082 30
60126.000000  6095 30
60140.000000  6099 30
60172.000000  6107 30
60180.000000  6109 30
60216.000000  6119 30
60318.000000  6146 30
60318.000000  6146 30
60356.000000  6156 30
60516.000000  6198 30
60686.000000  6243 30
60952.000000  6313 30
60986.000000  6323 30
61022.000000  6332 30
61044.000000  6338 30
61084.000000  6349 30
61114.000000  6356 30
61116.000000  6357 30
61218.000000  6384 30
61254.000000  6393 30
61362.000000  6422 30
61362.000000  6422 30
61426.000000  6439 30
61556.000000  6473 30
61744.000000  6523 30
61926.000000  6571 30
61938.000000  6574 30
61976.000000  6584 30
61978.000000  6585 30
62038.000000  6601 30
62038.000000  6601 30
62052.000000  6604 30
62080.000000  6612 30
62196.000000  6642 30
62230.000000  6651 30
62272.000000  6663 30
62292.000000  6668 30
62312.000000  6673 30
62334.000000  6679 30
62366.000000  6687 30
62368.000000  6688 30
62390.000000  6694 30
62446.000000  6709 30
62502.000000  6723 30
62536.000000  6732 30
62560.000000  6739 30
62616.000000  6753 30
62722.000000  6781 30
62748.000000  6789 30
62776.000000  6796 30
62810.000000  6805 30
62830.000000  6810 30
62860.000000  6818 30
62894.000000  6827 30
62894.000000  6827 30
62928.000000  6836 30
62942.000000  6839 30
62974.000000  6848 30
63038.000000  6865 30
63050.000000  6868 30
63086.000000  6878 30
63096.000000  6881 30
63230.000000  6916 30
63232.000000  6916 30
63288.000000  6931 30
63296.000000  6933 30
63340.000000  6945 30
63346.000000  6946 30
63370.000000  6953 30
63370.000000  6953 30
63432.000000  6969 30
63482.000000  6983 30
63500.000000  6987 30
63524.000000  6994 30
63576.000000  7007 30
63664.000000  7031 30
63680.000000  7035 30
63712.000000  7043 30
63726.000000  7047 30
65220.000000  7442 30
65230.000000  7445 30
65282.000000  7458 30
65296.000000  7462 30
65320.000000  7468 30
65320.000000  7468 30
65352.000000  7477 30
65426.000000  7496 30
65604.000000  7543 30
65628.000000  7550 30
65688.000000  7565 30
65720.000000  7574 30
65798.000000  7595 30
65834.000000  7604 30
65858.000000  7611 30
65952.000000  7635 30
65974.000000  7641 30
65988.000000  7645 30
66000.000000  7648 30
66020.000000  7653 30
66020.000000  7653 30
66060.000000  7664 30
66078.000000  7669 30
66138.000000  7685 30
66140.000000  7685 30
66170.000000  7693 30
66184.000000  7697 30
66194.000000  7699 30
66202.000000  7701 30
66204.000000  7702 30
66234.000000  7710 30
66236.000000  7710 30
66320.000000  7732 30
66414.000000  7757 30
66472.000000  7773 30
66540.000000  7791 30
66626.000000  7813 30
66656.000000  7821 30
66748.000000  7846 30
66750.000000  7846 30
66826.000000  7866 30
66902.000000  7886 30
66968.000000  7904 30
67024.000000  7919 30
67080.000000  7933 30
67094.000000  7937 30
67122.000000  7945 30
67136.000000  7948 30
67156.000000  7953 30
67200.000000  7965 30
67252.000000  7979 30
67304.000000  7993 30
67342.000000  8003 30
67396.000000  8017 30
67416.000000  8022 30
67468.000000  8036 30
67490.000000  8042 30
67490.000000  8042 30
67524.000000  8051 30
67604.000000  8072 30
67662.000000  8087 30
67718.000000  8102 30
67752.000000  8111 30
67798.000000  8123 30
67850.000000  8137 30
67898.000000  8150 30
67934.000000  8159 30
67960.000000  8166 30
68032.000000  8185 30
68088.000000  8200 30
68148.000000  8216 30
68162.000000  8219 30
68184.000000  8225 30
68240.000000  8240 30
68272.000000  8249 30
68272.000000  8249 30
68306.000000  8257 30
68336.000000  8265 30
68390.000000  8279 30
68392.000000  8280 30
68402.000000  8283 30
68404.000000  8283 30
68442.000000  8293 30
68472.000000  8301 30
68500.000000  8309 30
68502.000000  8309 30
68536.000000  8318 30
68582.000000  8330 30
68606.000000  8337 30
68636.000000  8345 30
68656.000000  8350 30
68666.000000  8353 30
68686.000000  8358 30
68686.000000  8358 30
68734.000000  8371 30
68808.000000  8390 30
68866.000000  8405 30
68924.000000  8421 30
68988.000000  8438 30
69022.000000  8447 30
69022.000000  8447 30
69046.000000  8453 30
69078.000000  8461 30
69136.000000  8477 30
69196.000000  8493 30
69242.000000  8505 30
69316.000000  8525 30
69368.000000  8538 30
69430.000000  8555 30
69486.000000  8569 30
69502.000000  8574 30
69532.000000  8582 30
69532.000000  8582 30
69558.000000  8589 30
69572.000000  8592 30
69596.000000  8599 30
69614.000000  8603 30
69630.000000  8607 30
69654.000000  8614 30
69710.000000  8629 30
69710.000000  8629 30
69726.000000  8633 30
69742.000000  8637 30
69786.000000  8649 30
69850.000000  8666 30
69888.000000  8676 30
69890.000000  8676 30
69936.000000  8688 30
69954.000000  8693 30
70006.000000  8707 30
70022.000000  8711 30
70036.000000  8715 30
70064.000000  8722 30
70096.000000  8731 30
70154.000000  8746 30
70210.000000  8761 30
70212.000000  8761 30
70246.000000  8770 30
70248.000000  8771 30
70298.000000  8784 30
70298.000000  8784 30
70352.000000  8798 30
70354.000000  8799 30
70418.000000  8816 30
70494.000000  8836 30
70494.000000  8836 30
70552.000000  8851 30
70598.000000  8863 30
70600.000000  8864 30
70628.000000  8871 30
70694.000000  8889 30
70750.000000  8903 30
70774.000000  8910 30
70784.000000  8912 30
70816.000000  8921 30
70840.000000  8927 30
70852.000000  8930 30
70852.000000  8930 30
70874.000000  8936 30
70908.000000  8945 30
70936.000000  8953 30
70994.000000  8968 30
71014.000000  8973 30
71040.000000  8980 30
71040.000000  8980 30
71112.000000  8999 30
71288.000000  9046 30
71290.000000  9046 30
71306.000000  9050 30
71384.000000  9071 30
71466.000000  9093 30
71466.000000  9093 30
71500.000000  9102 30
71524.000000  9108 30
71556.000000  9117 30
71610.000000  9131 30
71672.000000  9147 30
71722.000000  9161 30
71742.000000  9166 30
71778.000000  9175 30
71828.000000  9188 30
71858.000000  9196 30
71904.000000  9209 30
71904.000000  9209 30
71968.000000  9225 30
71994.000000  9232 30
72052.000000  9248 30
72110.000000  9263 30
72164.000000  9277 30
72258.000000  9302 30
72288.000000  9310 30
72362.000000  9330 30
72396.000000  9339 30
72458.000000  9355 30
72532.000000  9375 30
72548.000000  9379 30
72608.000000  9395 30
72610.000000  9395 30
72664.000000  9409 30
72720.000000  9424 30
72720.000000  9424 30
72754.000000  9433 30
72808.000000  9447 30
72832.000000  9454 30
72886.000000  9468 30
72896.000000  9471 30
72962.000000  9488 30
73024.000000  9505 30
73062.000000  9515 30
73094.000000  9523 30
73208.000000  9553 30
73224.000000  9557 30
73248.000000  9564 30
73262.000000  9568 30
73320.000000  9583 30
73320.000000  9583 30
73320.000000  9583 30
73336.000000  9587 30
73396.000000  9603 30
73450.000000  9617 30
73504.000000  9631 30
73528.000000  9638 30
73618.000000  9662 30
73618.000000  9662 30
73670.000000  9675 30
73750.000000  9697 30
73776.000000  9703 30
73796.000000  9709 30
73820.000000  9715 30
73822.000000  9715 30
73872.000000  9729 30
73926.000000  9743 30
73980.000000  9757 30
74010.000000  9765 30
74012.000000  9766 30
74020.000000  9768 30
74058.000000  9778 30
74114.000000  9793 30
74174.000000  9809 30
74176.000000  9809 30
74198.000000  9815 30
74216.000000  9820 30
74252.000000  9829 30
74276.000000  9836 30
74276.000000  9836 30
74342.000000  9853 30
74402.000000  9869 30
74426.000000  9875 30
74434.000000  9877 30
74436.000000  9878 30
74472.000000  9887 30
74516.000000  9899 30
74550.000000  9908 30
74608.000000  9923 30
74664.000000  9938 30
74698.000000  9947 30
74728.000000  9955 30
74742.000000  9959 30
74752.000000  9961 30
74754.000000  9962 30
74808.000000  9976 30
74810.000000  9977 30
74830.000000  9982 30
74846.000000  9986 30
74868.000000  9992 30
74892.000000  9998 30
74924.000000  10007 30
74952.000000  10014 30
74966.000000  10018 30
74984.000000  10023 30
75050.000000  10040 30
75066.000000  10044 30
75066.000000  10044 30
75090.000000  -1 30
75090.000000  -1 30
75308.000000  10108 30
75310.000000  10109 30
75342.000000  10117 30
75378.000000  10127 30
75412.000000  10136 30
75438.000000  10143 30
75492.000000  10157 30
75504.000000  10160 30
75504.000000  10160 30
75522.000000  10165 30
75544.000000  10171 30
75574.000000  10179 30
75622.000000  10191 30
75672.000000  10205 30
75698.000000  10211 30
75724.000000  10218 30
75738.000000  10222 30
75772.000000  10231 30
75786.000000  10235 30
75820.000000  10244 30
75822.000000  10244 30
75872.000000  10257 30
75904.000000  10266 30
75960.000000  10281 30
75992.000000  10289 30
75992.000000  10289 30
76046.000000  10303 30
76074.000000  10311 30
76076.000000  10311 30
76132.000000  10326 30
76172.000000  10337 30
76174.000000  10337 30
76228.000000  10351 30
76280.000000  10365 30
76328.000000  10378 30
76372.000000  10390 30
76398.000000  10396 30
76446.000000  10409 30
76448.000000  10410 30
76638.000000  10460 30
76638.000000  10460 30
76674.000000  10469 30
76728.000000  10484 30
76750.000000  10489 30
76752.000000  10490 30
76794.000000  10501 30
76824.000000  10509 30
76856.000000  10517 30
76904.000000  10530 30
76904.000000  10530 30
76922.000000  10535 30
76938.000000  10539 30
76964.000000  10546 30
76984.000000  10551 30
76998.000000  10555 30
77022.000000  10561 30
77068.000000  10574 30
77068.000000  10574 30
77128.000000  10589 30
77162.000000  10599 30
77164.000000  10599 30
77184.000000  10604 30
77198.000000  10608 30
77214.000000  10612 30
77240.000000  10619 30
77242.000000  10619 30
77276.000000  10629 30
77278.000000  10629 30
77302.000000  10635 30
77332.000000  10643 30
77356.000000  10650 30
77390.000000  10659 30
77440.000000  10672 30
77472.000000  10680 30
77520.000000  10693 30
77550.000000  10701 30
77574.000000  10707 30
77600.000000  10714 30
77620.000000  10719 30
77646.000000  10726 30
77680.000000  10735 30
77680.000000  10735 30
77706.000000  10742 30
77720.000000  10746 30
77744.000000  10752 30
77778.000000  10761 30
77804.000000  10768 30
77818.000000  10772 30
77852.000000  10781 30
77878.000000  10787 30
77938.000000  10803 30
77940.000000  10804 30
77994.000000  10818 30
78052.000000  10834 30
78142.000000  10857 30
78172.000000  10865 30
78218.000000  10877 30
78220.000000  10878 30
78258.000000  10888 30
78260.000000  10889 30
78290.000000  10896 30
78290.000000  10896 30
78340.000000  10910 30
78408.000000  10928 30
78464.000000  10943 30
78478.000000  10946 30
78512.000000  10955 30
78566.000000  10969 30
78640.000000  10989 30
78684.000000  11001 30
78684.000000  11001 30
78748.000000  11018 30
78834.000000  11040 30
78872.000000  11050 30
78948.000000  11070 30
78968.000000  11076 30
79032.000000  11093 30
79034.000000  11093 30
79106.000000  11112 30
79106.000000  11112 30
79162.000000  11127 30
79196.000000  11136 30
79224.000000  11143 30
79224.000000  11143 30
79224.000000  11143 30
79252.000000  11151 30
79254.000000  11151 30
79280.000000  11158 30
79282.000000  11159 30
79312.000000  11167 30
79378.000000  11184 30
79434.000000  11199 30
79434.000000  11199 30
79494.000000  11215 30
79572.000000  11235 30
79594.000000  11241 30
79652.000000  11257 30
79666.000000  11260 30
79698.000000  11269 30
79752.000000  11283 30
79784.000000  11292 30
79816.000000  11300 30
79870.000000  11314 30
79898.000000  11322 30
79900.000000  11322 30
79952.000000  11336 30
79954.000000  11336 30
79962.000000  11339 30
80848.000000  11573 30
80854.000000  11574 30
80856.000000  11575 30
80870.000000  11579 30
80870.000000  11579 30
80902.000000  11587 30
80908.000000  11589 30
80910.000000  11589 30
80914.000000  11590 30
80934.000000  11595 30
80942.000000  11597 30
80970.000000  11605 30
80994.000000  11611 30
81026.000000  11620 30
81050.000000  11626 30
81058.000000  11628 30
81060.000000  11629 30
81096.000000  11639 30
81098.000000  11639 30
81134.000000  11649 30
81134.000000  11649 30
81170.000000  11658 30
81194.000000  11664 30
81226.000000  11673 30
81226.000000  11673 30
81250.000000  11679 30
81296.000000  11691 30
81314.000000  11696 30
81334.000000  11701 30
81404.000000  11720 30
81482.000000  11741 30
81504.000000  11746 30
81534.000000  11754 30
81588.000000  11769 30
81646.000000  11784 30
81646.000000  11784 30
81704.000000  11799 30
81718.000000  11803 30
81748.000000  11811 30
81748.000000  11811 30
81802.000000  11825 30
81832.000000  11833 30
81834.000000  11833 30
81878.000000  11845 30
81880.000000  11846 30
81940.000000  11861 30
82000.000000  11877 30
82000.000000  11877 30
82048.000000  11890 30
82148.000000  11917 30
82212.000000  11933 30
82246.000000  11943 30
82260.000000  11946 30
82356.000000  11971 30
82440.000000  11994 30
82522.000000  12015 30
82598.000000  12035 30
82642.000000  12047 30
82698.000000  12062 30
82718.000000  12067 30
82744.000000  12074 30
82790.000000  12086 30
82854.000000  12103 30
82886.000000  12112 30
82952.000000  12129 30
83034.000000  12151 30
83098.000000  12168 30
83136.000000  12178 30
83138.000000  12178 30
83158.000000  12184 30
83216.000000  12199 30
83270.000000  12213 30
83316.000000  12225 30
83358.000000  12236 30
83410.000000  12250 30
83410.000000  12250 30
83442.000000  12259 30
83464.000000  12264 30
83498.000000  12273 30
83498.000000  12273 30
83498.000000  12273 30
83526.000000  12281 30
83526.000000  12281 30
83526.000000  12281 30
83564.000000  12291 30
83588.000000  12297 30
83620.000000  12306 30
83648.000000  12313 30
83650.000000  12313 30
83678.000000  12321 30
83702.000000  12327 30
83734.000000  12336 30
83788.000000  12350 30
83804.000000  12354 30
83830.000000  12361 30
83878.000000  12374 30
83910.000000  12382 30
83940.000000  12390 30
83964.000000  12397 30
84024.000000  12412 30
84044.000000  12418 30
84060.000000  12422 30
84072.000000  12425 30
84128.000000  12440 30
84190.000000  12456 30
84192.000000  12457 30
84196.000000  12458 30
84212.000000  12462 30
84238.000000  12469 30
84238.000000  12469 30
84266.000000  12477 30
84298.000000  12485 30
84352.000000  12499 30
84384.000000  12507 30
84434.000000  12521 30
84434.000000  12521 30
84486.000000  12535 30
84546.000000  12551 30
84646.000000  12577 30
84730.000000  12599 30
84786.000000  12614 30
84852.000000  12631 30
84910.000000  12647 30
84922.000000  12650 30
84924.000000  12650 30
84946.000000  12656 30
84946.000000  12656 30
84962.000000  12661 30
84992.000000  12668 30
85046.000000  12683 30
85084.000000  12693 30
85086.000000  12693 30
85140.000000  12707 30
85158.000000  12712 30
85182.000000  12719 30
85204.000000  12724 30
85226.000000  12730 30
85240.000000  12734 30
85276.000000  12743 30
85316.000000  12754 30
85344.000000  12761 30
85358.000000  12765 30
85376.000000  12770 30
85378.000000  12770 30
85392.000000  12774 30
85424.000000  12783 30
85478.000000  12797 30
85508.000000  12805 30
85510.000000  12805 30
85564.000000  12820 30
85578.000000  12823 30
85592.000000  12827 30
85626.000000  12836 30
85654.000000  12843 30
85686.000000  12852 30
85714.000000  12859 30
85740.000000  12866 30
85762.000000  12872 30
85790.000000  12879 30
85802.000000  12882 30
85826.000000  12889 30
85854.000000  12896 30
85876.000000  12902 30
85876.000000  12902 30
85906.000000  12910 30
85936.000000  12918 30
85936.000000  12918 30
85966.000000  12926 30
85986.000000  12931 30
86010.000000  12937 30
86012.000000  12938 30
86044.000000  12946 30
86072.000000  12954 30
86074.000000  12954 30
86106.000000  12963 30
86158.000000  12977 30
86160.000000  12977 30
86188.000000  12984 30
86222.000000  12993 30
86246.000000  13000 30
86300.000000  13014 30
86360.000000  13030 30
86402.000000  13041 30
86490.000000  13064 30
86546.000000  13079 30
86568.000000  13085 30
86602.000000  13094 30
86602.000000  13094 30
86620.000000  13099 30
86646.000000  13105 30
86646.000000  13105 30
86662.000000  13110 30
86678.000000  13114 30
86704.000000  13121 30
86738.000000  13130 30
86768.000000  13138 30
86780.000000  13141 30
86804.000000  13147 30
86864.000000  13163 30
86866.000000  13164 30
86896.000000  13172 30
86928.000000  13180 30
86928.000000  13180 30
87032.000000  13208 30
87088.000000  13222 30
87114.000000  13229 30
87186.000000  13248 30
87218.000000  13257 30
87264.000000  13269 30
87348.000000  13291 30
87408.000000  13307 30
87408.000000  13307 30
87466.000000  13322 30
87474.000000  13324 30
87474.000000  13324 30
87512.000000  13334 30
87514.000000  13335 30
87564.000000  13348 30
87564.000000  13348 30
87618.000000  13363 30
87620.000000  13363 30
87646.000000  13370 30
87646.000000  13370 30
87646.000000  13370 30
87646.000000  13370 30
87736.000000  13394 30
87788.000000  13407 30
87824.000000  13417 30
87832.000000  13419 30
87854.000000  13425 30
87926.000000  13444 30
87984.000000  13459 30
88042.000000  13475 30
88058.000000  13479 30
88088.000000  13487 30
88088.000000  13487 30
88174.000000  13509 30
88208.000000  13518 30
88210.000000  13519 30
88232.000000  13525 30
88270.000000  13535 30
88296.000000  13542 30
88336.000000  13552 30
88348.000000  13555 30
88408.000000  13571 30
88438.000000  13579 30
88470.000000  13587 30
88492.000000  13593 30
88542.000000  13607 30
88624.000000  13629 30
88626.000000  13629 30
88660.000000  13638 30
88686.000000  13645 30
88774.000000  13668 30
88848.000000  13687 30
88900.000000  13701 30
88954.000000  13716 30
89000.000000  13728 30
89044.000000  13739 30
89100.000000  13754 30
89130.000000  13762 30
89144.000000  13766 30
89154.000000  13768 30
89202.000000  13781 30
89252.000000  13794 30
89252.000000  13794 30
89262.000000  13797 30
89316.000000  13811 30
89330.000000  13815 30
89330.000000  13815 30
89346.000000  13819 30
89366.000000  13825 30
89366.000000  13825 30
89398.000000  13833 30
89398.000000  13833 30
89398.000000  13833 30
89398.000000  13833 30
89448.000000  13846 30
89508.000000  13862 30
89552.000000  13874 30
89606.000000  13888 30
89654.000000  13901 30
89690.000000  13910 30
89690.000000  13910 30
89716.000000  13917 30
89718.000000  13918 30
89776.000000  13933 30
89824.000000  13945 30
89824.000000  13945 30
89888.000000  13963 30
89920.000000  13971 30
89976.000000  13986 30
90040.000000  14003 30
90098.000000  14018 30
90132.000000  14027 30
90160.000000  14034 30
90162.000000  14035 30
90194.000000  14043 30
90208.000000  14047 30
90256.000000  14060 30
90310.000000  14074 30
90310.000000  14074 30
90352.000000  14085 30
90428.000000  14105 30
90460.000000  14114 30
90528.000000  14132 30
90562.000000  14141 30
90638.000000  14161 30
90696.000000  14176 30
90754.000000  14191 30
90768.000000  14195 30
90794.000000  14202 30
90808.000000  14206 30
90836.000000  14213 30
90836.000000  14213 30
90878.000000  14224 30
90890.000000  14227 30
90928.000000  14237 30
90978.000000  14251 30
91018.000000  14261 30
91044.000000  14268 30
91094.000000  14281 30
91130.000000  14291 30
91132.000000  14291 30
91146.000000  14295 30
91170.000000  14301 30
91184.000000  14305 30
91276.000000  14329 30
91312.000000  14339 30
91384.000000  14358 30
91384.000000  14358 30
91422.000000  14368 30
91468.000000  14380 30
91522.000000  14394 30
91568.000000  14406 30
91604.000000  14416 30
91652.000000  14429 30
91674.000000  14435 30
91688.000000  14438 30
91742.000000  14452 30
91804.000000  14469 30
91804.000000  14469 30
91880.000000  14489 30
91956.000000  14509 30
92012.000000  14524 30
92068.000000  14539 30
92070.000000  14539 30
92102.000000  14547 30
92166.000000  14564 30
92166.000000  14564 30
92216.000000  14577 30
92242.000000  14584 30
92266.000000  14591 30
92314.000000  14603 30
92358.000000  14615 30
92398.000000  14626 30
92454.000000  14641 30
92456.000000  14641 30
92490.000000  14650 30
92516.000000  14657 30
92572.000000  14672 30
92628.000000  14687 30
92662.000000  14695 30
92690.000000  14703 30
92690.000000  14703 30
92690.000000  14703 30
92698.000000  14705 30
92752.000000  14719 30
92764.000000  14723 30
92764.000000  14723 30
92800.000000  14732 30
92820.000000  14737 30
92868.000000  14750 30
92880.000000  14753 30
92930.000000  14766 30
92930.000000  14766 30
92930.000000  14766 30
92930.000000  14766 30
93010.000000  14787 30
93060.000000  14801 30
93060.000000  14801 30
93128.000000  14819 30
93192.000000  14835 30
93226.000000  14845 30
93280.000000  14859 30
93374.000000  14884 30
93404.000000  14892 30
93440.000000  14901 30
93440.000000  14901 30
93440.000000  14901 30
93466.000000  14908 30
93480.000000  14912 30
93480.000000  14912 30
93540.000000  14927 30
93596.000000  14942 30
93596.000000  14942 30
93622.000000  14949 30
93652.000000  14957 30
93670.000000  14962 30
93694.000000  14968 30
93754.000000  14984 30
93756.000000  14985 30
93786.000000  14993 30
93788.000000  14993 30
93818.000000  15001 30
93854.000000  15011 30
93908.000000  15025 30
93910.000000  15025 30
93996.000000  15048 30
94004.000000  15050 30
94014.000000  15053 30
94014.000000  15053 30
94036.000000  15059 30
94038.000000  15059 30
94090.000000  15073 30
94170.000000  15094 30
94190.000000  15099 30
94204.000000  15103 30
94220.000000  15107 30
94240.000000  15113 30
94254.000000  15116 30
94270.000000  15120 30
94284.000000  15124 30
94300.000000  15128 30
94352.000000  15142 30
94408.000000  15157 30
94462.000000  15171 30
94514.000000  15185 30
94514.000000  15185 30
94538.000000  15191 30
94572.000000  15200 30
94624.000000  15214 30
94624.000000  15214 30
94678.000000  15228 30
94716.000000  15238 30
94770.000000  15253 30
94772.000000  15253 30
94796.000000  15260 30
94796.000000  15260 30
94816.000000  15265 30
94864.000000  15277 30
94906.000000  15289 30
94924.000000  15293 30
94970.000000  15305 30
95028.000000  15321 30
95084.000000  15336 30
95180.000000  15361 30
95254.000000  15381 30
95280.000000  15387 30
95318.000000  15397 30
95320.000000  15398 30
95358.000000  15408 30
95372.000000  15412 30
95372.000000  15412 30
95408.000000  15421 30
95428.000000  15427 30
95452.000000  15433 30
95466.000000  15437 30
95486.000000  15442 30
95502.000000  15446 30
95522.000000  15451 30
95552.000000  15459 30
95566.000000  15463 30
95566.000000  15463 30
95590.000000  15469 30
95652.000000  15486 30
95652.000000  15486 30
95652.000000  15486 30
95706.000000  15500 30
95738.000000  15509 30
95740.000000  15509 30
95770.000000  15517 30
95772.000000  15518 30
95832.000000  15533 30
95832.000000  15533 30
95868.000000  15543 30
96808.000000  15791 30
96810.000000  15792 30
96884.000000  15811 30
96972.000000  15835 30
97024.000000  15848 30
97024.000000  15848 30
97080.000000  15863 30
97174.000000  15888 30
97252.000000  15909 30
97336.000000  15931 30
97426.000000  15955 30
97452.000000  15962 30
97478.000000  15969 30
97524.000000  15981 30
97524.000000  15981 30
97586.000000  15997 30
97652.000000  16014 30
97718.000000  16032 30
97790.000000  16051 30
97864.000000  16071 30
97886.000000  16077 30
97978.000000  16101 30
98052.000000  16120 30
98098.000000  16132 30
98140.000000  16144 30
98202.000000  16160 30
98236.000000  16169 30
98250.000000  16173 30
98286.000000  16182 30
98322.000000  16192 30
98346.000000  16198 30
98348.000000  16198 30
98438.000000  16222 30
98490.000000  16236 30
98490.000000  16236 30
98570.000000  16257 30
98572.000000  16258 30
98634.000000  16274 30
98684.000000  16287 30
98730.000000  16299 30
98770.000000  16310 30
98810.000000  16321 30
98810.000000  16321 30
98870.000000  16337 30
98926.000000  16351 30
98960.000000  16360 30
99014.000000  16374 30
99108.000000  16399 30
99174.000000  16417 30
99210.000000  16427 30
99210.000000  16427 30
99228.000000  16431 30
99254.000000  16438 30
99290.000000  16448 30
99336.000000  16460 30
99352.000000  16464 30
99410.000000  16479 30
99460.000000  16493 30
99522.000000  16509 30
99522.000000  16509 30
99522.000000  16509 30
99552.000000  16517 30
99648.000000  16542 30
99684.000000  16552 30
99870.000000  16601 30
99976.000000  16629 30
100060.000000  16651 30
100300.000000  16715 30
100444.000000  16753 30
100484.000000  16763 30
100538.000000  16778 30
100622.000000  16800 30
100640.000000  16805 30
100666.000000  16811 30
100700.000000  16820 30
100748.000000  16833 30
100806.000000  16848 30
100838.000000  16857 30
100840.000000  16857 30
100914.000000  16877 30
100980.000000  16895 30
101078.000000  16920 30
101124.000000  16932 30
101128.000000  16933 30
101150.000000  16939 30
101164.000000  16943 30
101164.000000  16943 30
101238.000000  16963 30
101264.000000  16969 30
101310.000000  16982 30
101310.000000  16982 30
101342.000000  16990 30
101376.000000  16999 30
101378.000000  16999 30
101392.000000  17003 30
101486.000000  17028 30
101544.000000  17044 30
101560.000000  17048 30
101614.000000  17062 30
101648.000000  17071 30
101670.000000  17077 30
101728.000000  17092 30
101794.000000  17109 30
101850.000000  17124 30
101934.000000  17147 30
101990.000000  17161 30
102052.000000  17178 30
102086.000000  17187 30
102178.000000  17211 30
102180.000000  17212 30
102212.000000  17220 30
102266.000000  17235 30
102322.000000  17249 30
102358.000000  17259 30
102394.000000  17268 30
102416.000000  17274 30
102464.000000  17287 30
102516.000000  17301 30
102592.000000  17321 30
102614.000000  17327 30
102706.000000  17351 30
102706.000000  17351 30
102774.000000  17369 30
102842.000000  17387 30
102908.000000  17404 30
102966.000000  17420 30
102968.000000  17420 30
102994.000000  17427 30
103002.000000  17429 30
103038.000000  17439 30
103060.000000  17444 30
103076.000000  17449 30
103092.000000  17453 30
103108.000000  17457 30
103170.000000  17473 30
103220.000000  17487 30
103222.000000  17487 30
103278.000000  17502 30
103326.000000  17515 30
103384.000000  17530 30
103442.000000  17545 30
103444.000000  17546 30
103476.000000  17554 30
103500.000000  17561 30
103532.000000  17569 30
103560.000000  17577 30
103594.000000  17586 30
103618.000000  17592 30
103634.000000  17596 30
103682.000000  17609 30
103682.000000  17609 30
103702.000000  17614 30
103750.000000  17627 30
103796.000000  17639 30
103796.000000  17639 30
103874.000000  17659 30
103926.000000  17673 30
103926.000000  17673 30
103986.000000  17689 30
104018.000000  17698 30
104072.000000  17712 30
104106.000000  17721 30
104162.000000  17736 30
104164.000000  17736 30
104220.000000  17751 30
104226.000000  17753 30
104226.000000  17753 30
104242.000000  17757 30
104266.000000  17763 30
104312.000000  17775 30
104334.000000  17781 30
104364.000000  17789 30
104364.000000  17789 30
104434.000000  17807 30
104524.000000  17831 30
104658.000000  17867 30
104660.000000  17867 30
104682.000000  17873 30
104798.000000  17904 30
104908.000000  17933 30
104958.000000  17946 30
105042.000000  17968 30
105126.000000  17991 30
105126.000000  17991 30
105170.000000  18002 30
105206.000000  18012 30
105266.000000  18028 30
105322.000000  18043 30
105322.000000  18043 30
105332.000000  18045 30
105390.000000  18060 30
105464.000000  18080 30
105522.000000  18095 30
105570.000000  18108 30
105618.000000  18121 30
105640.000000  18127 30
105690.000000  18140 30
105764.000000  18159 30
105808.000000  18171 30
105844.000000  18180 30
105864.000000  18186 30
105896.000000  18194 30
105920.000000  18201 30
105952.000000  18209 30
106006.000000  18223 30
106060.000000  18238 30
106082.000000  18243 30
106082.000000  18243 30
106092.000000  18246 30
106160.000000  18264 30
106192.000000  18272 30
106204.000000  18275 30
106240.000000  18285 30
106310.000000  18304 30
106384.000000  18323 30
106410.000000  18330 30
106484.000000  18349 30
106528.000000  18361 30
106586.000000  18377 30
106588.000000  18377 30
106640.000000  18391 30
106674.000000  18400 30
106702.000000  18407 30
106736.000000  18416 30
106790.000000  18431 30
106832.000000  18441 30
106864.000000  18450 30
106890.000000  18457 30
106914.000000  18463 30
106928.000000  18467 30
106956.000000  18474 30
107004.000000  18487 30
107058.000000  18501 30
107138.000000  18523 30
107174.000000  18532 30
107198.000000  18538 30
107212.000000  18542 30
107244.000000  18551 30
107266.000000  18556 30
107300.000000  18565 30
107324.000000  18572 30
107378.000000  18586 30
107378.000000  18586 30
107450.000000  18605 30
107526.000000  18625 30
107562.000000  18635 30
107602.000000  18645 30
107654.000000  18659 30
107684.000000  18667 30
107720.000000  18676 30
107768.000000  18689 30
107784.000000  18693 30
107842.000000  18709 30
107898.000000  18723 30
107898.000000  18723 30
107938.000000  18734 30
107992.000000  18748 30
108022.000000  18756 30
108024.000000  18757 30
108076.000000  18771 30
108142.000000  18788 30
108194.000000  18802 30
108210.000000  18806 30
108228.000000  18811 30
108242.000000  18814 30
108258.000000  18819 30
108310.000000  18832 30
108328.000000  18837 30
108394.000000  18855 30
108414.000000  18860 30
108470.000000  18875 30
108544.000000  18894 30
108574.000000  18902 30
108648.000000  18922 30
108716.000000  18940 30
108790.000000  18959 30
108820.000000  18967 30
108828.000000  18969 30
108890.000000  18986 30
108928.000000  18996 30
108948.000000  19001 30
108962.000000  19005 30
109010.000000  19017 30
109030.000000  19023 30
109088.000000  19038 30
109160.000000  19057 30
109222.000000  19073 30
109224.000000  19074 30
109274.000000  19087 30
109332.000000  19103 30
109390.000000  19118 30
109412.000000  19124 30
109460.000000  19136 30
109512.000000  19150 30
109566.000000  19164 30
109606.000000  19175 30
109606.000000  19175 30
109656.000000  19188 30
109656.000000  19188 30
109724.000000  19206 30
109778.000000  19221 30
109850.000000  19240 30
109850.000000  19240 30
109926.000000  19259 30
109926.000000  19259 30
109962.000000  19269 30
109986.000000  19275 30
110036.000000  19289 30
110084.000000  19301 30
110138.000000  19316 30
110166.000000  19323 30
110178.000000  19326 30
110192.000000  19330 30
110192.000000  19330 30
110192.000000  19330 30
110192.000000  19330 30
110294.000000  19357 30
110386.000000  19381 30
110398.000000  19385 30
110434.000000  19394 30
110464.000000  19402 30
110498.000000  19411 30
110526.000000  19418 30
110526.000000  19418 30
110526.000000  19418 30
110586.000000  19434 30
110588.000000  19435 30
110590.000000  19435 30
110640.000000  19448 30
110690.000000  19462 30
110720.000000  19469 30
110734.000000  19473 30
110774.000000  19484 30
110824.000000  19497 30
110856.000000  19506 30
110878.000000  19511 30
110924.000000  19523 30
110984.000000  19539 30
111018.000000  19548 30
111052.000000  19557 30
111076.000000  19564 30
111084.000000  19566 30
111118.000000  19575 30
111144.000000  19582 30
111178.000000  19591 30
111206.000000  19598 30
111208.000000  19599 30
111234.000000  19605 30
111234.000000  19605 30
111234.000000  19605 30
111234.000000  19605 30
111234.000000  19605 30
111234.000000  19605 30
112496.000000  19939 30
112498.000000  19940 30
112500.000000  19940 30
112568.000000  19958 30
112638.000000  19977 30
112670.000000  19985 30
112746.000000  20005 30
112806.000000  20021 30
112882.000000  20041 30
112968.000000  20064 30
112992.000000  20070 30
113026.000000  20079 30
113080.000000  20094 30
113102.000000  20099 30
113102.000000  20099 30
113102.000000  20099 30
113102.000000  20099 30
113276.000000  20145 30
113330.000000  20159 30
113400.000000  20178 30
113478.000000  20199 30
113530.000000  20213 30
113588.000000  20228 30
113620.000000  20236 30
113620.000000  20236 30
113646.000000  20243 30
113678.000000  20252 30
113702.000000  20258 30
113742.000000  20269 30
113794.000000  20282 30
113828.000000  20291 30
113828.000000  20291 30
113842.000000  20295 30
113894.000000  20309 30
113946.000000  20323 30
113960.000000  20326 30
113960.000000  20326 30
113998.000000  20336 30
114046.000000  20349 30
114066.000000  20354 30
114126.000000  20370 30
114126.000000  20370 30
114140.000000  20374 30
114156.000000  20378 30
114232.000000  20398 30
114232.000000  20398 30
114232.000000  20398 30
114238.000000  20400 30
114264.000000  20407 30
114296.000000  20415 30
114310.000000  20419 30
114310.000000  20419 30
114336.000000  20425 30
114368.000000  20434 30
114420.000000  20448 30
114420.000000  20448 30
114508.000000  20471 30
114584.000000  20491 30
114662.000000  20512 30
114716.000000  20526 30
114814.000000  20552 30
114894.000000  20573 30
114984.000000  20597 30
115016.000000  20605 30
115050.000000  20614 30
115082.000000  20623 30
115098.000000  20627 30
115098.000000  20627 30
115128.000000  20635 30
115162.000000  20644 30
115198.000000  20654 30
115198.000000  20654 30
115222.000000  20660 30
115236.000000  20664 30
115236.000000  20664 30
115236.000000  20664 30
115236.000000  20664 30
115352.000000  20694 30
115428.000000  20714 30
115490.000000  20731 30
115492.000000  20731 30
115548.000000  20746 30
115580.000000  20755 30
115580.000000  20755 30
115606.000000  20761 30
115640.000000  20771 30
115642.000000  20771 30
115672.000000  20779 30
115702.000000  20787 30
115718.000000  20791 30
115748.000000  20799 30
115780.000000  20807 30
115948.000000  20852 30
115994.000000  20864 30
116076.000000  20886 30
116176.000000  20912 30
116176.000000  20912 30
116184.000000  20914 30
116204.000000  20920 30
116216.000000  20923 30
116242.000000  20930 30
116298.000000  20945 30
116408.000000  20973 30
116438.000000  20981 30
116438.000000  20981 30
116486.000000  20994 30
116488.000000  20995 30
116512.000000  21001 30
116562.000000  21014 30
116612.000000  21027 30
116664.000000  21041 30
116676.000000  21044 30
116732.000000  21059 30
116790.000000  21074 30
116824.000000  21083 30
116876.000000  21097 30
116876.000000  21097 30
116950.000000  21117 30
116950.000000  21117 30
117004.000000  21131 30
117058.000000  21145 30
117146.000000  21169 30
117148.000000  21169 30
117198.000000  21182 30
117216.000000  21187 30
117262.000000  21199 30
117262.000000  21199 30
117292.000000  21207 30
117308.000000  21211 30
117326.000000  21216 30
117342.000000  21220 30
117356.000000  21224 30
117356.000000  21224 30
117376.000000  21229 30
117408.000000  21238 30
117438.000000  21246 30
117496.000000  21261 30
117504.000000  21263 30
117526.000000  21269 30
117550.000000  21275 30
117572.000000  21281 30
117574.000000  21282 30
117628.000000  21296 30
117628.000000  21296 30
117686.000000  21311 30
117734.000000  21324 30
117792.000000  21339 30
117824.000000  21348 30
117840.000000  21352 30
117856.000000  21356 30
117870.000000  21360 30
117900.000000  21368 30
117956.000000  21383 30
117958.000000  21383 30
118046.000000  21406 30
118070.000000  21413 30
118192.000000  21445 30
118192.000000  21445 30
118228.000000  21455 30
118302.000000  21474 30
118302.000000  21474 30
118320.000000  21479 30
118352.000000  21487 30
118354.000000  21488 30
118378.000000  21494 30
118428.000000  21507 30
118468.000000  21518 30
118500.000000  21526 30
118514.000000  21530 30
118534.000000  21535 30
118564.000000  21543 30
118610.000000  21556 30
118650.000000  21566 30
118686.000000  21576 30
118710.000000  21582 30
118764.000000  21596 30
118764.000000  21596 30
118822.000000  21611 30
118854.000000  21620 30
118886.000000  21629 30
118888.000000  21629 30
118946.000000  21645 30
118978.000000  21653 30
119010.000000  21661 30
119080.000000  21680 30
119144.000000  21697 30
119162.000000  21701 30
119190.000000  21709 30
119208.000000  21714 30
119230.000000  21719 30
119298.000000  21737 30
119334.000000  21747 30
119416.000000  21769 30
119450.000000  21777 30
119450.000000  21777 30
119484.000000  21787 30
119520.000000  21796 30
119542.000000  21802 30
119554.000000  21805 30
119580.000000  21812 30
119644.000000  21829 30
119646.000000  21829 30
119668.000000  21835 30
119674.000000  21837 30
119714.000000  21847 30
119860.000000  21886 30
119906.000000  21898 30
119926.000000  21903 30
119962.000000  21913 30
119986.000000  21919 30
119994.000000  21921 30
120030.000000  21931 30
120032.000000  21931 30
120082.000000  21945 30
120106.000000  21951 30
120194.000000  21974 30
120248.000000  21989 30
120292.000000  22000 30
120318.000000  22007 30
120364.000000  22019 30
120376.000000  22022 30
120450.000000  22042 30
120462.000000  22045 30
120544.000000  22067 30
120628.000000  22089 30
120664.000000  22099 30
120792.000000  22132 30
120828.000000  22142 30
120850.000000  22148 30
120884.000000  22157 30
120914.000000  22165 30
120916.000000  22165 30
120946.000000  22173 30
120948.000000  22174 30
120952.000000  22175 30
120960.000000  22177 30
120982.000000  22183 30
121016.000000  22192 30
121042.000000  22199 30
121056.000000  22202 30
121094.000000  22212 30
121194.000000  22239 30
121242.000000  22251 30
121250.000000  22253 30
121284.000000  22263 30
121308.000000  22269 30
121340.000000  22277 30
121424.000000  22299 30
121500.000000  22319 30
121500.000000  22319 30
121590.000000  22343 30
121610.000000  22349 30
121612.000000  22349 30
121620.000000  22351 30
121694.000000  22371 30
121748.000000  22385 30
121800.000000  22399 30
121846.000000  22411 30
121896.000000  22424 30
121930.000000  22433 30
121930.000000  22433 30
121984.000000  22447 30
122008.000000  22454 30
122020.000000  22457 30
122020.000000  22457 30
122076.000000  22472 30
122172.000000  22497 30
122190.000000  22502 30
122240.000000  22515 30
122288.000000  22528 30
122344.000000  22543 30
122378.000000  22552 30
122426.000000  22564 30
122426.000000  22564 30
122486.000000  22580 30
122542.000000  22595 30
122628.000000  22618 30
122652.000000  22624 30
122660.000000  22626 30
122682.000000  22632 30
122708.000000  22639 30
122710.000000  22639 30
122734.000000  22646 30
122734.000000  22646 30
122734.000000  22646 30
122766.000000  22654 30
122798.000000  22663 30
122856.000000  22678 30
122902.000000  22690 30
122902.000000  22690 30
122936.000000  22699 30
122984.000000  22712 30
123010.000000  22719 30
123024.000000  22723 30
123106.000000  22744 30
123190.000000  22766 30
123224.000000  22775 30
123254.000000  22783 30
123362.000000  22812 30
123416.000000  22826 30
123472.000000  22841 30
123488.000000  22845 30
123490.000000  22845 30
123518.000000  22853 30
123520.000000  22853 30
123564.000000  22865 30
123596.000000  22873 30
123618.000000  22879 30
123710.000000  22904 30
123802.000000  22928 30
123834.000000  22937 30
123848.000000  22940 30
123872.000000  22946 30
123904.000000  22955 30
123956.000000  22969 30
123956.000000  22969 30
124010.000000  22983 30
124044.000000  22992 30
124076.000000  23001 30
124108.000000  23009 30
124110.000000  23009 30
124158.000000  23022 30
124224.000000  23039 30
124300.000000  23060 30
124358.000000  23075 30
124400.000000  23086 30
124450.000000  23099 30
124514.000000  23116 30
124516.000000  23117 30
124520.000000  23118 30
124546.000000  23125 30
124548.000000  23125 30
124568.000000  23131 30
124602.000000  23139 30
124604.000000  23140 30
124628.000000  23146 30
124628.000000  23146 30
124628.000000  23146 30
124648.000000  23152 30
124700.000000  23165 30
124754.000000  23180 30
124820.000000  23197 30
124846.000000  23204 30
124912.000000  23221 30
124972.000000  23237 30
124974.000000  23238 30
124994.000000  23243 30
124994.000000  23243 30
125004.000000  23246 30
125028.000000  23252 30
125034.000000  23254 30
125050.000000  23258 30
125098.000000  23271 30
125138.000000  23281 30
125168.000000  23289 30
125170.000000  23290 30
125196.000000  23297 30
125250.000000  23311 30
125304.000000  23325 30
125328.000000  23331 30
125360.000000  23340 30
125360.000000  23340 30
125432.000000  -1 30
125432.000000  -1 30
125482.000000  23372 30
125524.000000  23383 30
125576.000000  23397 30
125608.000000  23405 30
125682.000000  23425 30
125684.000000  23425 30
125738.000000  23440 30
125740.000000  23441 30
125754.000000  23444 30
125786.000000  23453 30
125786.000000  23453 30
125818.000000  23461 30
125850.000000  23469 30
125878.000000  23477 30
125880.000000  23477 30
126000.000000  23509 30
126052.000000  23523 30
126084.000000  23531 30
126128.000000  23543 30
126128.000000  23543 30
126172.000000  23555 30
126204.000000  23563 30
126272.000000  23581 30
126344.000000  23600 30
126424.000000  23621 30
126426.000000  23622 30
126492.000000  23639 30
126564.000000  23658 30
126622.000000  23673 30
126636.000000  23677 30
126658.000000  23683 30
126678.000000  23688 30
126726.000000  23701 30
126762.000000  23711 30
126820.000000  23726 30
126844.000000  23732 30
126912.000000  23750 30
126914.000000  23751 30
127022.000000  23779 30
127048.000000  23786 30
127082.000000  23795 30
127136.000000  23809 30
127190.000000  23824 30
127190.000000  23824 30
127190.000000  23824 30
127214.000000  23830 30
127272.000000  23845 30
127274.000000  23846 30
127286.000000  23849 30
127300.000000  23853 30
127334.000000  23862 30
127350.000000  23866 30
127366.000000  23870 30
127386.000000  23875 30
127412.000000  23882 30
127426.000000  23886 30
127442.000000  23890 30
127462.000000  23896 30
127476.000000  23899 30
127476.000000  23899 30
127512.000000  23909 30
127514.000000  23909 30
127542.000000  23917 30
127556.000000  23921 30
127558.000000  23921 30
127588.000000  23929 30
127590.000000  23929 30
127614.000000  23936 30
127646.000000  23944 30
127646.000000  23944 30
127680.000000  23953 30
127714.000000  23962 30
127768.000000  23977 30
127792.000000  23983 30
127806.000000  23987 30
127840.000000  23996 30
127842.000000  23996 30
128950.000000  24289 30
128952.000000  24289 30
128966.000000  24293 30
128966.000000  24293 30
128980.000000  24297 30
128982.000000  24297 30
129002.000000  24303 30
129068.000000  24320 30
129082.000000  24324 30
129114.000000  24332 30
129222.000000  24361 30
129224.000000  24361 30
129232.000000  24364 30
129282.000000  24377 30
129432.000000  24416 30
129432.000000  24416 30
129450.000000  24421 30
129478.000000  24429 30
129580.000000  24456 30
129610.000000  24463 30
129632.000000  24469 30
129666.000000  24478 30
129720.000000  24493 30
129752.000000  24501 30
129810.000000  24517 30
129844.000000  24525 30
129868.000000  24532 30
129888.000000  24537 30
129914.000000  24544 30
129962.000000  24556 30
129962.000000  24556 30
129992.000000  24564 30
130034.000000  24575 30
130034.000000  24575 30
130062.000000  24583 30
130184.000000  24615 30
130200.000000  24620 30
130224.000000  24626 30
130266.000000  24637 30
130266.000000  24637 30
130320.000000  24651 30
130352.000000  24659 30
130530.000000  24707 30
130530.000000  24707 30
130558.000000  24714 30
130564.000000  24716 30
130646.000000  24737 30
130708.000000  24754 30
130740.000000  24762 30
130812.000000  24781 30
130812.000000  24781 30
130848.000000  24791 30
130876.000000  24798 30
130932.000000  24813 30
130946.000000  24817 30
130986.000000  24827 30
130986.000000  24827 30
131018.000000  24836 30
131034.000000  24840 30
131066.000000  24848 30
131120.000000  24863 30
131144.000000  24869 30
131144.000000  24869 30
131172.000000  24877 30
131220.000000  24889 30
131252.000000  24898 30
131302.000000  24911 30
131364.000000  24927 30
131400.000000  24937 30
131430.000000  24945 30
131486.000000  24959 30
131500.000000  24963 30
131524.000000  24970 30
131524.000000  24970 30
131580.000000  24984 30
131614.000000  24993 30
131638.000000  25000 30
131670.000000  25008 30
131672.000000  25009 30
131750.000000  25029 30
131766.000000  25033 30
131792.000000  25040 30
131840.000000  25053 30
131842.000000  25054 30
131868.000000  25061 30
131892.000000  25067 30
131924.000000  25075 30
131944.000000  25081 30
131968.000000  25087 30
131988.000000  25092 30
132010.000000  25098 30
132032.000000  25104 30
132042.000000  25106 30
132062.000000  25112 30
132112.000000  25125 30
132168.000000  25140 30
132168.000000  25140 30
132180.000000  25143 30
132194.000000  25147 30
132206.000000  25150 30
132238.000000  25158 30
132256.000000  25163 30
132282.000000  25170 30
132310.000000  25177 30
132312.000000  25178 30
132340.000000  25185 30
132364.000000  25191 30
132430.000000  25209 30
132454.000000  25215 30
132504.000000  25229 30
132506.000000  25229 30
132528.000000  25235 30
132564.000000  25245 30
132576.000000  25248 30
132612.000000  25257 30
132614.000000  25258 30
132636.000000  25263 30
132652.000000  25268 30
132668.000000  25272 30
132714.000000  25284 30
132726.000000  25287 30
132744.000000  25292 30
132776.000000  25300 30
132798.000000  25306 30
132800.000000  25307 30
132808.000000  25309 30
132808.000000  25309 30
132844.000000  25318 30
132874.000000  25326 30
132964.000000  25350 30
132994.000000  25358 30
132994.000000  25358 30
133028.000000  25367 30
133060.000000  25375 30
133100.000000  25386 30
133146.000000  25398 30
133168.000000  25404 30
133182.000000  25408 30
133198.000000  25412 30
133214.000000  25416 30
133232.000000  25421 30
133248.000000  25425 30
133262.000000  25429 30
133264.000000  25429 30
133286.000000  25435 30
133332.000000  25447 30
133366.000000  25456 30
133404.000000  25466 30
133428.000000  25473 30
133460.000000  25481 30
133484.000000  25487 30
133518.000000  25497 30
133520.000000  25497 30
133550.000000  25505 30
133578.000000  25512 30
133612.000000  25521 30
133612.000000  25521 30
133612.000000  25521 30
133612.000000  25521 30
133612.000000  25521 30
133612.000000  25521 30
133612.000000  25521 30
133692.000000  25542 30
133706.000000  25546 30
133726.000000  25551 30
133750.000000  25558 30
133788.000000  25568 30
133808.000000  25573 30
133818.000000  25576 30
133844.000000  25583 30
133940.000000  25608 30
133942.000000  25609 30
133946.000000  25610 30
133980.000000  25619 30
134004.000000  25625 30
134004.000000  25625 30
134042.000000  25635 30
134070.000000  25642 30
134072.000000  25643 30
134100.000000  25650 30
134134.000000  25659 30
134186.000000  25673 30
134210.000000  25679 30
134224.000000  25683 30
134242.000000  25688 30
134264.000000  25694 30
134298.000000  25703 30
134322.000000  25709 30
134372.000000  25722 30
134406.000000  25731 30
134406.000000  25731 30
134414.000000  25733 30
134434.000000  25739 30
134440.000000  25740 30
134454.000000  25744 30
134532.000000  25765 30
134686.000000  25805 30
134816.000000  25840 30
134818.000000  25840 30
134900.000000  25862 30
134984.000000  25884 30
135226.000000  25948 30
135286.000000  25964 30
135328.000000  25975 30
135384.000000  25990 30
135396.000000  25993 30
135396.000000  25993 30
135452.000000  26008 30
135506.000000  26022 30
135530.000000  26028 30
135542.000000  26032 30
135566.000000  26038 30
135598.000000  26047 30
135632.000000  26055 30
135654.000000  26061 30
135688.000000  26070 30
135688.000000  26070 30
135712.000000  26077 30
135738.000000  26083 30
135754.000000  26088 30
135776.000000  26093 30
135812.000000  26103 30
135838.000000  26110 30
135852.000000  26113 30
135854.000000  26114 30
135876.000000  26120 30
135924.000000  26133 30
135944.000000  26138 30
135976.000000  26147 30
136004.000000  26154 30
136036.000000  26162 30
136036.000000  26162 30
136090.000000  26177 30
136114.000000  26183 30
136190.000000  26203 30
136264.000000  26223 30
136326.000000  26239 30
136346.000000  26244 30
136368.000000  26250 30
136384.000000  26254 30
136414.000000  26262 30
136444.000000  26270 30
136464.000000  26275 30
136478.000000  26279 30
136478.000000  26279 30
136500.000000  26285 30
136518.000000  26289 30
136544.000000  26297 30
136562.000000  26301 30
136576.000000  26305 30
136610.000000  26314 30
136612.000000  26315 30
136662.000000  26328 30
136662.000000  26328 30
136688.000000  26335 30
136722.000000  26344 30
136724.000000  26344 30
136774.000000  26357 30
136828.000000  26371 30
136856.000000  26379 30
136858.000000  26379 30
136918.000000  26395 30
136918.000000  26395 30
136918.000000  26395 30
136930.000000  26399 30
136946.000000  26403 30
136964.000000  26407 30
136966.000000  26408 30
137012.000000  26420 30
137012.000000  26420 30
137020.000000  26422 30
137056.000000  26432 30
137092.000000  26441 30
137196.000000  26469 30
137378.000000  26517 30
137378.000000  26517 30
137414.000000  26527 30
137444.000000  26534 30
137500.000000  26549 30
137534.000000  26558 30
137552.000000  26563 30
137572.000000  26568 30
137646.000000  26588 30
137700.000000  26602 30
137784.000000  26624 30
137786.000000  26625 30
137882.000000  26650 30
137904.000000  26656 30
137904.000000  26656 30
137960.000000  26671 30
137994.000000  26680 30
138048.000000  26694 30
138072.000000  26700 30
138104.000000  26709 30
138134.000000  26717 30
138168.000000  26725 30
138194.000000  26732 30
138218.000000  26739 30
138246.000000  26746 30
138272.000000  26753 30
138296.000000  26759 30
138312.000000  26764 30
138328.000000  26768 30
138348.000000  26773 30
138394.000000  26785 30
138432.000000  26795 30
138466.000000  26804 30
138480.000000  26808 30
138528.000000  26821 30
138560.000000  26829 30
138584.000000  26835 30
138616.000000  26844 30
138616.000000  26844 30
138672.000000  26859 30
138726.000000  26873 30
138748.000000  26879 30
138782.000000  26888 30
138830.000000  26901 30
138866.000000  26910 30
138904.000000  26920 30
138938.000000  26929 30
138988.000000  26942 30
139020.000000  26951 30
139056.000000  26960 30
139078.000000  26966 30
139088.000000  26969 30
139188.000000  26995 30
139188.000000  26995 30
139224.000000  27005 30
139248.000000  27011 30
139396.000000  27050 30
139420.000000  27057 30
139452.000000  27065 30
139490.000000  27075 30
139550.000000  27091 30
139608.000000  27106 30
139628.000000  27111 30
139630.000000  27112 30
139644.000000  27116 30
139674.000000  27124 30
139804.000000  27158 30
139806.000000  27159 30
139832.000000  27165 30
139832.000000  27165 30
139890.000000  27181 30
139932.000000  27192 30
139944.000000  27195 30
139976.000000  27203 30
140030.000000  27218 30
140054.000000  27224 30
140086.000000  27233 30
140086.000000  27233 30
140110.000000  27239 30
140142.000000  27247 30
140176.000000  27256 30
140190.000000  27260 30
140206.000000  27264 30
140216.000000  27267 30
140242.000000  27274 30
140258.000000  27278 30
140288.000000  27286 30
140324.000000  27295 30
140392.000000  27313 30
140420.000000  27321 30
140482.000000  27337 30
140538.000000  27352 30
140554.000000  27356 30
140576.000000  27362 30
140636.000000  27378 30
140712.000000  27398 30
140740.000000  27405 30
140740.000000  27405 30
140756.000000  27410 30
140758.000000  27410 30
140776.000000  27415 30
140790.000000  27419 30
140814.000000  27425 30
140842.000000  27432 30
140892.000000  27445 30
140956.000000  27462 30
141004.000000  27475 30
141210.000000  27529 30
141212.000000  27530 30
141232.000000  27535 30
141264.000000  27544 30
141318.000000  27558 30
141386.000000  27576 30
141410.000000  27583 30
141410.000000  27583 30
141434.000000  27589 30
141446.000000  27592 30
141462.000000  27596 30
141470.000000  27598 30
141488.000000  27603 30
141536.000000  27616 30
141554.000000  27621 30
141574.000000  27626 30
141574.000000  27626 30
141574.000000  27626 30
141574.000000  27626 30
141614.000000  27636 30
141644.000000  27644 30
141646.000000  27645 30
141660.000000  27649 30
141676.000000  27653 30
141704.000000  27660 30
141736.000000  27669 30
141736.000000  27669 30
141762.000000  27675 30
141798.000000  27685 30
141800.000000  27686 30
141824.000000  27692 30
141824.000000  27692 30
141824.000000  27692 30
141860.000000  27701 30
141862.000000  27702 30
141880.000000  27707 30
141894.000000  27710 30
141924.000000  27718 30
141948.000000  27725 30
141980.000000  27733 30
142056.000000  27753 30
142058.000000  27754 30
142096.000000  27764 30
142108.000000  27767 30
142130.000000  27773 30
142148.000000  27778 30
142168.000000  27783 30
142182.000000  27787 30
142208.000000  27793 30
142254.000000  27805 30
142294.000000  27816 30
142344.000000  27829 30
142398.000000  27844 30
142422.000000  27850 30
142454.000000  27859 30
142476.000000  27864 30
142490.000000  27868 30
142490.000000  27868 30
142524.000000  27877 30
142548.000000  27883 30
142560.000000  27886 30
142594.000000  27895 30
142594.000000  27895 30
142606.000000  27899 30
142640.000000  27908 30
142664.000000  27914 30
142664.000000  27914 30
142664.000000  27914 30
142664.000000  27914 30
142690.000000  27921 30
142702.000000  27924 30
142750.000000  27937 30
142752.000000  27937 30
142778.000000  27944 30
142826.000000  27957 30
142838.000000  27960 30
142860.000000  27966 30
142874.000000  27969 30
142894.000000  27975 30
142894.000000  27975 30
142946.000000  27988 30
142948.000000  27989 30
143028.000000  28010 30
143086.000000  28026 30
143148.000000  28042 30
143150.000000  28042 30
143200.000000  28056 30
143200.000000  28056 30
143258.000000  28071 30
143272.000000  28075 30
143288.000000  28079 30
143314.000000  28086 30
143316.000000  28086 30
143354.000000  28096 30
143406.000000  28110 30
143442.000000  28120 30
143458.000000  28124 30
143472.000000  28128 30
143472.000000  28128 30
143484.000000  28131 30
143512.000000  28138 30
143526.000000  28142 30
143542.000000  28146 30
143560.000000  28151 30
143608.000000  28163 30
143620.000000  28167 30
143678.000000  28182 30
143680.000000  28183 30
143710.000000  28191 30
143740.000000  28199 30
143774.000000  28207 30
143796.000000  28213 30
143830.000000  28222 30
143882.000000  28236 30
143884.000000  28237 30
143918.000000  28245 30
143962.000000  28257 30
143964.000000  28257 30
144006.000000  28269 30
144044.000000  28279 30
144066.000000  28285 30
144146.000000  28306 30
144162.000000  28310 30
144212.000000  28323 30
144212.000000  28323 30
144212.000000  28323 30
144232.000000  28329 30
144248.000000  28333 30
144260.000000  28336 30
144290.000000  28344 30
144318.000000  28351 30
144320.000000  28352 30
144326.000000  28353 30
144340.000000  28357 30
144394.000000  28371 30
144396.000000  28372 30
144418.000000  28378 30
144472.000000  28392 30
144506.000000  28401 30
144538.000000  28409 30
144600.000000  28426 30
144600.000000  28426 30
144600.000000  28426 30
144612.000000  28429 30
144626.000000  28433 30
144650.000000  28439 30
144662.000000  28442 30
144688.000000  28449 30
144702.000000  28453 30
144702.000000  28453 30
144728.000000  28460 30
144800.000000  28479 30
144824.000000  28485 30
144842.000000  28490 30
144856.000000  28493 30
144872.000000  28498 30
144892.000000  28503 30
144926.000000  28512 30
144928.000000  28512 30
144956.000000  28520 30
144970.000000  28523 30
145000.000000  28531 30
145002.000000  28532 30
145006.000000  28533 30
145064.000000  28548 30
145064.000000  28548 30
145064.000000  28548 30
145098.000000  28557 30
145100.000000  28558 30
145120.000000  28563 30
145176.000000  28578 30
145212.000000  28588 30
145214.000000  28588 30
145234.000000  28593 30
145278.000000  28605 30
145322.000000  28617 30
145334.000000  28620 30
145352.000000  28625 30
145376.000000  28631 30
145400.000000  28637 30
145408.000000  28639 30
145408.000000  28639 30
145430.000000  28645 30
145442.000000  28649 30
145442.000000  28649 30
145466.000000  28655 30
145526.000000  28671 30
145564.000000  28681 30
145566.000000  28681 30
145592.000000  28688 30
145594.000000  28689 30
145608.000000  28692 30
145608.000000  28692 30
145632.000000  28699 30
145664.000000  28707 30
145686.000000  28713 30
145700.000000  28717 30
145716.000000  28721 30
145752.000000  28730 30
145810.000000  28746 30
145824.000000  28749 30
145842.000000  28754 30
145848.000000  28756 30
145916.000000  28774 30
145942.000000  28781 30
145956.000000  28784 30
145992.000000  28794 30
146024.000000  28802 30
146060.000000  28812 30
146088.000000  28819 30
146140.000000  28833 30
146158.000000  28838 30
146208.000000  28851 30
146216.000000  28853 30
146270.000000  28867 30
146270.000000  28867 30
146304.000000  28876 30
146334.000000  28884 30
146346.000000  28887 30
146346.000000  28887 30
146372.000000  28894 30
146404.000000  28903 30
146508.000000  28930 30
146508.000000  28930 30
146558.000000  28943 30
146558.000000  28943 30
146578.000000  28949 30
146592.000000  28953 30
146622.000000  28960 30
146672.000000  28973 30
146674.000000  28974 30
146766.000000  28998 30
146780.000000  29002 30
146780.000000  29002 30
146796.000000  29007 30
146832.000000  29016 30
146868.000000  29025 30
146868.000000  29025 30
146868.000000  29025 30
146892.000000  29032 30
146954.000000  29048 30
146988.000000  29057 30
147016.000000  29065 30
147018.000000  29065 30
147028.000000  29068 30
147082.000000  29082 30
147084.000000  29083 30
147104.000000  29088 30
147164.000000  29104 30
147198.000000  29113 30
147240.000000  29124 30
147272.000000  29132 30
147320.000000  29145 30
147364.000000  29157 30
148452.000000  29444 30
148454.000000  29445 30
148484.000000  29453 30
148486.000000  29453 30
148534.000000  29466 30
148536.000000  29467 30
148558.000000  29472 30
148602.000000  29484 30
148628.000000  29491 30
148636.000000  29493 30
148662.000000  29500 30
148676.000000  29503 30
148692.000000  29508 30
148714.000000  29513 30
148728.000000  29517 30
148772.000000  29529 30
148774.000000  29529 30
148782.000000  29531 30
148804.000000  29537 30
148846.000000  29548 30
148868.000000  29554 30
148882.000000  29558 30
148944.000000  29574 30
148980.000000  29584 30
149010.000000  29592 30
149044.000000  29601 30
149070.000000  29607 30
149072.000000  29608 30
149084.000000  29611 30
149114.000000  29619 30
149202.000000  29643 30
149238.000000  29652 30
149286.000000  29665 30
149324.000000  29675 30
149402.000000  29695 30
149460.000000  29711 30
149460.000000  29711 30
149494.000000  29720 30
149548.000000  29734 30
149582.000000  29743 30
149638.000000  29758 30
149652.000000  29761 30
149686.000000  29771 30
149688.000000  29771 30
149756.000000  29789 30
149832.000000  29809 30
149848.000000  29813 30
149872.000000  29820 30
149882.000000  29822 30
149892.000000  29825 30
149894.000000  29825 30
149920.000000  29832 30
149956.000000  29842 30
149988.000000  29850 30
150002.000000  29854 30
150022.000000  29859 30
150054.000000  29868 30
150088.000000  29877 30
150142.000000  29891 30
