30267.000000  9 30
30353.000000  30 30
30461.000000  58 30
30523.000000  75 30
30623.000000  101 30
30723.000000  128 30
30765.000000  139 30
30805.000000  149 30
30961.000000  191 30
31057.000000  216 30
31187.000000  250 30
31225.000000  261 30
31265.000000  271 30
31265.000000  271 30
31347.000000  293 30
31371.000000  299 30
31385.000000  303 30
31477.000000  327 30
31513.000000  337 30
31535.000000  343 30
31537.000000  343 30
31655.000000  375 30
31655.000000  375 30
31655.000000  375 30
31667.000000  378 30
31785.000000  409 30
31797.000000  412 30
31821.000000  418 30
31821.000000  418 30
31833.000000  422 30
31851.000000  426 30
31865.000000  430 30
31885.000000  435 30
31911.000000  442 30
31911.000000  442 30
31923.000000  445 30
31951.000000  453 30
31965.000000  457 30
31975.000000  459 30
31983.000000  461 30
31985.000000  462 30
32007.000000  468 30
32039.000000  476 30
32053.000000  480 30
32069.000000  484 30
32103.000000  493 30
32133.000000  501 30
32167.000000  510 30
32191.000000  517 30
32205.000000  520 30
32335.000000  555 30
32835.000000  687 30
32835.000000  687 30
35387.000000  1363 30
35439.000000  1377 30
35439.000000  1377 30
35469.000000  1385 30
35471.000000  1385 30
35521.000000  1398 30
35581.000000  1414 30
35583.000000  1415 30
35609.000000  1422 30
35635.000000  1429 30
35643.000000  1431 30
35691.000000  1443 30
35719.000000  1451 30
35733.000000  1455 30
35749.000000  1459 30
35799.000000  1472 30
35829.000000  1480 30
35843.000000  1484 30
35869.000000  1490 30
35909.000000  1501 30
35943.000000  1510 30
35943.000000  1510 30
35967.000000  1516 30
35983.000000  1521 30
36013.000000  1529 30
36013.000000  1529 30
36069.000000  1543 30
36071.000000  1544 30
36091.000000  1549 30
36093.000000  1550 30
36127.000000  1559 30
36129.000000  1559 30
36155.000000  1566 30
36155.000000  1566 30
36213.000000  1581 30
36251.000000  1591 30
36251.000000  1591 30
36263.000000  1595 30
36289.000000  1602 30
36299.000000  1604 30
36333.000000  1613 30
36351.000000  1618 30
36351.000000  1618 30
36373.000000  1624 30
36425.000000  1638 30
36425.000000  1638 30
36439.000000  1641 30
36471.000000  1650 30
36479.000000  1652 30
36507.000000  1659 30
36701.000000  1711 30
36755.000000  1725 30
36783.000000  1732 30
36849.000000  1750 30
36897.000000  1762 30
36899.000000  1763 30
36915.000000  1767 30
36947.000000  1776 30
36949.000000  1776 30
36993.000000  1788 30
37015.000000  1794 30
37051.000000  1803 30
37099.000000  1816 30
37159.000000  1832 30
37277.000000  1863 30
37383.000000  1891 30
37509.000000  1924 30
37583.000000  1944 30
37623.000000  1954 30
37645.000000  1960 30
37665.000000  1965 30
37681.000000  1970 30
37681.000000  1970 30
37715.000000  1979 30
37853.000000  2015 30
37907.000000  2029 30
38035.000000  2063 30
38035.000000  2063 30
38309.000000  2136 30
38335.000000  2143 30
38537.000000  2196 30
38573.000000  2206 30
38627.000000  2220 30
38655.000000  2227 30
38657.000000  2228 30
38673.000000  2232 30
38725.000000  2246 30
38757.000000  2254 30
38781.000000  2261 30
38805.000000  2267 30
38857.000000  2281 30
38859.000000  2281 30
38875.000000  2285 30
38907.000000  2294 30
38931.000000  2300 30
39009.000000  2321 30
39115.000000  2349 30
39195.000000  2370 30
39251.000000  2385 30
39253.000000  2385 30
39347.000000  2410 30
39375.000000  2418 30
39377.000000  2418 30
39407.000000  2426 30
39409.000000  2427 30
39429.000000  2432 30
39503.000000  2452 30
39751.000000  2517 30
39907.000000  2559 30
39937.000000  2566 30
39951.000000  2570 30
39969.000000  2575 30
39993.000000  2581 30
39995.000000  2581 30
40015.000000  2587 30
40031.000000  2591 30
40063.000000  2599 30
40105.000000  2611 30
40105.000000  2611 30
40117.000000  2614 30
40139.000000  2620 30
40187.000000  2633 30
40221.000000  2641 30
40223.000000  2642 30
40261.000000  2652 30
40365.000000  2679 30
40427.000000  2696 30
40455.000000  2703 30
40487.000000  2712 30
40563.000000  2732 30
40597.000000  2741 30
40621.000000  2747 30
40629.000000  2749 30
40629.000000  2749 30
40647.000000  2754 30
40657.000000  2757 30
40799.000000  2794 30
40835.000000  2804 30
40837.000000  2804 30
41003.000000  2848 30
41027.000000  2854 30
41027.000000  2854 30
41141.000000  2885 30
41177.000000  2894 30
41209.000000  2903 30
41269.000000  2919 30
41343.000000  2938 30
41375.000000  2946 30
41435.000000  2962 30
41435.000000  2962 30
41503.000000  2980 30
41533.000000  2988 30
41599.000000  3006 30
41697.000000  3031 30
41699.000000  3032 30
41823.000000  3065 30
41855.000000  3073 30
41909.000000  3087 30
41971.000000  3104 30
41971.000000  3104 30
42043.000000  3123 30
42145.000000  3150 30
42179.000000  3159 30
42217.000000  3169 30
42225.000000  3171 30
42227.000000  3171 30
42251.000000  3178 30
42253.000000  3178 30
42301.000000  3191 30
42317.000000  3195 30
42339.000000  3201 30
42373.000000  3210 30
42427.000000  3224 30
42451.000000  3231 30
42483.000000  3239 30
42485.000000  3240 30
42517.000000  3248 30
42519.000000  3249 30
42545.000000  3256 30
42569.000000  3262 30
42583.000000  3266 30
42613.000000  3273 30
42641.000000  3281 30
42759.000000  3312 30
42839.000000  3333 30
42839.000000  3333 30
42917.000000  3354 30
42949.000000  3362 30
42961.000000  3365 30
42961.000000  3365 30
43017.000000  3380 30
43047.000000  3388 30
43047.000000  3388 30
43081.000000  3397 30
43135.000000  3411 30
43161.000000  3418 30
43161.000000  3418 30
43193.000000  3427 30
43195.000000  3427 30
43225.000000  3435 30
43241.000000  3439 30
43273.000000  3448 30
43275.000000  3449 30
43309.000000  3457 30
43311.000000  3458 30
43325.000000  3462 30
43327.000000  3462 30
43389.000000  3479 30
43391.000000  3479 30
43407.000000  3483 30
43425.000000  3488 30
43439.000000  3492 30
43449.000000  3494 30
43475.000000  3501 30
43559.000000  3524 30
43595.000000  3533 30
43597.000000  3534 30
43607.000000  3536 30
43665.000000  3552 30
43671.000000  3553 30
43679.000000  3555 30
43703.000000  3561 30
43717.000000  3565 30
43729.000000  3568 30
43755.000000  3575 30
43789.000000  3584 30
43811.000000  3590 30
43811.000000  3590 30
43883.000000  3609 30
43947.000000  3626 30
43949.000000  3627 30
43991.000000  3638 30
44067.000000  3658 30
44083.000000  3662 30
44105.000000  3668 30
44113.000000  3670 30
44129.000000  3674 30
44141.000000  3677 30
44167.000000  3684 30
44167.000000  3684 30
44173.000000  3686 30
44197.000000  3692 30
44197.000000  3692 30
44213.000000  3696 30
44229.000000  3701 30
44241.000000  3704 30
44269.000000  3711 30
44271.000000  3712 30
44299.000000  3719 30
44299.000000  3719 30
44299.000000  3719 30
44327.000000  3727 30
44327.000000  3727 30
44327.000000  3727 30
44345.000000  3731 30
44397.000000  3745 30
44425.000000  3752 30
44459.000000  3761 30
44459.000000  3761 30
44459.000000  3761 30
44481.000000  3767 30
44483.000000  3768 30
44493.000000  3770 30
44513.000000  3776 30
44563.000000  3789 30
44601.000000  3799 30
44603.000000  3799 30
44617.000000  3803 30
44663.000000  3815 30
44677.000000  3819 30
44677.000000  3819 30
44677.000000  3819 30
44677.000000  3819 30
44755.000000  3839 30
44777.000000  3845 30
44777.000000  3845 30
44815.000000  3855 30
44837.000000  3861 30
44873.000000  3871 30
44907.000000  3880 30
44909.000000  3880 30
44929.000000  3886 30
44945.000000  3890 30
44977.000000  3898 30
45009.000000  3907 30
45069.000000  3922 30
45071.000000  3923 30
45079.000000  3925 30
45113.000000  3934 30
45145.000000  3943 30
45179.000000  3952 30
45201.000000  3957 30
45203.000000  3958 30
45231.000000  3965 30
45265.000000  3974 30
45295.000000  3982 30
45325.000000  3990 30
45357.000000  3999 30
45357.000000  3999 30
45405.000000  4011 30
45407.000000  4012 30
45423.000000  4016 30
45439.000000  4020 30
45471.000000  4029 30
45473.000000  4029 30
45505.000000  4038 30
45539.000000  4047 30
45593.000000  4061 30
45625.000000  4069 30
45689.000000  4086 30
45725.000000  4096 30
45765.000000  4106 30
45823.000000  4122 30
45849.000000  4129 30
45885.000000  4138 30
45893.000000  4140 30
45925.000000  4149 30
45961.000000  4158 30
45983.000000  4164 30
46007.000000  4171 30
46021.000000  4174 30
46021.000000  4174 30
46045.000000  4180 30
46073.000000  4188 30
46075.000000  4188 30
46083.000000  4190 30
46113.000000  4198 30
46159.000000  4210 30
46161.000000  4211 30
46197.000000  4221 30
46199.000000  4221 30
46223.000000  4227 30
46235.000000  4231 30
46237.000000  4231 30
46267.000000  4239 30
46295.000000  4247 30
46309.000000  4250 30
46323.000000  4254 30
46503.000000  4301 30
46515.000000  4305 30
46531.000000  4309 30
46553.000000  4315 30
46649.000000  4340 30
46683.000000  4349 30
46697.000000  4353 30
46785.000000  4376 30
46819.000000  4385 30
46819.000000  4385 30
46845.000000  4392 30
46901.000000  4407 30
46915.000000  4410 30
46915.000000  4410 30
46935.000000  4416 30
46957.000000  4421 30
46979.000000  4427 30
46993.000000  4431 30
47047.000000  4445 30
47049.000000  4446 30
47071.000000  4452 30
47127.000000  4466 30
47143.000000  4470 30
47195.000000  4484 30
47197.000000  4485 30
47253.000000  4500 30
47281.000000  4507 30
47373.000000  4531 30
47411.000000  4541 30
47433.000000  4547 30
47527.000000  4572 30
47549.000000  4578 30
47583.000000  4587 30
47605.000000  4593 30
47661.000000  4607 30
47675.000000  4611 30
47675.000000  4611 30
47697.000000  4617 30
47791.000000  4642 30
47791.000000  4642 30
47807.000000  4646 30
47807.000000  4646 30
47819.000000  4649 30
47845.000000  4656 30
47871.000000  4663 30
47907.000000  4673 30
47909.000000  4673 30
47945.000000  4683 30
47977.000000  4691 30
47977.000000  4691 30
48027.000000  4704 30
48069.000000  4715 30
48103.000000  4724 30
48105.000000  4725 30
48157.000000  4738 30
48211.000000  4753 30
48237.000000  4760 30
48269.000000  4768 30
48269.000000  4768 30
48293.000000  4775 30
48329.000000  4784 30
48331.000000  4785 30
48355.000000  4791 30
48369.000000  4795 30
48383.000000  4798 30
48409.000000  4805 30
48445.000000  4815 30
48447.000000  4815 30
48471.000000  4821 30
48485.000000  4825 30
48511.000000  4832 30
48541.000000  4840 30
48543.000000  4841 30
48589.000000  4853 30
48621.000000  4861 30
48635.000000  4865 30
48653.000000  4870 30
48677.000000  4876 30
48703.000000  4883 30
48711.000000  4885 30
48711.000000  4885 30
48771.000000  4901 30
48773.000000  4901 30
48803.000000  4909 30
48805.000000  4910 30
48825.000000  4915 30
48859.000000  4924 30
48861.000000  4924 30
48883.000000  4930 30
48883.000000  4930 30
48995.000000  4960 30
48997.000000  4961 30
49003.000000  4962 30
49039.000000  4971 30
49041.000000  4972 30
49077.000000  4982 30
49091.000000  4985 30
49117.000000  4992 30
49135.000000  4997 30
49153.000000  5001 30
49175.000000  5007 30
49241.000000  5025 30
49261.000000  5030 30
49275.000000  5034 30
49297.000000  5040 30
49313.000000  5044 30
49339.000000  5051 30
49383.000000  5063 30
49385.000000  5063 30
49405.000000  5068 30
49465.000000  5084 30
49467.000000  5085 30
49469.000000  5085 30
49471.000000  5086 30
49505.000000  5095 30
49507.000000  5095 30
49527.000000  5100 30
49541.000000  5104 30
49541.000000  5104 30
49561.000000  5109 30
49667.000000  5137 30
49705.000000  5147 30
49713.000000  5150 30
49753.000000  5160 30
49755.000000  5161 30
49771.000000  5165 30
49787.000000  5169 30
49787.000000  5169 30
49787.000000  5169 30
49787.000000  5169 30
49847.000000  -1 30
49847.000000  -1 30
49873.000000  5192 30
49921.000000  5205 30
49971.000000  5218 30
49995.000000  5224 30
50009.000000  5228 30
50065.000000  5243 30
50121.000000  5257 30
50153.000000  5266 30
50179.000000  5273 30
50193.000000  5276 30
50229.000000  5286 30
50231.000000  5286 30
50255.000000  5293 30
50285.000000  5301 30
50285.000000  5301 30
50285.000000  5301 30
50307.000000  5307 30
50307.000000  5307 30
50319.000000  5310 30
50331.000000  5313 30
50351.000000  5318 30
50381.000000  5326 30
50405.000000  5332 30
50407.000000  5333 30
50427.000000  5338 30
50445.000000  5343 30
50463.000000  5348 30
50493.000000  5356 30
50503.000000  5358 30
50531.000000  5366 30
50555.000000  5372 30
50679.000000  5405 30
50679.000000  5405 30
50679.000000  5405 30
50691.000000  5408 30
50765.000000  5428 30
50799.000000  5437 30
50801.000000  5437 30
50825.000000  5443 30
51011.000000  5493 30
51013.000000  5493 30
51015.000000  5494 30
51035.000000  5499 30
51061.000000  5506 30
51117.000000  5521 30
51175.000000  5536 30
51211.000000  5545 30
51247.000000  5555 30
51307.000000  5571 30
51313.000000  5572 30
51349.000000  5582 30
51351.000000  5583 30
51421.000000  5601 30
51421.000000  5601 30
51457.000000  5611 30
51487.000000  5618 30
51489.000000  5619 30
51493.000000  5620 30
51509.000000  5624 30
51559.000000  5637 30
51639.000000  5659 30
51695.000000  5673 30
51711.000000  5678 30
51761.000000  5691 30
51763.000000  5691 30
51783.000000  5697 30
51791.000000  5699 30
51791.000000  5699 30
51811.000000  5704 30
51825.000000  5708 30
51825.000000  5708 30
51853.000000  5715 30
51865.000000  5718 30
51897.000000  5727 30
51897.000000  5727 30
51913.000000  5731 30
51951.000000  5741 30
51953.000000  5741 30
52005.000000  5755 30
52029.000000  5762 30
52061.000000  5770 30
52117.000000  5785 30
52119.000000  5785 30
52173.000000  5800 30
52175.000000  5800 30
52225.000000  5813 30
52259.000000  5822 30
52261.000000  5823 30
52269.000000  5825 30
52319.000000  5838 30
52395.000000  5858 30
52415.000000  5864 30
52449.000000  5873 30
52509.000000  5889 30
52521.000000  5892 30
52547.000000  5898 30
52559.000000  5902 30
52559.000000  5902 30
52637.000000  5922 30
52639.000000  5923 30
52655.000000  5927 30
52669.000000  5931 30
52669.000000  5931 30
52701.000000  5939 30
52703.000000  5940 30
52717.000000  5943 30
52735.000000  5948 30
52757.000000  5954 30
52811.000000  5968 30
52841.000000  5976 30
52873.000000  5984 30
52913.000000  5995 30
52937.000000  6001 30
52937.000000  6001 30
52995.000000  6017 30
53041.000000  6029 30
53065.000000  6035 30
53099.000000  6044 30
53115.000000  6049 30
53149.000000  6057 30
53165.000000  6062 30
53175.000000  6064 30
53231.000000  6079 30
53267.000000  6089 30
53269.000000  6089 30
53289.000000  6094 30
53345.000000  6109 30
53377.000000  6118 30
53401.000000  6124 30
53433.000000  6133 30
53457.000000  6139 30
53489.000000  6147 30
53489.000000  6147 30
53529.000000  6158 30
53589.000000  6173 30
53623.000000  6183 30
53635.000000  6186 30
53655.000000  6191 30
53657.000000  6191 30
53673.000000  6196 30
53699.000000  6203 30
53749.000000  6216 30
53761.000000  6219 30
53801.000000  6230 30
53801.000000  6230 30
53827.000000  6237 30
53887.000000  6253 30
53889.000000  6253 30
53921.000000  6261 30
53947.000000  6268 30
53979.000000  6277 30
53979.000000  6277 30
54003.000000  6283 30
54059.000000  6298 30
54075.000000  6302 30
54085.000000  6305 30
54141.000000  6319 30
54167.000000  6326 30
54169.000000  6327 30
54177.000000  6329 30
54213.000000  6339 30
54225.000000  6342 30
54241.000000  6346 30
54261.000000  6351 30
54275.000000  6355 30
54295.000000  6360 30
54321.000000  6367 30
54335.000000  6371 30
54335.000000  6371 30
54365.000000  6379 30
54381.000000  6383 30
54383.000000  6383 30
54397.000000  6387 30
54421.000000  6393 30
54435.000000  6397 30
54435.000000  6397 30
54463.000000  6405 30
54479.000000  6409 30
55833.000000  6767 30
55835.000000  6767 30
55911.000000  6787 30
55911.000000  6787 30
55911.000000  6787 30
55911.000000  6787 30
55911.000000  6787 30
55975.000000  6804 30
55977.000000  6805 30
55985.000000  6807 30
55985.000000  6807 30
56001.000000  6811 30
56003.000000  6811 30
56075.000000  6831 30
56097.000000  6836 30
56105.000000  6839 30
56163.000000  6854 30
56163.000000  6854 30
56233.000000  6872 30
56259.000000  6879 30
56295.000000  6889 30
56317.000000  6894 30
56373.000000  6909 30
56423.000000  6923 30
56423.000000  6923 30
56423.000000  6923 30
56455.000000  6931 30
56477.000000  6937 30
56479.000000  6937 30
56511.000000  6946 30
56535.000000  6952 30
56629.000000  6977 30
56659.000000  6985 30
56661.000000  6985 30
56687.000000  6992 30
56719.000000  7001 30
56721.000000  7001 30
56741.000000  7007 30
56811.000000  7025 30
56813.000000  7026 30
56841.000000  7033 30
56865.000000  7039 30
56971.000000  7067 30
57007.000000  7077 30
57057.000000  7090 30
57095.000000  7100 30
57097.000000  7101 30
57119.000000  7106 30
57153.000000  7115 30
57225.000000  7134 30
57225.000000  7134 30
57251.000000  7141 30
57321.000000  7160 30
57321.000000  7160 30
57363.000000  7171 30
57375.000000  7174 30
57429.000000  7188 30
57435.000000  7190 30
57477.000000  7201 30
57501.000000  7207 30
57533.000000  7216 30
57547.000000  7220 30
57573.000000  7226 30
57619.000000  7239 30
57637.000000  7243 30
57673.000000  7253 30
57707.000000  7262 30
57731.000000  7268 30
57765.000000  7277 30
57767.000000  7277 30
57817.000000  7291 30
57841.000000  7297 30
57877.000000  7307 30
57879.000000  7307 30
57909.000000  7315 30
57963.000000  7329 30
57987.000000  7336 30
58017.000000  7344 30
58041.000000  7350 30
58067.000000  7357 30
58083.000000  7361 30
58099.000000  7365 30
58131.000000  7374 30
58165.000000  7383 30
58181.000000  7387 30
58211.000000  7395 30
58383.000000  7440 30
58385.000000  7441 30
58415.000000  7449 30
58417.000000  7449 30
58451.000000  7458 30
58505.000000  7473 30
58507.000000  7473 30
58533.000000  7480 30
58545.000000  7483 30
58547.000000  7484 30
58569.000000  7489 30
58603.000000  7499 30
58605.000000  7499 30
58625.000000  7504 30
58645.000000  7510 30
58661.000000  7514 30
58725.000000  7531 30
58727.000000  7531 30
58757.000000  7539 30
58791.000000  7548 30
58821.000000  7556 30
58851.000000  7564 30
58899.000000  7577 30
58909.000000  7579 30
58945.000000  7589 30
58979.000000  7598 30
59011.000000  7606 30
59049.000000  7616 30
59051.000000  7617 30
59079.000000  7624 30
59141.000000  7641 30
59143.000000  7641 30
59147.000000  7642 30
59183.000000  7652 30
59185.000000  7652 30
59205.000000  7657 30
59237.000000  7666 30
59267.000000  7674 30
59301.000000  7683 30
59317.000000  7687 30
59317.000000  7687 30
59347.000000  7695 30
59349.000000  7695 30
59383.000000  7704 30
59419.000000  7714 30
59443.000000  7720 30
59489.000000  7732 30
59519.000000  7740 30
59521.000000  7741 30
59529.000000  7743 30
59551.000000  7749 30
59625.000000  7768 30
59649.000000  7775 30
59663.000000  7778 30
59695.000000  7787 30
59723.000000  7794 30
59723.000000  7794 30
59723.000000  7794 30
59753.000000  7802 30
59777.000000  7808 30
59791.000000  7812 30
59845.000000  7826 30
59873.000000  7834 30
59875.000000  7834 30
59881.000000  7836 30
59915.000000  7845 30
59941.000000  7852 30
59947.000000  7853 30
59975.000000  7861 30
59977.000000  7861 30
59993.000000  7866 30
60013.000000  7871 30
60013.000000  7871 30
60013.000000  7871 30
60043.000000  7879 30
60063.000000  7884 30
60063.000000  7884 30
60111.000000  7897 30
60137.000000  7903 30
60155.000000  7908 30
60185.000000  7916 30
60211.000000  7923 30
60255.000000  7935 30
60283.000000  7942 30
60285.000000  7943 30
60319.000000  7952 30
60321.000000  7952 30
60343.000000  7958 30
60377.000000  7967 30
60399.000000  7973 30
60455.000000  7988 30
60489.000000  7997 30
60517.000000  8004 30
60517.000000  8004 30
60517.000000  8004 30
60569.000000  8018 30
60599.000000  8026 30
60695.000000  8051 30
60721.000000  8058 30
60737.000000  8062 30
60769.000000  8070 30
60805.000000  8080 30
60839.000000  8089 30
60895.000000  8104 30
60911.000000  8108 30
60933.000000  8114 30
60933.000000  8114 30
60947.000000  8118 30
60981.000000  8127 30
60983.000000  8127 30
61003.000000  8132 30
61035.000000  8141 30
61059.000000  8147 30
61073.000000  8151 30
61097.000000  8157 30
61129.000000  8165 30
61161.000000  8174 30
61163.000000  8175 30
61211.000000  8187 30
61213.000000  8188 30
61221.000000  8190 30
61221.000000  8190 30
61259.000000  8200 30
61275.000000  8204 30
61303.000000  8212 30
61303.000000  8212 30
61319.000000  8216 30
61335.000000  8220 30
61367.000000  8229 30
61415.000000  8241 30
61433.000000  8246 30
61451.000000  8251 30
61483.000000  8259 30
61491.000000  8261 30
61513.000000  8267 30
61545.000000  8275 30
61567.000000  8281 30
61569.000000  8282 30
61603.000000  8291 30
61605.000000  8291 30
61625.000000  8297 30
61681.000000  8311 30
61695.000000  8315 30
61729.000000  8324 30
61731.000000  8325 30
61751.000000  8330 30
61783.000000  8338 30
61811.000000  8346 30
61813.000000  8346 30
61855.000000  8357 30
61857.000000  8358 30
61867.000000  8361 30
61891.000000  8367 30
62005.000000  8397 30
62007.000000  8398 30
62023.000000  8402 30
62053.000000  8410 30
62091.000000  8420 30
62139.000000  8432 30
62205.000000  8450 30
62207.000000  8450 30
62209.000000  8451 30
62267.000000  8466 30
62269.000000  8467 30
62279.000000  8469 30
62301.000000  8475 30
62333.000000  8484 30
62363.000000  8492 30
62369.000000  8493 30
62427.000000  8508 30
62429.000000  8509 30
62497.000000  8527 30
62551.000000  8541 30
62643.000000  8566 30
62651.000000  8568 30
62727.000000  8588 30
62743.000000  8592 30
62743.000000  8592 30
62763.000000  8597 30
62777.000000  8601 30
62821.000000  8612 30
62853.000000  8621 30
62875.000000  8627 30
62885.000000  8629 30
62951.000000  8647 30
63007.000000  8662 30
63063.000000  8677 30
63063.000000  8677 30
63123.000000  8692 30
63135.000000  8695 30
63151.000000  8699 30
63241.000000  8723 30
63243.000000  8724 30
63265.000000  8730 30
63291.000000  8737 30
63339.000000  8749 30
63353.000000  8753 30
63353.000000  8753 30
63371.000000  8758 30
63387.000000  8762 30
63409.000000  8768 30
63427.000000  8773 30
63439.000000  8776 30
63439.000000  8776 30
63463.000000  8782 30
63463.000000  8782 30
63475.000000  8785 30
63507.000000  8794 30
63561.000000  8808 30
63615.000000  8822 30
63637.000000  8828 30
63639.000000  8829 30
63693.000000  8843 30
63695.000000  8843 30
63703.000000  8845 30
63733.000000  8853 30
63757.000000  8860 30
63807.000000  8873 30
63827.000000  8878 30
63857.000000  8886 30
63887.000000  8894 30
63903.000000  8898 30
63917.000000  8902 30
63941.000000  8908 30
63955.000000  8912 30
63981.000000  8919 30
63991.000000  8922 30
64011.000000  8927 30
64039.000000  8934 30
64065.000000  8941 30
64079.000000  8945 30
64103.000000  8951 30
64135.000000  8959 30
64165.000000  8967 30
64179.000000  8971 30
64191.000000  8974 30
64249.000000  8990 30
64273.000000  8996 30
64281.000000  8998 30
64317.000000  9008 30
64319.000000  9008 30
64395.000000  9028 30
64397.000000  9029 30
64413.000000  9033 30
64429.000000  9037 30
64467.000000  9047 30
64483.000000  9051 30
64499.000000  9056 30
64531.000000  9064 30
64551.000000  9069 30
64577.000000  9076 30
64591.000000  9080 30
64607.000000  9084 30
64627.000000  9090 30
64647.000000  9095 30
64667.000000  9100 30
64703.000000  9110 30
64735.000000  9118 30
64735.000000  9118 30
64759.000000  9125 30
64793.000000  9133 30
64815.000000  9139 30
64831.000000  9143 30
64849.000000  9148 30
64873.000000  9155 30
64929.000000  9169 30
64965.000000  9179 30
64967.000000  9179 30
65039.000000  9198 30
65085.000000  9211 30
65103.000000  9215 30
65103.000000  9215 30
65119.000000  9219 30
65139.000000  9225 30
65163.000000  9231 30
65163.000000  9231 30
65183.000000  9236 30
65183.000000  9236 30
65209.000000  9243 30
65225.000000  9247 30
65241.000000  9252 30
65269.000000  9259 30
65287.000000  9264 30
65301.000000  9267 30
65301.000000  9267 30
65319.000000  9272 30
65347.000000  9280 30
65361.000000  9284 30
65391.000000  9291 30
65393.000000  9292 30
65425.000000  9300 30
65427.000000  9301 30
65447.000000  9306 30
65457.000000  9309 30
65513.000000  9323 30
65521.000000  9326 30
65573.000000  9339 30
65579.000000  9341 30
65591.000000  9344 30
65627.000000  9354 30
65661.000000  9363 30
65687.000000  9369 30
65711.000000  9376 30
65731.000000  9381 30
65745.000000  9385 30
65747.000000  9385 30
65771.000000  9392 30
65797.000000  9399 30
65811.000000  9402 30
65811.000000  9402 30
65901.000000  9426 30
65917.000000  9430 30
65947.000000  9438 30
65997.000000  9451 30
66013.000000  9456 30
66019.000000  9457 30
66045.000000  9464 30
66047.000000  9465 30
66097.000000  9478 30
66121.000000  9484 30
66153.000000  9493 30
66183.000000  9500 30
66185.000000  9501 30
66191.000000  9503 30
66223.000000  9511 30
66247.000000  9517 30
66279.000000  9526 30
66307.000000  9533 30
66353.000000  9545 30
66355.000000  9546 30
66387.000000  9554 30
66391.000000  9555 30
66413.000000  9561 30
66413.000000  9561 30
66423.000000  9564 30
66449.000000  9571 30
66497.000000  9583 30
66517.000000  9589 30
66531.000000  9592 30
66547.000000  9597 30
66577.000000  9604 30
66593.000000  9609 30
66619.000000  9616 30
66655.000000  9625 30
66683.000000  9633 30
66685.000000  9633 30
66715.000000  9641 30
66717.000000  9642 30
66737.000000  9647 30
66751.000000  9651 30
66753.000000  9651 30
66767.000000  9655 30
66793.000000  9662 30
66827.000000  9671 30
66855.000000  9678 30
66857.000000  9678 30
66891.000000  9687 30
66893.000000  9688 30
66913.000000  9693 30
66929.000000  9697 30
66939.000000  9700 30
66981.000000  9711 30
67011.000000  9719 30
67103.000000  9743 30
67123.000000  9749 30
67169.000000  9761 30
67201.000000  9769 30
67233.000000  9778 30
67253.000000  9783 30
67255.000000  9783 30
67323.000000  9801 30
67325.000000  9802 30
67341.000000  9806 30
67353.000000  9810 30
67375.000000  9815 30
67391.000000  9820 30
67423.000000  9828 30
67445.000000  9834 30
67481.000000  9843 30
67483.000000  9844 30
67503.000000  9849 30
67537.000000  9858 30
67539.000000  9859 30
67559.000000  9864 30
67591.000000  9872 30
67637.000000  9884 30
67637.000000  9884 30
67669.000000  9893 30
67721.000000  9907 30
67751.000000  9915 30
67773.000000  9920 30
67773.000000  9920 30
67801.000000  9928 30
67829.000000  9935 30
67829.000000  9935 30
67855.000000  9942 30
67855.000000  9942 30
67873.000000  9947 30
67897.000000  9953 30
67961.000000  9970 30
67993.000000  9979 30
68067.000000  9998 30
68067.000000  9998 30
68103.000000  10008 30
68127.000000  10014 30
68159.000000  10022 30
68183.000000  10029 30
68215.000000  10037 30
68215.000000  10037 30
68247.000000  10045 30
68249.000000  10046 30
68265.000000  10050 30
68283.000000  10055 30
68283.000000  10055 30
68307.000000  10061 30
68325.000000  10066 30
68351.000000  10073 30
68361.000000  10076 30
68389.000000  10083 30
68405.000000  10087 30
68423.000000  10092 30
68423.000000  10092 30
68443.000000  10097 30
68453.000000  10100 30
68461.000000  10102 30
68485.000000  10108 30
68497.000000  10112 30
68505.000000  10114 30
68537.000000  10122 30
68539.000000  10123 30
68551.000000  10126 30
68575.000000  10132 30
68629.000000  10146 30
68659.000000  10154 30
68661.000000  10155 30
68663.000000  10155 30
68695.000000  10164 30
68697.000000  10164 30
68717.000000  10170 30
68731.000000  10173 30
68753.000000  10179 30
68785.000000  10188 30
68785.000000  10188 30
68811.000000  10195 30
68845.000000  10203 30
68847.000000  10204 30
68879.000000  10213 30
68917.000000  10222 30
68931.000000  10226 30
68979.000000  10239 30
69003.000000  10245 30
69033.000000  10253 30
69033.000000  10253 30
69067.000000  10262 30
69113.000000  10274 30
69129.000000  10279 30
69153.000000  10285 30
69177.000000  10291 30
69193.000000  10295 30
69201.000000  10297 30
69235.000000  10306 30
69237.000000  10307 30
69265.000000  10314 30
69267.000000  10315 30
69297.000000  10323 30
69327.000000  10331 30
69329.000000  10331 30
69341.000000  10334 30
69361.000000  10340 30
69375.000000  10343 30
69391.000000  10348 30
69451.000000  10364 30
69453.000000  10364 30
69473.000000  10369 30
69475.000000  10370 30
69505.000000  10378 30
69505.000000  10378 30
69505.000000  10378 30
69505.000000  10378 30
69573.000000  10396 30
69597.000000  10402 30
69643.000000  10414 30
69671.000000  10421 30
69721.000000  10435 30
69723.000000  10435 30
69747.000000  10442 30
69795.000000  10455 30
69825.000000  10462 30
69857.000000  10471 30
69881.000000  10477 30
69937.000000  10492 30
69951.000000  10495 30
69977.000000  10502 30
70047.000000  10521 30
70061.000000  10525 30
70115.000000  10539 30
70117.000000  10539 30
70139.000000  10545 30
70215.000000  10565 30
70231.000000  10570 30
70289.000000  10585 30
70317.000000  10592 30
70333.000000  10596 30
70353.000000  10602 30
70353.000000  10602 30
70377.000000  10608 30
70391.000000  10612 30
70413.000000  10618 30
70413.000000  10618 30
70449.000000  10627 30
70467.000000  10632 30
70499.000000  10640 30
70529.000000  10648 30
70531.000000  10649 30
70561.000000  10657 30
70563.000000  10657 30
70635.000000  10676 30
70669.000000  10685 30
70693.000000  10691 30
70729.000000  10701 30
70731.000000  10702 30
70753.000000  10707 30
70753.000000  10707 30
70753.000000  10707 30
70783.000000  10715 30
70815.000000  10724 30
70817.000000  10725 30
70819.000000  10725 30
70829.000000  10728 30
70855.000000  10734 30
70873.000000  10739 30
70899.000000  10746 30
70909.000000  10749 30
70933.000000  10755 30
70935.000000  10755 30
70949.000000  10759 30
70977.000000  10767 30
71027.000000  10780 30
71027.000000  10780 30
71027.000000  10780 30
71051.000000  10786 30
71067.000000  10790 30
71083.000000  10795 30
71097.000000  10798 30
71113.000000  10803 30
71115.000000  10803 30
71171.000000  10818 30
71173.000000  10819 30
71179.000000  10820 30
71201.000000  10826 30
71201.000000  10826 30
71201.000000  10826 30
71255.000000  10840 30
71255.000000  10840 30
71255.000000  10840 30
71279.000000  10846 30
71333.000000  10861 30
71335.000000  10861 30
71347.000000  10864 30
71371.000000  10871 30
71429.000000  10886 30
71457.000000  10893 30
71507.000000  10907 30
71509.000000  10907 30
71541.000000  10916 30
71549.000000  10918 30
71577.000000  10925 30
71595.000000  10930 30
71605.000000  10933 30
71629.000000  10939 30
71645.000000  10943 30
71673.000000  10950 30
71675.000000  10951 30
71721.000000  10963 30
71733.000000  10966 30
71753.000000  10971 30
71785.000000  10980 30
71787.000000  10981 30
71817.000000  10989 30
71819.000000  10989 30
71839.000000  10994 30
71847.000000  10997 30
71849.000000  10997 30
71879.000000  11005 30
72879.000000  11269 30
72887.000000  11271 30
72947.000000  11287 30
72977.000000  11295 30
72999.000000  11301 30
73015.000000  11305 30
73033.000000  11310 30
73035.000000  11310 30
73041.000000  11312 30
73041.000000  11312 30
73063.000000  11318 30
73073.000000  11320 30
73105.000000  11329 30
73133.000000  11336 30
73133.000000  11336 30
73133.000000  11336 30
73195.000000  11353 30
73197.000000  11353 30
73201.000000  11354 30
73213.000000  11357 30
73231.000000  11362 30
73245.000000  11366 30
73279.000000  11375 30
73281.000000  11375 30
73307.000000  11382 30
73375.000000  11400 30
73377.000000  11401 30
73379.000000  11401 30
73385.000000  11403 30
73411.000000  11410 30
73443.000000  11418 30
73451.000000  11420 30
73453.000000  11421 30
73473.000000  11426 30
73503.000000  11434 30
73527.000000  11441 30
73537.000000  11443 30
73557.000000  11448 30
73585.000000  11456 30
73607.000000  11462 30
73623.000000  11466 30
73671.000000  11478 30
73733.000000  11495 30
73785.000000  11509 30
73847.000000  11525 30
73879.000000  11533 30
73903.000000  11540 30
73959.000000  11555 30
73967.000000  11557 30
73969.000000  11557 30
73983.000000  11561 30
73995.000000  11564 30
74061.000000  11581 30
74097.000000  11591 30
74143.000000  11603 30
74181.000000  11613 30
74221.000000  11624 30
74247.000000  11631 30
74269.000000  11637 30
74317.000000  11649 30
74375.000000  11664 30
74433.000000  11680 30
74489.000000  11695 30
74551.000000  11711 30
74553.000000  11711 30
74569.000000  11716 30
74597.000000  11723 30
74621.000000  11729 30
74669.000000  11742 30
74681.000000  11745 30
74701.000000  11750 30
74737.000000  11760 30
74751.000000  11764 30
74769.000000  11768 30
74777.000000  11771 30
74795.000000  11775 30
74811.000000  11779 30
74827.000000  11784 30
74853.000000  11791 30
74861.000000  11793 30
74905.000000  11805 30
74929.000000  11811 30
74943.000000  11814 30
74959.000000  11819 30
74959.000000  11819 30
75031.000000  11837 30
75033.000000  11838 30
75065.000000  11847 30
75087.000000  11852 30
75143.000000  11867 30
75201.000000  11883 30
75259.000000  11898 30
75309.000000  11911 30
75371.000000  11927 30
75399.000000  11935 30
75425.000000  11942 30
75467.000000  11953 30
75469.000000  11953 30
75485.000000  11957 30
75501.000000  11962 30
75523.000000  11968 30
75549.000000  11975 30
75549.000000  11975 30
75561.000000  11978 30
75593.000000  11986 30
75629.000000  11996 30
75631.000000  11996 30
75651.000000  12001 30
75685.000000  12011 30
75685.000000  12011 30
75709.000000  12017 30
75719.000000  12019 30
75775.000000  12034 30
75785.000000  12037 30
75817.000000  12045 30
75843.000000  12052 30
75843.000000  12052 30
76009.000000  12096 30
76025.000000  12100 30
76041.000000  12104 30
76069.000000  12112 30
76069.000000  12112 30
76135.000000  12129 30
76171.000000  12139 30
76205.000000  12148 30
76207.000000  12148 30
76237.000000  12156 30
76269.000000  12165 30
76321.000000  12179 30
76321.000000  12179 30
76375.000000  12193 30
76399.000000  12199 30
76431.000000  12207 30
76431.000000  12207 30
76485.000000  12222 30
76509.000000  12228 30
76543.000000  12237 30
76613.000000  12256 30
76637.000000  12262 30
76667.000000  12270 30
76679.000000  12273 30
76727.000000  12286 30
76729.000000  12286 30
76745.000000  12290 30
76761.000000  12295 30
76795.000000  12303 30
76811.000000  12308 30
76863.000000  12321 30
76863.000000  12321 30
76899.000000  12331 30
76923.000000  12337 30
76937.000000  12341 30
76967.000000  12349 30
76991.000000  12355 30
77001.000000  12358 30
77023.000000  12364 30
77065.000000  12375 30
77141.000000  12395 30
77175.000000  12404 30
77201.000000  12411 30
77211.000000  12413 30
77237.000000  12420 30
77285.000000  12433 30
77321.000000  12443 30
77357.000000  12452 30
77387.000000  12460 30
77417.000000  12468 30
77447.000000  12476 30
77479.000000  12484 30
77497.000000  12489 30
77537.000000  12500 30
77539.000000  12500 30
77589.000000  12513 30
77617.000000  12521 30
77651.000000  12530 30
77679.000000  12537 30
77681.000000  12538 30
77695.000000  12541 30
77717.000000  12547 30
77731.000000  12551 30
77731.000000  12551 30
77871.000000  12588 30
77873.000000  12588 30
77881.000000  12590 30
77881.000000  12590 30
77899.000000  12595 30
77919.000000  12601 30
77947.000000  12608 30
77971.000000  12614 30
77991.000000  12620 30
78047.000000  12634 30
78109.000000  12651 30
78133.000000  12657 30
78145.000000  12660 30
78161.000000  12664 30
78187.000000  12671 30
78241.000000  12686 30
78241.000000  12686 30
78269.000000  12693 30
78303.000000  12702 30
78329.000000  12709 30
78385.000000  12724 30
78399.000000  12727 30
78423.000000  12734 30
78457.000000  12743 30
78459.000000  12743 30
78495.000000  12753 30
78523.000000  12760 30
78549.000000  12767 30
78549.000000  12767 30
78577.000000  12774 30
78583.000000  12776 30
78583.000000  12776 30
78607.000000  12782 30
78633.000000  12789 30
78681.000000  12802 30
78723.000000  12813 30
78749.000000  12820 30
78749.000000  12820 30
78773.000000  12826 30
78817.000000  12838 30
78845.000000  12845 30
78847.000000  12846 30
78879.000000  12854 30
78907.000000  12862 30
78921.000000  12865 30
78955.000000  12874 30
78979.000000  12881 30
78991.000000  12884 30
79025.000000  12893 30
79027.000000  12893 30
79047.000000  12899 30
79079.000000  12907 30
79107.000000  12914 30
79109.000000  12915 30
79133.000000  12921 30
79179.000000  12933 30
79197.000000  12938 30
79233.000000  12947 30
79259.000000  12955 30
79291.000000  12963 30
79313.000000  12969 30
79345.000000  12977 30
79355.000000  12980 30
79379.000000  12986 30
79393.000000  12990 30
79393.000000  12990 30
79417.000000  12996 30
79457.000000  13007 30
79717.000000  13076 30
79725.000000  13078 30
79743.000000  13082 30
79765.000000  13088 30
79811.000000  13100 30
79873.000000  13117 30
79873.000000  13117 30
79905.000000  13125 30
79925.000000  13130 30
79947.000000  13136 30
79957.000000  13139 30
79977.000000  13144 30
79995.000000  13149 30
80005.000000  13152 30
80027.000000  13157 30
80033.000000  13159 30
80055.000000  13165 30
80075.000000  13170 30
80107.000000  13179 30
80107.000000  13179 30
80125.000000  13183 30
80155.000000  13191 30
80157.000000  13192 30
80171.000000  13195 30
80173.000000  13196 30
80227.000000  13210 30
80229.000000  13211 30
80249.000000  13216 30
80251.000000  13217 30
80305.000000  13231 30
80341.000000  13240 30
80343.000000  13241 30
80363.000000  13246 30
80401.000000  13256 30
80415.000000  13260 30
80437.000000  13266 30
80477.000000  13276 30
80477.000000  13276 30
80511.000000  13285 30
80513.000000  13286 30
80529.000000  13290 30
80545.000000  13294 30
80557.000000  13297 30
80603.000000  13309 30
80603.000000  13309 30
80641.000000  13319 30
80663.000000  13325 30
80683.000000  13331 30
80709.000000  13338 30
80763.000000  13352 30
80799.000000  13361 30
80801.000000  13362 30
80827.000000  13369 30
80827.000000  13369 30
80845.000000  13373 30
80855.000000  13376 30
80879.000000  13382 30
80893.000000  13386 30
80893.000000  13386 30
80909.000000  13390 30
80929.000000  13395 30
80929.000000  13395 30
80929.000000  13395 30
80929.000000  13395 30
80993.000000  13413 30
81027.000000  13421 30
81049.000000  13427 30
81067.000000  13432 30
81081.000000  13436 30
81097.000000  13440 30
81111.000000  13444 30
81127.000000  13448 30
81223.000000  13473 30
81231.000000  13475 30
81323.000000  13500 30
81323.000000  13500 30
81351.000000  13507 30
81383.000000  13515 30
81437.000000  13530 30
81465.000000  13537 30
81467.000000  13538 30
81521.000000  13552 30
81557.000000  13561 30
81559.000000  13562 30
81637.000000  13583 30
81645.000000  13585 30
81665.000000  13590 30
81715.000000  13603 30
81737.000000  13609 30
81769.000000  13617 30
81769.000000  13617 30
81817.000000  13630 30
81843.000000  13637 30
81861.000000  13642 30
81887.000000  13649 30
81899.000000  13652 30
81927.000000  13659 30
81941.000000  13663 30
81985.000000  13675 30
82001.000000  13679 30
82017.000000  13683 30
82023.000000  13685 30
82047.000000  13691 30
82111.000000  13708 30
82167.000000  13723 30
82181.000000  13726 30
82209.000000  13733 30
82239.000000  13741 30
82263.000000  13748 30
82269.000000  13749 30
82301.000000  13758 30
82301.000000  13758 30
82327.000000  13765 30
82383.000000  13780 30
82383.000000  13780 30
82383.000000  13780 30
82383.000000  13780 30
82423.000000  13790 30
82431.000000  13793 30
82451.000000  13798 30
82461.000000  13800 30
82489.000000  13808 30
82545.000000  13822 30
82585.000000  13833 30
82597.000000  13836 30
82619.000000  13842 30
82619.000000  13842 30
82655.000000  13851 30
82679.000000  13858 30
82693.000000  13861 30
82729.000000  13871 30
82731.000000  13872 30
82761.000000  13879 30
82761.000000  13879 30
82795.000000  13889 30
82809.000000  13892 30
82843.000000  13901 30
82879.000000  13911 30
82911.000000  13919 30
82913.000000  13919 30
82943.000000  13927 30
82959.000000  13932 30
82969.000000  13934 30
82969.000000  13934 30
83017.000000  13947 30
83057.000000  13958 30
83087.000000  13966 30
83101.000000  13969 30
83123.000000  13975 30
83141.000000  13980 30
83169.000000  13987 30
83169.000000  13987 30
83169.000000  13987 30
83169.000000  13987 30
83231.000000  14003 30
83249.000000  14008 30
83265.000000  14013 30
83279.000000  14016 30
83279.000000  14016 30
83329.000000  14029 30
83427.000000  14055 30
83429.000000  14056 30
83461.000000  14064 30
83483.000000  14070 30
83497.000000  14074 30
83531.000000  14083 30
83533.000000  14083 30
83731.000000  14136 30
83733.000000  14136 30
83753.000000  14141 30
83777.000000  14148 30
83829.000000  14162 30
83879.000000  14175 30
83917.000000  14185 30
83931.000000  14188 30
83955.000000  14195 30
83969.000000  14199 30
84003.000000  14207 30
84005.000000  14208 30
84025.000000  14213 30
84057.000000  14222 30
84091.000000  14231 30
84093.000000  14231 30
84095.000000  14232 30
84107.000000  14235 30
84133.000000  14242 30
84193.000000  14258 30
84195.000000  14258 30
84223.000000  14265 30
84249.000000  14272 30
84249.000000  14272 30
84249.000000  14272 30
84249.000000  14272 30
84309.000000  14288 30
84311.000000  14289 30
84313.000000  14289 30
84333.000000  14295 30
84347.000000  14298 30
84347.000000  14298 30
84377.000000  14306 30
84391.000000  14310 30
84409.000000  14315 30
84411.000000  14315 30
84437.000000  14322 30
84465.000000  14329 30
84473.000000  14332 30
84495.000000  14337 30
84505.000000  14340 30
84535.000000  14348 30
84735.000000  14401 30
84737.000000  14401 30
84751.000000  14405 30
84773.000000  14411 30
84787.000000  14415 30
84817.000000  14423 30
84825.000000  14425 30
84859.000000  14434 30
84889.000000  14441 30
84907.000000  14446 30
84921.000000  14450 30
84939.000000  14455 30
84945.000000  14456 30
84973.000000  14464 30
84999.000000  14471 30
85033.000000  14479 30
85063.000000  14487 30
85097.000000  14497 30
85123.000000  14503 30
85133.000000  14506 30
85147.000000  14510 30
85163.000000  14514 30
85219.000000  14529 30
85219.000000  14529 30
85255.000000  14538 30
85257.000000  14539 30
85277.000000  14544 30
85309.000000  14552 30
85339.000000  14560 30
85373.000000  14569 30
85427.000000  14584 30
85481.000000  14598 30
85505.000000  14604 30
85555.000000  14617 30
85595.000000  14628 30
85597.000000  14628 30
85617.000000  14634 30
85673.000000  14648 30
85673.000000  14648 30
85699.000000  14655 30
85733.000000  14664 30
85741.000000  14667 30
85759.000000  14671 30
85759.000000  14671 30
85807.000000  14684 30
85833.000000  14691 30
85863.000000  14699 30
85879.000000  14703 30
85893.000000  14707 30
85921.000000  14714 30
85953.000000  14722 30
85977.000000  14729 30
86009.000000  14737 30
86035.000000  14744 30
86049.000000  14748 30
86109.000000  14764 30
86141.000000  14772 30
86143.000000  14773 30
86183.000000  14783 30
86217.000000  14792 30
86233.000000  14797 30
86265.000000  14805 30
86291.000000  14812 30
86317.000000  14819 30
86339.000000  14824 30
86361.000000  14830 30
86387.000000  14837 30
86415.000000  14845 30
86441.000000  14851 30
86465.000000  14858 30
86473.000000  14860 30
86475.000000  14861 30
86511.000000  14870 30
86513.000000  14871 30
86541.000000  14878 30
86543.000000  14879 30
86567.000000  14885 30
86567.000000  14885 30
86595.000000  14892 30
86629.000000  14901 30
86657.000000  14908 30
86659.000000  14909 30
86685.000000  14916 30
86715.000000  14924 30
86717.000000  14924 30
86729.000000  14927 30
86747.000000  14932 30
86761.000000  14936 30
86783.000000  14942 30
86817.000000  14951 30
86837.000000  14956 30
86857.000000  14961 30
86933.000000  14981 30
86933.000000  14981 30
86957.000000  14988 30
86967.000000  14990 30
86999.000000  14999 30
87037.000000  15009 30
87089.000000  15023 30
87091.000000  15023 30
87145.000000  15037 30
87147.000000  15038 30
87175.000000  15045 30
87207.000000  15054 30
87239.000000  15062 30
87269.000000  15070 30
87271.000000  15071 30
87275.000000  15072 30
87297.000000  15077 30
87299.000000  15078 30
87345.000000  15090 30
87397.000000  15104 30
87399.000000  15104 30
87427.000000  15112 30
87429.000000  15112 30
87473.000000  15124 30
87501.000000  15131 30
87511.000000  15134 30
87535.000000  15141 30
87551.000000  15145 30
87611.000000  15161 30
87641.000000  15168 30
87643.000000  15169 30
87651.000000  15171 30
87703.000000  15185 30
87749.000000  15197 30
87811.000000  15213 30
87813.000000  15214 30
87823.000000  15217 30
87857.000000  15226 30
87879.000000  15231 30
87879.000000  15231 30
87891.000000  15235 30
87921.000000  15242 30
87945.000000  15249 30
87945.000000  15249 30
87977.000000  15257 30
87979.000000  15258 30
88011.000000  15266 30
88017.000000  15268 30
88019.000000  15268 30
88033.000000  15272 30
88057.000000  15278 30
88057.000000  15278 30
88057.000000  15278 30
88079.000000  15284 30
88079.000000  15284 30
88093.000000  15288 30
88117.000000  15294 30
88117.000000  15294 30
88145.000000  15302 30
88155.000000  15304 30
88167.000000  15307 30
88181.000000  15311 30
88205.000000  15317 30
88219.000000  15321 30
88219.000000  15321 30
88231.000000  15324 30
88255.000000  15331 30
88255.000000  15331 30
88263.000000  15333 30
89111.000000  15557 30
89113.000000  15557 30
89145.000000  15566 30
89173.000000  15573 30
89175.000000  15574 30
89229.000000  15588 30
89229.000000  15588 30
89229.000000  15588 30
89259.000000  15596 30
89289.000000  15604 30
89291.000000  15604 30
89345.000000  15619 30
89363.000000  15623 30
89379.000000  15627 30
89379.000000  15627 30
89395.000000  15632 30
89427.000000  15640 30
89435.000000  15642 30
89457.000000  15648 30
89467.000000  15651 30
89485.000000  15655 30
89485.000000  15655 30
89501.000000  15660 30
89521.000000  15665 30
89537.000000  15669 30
89555.000000  15674 30
89555.000000  15674 30
89619.000000  15691 30
89647.000000  15698 30
89677.000000  15706 30
89709.000000  15715 30
89763.000000  15729 30
89787.000000  15735 30
89843.000000  15750 30
89875.000000  15759 30
89899.000000  15765 30
89955.000000  15780 30
89989.000000  15789 30
90017.000000  15796 30
90017.000000  15796 30
90039.000000  -1 30
90039.000000  -1 30
90087.000000  15814 30
90119.000000  15823 30
90119.000000  15823 30
90153.000000  15832 30
90205.000000  15846 30
90239.000000  15855 30
90287.000000  15867 30
90295.000000  15869 30
90315.000000  15875 30
90315.000000  15875 30
90349.000000  15884 30
90381.000000  15892 30
90417.000000  15902 30
90443.000000  15909 30
90477.000000  15917 30
90499.000000  15923 30
90499.000000  15923 30
90533.000000  15932 30
90557.000000  15939 30
90589.000000  15947 30
90619.000000  15955 30
90621.000000  15956 30
90637.000000  15960 30
90673.000000  15969 30
90705.000000  15978 30
90713.000000  15980 30
90713.000000  15980 30
90713.000000  15980 30
90713.000000  15980 30
90713.000000  15980 30
90789.000000  16000 30
90789.000000  16000 30
90853.000000  16017 30
90853.000000  16017 30
90903.000000  16030 30
90903.000000  16030 30
90921.000000  16035 30
90937.000000  16039 30
90951.000000  16043 30
90985.000000  16052 30
90987.000000  16052 30
91013.000000  16059 30
91013.000000  16059 30
91013.000000  16059 30
91033.000000  16064 30
91087.000000  16079 30
91089.000000  16079 30
91099.000000  16082 30
91115.000000  16086 30
91165.000000  16099 30
91195.000000  16107 30
91197.000000  16108 30
91225.000000  16115 30
91227.000000  16116 30
91247.000000  16121 30
91279.000000  16129 30
91325.000000  16142 30
91337.000000  16145 30
91363.000000  16152 30
91377.000000  16155 30
91377.000000  16155 30
91405.000000  16163 30
91413.000000  16165 30
91421.000000  16167 30
91443.000000  16173 30
91467.000000  16179 30
91515.000000  16192 30
91539.000000  16198 30
91541.000000  16199 30
91591.000000  16212 30
91649.000000  16227 30
91681.000000  16236 30
91681.000000  16236 30
91709.000000  16243 30
91711.000000  16244 30
91745.000000  16252 30
91775.000000  16260 30
91789.000000  16264 30
91791.000000  16265 30
91803.000000  16268 30
91803.000000  16268 30
91843.000000  16278 30
91843.000000  16278 30
91903.000000  16294 30
91935.000000  16303 30
91975.000000  16313 30
91975.000000  16313 30
91989.000000  16317 30
92009.000000  16322 30
92011.000000  16323 30
92057.000000  16335 30
92059.000000  16335 30
92085.000000  16342 30
92101.000000  16346 30
92131.000000  16354 30
92139.000000  16357 30
92159.000000  16362 30
92189.000000  16370 30
92239.000000  16383 30
92255.000000  16387 30
92255.000000  16387 30
92267.000000  16391 30
92341.000000  16410 30
92355.000000  16414 30
92355.000000  16414 30
92389.000000  16423 30
92445.000000  16437 30
92447.000000  16438 30
92467.000000  16443 30
92487.000000  16448 30
92509.000000  16454 30
92511.000000  16455 30
92543.000000  16463 30
92621.000000  16484 30
92651.000000  16492 30
92681.000000  16500 30
92707.000000  16507 30
92737.000000  16515 30
92751.000000  16518 30
92767.000000  16522 30
92777.000000  16525 30
92805.000000  16532 30
92805.000000  16532 30
92829.000000  16539 30
92831.000000  16539 30
92853.000000  16545 30
92867.000000  16549 30
92867.000000  16549 30
92903.000000  16558 30
92905.000000  16559 30
92955.000000  16572 30
92989.000000  16581 30
93023.000000  16590 30
93049.000000  16597 30
93085.000000  16606 30
93087.000000  16607 30
93119.000000  16615 30
93173.000000  16630 30
93175.000000  16630 30
93207.000000  16639 30
93235.000000  16646 30
93279.000000  16658 30
93311.000000  16666 30
93333.000000  16672 30
93343.000000  16675 30
93363.000000  16680 30
93393.000000  16688 30
93425.000000  16696 30
93461.000000  16706 30
93479.000000  16710 30
93515.000000  16720 30
93547.000000  16728 30
93601.000000  16743 30
93625.000000  16749 30
93625.000000  16749 30
93659.000000  16758 30
93711.000000  16772 30
93713.000000  16772 30
93743.000000  16780 30
93751.000000  16782 30
93807.000000  16797 30
93823.000000  16801 30
93841.000000  16806 30
93861.000000  16811 30
93863.000000  16812 30
93883.000000  16817 30
93907.000000  16823 30
93923.000000  16828 30
93949.000000  16835 30
93997.000000  16847 30
94017.000000  16853 30
94031.000000  16856 30
94051.000000  16862 30
94073.000000  16867 30
94091.000000  16872 30
94105.000000  16876 30
94117.000000  16879 30
94133.000000  16883 30
94155.000000  16889 30
94157.000000  16889 30
94179.000000  16895 30
94193.000000  16899 30
94227.000000  16908 30
94229.000000  16909 30
94257.000000  16916 30
94269.000000  16919 30
94283.000000  16923 30
94337.000000  16937 30
94337.000000  16937 30
94337.000000  16937 30
94361.000000  16943 30
94375.000000  16947 30
94407.000000  16956 30
94441.000000  16965 30
94489.000000  16977 30
94517.000000  16985 30
94539.000000  16990 30
94559.000000  16996 30
94561.000000  16996 30
94621.000000  17012 30
94647.000000  17019 30
94661.000000  17023 30
94677.000000  17027 30
94701.000000  17033 30
94709.000000  17035 30
94753.000000  17047 30
94753.000000  17047 30
94765.000000  17050 30
94785.000000  17055 30
94785.000000  17055 30
94801.000000  17060 30
94815.000000  17063 30
94841.000000  17070 30
94871.000000  17078 30
94873.000000  17079 30
94877.000000  17080 30
94899.000000  17085 30
94923.000000  17092 30
94937.000000  17095 30
94961.000000  17102 30
94995.000000  17111 30
95049.000000  17125 30
95079.000000  17133 30
95081.000000  17134 30
95107.000000  17140 30
95143.000000  17150 30
95175.000000  17158 30
95197.000000  17164 30
95199.000000  17165 30
95233.000000  17174 30
95247.000000  17177 30
95265.000000  17182 30
95313.000000  17195 30
95325.000000  17198 30
95341.000000  17202 30
95457.000000  17233 30
95495.000000  17243 30
95497.000000  17243 30
95547.000000  17257 30
95547.000000  17257 30
95601.000000  17271 30
95655.000000  17285 30
95679.000000  17291 30
95711.000000  17300 30
95713.000000  17301 30
95735.000000  17306 30
95771.000000  17316 30
95827.000000  17330 30
95855.000000  17338 30
95855.000000  17338 30
95905.000000  17351 30
95919.000000  17355 30
95945.000000  17362 30
95945.000000  17362 30
95969.000000  17368 30
95977.000000  17370 30
95997.000000  17375 30
95997.000000  17375 30
96007.000000  17378 30
96023.000000  17382 30
96045.000000  17388 30
96045.000000  17388 30
96045.000000  17388 30
96065.000000  17393 30
96101.000000  17403 30
96111.000000  17406 30
96145.000000  17415 30
96175.000000  17422 30
96177.000000  17423 30
96203.000000  17430 30
96237.000000  17439 30
96251.000000  17443 30
96253.000000  17443 30
96307.000000  17457 30
96309.000000  17458 30
96329.000000  17463 30
96363.000000  17472 30
96363.000000  17472 30
96363.000000  17472 30
96399.000000  17482 30
96441.000000  17493 30
96471.000000  17501 30
96491.000000  17506 30
96539.000000  17519 30
96561.000000  17524 30
96595.000000  17533 30
96643.000000  17546 30
96643.000000  17546 30
96669.000000  17553 30
96701.000000  17561 30
96715.000000  17565 30
96739.000000  17571 30
96771.000000  17580 30
96773.000000  17580 30
96827.000000  17595 30
96829.000000  17595 30
96849.000000  17600 30
96863.000000  17604 30
96895.000000  17613 30
96929.000000  17621 30
96967.000000  17632 30
97021.000000  17646 30
97039.000000  17651 30
97041.000000  17651 30
97077.000000  17661 30
97105.000000  17668 30
97125.000000  17673 30
97155.000000  17681 30
97155.000000  17681 30
97167.000000  17685 30
97193.000000  17691 30
97239.000000  17703 30
97239.000000  17703 30
97267.000000  17711 30
97303.000000  17720 30
97337.000000  17729 30
97377.000000  17740 30
97455.000000  17761 30
97457.000000  17761 30
97491.000000  17770 30
97493.000000  17771 30
97565.000000  17789 30
97581.000000  17794 30
97603.000000  17799 30
97637.000000  17809 30
97667.000000  17816 30
97669.000000  17817 30
97693.000000  17823 30
97717.000000  17830 30
97745.000000  17837 30
97745.000000  17837 30
97773.000000  17845 30
97809.000000  17854 30
97817.000000  17856 30
97839.000000  17862 30
97851.000000  17865 30
97869.000000  17870 30
97903.000000  17879 30
97917.000000  17882 30
97919.000000  17883 30
97943.000000  17889 30
97953.000000  17892 30
97959.000000  17893 30
97985.000000  17900 30
97997.000000  17904 30
98007.000000  17906 30
98033.000000  17913 30
98089.000000  17928 30
98149.000000  17944 30
98181.000000  17952 30
98205.000000  17958 30
98237.000000  17967 30
98237.000000  17967 30
98261.000000  17973 30
98297.000000  17983 30
98299.000000  17983 30
98319.000000  17989 30
98355.000000  17998 30
98355.000000  17998 30
98411.000000  18013 30
98463.000000  18027 30
98465.000000  18027 30
98521.000000  18042 30
98545.000000  18048 30
98545.000000  18048 30
98601.000000  18063 30
98631.000000  18071 30
98637.000000  18073 30
98673.000000  18082 30
98695.000000  18088 30
98737.000000  18099 30
98739.000000  18100 30
98751.000000  18103 30
98773.000000  18109 30
98805.000000  18117 30
98833.000000  18125 30
98833.000000  18125 30
98833.000000  18125 30
98845.000000  18128 30
98877.000000  18136 30
98901.000000  18142 30
98961.000000  18158 30
98963.000000  18159 30
98991.000000  18166 30
99017.000000  18173 30
99035.000000  18178 30
99049.000000  18181 30
99069.000000  18187 30
99089.000000  18192 30
99121.000000  18201 30
99135.000000  18204 30
99161.000000  18211 30
99185.000000  18217 30
99205.000000  18223 30
99205.000000  18223 30
99225.000000  18228 30
99243.000000  18233 30
99279.000000  18242 30
99285.000000  18244 30
99305.000000  18249 30
99337.000000  18257 30
99339.000000  18258 30
99347.000000  18260 30
99369.000000  18266 30
99401.000000  18275 30
99425.000000  18281 30
99427.000000  18281 30
99461.000000  18290 30
99463.000000  18291 30
99489.000000  18298 30
99527.000000  18308 30
99527.000000  18308 30
99527.000000  18308 30
99553.000000  18315 30
99555.000000  18315 30
99613.000000  18330 30
99615.000000  18331 30
99725.000000  18360 30
99727.000000  18361 30
99801.000000  18380 30
99807.000000  18382 30
99837.000000  18390 30
99837.000000  18390 30
99859.000000  18395 30
99889.000000  18403 30
99917.000000  18411 30
99943.000000  18417 30
99997.000000  18432 30
100057.000000  18448 30
100091.000000  18457 30
100115.000000  18463 30
100129.000000  18467 30
100157.000000  18474 30
100165.000000  18476 30
100179.000000  18480 30
100201.000000  18486 30
100253.000000  18499 30
100267.000000  18503 30
100303.000000  18513 30
100337.000000  18522 30
100383.000000  18534 30
100405.000000  18540 30
100419.000000  18543 30
100435.000000  18548 30
100505.000000  18566 30
100533.000000  18573 30
100553.000000  18579 30
100559.000000  18580 30
100629.000000  18599 30
100685.000000  18613 30
100743.000000  18629 30
100775.000000  18637 30
100853.000000  18658 30
100887.000000  18667 30
100887.000000  18667 30
100901.000000  18671 30
100925.000000  18677 30
100957.000000  18685 30
100957.000000  18685 30
100957.000000  18685 30
100981.000000  18692 30
101065.000000  18714 30
101117.000000  18728 30
101129.000000  18731 30
101145.000000  18735 30
101147.000000  18736 30
101163.000000  18740 30
101187.000000  18746 30
101201.000000  18750 30
101255.000000  18764 30
101283.000000  18771 30
101285.000000  18772 30
101317.000000  18781 30
101319.000000  18781 30
101369.000000  18794 30
101393.000000  18801 30
101425.000000  18809 30
101479.000000  18823 30
101507.000000  18831 30
101509.000000  18831 30
101531.000000  18837 30
101559.000000  18845 30
101667.000000  18873 30
101685.000000  18878 30
101721.000000  18887 30
101771.000000  18901 30
101773.000000  18901 30
101807.000000  18910 30
101839.000000  18919 30
101871.000000  18927 30
101895.000000  18933 30
101895.000000  18933 30
101905.000000  18936 30
101937.000000  18944 30
101937.000000  18944 30
101937.000000  18944 30
101937.000000  18944 30
101995.000000  18960 30
102023.000000  18967 30
102029.000000  18969 30
102029.000000  18969 30
102065.000000  18978 30
102067.000000  18979 30
102087.000000  18984 30
102121.000000  18993 30
102123.000000  18993 30
102143.000000  18999 30
102153.000000  19002 30
102165.000000  19005 30
102181.000000  19009 30
102205.000000  19015 30
102213.000000  19017 30
102237.000000  19024 30
102263.000000  19031 30
102369.000000  19058 30
102371.000000  19059 30
102393.000000  19065 30
102415.000000  19071 30
102415.000000  19071 30
102495.000000  19092 30
102549.000000  19106 30
102655.000000  19134 30
102711.000000  19149 30
102713.000000  19149 30
102733.000000  19155 30
102765.000000  19163 30
102789.000000  19169 30
102807.000000  19174 30
102857.000000  19187 30
102879.000000  19193 30
102897.000000  19198 30
102913.000000  19202 30
102937.000000  19209 30
102969.000000  19217 30
102977.000000  19219 30
102995.000000  19224 30
102995.000000  19224 30
103023.000000  19231 30
103073.000000  19245 30
103109.000000  19254 30
103109.000000  19254 30
103127.000000  19259 30
103139.000000  19262 30
103161.000000  19268 30
103171.000000  19271 30
103179.000000  19273 30
103211.000000  19281 30
103239.000000  19288 30
103251.000000  19292 30
103279.000000  19299 30
103281.000000  19299 30
103285.000000  19301 30
103299.000000  19304 30
103331.000000  19313 30
103363.000000  19321 30
103393.000000  19329 30
103393.000000  19329 30
103429.000000  19339 30
103667.000000  19401 30
103743.000000  19421 30
103777.000000  19430 30
103777.000000  19430 30
103803.000000  19437 30
103819.000000  19442 30
103851.000000  19450 30
103881.000000  19458 30
103915.000000  19467 30
103939.000000  19473 30
103971.000000  19482 30
103995.000000  19488 30
104051.000000  19503 30
104085.000000  19512 30
104085.000000  19512 30
104101.000000  19516 30
104133.000000  19524 30
104147.000000  19528 30
104173.000000  19535 30
104225.000000  19549 30
104237.000000  19552 30
104257.000000  19557 30
104279.000000  19563 30
104309.000000  19571 30
104323.000000  19575 30
104353.000000  19583 30
104379.000000  19589 30
104415.000000  19599 30
104439.000000  19605 30
104475.000000  19615 30
104499.000000  19621 30
104513.000000  19625 30
104529.000000  19629 30
104529.000000  19629 30
104557.000000  19637 30
104611.000000  19651 30
104611.000000  19651 30
104657.000000  19663 30
104681.000000  19669 30
104695.000000  19673 30
104733.000000  19683 30
104785.000000  19697 30
104787.000000  19697 30
104809.000000  19703 30
104829.000000  19708 30
104849.000000  19714 30
104863.000000  19717 30
104889.000000  19724 30
104903.000000  19728 30
105953.000000  20005 30
105955.000000  20006 30
105975.000000  20011 30
105975.000000  20011 30
106023.000000  20024 30
106077.000000  20038 30
106095.000000  20043 30
106161.000000  20060 30
106163.000000  20061 30
106197.000000  20070 30
106221.000000  20076 30
106245.000000  20083 30
106245.000000  20083 30
106257.000000  20086 30
106281.000000  20092 30
106307.000000  20099 30
106343.000000  20109 30
106345.000000  20109 30
106365.000000  20114 30
106433.000000  20132 30
106433.000000  20132 30
106467.000000  -1 30
106467.000000  -1 30
106499.000000  20149 30
106563.000000  20167 30
106649.000000  20189 30
106649.000000  20189 30
106671.000000  20195 30
106679.000000  20197 30
106679.000000  20197 30
106699.000000  20202 30
106709.000000  20205 30
106715.000000  20207 30
106743.000000  20214 30
106753.000000  20217 30
106753.000000  20217 30
106763.000000  20219 30
106773.000000  20222 30
106791.000000  20227 30
106807.000000  20231 30
106823.000000  20235 30
106837.000000  20239 30
106853.000000  20243 30
106863.000000  20246 30
106879.000000  20250 30
106887.000000  20252 30
106917.000000  20260 30
106953.000000  20270 30
106953.000000  20270 30
107015.000000  20286 30
107029.000000  20290 30
107029.000000  20290 30
107059.000000  20297 30
107091.000000  20306 30
107123.000000  20314 30
107149.000000  20321 30
107205.000000  20336 30
107205.000000  20336 30
107241.000000  20346 30
107265.000000  20352 30
107295.000000  20360 30
107295.000000  20360 30
107321.000000  20367 30
107335.000000  20371 30
107383.000000  20383 30
107419.000000  20393 30
107467.000000  20405 30
107499.000000  20414 30
107519.000000  20419 30
107555.000000  20429 30
107741.000000  20477 30
107765.000000  20484 30
107821.000000  20499 30
107853.000000  20507 30
107933.000000  20528 30
108013.000000  20549 30
108063.000000  20563 30
108129.000000  20580 30
108209.000000  20601 30
108211.000000  20602 30
108257.000000  20614 30
108315.000000  20629 30
108329.000000  20633 30
108363.000000  20642 30
108399.000000  20652 30
108429.000000  20659 30
108431.000000  20660 30
108457.000000  20667 30
108513.000000  20682 30
108561.000000  20694 30
108745.000000  20743 30
108789.000000  20755 30
108819.000000  20762 30
108873.000000  20777 30
108887.000000  20780 30
108889.000000  20781 30
109015.000000  20814 30
109069.000000  20829 30
109093.000000  20835 30
109101.000000  20837 30
109157.000000  20852 30
109165.000000  20854 30
109165.000000  20854 30
109199.000000  20863 30
109215.000000  20867 30
109217.000000  20867 30
109309.000000  20892 30
109317.000000  20894 30
109347.000000  20902 30
109397.000000  20915 30
109415.000000  20920 30
109435.000000  20925 30
109465.000000  20933 30
109511.000000  20945 30
109547.000000  20955 30
109599.000000  20969 30
109625.000000  20975 30
109657.000000  20984 30
109659.000000  20985 30
109691.000000  20993 30
109693.000000  20993 30
109695.000000  20994 30
109747.000000  21008 30
109779.000000  21016 30
109833.000000  21030 30
109873.000000  21041 30
109875.000000  21041 30
109913.000000  21051 30
109915.000000  21052 30
109943.000000  21059 30
109989.000000  21072 30
110003.000000  21075 30
110003.000000  21075 30
110017.000000  21079 30
110041.000000  21085 30
110053.000000  21089 30
110069.000000  21093 30
110087.000000  21097 30
110097.000000  21100 30
110115.000000  21105 30
110129.000000  21109 30
110151.000000  21114 30
110153.000000  21115 30
110169.000000  21119 30
110197.000000  21126 30
110223.000000  21133 30
110255.000000  21142 30
110309.000000  21156 30
110389.000000  21177 30
110391.000000  21178 30
110409.000000  21183 30
110431.000000  21188 30
110493.000000  21205 30
110533.000000  21215 30
110549.000000  21219 30
110605.000000  21234 30
110635.000000  21242 30
110649.000000  21246 30
110659.000000  21249 30
110697.000000  21259 30
110731.000000  21268 30
110731.000000  21268 30
110751.000000  21273 30
110761.000000  21276 30
110783.000000  21281 30
110815.000000  21290 30
110843.000000  21297 30
110845.000000  21298 30
110899.000000  21312 30
110913.000000  21316 30
110947.000000  21325 30
110981.000000  21334 30
111003.000000  21339 30
111017.000000  21343 30
111047.000000  21351 30
111081.000000  21360 30
111109.000000  21367 30
111139.000000  21375 30
111161.000000  21381 30
111199.000000  21391 30
111221.000000  21397 30
111339.000000  21428 30
111355.000000  21433 30
111385.000000  21440 30
111411.000000  21447 30
111411.000000  21447 30
111455.000000  21459 30
111511.000000  21473 30
111537.000000  21480 30
111649.000000  21510 30
111665.000000  21514 30
111699.000000  21523 30
111699.000000  21523 30
111699.000000  21523 30
111727.000000  21531 30
111729.000000  21531 30
111761.000000  21540 30
111769.000000  21542 30
111791.000000  21548 30
111791.000000  21548 30
111807.000000  21552 30
111831.000000  21558 30
111831.000000  21558 30
111831.000000  21558 30
111857.000000  21565 30
111873.000000  21569 30
111899.000000  21576 30
111951.000000  21590 30
111953.000000  21590 30
111983.000000  21598 30
112023.000000  21609 30
112041.000000  21614 30
112059.000000  21618 30
112073.000000  21622 30
112097.000000  21628 30
112137.000000  21639 30
112161.000000  21645 30
112195.000000  21654 30
112219.000000  21661 30
112253.000000  21669 30
112275.000000  21675 30
112331.000000  21690 30
112331.000000  21690 30
112365.000000  21699 30
112387.000000  21705 30
112415.000000  21713 30
112417.000000  21713 30
112469.000000  21727 30
112517.000000  21739 30
112557.000000  21750 30
112637.000000  21771 30
112653.000000  21775 30
112675.000000  21781 30
112693.000000  21786 30
112703.000000  21789 30
112723.000000  21794 30
112749.000000  21801 30
112749.000000  21801 30
112749.000000  21801 30
112749.000000  21801 30
112749.000000  21801 30
112807.000000  21816 30
112809.000000  21817 30
112829.000000  21822 30
112923.000000  21846 30
112923.000000  21846 30
112949.000000  21853 30
112957.000000  21855 30
112973.000000  21860 30
113117.000000  21898 30
113145.000000  21905 30
113153.000000  21907 30
113195.000000  21918 30
113195.000000  21918 30
113245.000000  21932 30
113265.000000  21937 30
113285.000000  21942 30
113299.000000  21946 30
113315.000000  21950 30
113317.000000  21951 30
113335.000000  21955 30
113337.000000  21956 30
113377.000000  21967 30
113399.000000  21972 30
113413.000000  21976 30
113467.000000  21990 30
113491.000000  21997 30
113499.000000  21999 30
113499.000000  21999 30
113535.000000  22008 30
113557.000000  22014 30
113621.000000  22031 30
113653.000000  22039 30
113685.000000  22048 30
113687.000000  22048 30
113709.000000  22054 30
113723.000000  22058 30
113759.000000  22067 30
113761.000000  22068 30
113763.000000  22069 30
113771.000000  22071 30
113797.000000  22077 30
113829.000000  22086 30
113851.000000  22092 30
113851.000000  22092 30
113873.000000  22097 30
113887.000000  22101 30
113907.000000  22106 30
113953.000000  22119 30
113955.000000  22119 30
113963.000000  22121 30
113963.000000  22121 30
113987.000000  22128 30
114017.000000  22136 30
114041.000000  22142 30
114073.000000  22151 30
114073.000000  22151 30
114105.000000  22159 30
114119.000000  22163 30
114151.000000  22171 30
114205.000000  22185 30
114229.000000  22191 30
114263.000000  22200 30
114287.000000  22207 30
114327.000000  22217 30
114373.000000  22229 30
114401.000000  22237 30
114401.000000  22237 30
114425.000000  22243 30
114427.000000  22244 30
114441.000000  22248 30
114451.000000  22250 30
114451.000000  22250 30
114469.000000  22255 30
114471.000000  22255 30
114499.000000  22263 30
114513.000000  22267 30
114533.000000  22272 30
114563.000000  22280 30
114611.000000  22292 30
114623.000000  22295 30
114639.000000  22300 30
114673.000000  22309 30
114673.000000  22309 30
114673.000000  22309 30
114697.000000  22315 30
114733.000000  22325 30
114735.000000  22325 30
114755.000000  22331 30
114787.000000  22339 30
114815.000000  22346 30
114817.000000  22347 30
114823.000000  22349 30
114837.000000  22352 30
114863.000000  22359 30
114897.000000  22368 30
114921.000000  22374 30
114977.000000  22389 30
115129.000000  22429 30
115131.000000  22430 30
115151.000000  22435 30
115151.000000  22435 30
115197.000000  22447 30
115231.000000  22456 30
115233.000000  22457 30
115253.000000  22462 30
115319.000000  22479 30
115351.000000  22488 30
115375.000000  22494 30
115407.000000  22503 30
115431.000000  22509 30
115445.000000  22513 30
115507.000000  22529 30
115509.000000  22530 30
115523.000000  22533 30
115555.000000  22542 30
115589.000000  22551 30
115653.000000  22567 30
115683.000000  22576 30
115683.000000  22576 30
115683.000000  22576 30
