64081.000000  3391
64081.000000  3391
64081.000000  3391
64081.000000  3391
67501.000000  3520
67503.000000  3520
67505.000000  3521
67507.000000  3521
67509.000000  3521
67511.000000  3522
67513.000000  3522
67515.000000  3523
67517.000000  3523
67519.000000  3524
67521.000000  3525
67523.000000  3525
67525.000000  3526
67527.000000  3526
67529.000000  3527
67531.000000  3527
67533.000000  3528
67535.000000  3528
67537.000000  3529
67539.000000  3529
67541.000000  3530
67543.000000  3531
67545.000000  3531
67547.000000  3532
67549.000000  3533
67551.000000  3533
67553.000000  3534
67555.000000  3534
67557.000000  3535
67559.000000  3536
67561.000000  3536
67563.000000  3537
67565.000000  3537
67567.000000  3538
67569.000000  3539
67571.000000  3539
67573.000000  3540
67575.000000  3541
67577.000000  3541
67579.000000  3542
67581.000000  3543
67583.000000  3543
67585.000000  3544
67587.000000  3545
67589.000000  3545
67591.000000  3546
67593.000000  3547
67595.000000  3547
67597.000000  3548
67599.000000  3549
67601.000000  3549
67603.000000  3550
67605.000000  3551
67607.000000  3552
67609.000000  3552
67611.000000  3553
67613.000000  3554
67615.000000  3554
67617.000000  3555
67619.000000  3556
67621.000000  3556
67623.000000  3557
67625.000000  3558
67627.000000  3558
67629.000000  3559
67631.000000  3560
67633.000000  3561
67635.000000  3561
67637.000000  3562
67639.000000  3563
67641.000000  3563
67643.000000  3564
67645.000000  3565
67647.000000  3565
67649.000000  3566
67651.000000  3567
67653.000000  3567
67655.000000  3568
67657.000000  3569
67659.000000  3570
67661.000000  3570
67663.000000  3571
67665.000000  3572
67667.000000  3573
67669.000000  3573
67671.000000  3574
67673.000000  3575
67675.000000  3575
67677.000000  3576
67679.000000  3577
67681.000000  3577
67683.000000  3578
67685.000000  3579
67687.000000  3579
67689.000000  3580
67691.000000  3581
67693.000000  3582
67695.000000  3582
67697.000000  3583
67699.000000  3584
67701.000000  3585
67703.000000  3585
67705.000000  3586
67707.000000  3587
67709.000000  3587
67711.000000  3588
67713.000000  3589
67715.000000  3589
67717.000000  3590
67719.000000  3591
67721.000000  3592
67723.000000  3593
67725.000000  3593
67727.000000  3594
67729.000000  3595
67731.000000  3595
67733.000000  3596
67735.000000  3597
67737.000000  3597
67739.000000  3598
67741.000000  3599
67743.000000  3600
67745.000000  3600
67747.000000  3601
67749.000000  3602
67751.000000  3602
67753.000000  3603
67755.000000  3604
67757.000000  3605
67759.000000  3605
67761.000000  3606
67763.000000  3607
67765.000000  3607
67767.000000  3608
67769.000000  3609
67771.000000  3610
67773.000000  3610
67775.000000  3611
67777.000000  3612
67779.000000  3613
67781.000000  3613
67783.000000  3614
67785.000000  3615
67787.000000  3615
67789.000000  3616
67791.000000  3617
67793.000000  3617
67795.000000  3618
67797.000000  3619
67799.000000  3620
67801.000000  3620
67803.000000  3621
67805.000000  3622
67807.000000  3623
67809.000000  3623
67811.000000  3624
67813.000000  3625
67815.000000  3625
67817.000000  3626
67819.000000  3627
67821.000000  3627
67823.000000  3628
67825.000000  3629
67827.000000  3630
67829.000000  3630
67831.000000  3631
67833.000000  3632
67835.000000  3633
67837.000000  3633
67839.000000  3634
67841.000000  3635
67843.000000  3635
67845.000000  3636
67847.000000  3637
67849.000000  3637
67851.000000  3638
67853.000000  3639
67855.000000  3640
67857.000000  3641
67859.000000  3641
67861.000000  3642
67863.000000  3643
67865.000000  3643
67867.000000  3644
67869.000000  3645
67871.000000  3645
67873.000000  3646
67875.000000  3647
67877.000000  3648
67879.000000  3648
67881.000000  3649
67883.000000  3650
67885.000000  3650
67887.000000  3651
67889.000000  3652
67891.000000  3653
67893.000000  3653
67895.000000  3654
67897.000000  3655
67899.000000  3655
67901.000000  3656
67903.000000  3657
67905.000000  3658
67907.000000  3658
67909.000000  3659
67911.000000  3660
67913.000000  3661
67915.000000  3661
67917.000000  3662
67919.000000  3663
67921.000000  3663
67923.000000  3664
67925.000000  3665
67927.000000  3665
67929.000000  3666
67931.000000  3667
67933.000000  3668
67935.000000  3668
67937.000000  3669
67939.000000  3670
67941.000000  3671
67943.000000  3671
67945.000000  3672
67947.000000  3673
67949.000000  3673
67951.000000  3674
67953.000000  3675
67955.000000  3675
67957.000000  3676
67959.000000  3677
67961.000000  3678
67963.000000  3678
67965.000000  3679
67967.000000  3680
67969.000000  3681
67971.000000  3681
67973.000000  3682
67975.000000  3683
67977.000000  3683
67979.000000  3684
67981.000000  3685
67983.000000  3686
67985.000000  3686
67987.000000  3687
67989.000000  3688
67991.000000  3689
67993.000000  3689
67995.000000  3690
67997.000000  3691
67999.000000  3691
68001.000000  3692
68003.000000  3693
68005.000000  3693
68007.000000  3694
68009.000000  3695
68011.000000  3696
68013.000000  3696
68015.000000  3697
68017.000000  3698
68019.000000  3699
68021.000000  3699
68023.000000  3700
68025.000000  3701
68027.000000  3701
68029.000000  3702
68031.000000  3703
68033.000000  3703
68035.000000  3704
68037.000000  3705
68039.000000  3706
68041.000000  3706
68043.000000  3707
68045.000000  3708
68047.000000  3709
68049.000000  3709
68051.000000  3710
68053.000000  3711
68055.000000  3711
68057.000000  3712
68059.000000  3713
68061.000000  3714
68063.000000  3714
68065.000000  3715
68067.000000  3716
68069.000000  3717
68071.000000  3717
68073.000000  3718
68075.000000  3719
68077.000000  3719
68079.000000  3720
68081.000000  3721
68083.000000  3721
68085.000000  3722
68087.000000  3723
68089.000000  3723
68091.000000  3724
68093.000000  3725
68095.000000  3726
68097.000000  3726
68099.000000  3727
68101.000000  3728
68103.000000  3729
68105.000000  3729
68107.000000  3730
68109.000000  3731
68111.000000  3731
68113.000000  3732
68115.000000  3733
68117.000000  3734
68119.000000  3734
68121.000000  3735
68123.000000  3736
68125.000000  3737
68127.000000  3737
68129.000000  3738
68131.000000  3739
68133.000000  3739
68135.000000  3740
68137.000000  3741
68139.000000  3741
68141.000000  3742
68143.000000  3743
68145.000000  3744
68147.000000  3744
68149.000000  3745
68151.000000  3746
68153.000000  3747
68155.000000  3747
68157.000000  3748
68159.000000  3749
68161.000000  3749
68163.000000  3750
68165.000000  3751
68167.000000  3751
68169.000000  3752
68171.000000  3753
68173.000000  3754
68175.000000  3754
68177.000000  3755
68179.000000  3756
68181.000000  3757
68183.000000  3757
68185.000000  3758
68187.000000  3759
68189.000000  3759
68191.000000  3760
68193.000000  3761
68195.000000  3762
68197.000000  3762
68199.000000  3763
68201.000000  3764
68203.000000  3765
68205.000000  3765
68207.000000  3766
68209.000000  3767
68211.000000  3767
68213.000000  3768
68215.000000  3769
68217.000000  3769
68219.000000  3770
68221.000000  3771
68223.000000  3771
68225.000000  3772
68227.000000  3773
68229.000000  3774
68231.000000  3774
68233.000000  3775
68235.000000  3776
68237.000000  3777
68239.000000  3777
68241.000000  3778
68243.000000  3779
68245.000000  3779
68247.000000  3780
68249.000000  3781
68251.000000  3782
68253.000000  3782
68255.000000  3783
68257.000000  3784
68259.000000  3785
68261.000000  3785
68263.000000  3786
68265.000000  3787
68267.000000  3787
68269.000000  3788
68271.000000  3789
68273.000000  3789
68275.000000  3790
68277.000000  3791
68279.000000  3792
68281.000000  3792
68283.000000  3793
68285.000000  3794
68287.000000  3795
68289.000000  3795
68291.000000  3796
68293.000000  3797
68295.000000  3797
68297.000000  3798
68299.000000  3799
68301.000000  3799
68303.000000  3800
68305.000000  3801
68307.000000  3802
68309.000000  3802
68311.000000  3803
68313.000000  3804
68315.000000  3805
68317.000000  3805
68319.000000  3806
68321.000000  3807
68323.000000  3807
68325.000000  3808
68327.000000  3809
68329.000000  3810
68331.000000  3810
68333.000000  3811
68335.000000  3812
68337.000000  3813
68339.000000  3813
68341.000000  3814
68343.000000  3815
68345.000000  3815
68347.000000  3816
68349.000000  3817
68351.000000  3817
68353.000000  3818
68355.000000  3819
68357.000000  3820
68359.000000  3820
68361.000000  3821
68363.000000  3822
68365.000000  3822
68367.000000  3823
68369.000000  3824
68371.000000  3825
68373.000000  3825
68375.000000  3826
68377.000000  3827
68379.000000  3827
68381.000000  3828
68383.000000  3829
68385.000000  3830
68387.000000  3830
68389.000000  3831
68391.000000  3832
68393.000000  3833
68395.000000  3833
68397.000000  3834
68399.000000  3835
68401.000000  3835
68403.000000  3836
68405.000000  3837
68407.000000  3837
68409.000000  3838
68411.000000  3839
68413.000000  3840
68415.000000  3840
68417.000000  3841
68419.000000  3842
68421.000000  3843
68423.000000  3843
68425.000000  3844
68427.000000  3845
68429.000000  3845
68431.000000  3846
68433.000000  3847
68435.000000  3847
68437.000000  3848
68439.000000  3849
68441.000000  3850
68443.000000  3850
68445.000000  3851
68447.000000  3852
68449.000000  3853
68451.000000  3853
68453.000000  3854
68455.000000  3855
68457.000000  3855
68459.000000  3856
68461.000000  3857
68463.000000  3857
68465.000000  3858
68467.000000  3859
68469.000000  3860
68471.000000  3860
68473.000000  3861
68475.000000  3862
68477.000000  3863
68479.000000  3863
68481.000000  3864
68483.000000  3865
68485.000000  3865
68487.000000  3866
68489.000000  3867
68491.000000  3867
68493.000000  3868
68495.000000  3869
68497.000000  3870
68499.000000  3870
68501.000000  3871
68503.000000  3872
68505.000000  3873
68507.000000  3873
68509.000000  3874
68511.000000  3875
68513.000000  3875
68515.000000  3876
68517.000000  3877
68519.000000  3878
68521.000000  3878
68523.000000  3879
68525.000000  3880
68527.000000  3881
68529.000000  3881
68531.000000  3882
68533.000000  3883
68535.000000  3883
68537.000000  3884
68539.000000  3885
68541.000000  3885
68543.000000  3886
68545.000000  3887
68547.000000  3888
68549.000000  3888
68551.000000  3889
68553.000000  3890
68555.000000  3890
68557.000000  3891
68559.000000  3892
68561.000000  3893
68563.000000  3893
68565.000000  3894
68567.000000  3895
68569.000000  3895
68571.000000  3896
68573.000000  3897
68575.000000  3898
68577.000000  3898
68579.000000  3899
68581.000000  3900
68583.000000  3901
68585.000000  3901
68587.000000  3902
68589.000000  3903
68591.000000  3903
68593.000000  3904
68595.000000  3905
68597.000000  3905
68599.000000  3906
68601.000000  3907
68603.000000  3908
68605.000000  3908
68607.000000  3909
68609.000000  3910
68611.000000  3911
68613.000000  3911
68615.000000  3912
68617.000000  3913
68619.000000  3913
68621.000000  3914
68623.000000  3915
68625.000000  3915
68627.000000  3916
68629.000000  3917
68631.000000  3918
68633.000000  3918
68635.000000  3919
68637.000000  3920
68639.000000  3920
68641.000000  3921
68643.000000  3922
68645.000000  3923
68647.000000  3923
68649.000000  3924
68651.000000  3925
68653.000000  3925
68655.000000  3926
68657.000000  3927
68659.000000  3928
68661.000000  3928
68663.000000  3929
68665.000000  3930
68667.000000  3931
68669.000000  3931
68671.000000  3932
68673.000000  3933
68675.000000  3933
68677.000000  3934
68679.000000  3935
68681.000000  3935
68683.000000  3936
68685.000000  3937
68687.000000  3938
68689.000000  3938
68691.000000  3939
68693.000000  3940
68695.000000  3941
68697.000000  3941
68699.000000  3942
68701.000000  3943
68703.000000  3943
68705.000000  3944
68707.000000  3945
68709.000000  3945
68711.000000  3946
68713.000000  3947
68715.000000  3948
68717.000000  3948
68719.000000  3949
68721.000000  3950
68723.000000  3951
68725.000000  3951
68727.000000  3952
68729.000000  3953
68731.000000  3953
68733.000000  3954
68735.000000  3955
68737.000000  3956
68739.000000  3956
68741.000000  3957
68743.000000  3958
68745.000000  3959
68747.000000  3959
68749.000000  3960
68751.000000  3961
68753.000000  3961
68755.000000  3962
68757.000000  3963
68759.000000  3963
68761.000000  3964
68763.000000  3965
68765.000000  3966
68767.000000  3966
68769.000000  3967
68771.000000  3968
68773.000000  3969
68775.000000  3969
68777.000000  3970
68779.000000  3971
68781.000000  3971
68783.000000  3972
68785.000000  3973
68787.000000  3973
68789.000000  3974
68791.000000  3975
68793.000000  3976
68795.000000  3976
68797.000000  3977
68799.000000  3978
68801.000000  3979
68803.000000  3979
68805.000000  3980
68807.000000  3981
68809.000000  3981
68811.000000  3982
68813.000000  3983
68815.000000  3984
68817.000000  3984
68819.000000  3985
68821.000000  3986
68823.000000  3986
68825.000000  3987
68827.000000  3988
68829.000000  3989
68831.000000  3989
68833.000000  3990
68835.000000  3991
68837.000000  3991
68839.000000  3992
68841.000000  3993
68843.000000  3993
68845.000000  3994
68847.000000  3995
68849.000000  3996
68851.000000  3996
68853.000000  3997
68855.000000  3998
68857.000000  3999
68859.000000  3999
68861.000000  4000
68863.000000  4001
68865.000000  4001
68867.000000  4002
68869.000000  4003
68871.000000  4004
68873.000000  4004
68875.000000  4005
68877.000000  4006
68879.000000  4007
68881.000000  4007
68883.000000  4008
68885.000000  4009
68887.000000  4009
68889.000000  4010
68891.000000  4011
68893.000000  4011
68895.000000  4012
68897.000000  4013
68899.000000  4013
68901.000000  4014
68903.000000  4015
68905.000000  4016
68907.000000  4016
68909.000000  4017
68911.000000  4018
68913.000000  4019
68915.000000  4019
68917.000000  4020
68919.000000  4021
68921.000000  4021
68923.000000  4022
68925.000000  4023
68927.000000  4024
68929.000000  4024
68931.000000  4025
68933.000000  4026
68935.000000  4027
68937.000000  4027
68939.000000  4028
68941.000000  4029
68943.000000  4029
68945.000000  4030
68947.000000  4031
68949.000000  4031
68951.000000  4032
68953.000000  4033
68955.000000  4034
68957.000000  4034
68959.000000  4035
68961.000000  4036
68963.000000  4037
68965.000000  4037
68967.000000  4038
68969.000000  4039
68971.000000  4039
68973.000000  4040
68975.000000  4041
68977.000000  4041
68979.000000  4042
68981.000000  4043
68983.000000  4044
68985.000000  4044
68987.000000  4045
68989.000000  4046
68991.000000  4047
68993.000000  4047
68995.000000  4048
68997.000000  4049
68999.000000  4049
69001.000000  4050
69003.000000  4051
69005.000000  4052
69007.000000  4052
69009.000000  4053
69011.000000  4054
69013.000000  4055
69015.000000  4055
69017.000000  4056
69019.000000  4057
69021.000000  4057
69023.000000  4058
69025.000000  4059
69027.000000  4059
69029.000000  4060
69031.000000  4061
69033.000000  4062
69035.000000  4062
69037.000000  4063
69039.000000  4064
69041.000000  4065
69043.000000  4065
69045.000000  4066
69047.000000  4067
69049.000000  4067
69051.000000  4068
69053.000000  4069
69055.000000  4070
69057.000000  4070
69059.000000  4071
69061.000000  4072
69063.000000  4073
69065.000000  4073
69067.000000  4074
69069.000000  4075
69071.000000  4075
69073.000000  4076
69075.000000  4077
69077.000000  4077
69079.000000  4078
69081.000000  4079
69083.000000  4080
69085.000000  4080
69087.000000  4081
69089.000000  4082
69091.000000  4082
69093.000000  4083
69095.000000  4084
69097.000000  4085
69099.000000  4085
69101.000000  4086
69103.000000  4087
69105.000000  4087
69107.000000  4088
69109.000000  4089
69111.000000  4090
69113.000000  4090
69115.000000  4091
69117.000000  4092
69119.000000  4093
69121.000000  4093
69123.000000  4094
69125.000000  4095
69127.000000  4095
69129.000000  4096
69131.000000  4097
69133.000000  4097
69135.000000  4098
69137.000000  4099
69139.000000  4100
69141.000000  4100
69143.000000  4101
69145.000000  4102
69147.000000  4103
69149.000000  4103
69151.000000  4104
69153.000000  4105
69155.000000  4105
69157.000000  4106
69159.000000  4107
69161.000000  4107
69163.000000  4108
69165.000000  4109
69167.000000  4110
69169.000000  4110
69171.000000  4111
69173.000000  4112
69175.000000  4113
69177.000000  4113
69179.000000  4114
69181.000000  4115
69183.000000  4115
69185.000000  4116
69187.000000  4117
69189.000000  4117
69191.000000  4118
69193.000000  4119
69195.000000  4120
69197.000000  4120
69199.000000  4121
69201.000000  4122
69203.000000  4123
69205.000000  4123
69207.000000  4124
69209.000000  4125
69211.000000  4125
69213.000000  4126
69215.000000  4127
69217.000000  4128
69219.000000  4128
69221.000000  4129
69223.000000  4130
69225.000000  4130
69227.000000  4131
69229.000000  4132
69231.000000  4133
69233.000000  4133
69235.000000  4134
69237.000000  4135
69239.000000  4135
69241.000000  4136
69243.000000  4137
69245.000000  4138
69247.000000  4138
69249.000000  4139
69251.000000  4140
69253.000000  4141
69255.000000  4141
69257.000000  4142
69259.000000  4143
69261.000000  4143
69263.000000  4144
69265.000000  4145
69267.000000  4145
69269.000000  4146
69271.000000  4147
69273.000000  4148
69275.000000  4148
69277.000000  4149
69279.000000  4150
69281.000000  4151
69283.000000  4151
69285.000000  4152
69287.000000  4153
69289.000000  4153
69291.000000  4154
69293.000000  4155
69295.000000  4155
69297.000000  4156
69299.000000  4157
69301.000000  4158
69303.000000  4158
69305.000000  4159
69307.000000  4160
69309.000000  4161
69311.000000  4161
69313.000000  4162
69315.000000  4163
69317.000000  4163
69319.000000  4164
69321.000000  4165
69323.000000  4166
69325.000000  4166
69327.000000  4167
69329.000000  4168
69331.000000  4169
69333.000000  4169
69335.000000  4170
69337.000000  4171
69339.000000  4171
69341.000000  4172
69343.000000  4173
69345.000000  4173
69347.000000  4174
69349.000000  4175
69351.000000  4176
69353.000000  4176
69355.000000  4177
69357.000000  4178
69359.000000  4179
69361.000000  4179
69363.000000  4180
69365.000000  4181
69367.000000  4181
69369.000000  4182
69371.000000  4183
69373.000000  4183
69375.000000  4184
69377.000000  4185
69379.000000  4186
69381.000000  4186
69383.000000  4187
69385.000000  4188
69387.000000  4189
69389.000000  4189
69391.000000  4190
69393.000000  4191
69395.000000  4191
69397.000000  4192
69399.000000  4193
69401.000000  4193
69403.000000  4194
69405.000000  4195
69407.000000  4196
69409.000000  4196
69411.000000  4197
69413.000000  4198
69415.000000  4199
69417.000000  4199
69419.000000  4200
69421.000000  4201
69423.000000  4201
69425.000000  4202
69427.000000  4203
69429.000000  4203
69431.000000  4204
69433.000000  4205
69435.000000  4206
69437.000000  4206
69439.000000  4207
69441.000000  4208
69443.000000  4209
69445.000000  4209
69447.000000  4210
69449.000000  4211
69451.000000  4211
69453.000000  4212
69455.000000  4213
69457.000000  4213
69459.000000  4214
69461.000000  4215
69463.000000  4216
69465.000000  4216
69467.000000  4217
69469.000000  4218
69471.000000  4219
69473.000000  4219
69475.000000  4220
69477.000000  4221
69479.000000  4221
69481.000000  4222
69483.000000  4223
69485.000000  4224
69487.000000  4224
69489.000000  4225
69491.000000  4226
