81745.000000  28 100
81747.000000  29 100
81749.000000  30 100
81751.000000  32 100
81753.000000  32 100
81755.000000  34 100
81757.000000  35 100
81759.000000  36 100
81761.000000  37 100
81763.000000  38 100
81765.000000  39 100
81767.000000  40 100
81769.000000  42 100
81771.000000  43 100
81773.000000  44 100
81775.000000  45 100
81777.000000  46 100
81779.000000  47 100
81781.000000  48 100
81783.000000  50 100
81785.000000  51 100
81787.000000  52 100
81789.000000  53 100
81791.000000  54 100
81793.000000  56 100
81795.000000  57 100
81797.000000  58 100
81799.000000  59 100
81801.000000  60 100
81803.000000  62 100
81805.000000  63 100
81807.000000  64 100
81809.000000  65 100
81811.000000  66 100
81813.000000  68 100
81815.000000  69 100
81817.000000  70 100
81819.000000  72 100
81821.000000  73 100
81823.000000  74 100
81825.000000  75 100
81827.000000  76 100
81829.000000  78 100
81831.000000  79 100
81833.000000  80 100
81835.000000  82 100
81837.000000  83 100
81839.000000  84 100
81841.000000  85 100
81843.000000  87 100
81845.000000  88 100
81847.000000  89 100
81849.000000  91 100
81851.000000  92 100
81853.000000  93 100
81855.000000  95 100
81857.000000  96 100
81859.000000  97 100
81861.000000  99 100
81863.000000  100 100
81865.000000  101 100
81867.000000  102 100
81869.000000  104 100
81871.000000  105 100
81873.000000  107 100
81875.000000  108 100
81877.000000  109 100
81879.000000  111 100
81881.000000  112 100
81883.000000  113 100
81885.000000  115 100
81887.000000  116 100
81889.000000  118 100
81891.000000  119 100
81893.000000  120 100
81895.000000  122 100
81897.000000  123 100
81899.000000  124 100
81901.000000  126 100
81903.000000  127 100
81905.000000  128 100
81907.000000  130 100
81909.000000  131 100
81911.000000  133 100
81913.000000  134 100
81915.000000  136 100
81917.000000  137 100
81919.000000  138 100
81921.000000  140 100
81923.000000  141 100
81925.000000  143 100
81927.000000  144 100
81929.000000  146 100
81931.000000  147 100
81933.000000  148 100
81935.000000  150 100
81937.000000  151 100
81939.000000  152 100
81941.000000  154 100
81943.000000  155 100
81945.000000  157 100
81947.000000  158 100
81949.000000  160 100
81951.000000  161 100
81953.000000  162 100
81955.000000  164 100
81957.000000  165 100
81959.000000  167 100
81961.000000  168 100
81963.000000  170 100
81965.000000  171 100
81967.000000  172 100
81969.000000  174 100
81971.000000  175 100
81973.000000  177 100
81975.000000  178 100
81977.000000  180 100
81979.000000  181 100
81981.000000  183 100
81983.000000  184 100
81985.000000  186 100
81987.000000  187 100
81989.000000  188 100
81991.000000  190 100
81993.000000  191 100
81995.000000  193 100
81997.000000  194 100
81999.000000  196 100
82001.000000  197 100
82003.000000  198 100
82005.000000  200 100
82007.000000  201 100
82009.000000  203 100
82011.000000  204 100
82013.000000  206 100
82015.000000  207 100
82017.000000  209 100
82019.000000  210 100
82021.000000  212 100
82023.000000  213 100
82025.000000  214 100
82027.000000  216 100
82029.000000  218 100
82031.000000  219 100
82033.000000  220 100
82035.000000  222 100
82037.000000  223 100
82039.000000  225 100
82041.000000  226 100
82043.000000  228 100
82045.000000  229 100
82047.000000  230 100
82049.000000  232 100
82051.000000  233 100
82053.000000  235 100
82055.000000  236 100
82057.000000  238 100
82059.000000  239 100
82061.000000  241 100
82063.000000  242 100
82065.000000  244 100
82067.000000  245 100
82069.000000  247 100
82071.000000  248 100
82073.000000  250 100
82075.000000  251 100
82077.000000  252 100
82079.000000  254 100
82081.000000  255 100
82083.000000  257 100
82085.000000  258 100
82087.000000  260 100
82089.000000  261 100
82091.000000  263 100
82093.000000  264 100
82095.000000  266 100
82097.000000  267 100
82099.000000  269 100
82101.000000  270 100
82103.000000  272 100
82105.000000  273 100
82107.000000  274 100
82109.000000  276 100
82111.000000  277 100
82113.000000  279 100
82115.000000  280 100
82117.000000  282 100
82119.000000  283 100
82121.000000  285 100
82123.000000  286 100
82125.000000  288 100
82127.000000  289 100
82129.000000  291 100
82131.000000  292 100
82133.000000  294 100
82135.000000  295 100
82137.000000  296 100
82139.000000  298 100
82141.000000  300 100
82143.000000  301 100
82145.000000  302 100
82147.000000  304 100
82149.000000  305 100
82151.000000  307 100
82153.000000  308 100
82155.000000  310 100
82157.000000  311 100
82159.000000  313 100
