75231.000000  5286
75231.000000  5286
75231.000000  5286
75231.000000  5286
78601.000000  5431
78603.000000  5431
78605.000000  5432
78607.000000  5432
78609.000000  5433
78611.000000  5433
78613.000000  5434
78615.000000  5434
78617.000000  5435
78619.000000  5435
78621.000000  5436
78623.000000  5437
78625.000000  5437
78627.000000  5438
78629.000000  5438
78631.000000  5439
78633.000000  5440
78635.000000  5440
78637.000000  5441
78639.000000  5442
78641.000000  5442
78643.000000  5443
78645.000000  5444
78647.000000  5444
78649.000000  5445
78651.000000  5446
78653.000000  5446
78655.000000  5447
78657.000000  5448
78659.000000  5449
78661.000000  5449
78663.000000  5450
78665.000000  5451
78667.000000  5451
78669.000000  5452
78671.000000  5453
78673.000000  5454
78675.000000  5455
78677.000000  5455
78679.000000  5456
78681.000000  5457
78683.000000  5458
78685.000000  5459
78687.000000  5459
78689.000000  5460
78691.000000  5461
78693.000000  5462
78695.000000  5463
78697.000000  5463
78699.000000  5464
78701.000000  5465
78703.000000  5466
78705.000000  5467
78707.000000  5468
78709.000000  5469
78711.000000  5469
78713.000000  5470
78715.000000  5471
78717.000000  5472
78719.000000  5473
78721.000000  5474
78723.000000  5475
78725.000000  5475
78727.000000  5476
78729.000000  5477
78731.000000  5478
78733.000000  5479
78735.000000  5480
78737.000000  5480
78739.000000  5481
78741.000000  5482
78743.000000  5483
78745.000000  5484
78747.000000  5485
78749.000000  5486
78751.000000  5487
78753.000000  5487
78755.000000  5488
78757.000000  5489
78759.000000  5490
78761.000000  5491
78763.000000  5492
78765.000000  5493
78767.000000  5494
78769.000000  5495
78771.000000  5495
78773.000000  5496
78775.000000  5497
78777.000000  5498
78779.000000  5499
78781.000000  5500
78783.000000  5501
78785.000000  5501
78787.000000  5502
78789.000000  5503
78791.000000  5504
78793.000000  5505
78795.000000  5506
78797.000000  5507
78799.000000  5508
78801.000000  5509
78803.000000  5509
78805.000000  5510
78807.000000  5511
78809.000000  5512
78811.000000  5513
78813.000000  5514
78815.000000  5515
78817.000000  5516
78819.000000  5517
78821.000000  5517
78823.000000  5518
78825.000000  5519
78827.000000  5520
78829.000000  5521
78831.000000  5522
78833.000000  5523
78835.000000  5524
78837.000000  5525
78839.000000  5525
78841.000000  5526
78843.000000  5527
78845.000000  5528
78847.000000  5529
78849.000000  5530
78851.000000  5531
78853.000000  5532
78855.000000  5533
78857.000000  5533
78859.000000  5534
78861.000000  5535
78863.000000  5536
78865.000000  5537
78867.000000  5538
78869.000000  5539
78871.000000  5540
78873.000000  5541
78875.000000  5541
78877.000000  5542
78879.000000  5543
78881.000000  5544
78883.000000  5545
78885.000000  5546
78887.000000  5547
78889.000000  5548
78891.000000  5549
78893.000000  5549
78895.000000  5550
78897.000000  5551
78899.000000  5552
78901.000000  5553
78903.000000  5554
78905.000000  5555
78907.000000  5556
78909.000000  5557
78911.000000  5557
78913.000000  5558
78915.000000  5559
78917.000000  5560
78919.000000  5561
78921.000000  5562
78923.000000  5563
78925.000000  5564
78927.000000  5565
78929.000000  5566
78931.000000  5567
78933.000000  5567
78935.000000  5568
78937.000000  5569
78939.000000  5570
78941.000000  5571
78943.000000  5572
78945.000000  5573
78947.000000  5573
78949.000000  5575
78951.000000  5575
78953.000000  5576
78955.000000  5577
78957.000000  5578
78959.000000  5579
78961.000000  5580
78963.000000  5581
78965.000000  5582
78967.000000  5583
78969.000000  5583
78971.000000  5584
78973.000000  5585
78975.000000  5586
78977.000000  5587
78979.000000  5588
78981.000000  5589
78983.000000  5590
78985.000000  5591
78987.000000  5591
78989.000000  5592
78991.000000  5593
78993.000000  5594
78995.000000  5595
78997.000000  5596
78999.000000  5597
79001.000000  5598
79003.000000  5599
79005.000000  5599
79007.000000  5600
79009.000000  5601
79011.000000  5602
79013.000000  5603
79015.000000  5604
79017.000000  5605
79019.000000  5606
79021.000000  5607
79023.000000  5608
79025.000000  5609
79027.000000  5609
79029.000000  5610
79031.000000  5611
79033.000000  5612
79035.000000  5613
79037.000000  5614
79039.000000  5615
79041.000000  5616
79043.000000  5617
79045.000000  5617
79047.000000  5618
79049.000000  5619
79051.000000  5620
79053.000000  5621
79055.000000  5622
79057.000000  5623
79059.000000  5624
79061.000000  5625
79063.000000  5625
79065.000000  5626
79067.000000  5627
79069.000000  5628
79071.000000  5629
79073.000000  5630
79075.000000  5631
79077.000000  5632
79079.000000  5633
79081.000000  5633
79083.000000  5634
79085.000000  5635
79087.000000  5636
79089.000000  5637
79091.000000  5638
79093.000000  5639
79095.000000  5640
79097.000000  5641
79099.000000  5641
79101.000000  5642
79103.000000  5643
79105.000000  5644
79107.000000  5645
79109.000000  5646
79111.000000  5647
79113.000000  5648
79115.000000  5649
79117.000000  5649
79119.000000  5650
79121.000000  5651
79123.000000  5652
79125.000000  5653
79127.000000  5654
79129.000000  5655
79131.000000  5656
79133.000000  5657
79135.000000  5657
79137.000000  5658
79139.000000  5659
79141.000000  5660
79143.000000  5661
79145.000000  5662
79147.000000  5663
79149.000000  5664
79151.000000  5665
79153.000000  5665
79155.000000  5666
79157.000000  5667
79159.000000  5668
79161.000000  5669
79163.000000  5670
79165.000000  5671
79167.000000  5672
79169.000000  5673
79171.000000  5673
79173.000000  5675
79175.000000  5675
79177.000000  5676
79179.000000  5677
79181.000000  5678
79183.000000  5679
79185.000000  5680
79187.000000  5681
79189.000000  5682
79191.000000  5683
79193.000000  5683
79195.000000  5684
79197.000000  5685
79199.000000  5686
79201.000000  5687
79203.000000  5688
79205.000000  5689
79207.000000  5690
79209.000000  5691
79211.000000  5691
79213.000000  5692
79215.000000  5693
79217.000000  5694
79219.000000  5695
79221.000000  5696
79223.000000  5697
79225.000000  5698
79227.000000  5699
79229.000000  5699
79231.000000  5700
79233.000000  5701
79235.000000  5702
79237.000000  5703
79239.000000  5704
79241.000000  5705
79243.000000  5706
79245.000000  5707
79247.000000  5707
79249.000000  5708
79251.000000  5709
79253.000000  5710
79255.000000  5711
79257.000000  5712
79259.000000  5713
79261.000000  5714
79263.000000  5715
79265.000000  5715
79267.000000  5716
79269.000000  5717
79271.000000  5718
79273.000000  5719
79275.000000  5720
79277.000000  5721
79279.000000  5722
79281.000000  5723
79283.000000  5723
79285.000000  5724
79287.000000  5725
79289.000000  5726
79291.000000  5727
79293.000000  5728
79295.000000  5729
79297.000000  5730
79299.000000  5731
79301.000000  5731
79303.000000  5732
79305.000000  5733
79307.000000  5734
79309.000000  5735
79311.000000  5736
79313.000000  5737
79315.000000  5738
79317.000000  5739
79319.000000  5739
79321.000000  5740
79323.000000  5741
79325.000000  5742
79327.000000  5743
79329.000000  5744
79331.000000  5745
79333.000000  5746
79335.000000  5747
79337.000000  5747
79339.000000  5749
79341.000000  5749
79343.000000  5750
79345.000000  5751
79347.000000  5752
79349.000000  5753
79351.000000  5754
79353.000000  5755
79355.000000  5756
79357.000000  5757
79359.000000  5757
79361.000000  5758
79363.000000  5759
79365.000000  5760
79367.000000  5761
79369.000000  5762
79371.000000  5763
79373.000000  5764
79375.000000  5765
79377.000000  5765
79379.000000  5766
79381.000000  5767
79383.000000  5768
79385.000000  5769
79387.000000  5770
79389.000000  5771
79391.000000  5772
79393.000000  5773
79395.000000  5773
79397.000000  5775
79399.000000  5775
79401.000000  5776
79403.000000  5777
79405.000000  5778
79407.000000  5779
79409.000000  5780
79411.000000  5781
79413.000000  5782
79415.000000  5783
79417.000000  5783
79419.000000  5784
79421.000000  5785
79423.000000  5786
79425.000000  5787
79427.000000  5788
79429.000000  5789
79431.000000  5789
79433.000000  5791
79435.000000  5791
79437.000000  5792
79439.000000  5793
79441.000000  5794
79443.000000  5795
79445.000000  5796
79447.000000  5797
79449.000000  5798
79451.000000  5799
79453.000000  5799
79455.000000  5800
79457.000000  5801
79459.000000  5802
79461.000000  5803
79463.000000  5804
79465.000000  5805
79467.000000  5806
79469.000000  5807
79471.000000  5807
79473.000000  5808
79475.000000  5809
79477.000000  5810
79479.000000  5811
79481.000000  5812
79483.000000  5813
79485.000000  5814
79487.000000  5815
79489.000000  5815
79491.000000  5816
79493.000000  5817
79495.000000  5818
79497.000000  5819
79499.000000  5820
79501.000000  5821
79503.000000  5822
79505.000000  5823
79507.000000  5823
79509.000000  5825
79511.000000  5825
79513.000000  5826
79515.000000  5827
79517.000000  5828
79519.000000  5829
79521.000000  5830
79523.000000  5831
79525.000000  5832
79527.000000  5833
79529.000000  5833
79531.000000  5834
79533.000000  5835
79535.000000  5836
79537.000000  5837
79539.000000  5838
79541.000000  5839
79543.000000  5840
79545.000000  5841
79547.000000  5841
79549.000000  5842
79551.000000  5843
79553.000000  5844
79555.000000  5845
79557.000000  5846
79559.000000  5847
79561.000000  5848
79563.000000  5849
79565.000000  5849
79567.000000  5850
79569.000000  5851
79571.000000  5852
79573.000000  5853
79575.000000  5854
79577.000000  5855
79579.000000  5856
79581.000000  5857
79583.000000  5857
79585.000000  5858
79587.000000  5859
79589.000000  5860
79591.000000  5861
79593.000000  5862
79595.000000  5863
79597.000000  5864
79599.000000  5865
79601.000000  5865
79603.000000  5867
79605.000000  5867
79607.000000  5868
79609.000000  5869
79611.000000  5870
79613.000000  5871
79615.000000  5872
79617.000000  5873
79619.000000  5874
79621.000000  5875
79623.000000  5875
79625.000000  5876
79627.000000  5877
79629.000000  5878
79631.000000  5879
79633.000000  5880
79635.000000  5881
79637.000000  5882
79639.000000  5883
79641.000000  5883
79643.000000  5884
79645.000000  5885
79647.000000  5886
79649.000000  5887
79651.000000  5888
79653.000000  5889
79655.000000  5890
79657.000000  5891
79659.000000  5891
79661.000000  5892
79663.000000  5893
79665.000000  5894
79667.000000  5895
79669.000000  5896
79671.000000  5897
79673.000000  5898
79675.000000  5899
79677.000000  5899
79679.000000  5900
79681.000000  5901
79683.000000  5902
79685.000000  5903
79687.000000  5904
79689.000000  5905
79691.000000  5906
79693.000000  5907
79695.000000  5907
79697.000000  5908
79699.000000  5909
79701.000000  5910
79703.000000  5911
79705.000000  5912
79707.000000  5913
79709.000000  5914
79711.000000  5915
79713.000000  5915
79715.000000  5916
79717.000000  5917
79719.000000  5918
79721.000000  5919
79723.000000  5920
79725.000000  5921
79727.000000  5922
79729.000000  5923
79731.000000  5924
79733.000000  5925
79735.000000  5925
79737.000000  5926
79739.000000  5927
79741.000000  5928
79743.000000  5929
79745.000000  5930
79747.000000  5931
79749.000000  5932
79751.000000  5933
79753.000000  5933
79755.000000  5934
79757.000000  5935
79759.000000  5936
79761.000000  5937
79763.000000  5938
79765.000000  5939
79767.000000  5940
79769.000000  5941
79771.000000  5941
79773.000000  5942
79775.000000  5943
79777.000000  5944
79779.000000  5945
79781.000000  5946
79783.000000  5947
79785.000000  5948
79787.000000  5949
79789.000000  5949
79791.000000  5950
79793.000000  5951
79795.000000  5952
79797.000000  5953
79799.000000  5954
79801.000000  5955
79803.000000  5956
79805.000000  5957
79807.000000  5957
79809.000000  5958
79811.000000  5959
79813.000000  5960
79815.000000  5961
79817.000000  5962
79819.000000  5963
79821.000000  5964
79823.000000  5965
79825.000000  5966
79827.000000  5967
79829.000000  5967
79831.000000  5968
79833.000000  5969
79835.000000  5970
79837.000000  5971
79839.000000  5972
79841.000000  5973
79843.000000  5974
79845.000000  5975
79847.000000  5975
79849.000000  5976
79851.000000  5977
79853.000000  5978
79855.000000  5979
79857.000000  5980
79859.000000  5981
79861.000000  5982
79863.000000  5983
79865.000000  5983
79867.000000  5984
79869.000000  5985
79871.000000  5986
79873.000000  5987
79875.000000  5988
79877.000000  5989
79879.000000  5990
79881.000000  5991
79883.000000  5991
79885.000000  5992
79887.000000  5993
79889.000000  5994
79891.000000  5995
79893.000000  5996
79895.000000  5997
79897.000000  5998
79899.000000  5999
79901.000000  5999
79903.000000  6000
79905.000000  6001
79907.000000  6002
79909.000000  6003
79911.000000  6004
79913.000000  6005
79915.000000  6006
79917.000000  6007
79919.000000  6007
79921.000000  6008
79923.000000  6009
79925.000000  6010
79927.000000  6011
79929.000000  6012
79931.000000  6013
79933.000000  6014
79935.000000  6015
79937.000000  6016
79939.000000  6017
79941.000000  6017
79943.000000  6018
79945.000000  6019
79947.000000  6020
79949.000000  6021
79951.000000  6022
79953.000000  6023
79955.000000  6024
79957.000000  6025
79959.000000  6025
79961.000000  6026
79963.000000  6027
79965.000000  6028
79967.000000  6029
79969.000000  6030
79971.000000  6031
79973.000000  6032
79975.000000  6033
79977.000000  6033
79979.000000  6034
79981.000000  6035
79983.000000  6036
79985.000000  6037
79987.000000  6038
79989.000000  6039
79991.000000  6040
79993.000000  6041
79995.000000  6041
79997.000000  6042
79999.000000  6043
80001.000000  6044
80003.000000  6045
80005.000000  6046
80007.000000  6047
80009.000000  6048
80011.000000  6049
80013.000000  6049
80015.000000  6050
80017.000000  6051
80019.000000  6052
80021.000000  6053
80023.000000  6054
80025.000000  6055
80027.000000  6056
80029.000000  6057
80031.000000  6057
80033.000000  6058
80035.000000  6059
80037.000000  6060
80039.000000  6061
80041.000000  6062
80043.000000  6063
80045.000000  6064
80047.000000  6065
80049.000000  6066
80051.000000  6067
80053.000000  6067
80055.000000  6068
80057.000000  6069
80059.000000  6070
80061.000000  6071
80063.000000  6072
80065.000000  6073
80067.000000  6073
80069.000000  6074
80071.000000  6075
80073.000000  6076
80075.000000  6077
80077.000000  6078
80079.000000  6079
80081.000000  6080
80083.000000  6081
80085.000000  6081
80087.000000  6083
80089.000000  6083
80091.000000  6084
80093.000000  6085
80095.000000  6086
80097.000000  6087
80099.000000  6088
80101.000000  6089
80103.000000  6090
80105.000000  6091
80107.000000  6091
80109.000000  6092
80111.000000  6093
80113.000000  6094
80115.000000  6095
80117.000000  6096
80119.000000  6097
80121.000000  6098
80123.000000  6099
80125.000000  6099
80127.000000  6100
80129.000000  6101
80131.000000  6102
80133.000000  6103
80135.000000  6104
80137.000000  6105
80139.000000  6106
80141.000000  6107
80143.000000  6107
80145.000000  6108
80147.000000  6109
80149.000000  6110
80151.000000  6111
80153.000000  6112
80155.000000  6113
80157.000000  6114
80159.000000  6115
80161.000000  6115
80163.000000  6117
80165.000000  6117
80167.000000  6118
80169.000000  6119
80171.000000  6120
80173.000000  6121
80175.000000  6122
80177.000000  6123
80179.000000  6123
80181.000000  6124
80183.000000  6125
80185.000000  6126
80187.000000  6127
80189.000000  6128
80191.000000  6129
80193.000000  6130
80195.000000  6131
80197.000000  6132
80199.000000  6133
80201.000000  6133
80203.000000  6134
80205.000000  6135
80207.000000  6136
80209.000000  6137
80211.000000  6138
80213.000000  6139
80215.000000  6140
80217.000000  6141
80219.000000  6141
80221.000000  6142
80223.000000  6143
80225.000000  6144
80227.000000  6145
80229.000000  6146
80231.000000  6147
80233.000000  6148
80235.000000  6149
80237.000000  6149
80239.000000  6150
80241.000000  6151
80243.000000  6152
80245.000000  6153
80247.000000  6154
80249.000000  6155
80251.000000  6156
80253.000000  6157
80255.000000  6157
80257.000000  6159
80259.000000  6159
80261.000000  6160
80263.000000  6161
80265.000000  6162
80267.000000  6163
80269.000000  6164
80271.000000  6165
80273.000000  6166
80275.000000  6167
80277.000000  6167
80279.000000  6168
80281.000000  6169
80283.000000  6170
80285.000000  6171
80287.000000  6172
80289.000000  6173
80291.000000  6173
80293.000000  6174
80295.000000  6175
80297.000000  6176
80299.000000  6177
80301.000000  6178
80303.000000  6179
80305.000000  6180
80307.000000  6181
80309.000000  6182
80311.000000  6183
80313.000000  6183
80315.000000  6184
80317.000000  6185
80319.000000  6186
80321.000000  6187
80323.000000  6188
80325.000000  6189
80327.000000  6190
80329.000000  6191
80331.000000  6191
80333.000000  6192
80335.000000  6193
80337.000000  6194
80339.000000  6195
80341.000000  6196
80343.000000  6197
80345.000000  6198
80347.000000  6199
80349.000000  6199
80351.000000  6200
80353.000000  6201
80355.000000  6202
80357.000000  6203
80359.000000  6204
80361.000000  6205
80363.000000  6206
80365.000000  6207
80367.000000  6207
80369.000000  6209
80371.000000  6209
80373.000000  6210
80375.000000  6211
80377.000000  6212
80379.000000  6213
80381.000000  6214
80383.000000  6215
80385.000000  6216
80387.000000  6217
80389.000000  6217
80391.000000  6218
80393.000000  6219
80395.000000  6220
80397.000000  6221
80399.000000  6222
80401.000000  6223
80403.000000  6224
80405.000000  6225
80407.000000  6225
80409.000000  6226
80411.000000  6227
80413.000000  6228
80415.000000  6229
80417.000000  6230
80419.000000  6231
80421.000000  6232
80423.000000  6233
80425.000000  6233
80427.000000  6234
80429.000000  6235
80431.000000  6236
80433.000000  6237
80435.000000  6238
80437.000000  6239
80439.000000  6240
80441.000000  6241
80443.000000  6241
80445.000000  6242
80447.000000  6243
80449.000000  6244
80451.000000  6245
80453.000000  6246
80455.000000  6247
80457.000000  6248
80459.000000  6249
80461.000000  6249
80463.000000  6250
80465.000000  6251
80467.000000  6252
80469.000000  6253
80471.000000  6254
80473.000000  6255
80475.000000  6256
80477.000000  6257
80479.000000  6258
80481.000000  6259
80483.000000  6259
80485.000000  6260
80487.000000  6261
80489.000000  6262
80491.000000  6263
80493.000000  6264
80495.000000  6265
80497.000000  6266
80499.000000  6267
80501.000000  6267
80503.000000  6268
80505.000000  6269
80507.000000  6270
80509.000000  6271
80511.000000  6272
80513.000000  6273
80515.000000  6274
80517.000000  6275
80519.000000  6275
80521.000000  6276
80523.000000  6277
80525.000000  6278
80527.000000  6279
80529.000000  6280
80531.000000  6281
80533.000000  6282
80535.000000  6283
80537.000000  6283
80539.000000  6284
80541.000000  6285
80543.000000  6286
80545.000000  6287
80547.000000  6288
80549.000000  6289
80551.000000  6290
80553.000000  6291
80555.000000  6291
80557.000000  6292
80559.000000  6293
80561.000000  6294
80563.000000  6295
80565.000000  6296
80567.000000  6297
80569.000000  6298
80571.000000  6299
80573.000000  6300
80575.000000  6301
80577.000000  6301
80579.000000  6302
80581.000000  6303
80583.000000  6304
80585.000000  6305
80587.000000  6306
80589.000000  6307
80591.000000  6308
