65137.000000  1420
65137.000000  1420
65137.000000  1420
68365.000000  1459
68367.000000  1459
68369.000000  1459
68371.000000  1459
68373.000000  1459
68375.000000  1459
68377.000000  1459
68379.000000  1459
68381.000000  1460
68383.000000  1460
68385.000000  1460
68387.000000  1460
68389.000000  1460
68391.000000  1461
68393.000000  1461
68395.000000  1461
68397.000000  1461
68399.000000  1461
68401.000000  1462
68403.000000  1462
68405.000000  1462
68407.000000  1463
68409.000000  1463
68411.000000  1463
68413.000000  1463
68415.000000  1464
68417.000000  1464
68419.000000  1464
68421.000000  1465
68423.000000  1465
68425.000000  1465
68427.000000  1466
68429.000000  1466
68431.000000  1467
68433.000000  1467
68435.000000  1467
68437.000000  1468
68439.000000  1468
68441.000000  1468
68443.000000  1469
68445.000000  1469
68447.000000  1469
68449.000000  1470
68451.000000  1470
68453.000000  1471
68455.000000  1471
68457.000000  1471
68459.000000  1472
68461.000000  1472
68463.000000  1473
68465.000000  1473
68467.000000  1474
68469.000000  1474
68471.000000  1475
68473.000000  1475
68475.000000  1475
68477.000000  1476
68479.000000  1476
68481.000000  1477
68483.000000  1477
68485.000000  1478
68487.000000  1478
68489.000000  1479
68491.000000  1479
68493.000000  1479
68495.000000  1480
68497.000000  1480
68499.000000  1481
68501.000000  1481
68503.000000  1482
68505.000000  1482
68507.000000  1483
68509.000000  1483
68511.000000  1483
68513.000000  1484
68515.000000  1485
68517.000000  1485
68519.000000  1485
68521.000000  1486
68523.000000  1486
68525.000000  1487
68527.000000  1487
68529.000000  1488
68531.000000  1488
68533.000000  1489
68535.000000  1489
68537.000000  1490
68539.000000  1490
68541.000000  1491
68543.000000  1491
68545.000000  1492
68547.000000  1492
68549.000000  1493
68551.000000  1493
68553.000000  1494
68553.000000  1494
0.000000  0
0.000000  0
68559.000000  1495
68561.000000  1495
68563.000000  1496
68565.000000  1497
68567.000000  1497
68569.000000  1497
68571.000000  1498
68573.000000  1499
68575.000000  1499
68577.000000  1499
68579.000000  1500
68581.000000  1501
68583.000000  1501
68585.000000  1501
68587.000000  1502
68589.000000  1503
68591.000000  1503
68593.000000  1503
68595.000000  1504
68597.000000  1504
68599.000000  1505
68601.000000  1505
68603.000000  1506
68605.000000  1506
68607.000000  1507
68609.000000  1507
68611.000000  1508
68613.000000  1508
68615.000000  1509
68617.000000  1509
68619.000000  1510
68621.000000  1510
68623.000000  1511
68625.000000  1511
68627.000000  1512
68629.000000  1512
68631.000000  1513
68633.000000  1513
68635.000000  1514
68637.000000  1514
68639.000000  1515
68641.000000  1515
68643.000000  1516
68645.000000  1516
68647.000000  1517
68649.000000  1517
68651.000000  1518
68653.000000  1518
68655.000000  1519
68657.000000  1519
68659.000000  1520
68661.000000  1521
68663.000000  1521
68665.000000  1521
68667.000000  1522
68669.000000  1523
68671.000000  1523
68673.000000  1523
68675.000000  1524
68677.000000  1525
68679.000000  1525
68681.000000  1526
68683.000000  1526
68685.000000  1527
68687.000000  1527
68689.000000  1528
68691.000000  1528
68693.000000  1529
68695.000000  1529
68697.000000  1530
68699.000000  1530
68701.000000  1531
68703.000000  1531
68705.000000  1532
68707.000000  1532
68709.000000  1533
68711.000000  1533
68713.000000  1534
68715.000000  1534
68717.000000  1535
68719.000000  1535
68721.000000  1536
68723.000000  1536
68725.000000  1537
68727.000000  1537
68729.000000  1538
68731.000000  1538
68733.000000  1539
68735.000000  1539
68737.000000  1540
68739.000000  1540
68741.000000  1541
68743.000000  1541
68745.000000  1542
68747.000000  1542
68749.000000  1543
68751.000000  1543
68753.000000  1544
68755.000000  1544
68757.000000  1545
68759.000000  1545
68761.000000  1546
68763.000000  1546
68765.000000  1547
68767.000000  1547
68769.000000  1548
68771.000000  1548
68773.000000  1549
68775.000000  1549
68777.000000  1550
68779.000000  1551
68781.000000  1551
68783.000000  1551
68785.000000  1552
68787.000000  1553
68789.000000  1553
68791.000000  1553
68793.000000  1554
68795.000000  1555
68797.000000  1555
68799.000000  1555
68801.000000  1556
68803.000000  1557
68805.000000  1557
68807.000000  1557
68809.000000  1558
68811.000000  1559
68813.000000  1559
68815.000000  1559
68817.000000  1560
68819.000000  1561
68821.000000  1561
68823.000000  1561
68825.000000  1562
68827.000000  1563
68829.000000  1563
68831.000000  1563
68833.000000  1564
68835.000000  1565
68837.000000  1565
68839.000000  1566
68841.000000  1566
68843.000000  1567
68845.000000  1567
68847.000000  1568
68849.000000  1568
68851.000000  1569
68853.000000  1569
68855.000000  1570
68857.000000  1570
68859.000000  1571
68861.000000  1571
68863.000000  1572
68865.000000  1572
68867.000000  1573
68869.000000  1573
68871.000000  1574
68873.000000  1574
68875.000000  1575
68877.000000  1575
68879.000000  1576
68881.000000  1576
68883.000000  1577
68885.000000  1577
68887.000000  1578
68889.000000  1578
68891.000000  1579
68893.000000  1579
68895.000000  1580
68897.000000  1580
68899.000000  1581
68901.000000  1581
68903.000000  1582
68905.000000  1582
68907.000000  1583
68909.000000  1583
68911.000000  1584
68913.000000  1584
68915.000000  1585
68917.000000  1585
68919.000000  1586
68921.000000  1586
68923.000000  1587
68925.000000  1587
68927.000000  1588
68929.000000  1588
68931.000000  1589
68933.000000  1589
68935.000000  1590
68937.000000  1590
68939.000000  1591
68941.000000  1591
68943.000000  1592
68945.000000  1592
68947.000000  1593
68949.000000  1593
68951.000000  1594
68953.000000  1594
68955.000000  1595
68957.000000  1595
68959.000000  1596
68961.000000  1596
68963.000000  1597
68965.000000  1597
68967.000000  1598
68969.000000  1599
68971.000000  1599
68973.000000  1599
68975.000000  1600
68977.000000  1601
68979.000000  1601
68981.000000  1601
68983.000000  1602
68985.000000  1603
68987.000000  1603
68989.000000  1603
68991.000000  1604
68993.000000  1605
68995.000000  1605
68997.000000  1605
68999.000000  1606
69001.000000  1607
69003.000000  1607
69005.000000  1607
69007.000000  1608
69009.000000  1609
69011.000000  1609
69013.000000  1609
69015.000000  1610
69017.000000  1611
69019.000000  1611
69021.000000  1611
69023.000000  1612
69025.000000  1613
69027.000000  1613
69029.000000  1614
69031.000000  1614
69033.000000  1615
69035.000000  1615
69037.000000  1616
69039.000000  1616
69041.000000  1617
69043.000000  1617
69045.000000  1618
69047.000000  1618
69049.000000  1619
69051.000000  1619
69053.000000  1620
69055.000000  1620
69057.000000  1621
69059.000000  1621
69061.000000  1622
69063.000000  1622
69065.000000  1623
69067.000000  1623
69069.000000  1624
69071.000000  1624
69073.000000  1625
69075.000000  1625
69077.000000  1626
69079.000000  1626
69081.000000  1627
69083.000000  1627
69085.000000  1628
69087.000000  1628
69089.000000  1629
69091.000000  1629
69093.000000  1630
69095.000000  1630
69097.000000  1631
69099.000000  1631
69101.000000  1632
69103.000000  1632
69105.000000  1633
69107.000000  1633
69109.000000  1634
69111.000000  1635
69113.000000  1635
69115.000000  1635
69117.000000  1636
69119.000000  1637
69121.000000  1637
69123.000000  1637
69125.000000  1638
69127.000000  1639
69129.000000  1639
69131.000000  1640
69133.000000  1640
69135.000000  1641
69137.000000  1641
69139.000000  1642
69141.000000  1642
69143.000000  1643
69145.000000  1643
69147.000000  1644
69149.000000  1644
69151.000000  1645
69153.000000  1645
69155.000000  1646
69157.000000  1646
69159.000000  1647
69161.000000  1647
69163.000000  1648
69165.000000  1648
69167.000000  1649
69169.000000  1649
69171.000000  1650
69173.000000  1650
69175.000000  1651
69177.000000  1651
69179.000000  1652
69181.000000  1652
69183.000000  1653
69185.000000  1653
69187.000000  1654
69189.000000  1654
69191.000000  1655
69193.000000  1655
69195.000000  1656
69197.000000  1656
69199.000000  1657
69201.000000  1657
69203.000000  1658
69205.000000  1658
69207.000000  1659
69209.000000  1659
69211.000000  1660
69213.000000  1660
69215.000000  1661
69217.000000  1661
69219.000000  1662
69221.000000  1662
69223.000000  1663
69225.000000  1663
69227.000000  1664
69229.000000  1664
69231.000000  1665
69233.000000  1665
69235.000000  1666
69237.000000  1667
69239.000000  1667
69241.000000  1667
69243.000000  1668
69245.000000  1669
69247.000000  1669
69249.000000  1670
69251.000000  1670
69253.000000  1671
69255.000000  1671
69257.000000  1672
69259.000000  1672
69261.000000  1673
69263.000000  1673
69265.000000  1674
69267.000000  1674
69269.000000  1675
69271.000000  1675
69273.000000  1676
69275.000000  1676
69277.000000  1677
69279.000000  1677
69281.000000  1678
69283.000000  1678
69285.000000  1679
69287.000000  1679
69289.000000  1680
69291.000000  1680
69293.000000  1681
69295.000000  1681
69297.000000  1681
69299.000000  1682
69301.000000  1683
69303.000000  1683
69305.000000  1684
69307.000000  1684
69309.000000  1685
69311.000000  1685
69313.000000  1686
69315.000000  1686
69317.000000  1687
69319.000000  1687
69321.000000  1688
69323.000000  1688
69325.000000  1689
69327.000000  1689
69329.000000  1690
69331.000000  1690
69333.000000  1691
69335.000000  1691
69337.000000  1692
69339.000000  1692
69341.000000  1693
69343.000000  1693
69345.000000  1694
69347.000000  1694
69349.000000  1695
69351.000000  1695
69353.000000  1696
69355.000000  1696
69357.000000  1697
69359.000000  1697
69361.000000  1698
69363.000000  1698
69365.000000  1699
69367.000000  1699
69369.000000  1700
69371.000000  1700
69373.000000  1701
69375.000000  1701
69377.000000  1702
69379.000000  1702
69381.000000  1703
69383.000000  1703
69385.000000  1704
69387.000000  1704
69389.000000  1705
69391.000000  1705
69393.000000  1706
69395.000000  1706
69397.000000  1707
69399.000000  1707
69401.000000  1708
69403.000000  1708
69405.000000  1709
69407.000000  1709
69409.000000  1710
69411.000000  1711
69413.000000  1711
69415.000000  1711
69417.000000  1712
69419.000000  1713
69421.000000  1713
69423.000000  1713
69425.000000  1714
69427.000000  1715
69429.000000  1715
69431.000000  1716
69433.000000  1716
69435.000000  1717
69437.000000  1717
69439.000000  1718
69441.000000  1718
69443.000000  1719
69445.000000  1719
69447.000000  1720
69449.000000  1720
69451.000000  1721
69453.000000  1721
69455.000000  1722
69457.000000  1722
69459.000000  1723
69461.000000  1723
69463.000000  1724
69465.000000  1724
69467.000000  1725
69469.000000  1725
69471.000000  1726
69473.000000  1726
69475.000000  1727
69477.000000  1727
69479.000000  1728
69481.000000  1728
69483.000000  1729
69485.000000  1729
69487.000000  1730
69489.000000  1730
69491.000000  1731
69493.000000  1731
69495.000000  1732
69497.000000  1732
69499.000000  1733
69501.000000  1733
69503.000000  1734
69505.000000  1734
69507.000000  1735
69509.000000  1735
69511.000000  1736
69513.000000  1737
69515.000000  1737
69517.000000  1737
69519.000000  1738
69521.000000  1739
69523.000000  1739
69525.000000  1739
69527.000000  1740
69529.000000  1741
69531.000000  1741
69533.000000  1741
69535.000000  1742
69537.000000  1743
69539.000000  1743
69541.000000  1744
69543.000000  1744
69545.000000  1745
69547.000000  1745
69549.000000  1746
69551.000000  1746
69553.000000  1747
69555.000000  1747
69557.000000  1748
69559.000000  1748
69561.000000  1749
69563.000000  1749
69565.000000  1750
69567.000000  1750
69569.000000  1751
69571.000000  1751
69573.000000  1752
69575.000000  1752
69577.000000  1753
69579.000000  1753
69581.000000  1754
69583.000000  1754
69585.000000  1755
69587.000000  1755
69589.000000  1756
69591.000000  1756
69593.000000  1757
69595.000000  1757
69597.000000  1758
69599.000000  1758
69601.000000  1759
69603.000000  1759
69605.000000  1760
69607.000000  1760
69609.000000  1761
69611.000000  1761
69613.000000  1762
69615.000000  1762
69617.000000  1763
69619.000000  1763
69621.000000  1764
69623.000000  1764
69625.000000  1765
69627.000000  1765
69629.000000  1766
69631.000000  1766
69633.000000  1767
69635.000000  1767
69637.000000  1768
69639.000000  1768
69641.000000  1769
69643.000000  1769
69645.000000  1770
69647.000000  1770
69649.000000  1771
69651.000000  1771
69653.000000  1772
69655.000000  1772
69657.000000  1773
69659.000000  1773
69661.000000  1774
69663.000000  1774
69665.000000  1775
69667.000000  1775
69669.000000  1776
69671.000000  1776
69673.000000  1777
69675.000000  1777
69677.000000  1778
69679.000000  1778
69681.000000  1779
69683.000000  1779
69685.000000  1780
69687.000000  1780
69689.000000  1781
69691.000000  1781
69693.000000  1782
69695.000000  1782
69697.000000  1783
69699.000000  1783
69701.000000  1784
69703.000000  1784
69705.000000  1785
69707.000000  1785
69709.000000  1786
69711.000000  1787
69713.000000  1787
69715.000000  1787
69717.000000  1788
69719.000000  1789
69721.000000  1789
69723.000000  1790
69725.000000  1790
69727.000000  1791
69729.000000  1791
69731.000000  1792
69733.000000  1792
69735.000000  1793
69737.000000  1793
69739.000000  1794
69741.000000  1794
69743.000000  1795
69745.000000  1795
69747.000000  1796
69749.000000  1796
69751.000000  1797
69753.000000  1797
69755.000000  1798
69757.000000  1798
69759.000000  1799
69761.000000  1799
69763.000000  1800
69765.000000  1800
69767.000000  1801
69769.000000  1801
69771.000000  1802
69773.000000  1802
69775.000000  1803
69777.000000  1803
69779.000000  1804
69781.000000  1804
69783.000000  1805
69785.000000  1805
69787.000000  1806
69789.000000  1806
69791.000000  1807
69793.000000  1807
69795.000000  1808
69797.000000  1808
69799.000000  1809
69801.000000  1809
69803.000000  1810
69805.000000  1810
69807.000000  1811
69807.000000  1811
0.000000  0
0.000000  0
0.000000  0
0.000000  0
0.000000  0
0.000000  0
0.000000  0
0.000000  0
0.000000  0
0.000000  0
0.000000  0
0.000000  0
0.000000  0
0.000000  0
0.000000  0
0.000000  0
0.000000  0
0.000000  0
0.000000  0
0.000000  0
0.000000  0
0.000000  0
0.000000  0
0.000000  0
0.000000  0
0.000000  0
0.000000  0
0.000000  0
0.000000  0
0.000000  0
69869.000000  1827
69871.000000  1827
69873.000000  1828
69875.000000  1828
69877.000000  1829
69879.000000  1829
69881.000000  1830
69883.000000  1830
69885.000000  1831
69887.000000  1831
69889.000000  1832
69891.000000  1832
69893.000000  1833
69895.000000  1833
69897.000000  1834
69899.000000  1834
69901.000000  1835
69903.000000  1835
69905.000000  1836
69907.000000  1836
69909.000000  1837
69911.000000  1837
69913.000000  1838
69915.000000  1838
69917.000000  1839
69919.000000  1839
69921.000000  1840
69923.000000  1840
69925.000000  1841
69927.000000  1841
69929.000000  1842
69931.000000  1842
69933.000000  1843
69935.000000  1843
69937.000000  1844
69939.000000  1844
69941.000000  1845
69943.000000  1845
69945.000000  1846
69947.000000  1846
69949.000000  1847
69951.000000  1847
69953.000000  1848
69955.000000  1848
69957.000000  1849
69959.000000  1849
69961.000000  1850
69963.000000  1851
69965.000000  1851
69967.000000  1851
69969.000000  1852
69971.000000  1853
69973.000000  1853
69975.000000  1853
69977.000000  1854
69979.000000  1855
69981.000000  1855
69983.000000  1855
69985.000000  1856
69987.000000  1857
69989.000000  1857
69991.000000  1858
69993.000000  1858
69995.000000  1859
69997.000000  1859
69999.000000  1860
70001.000000  1860
70003.000000  1861
70005.000000  1861
70007.000000  1862
70009.000000  1862
70011.000000  1863
70013.000000  1863
70015.000000  1864
70017.000000  1864
70019.000000  1865
70021.000000  1865
70023.000000  1866
70025.000000  1866
70027.000000  1867
70029.000000  1867
70031.000000  1868
70033.000000  1868
70035.000000  1869
70037.000000  1869
70039.000000  1870
70041.000000  1870
70043.000000  1871
70045.000000  1871
70047.000000  1872
70049.000000  1872
70051.000000  1873
70053.000000  1873
70055.000000  1874
70057.000000  1874
70059.000000  1875
70061.000000  1875
70063.000000  1876
70065.000000  1876
70067.000000  1877
70069.000000  1877
70071.000000  1878
70073.000000  1878
70075.000000  1879
70077.000000  1879
70079.000000  1880
70081.000000  1880
70083.000000  1881
70085.000000  1881
70087.000000  1882
70089.000000  1882
70091.000000  1883
70093.000000  1883
70095.000000  1884
70097.000000  1884
70099.000000  1885
70101.000000  1885
70103.000000  1886
70105.000000  1886
70107.000000  1887
70109.000000  1887
70111.000000  1888
70113.000000  1888
70115.000000  1889
70117.000000  1889
70119.000000  1890
70121.000000  1891
70123.000000  1891
70125.000000  1891
70127.000000  1892
70129.000000  1893
70131.000000  1893
70133.000000  1893
70135.000000  1894
70137.000000  1895
70139.000000  1895
70141.000000  1895
70143.000000  1896
70145.000000  1897
70147.000000  1897
70149.000000  1897
70151.000000  1898
70153.000000  1899
70155.000000  1899
70157.000000  1899
70159.000000  1900
70161.000000  1901
70163.000000  1901
70165.000000  1902
70167.000000  1902
70169.000000  1903
70171.000000  1903
70173.000000  1904
70175.000000  1904
70177.000000  1905
70179.000000  1905
70181.000000  1906
70183.000000  1906
70185.000000  1907
70187.000000  1907
70189.000000  1908
70191.000000  1908
70193.000000  1909
70195.000000  1909
70197.000000  1910
70199.000000  1910
70201.000000  1911
70203.000000  1911
70205.000000  1912
70207.000000  1912
70209.000000  1913
70211.000000  1913
70213.000000  1914
70215.000000  1914
70217.000000  1915
70219.000000  1915
70221.000000  1916
70223.000000  1916
70225.000000  1917
70227.000000  1917
70229.000000  1918
70231.000000  1918
70233.000000  1919
70235.000000  1919
70237.000000  1920
70239.000000  1920
70241.000000  1921
70243.000000  1921
70245.000000  1922
70247.000000  1922
70249.000000  1923
70251.000000  1923
70253.000000  1924
70255.000000  1924
70257.000000  1925
70259.000000  1925
70261.000000  1926
70263.000000  1926
70265.000000  1927
70267.000000  1927
70269.000000  1928
70271.000000  1929
70273.000000  1929
70275.000000  1929
70277.000000  1930
70279.000000  1931
70281.000000  1931
70283.000000  1931
70285.000000  1932
70287.000000  1933
70289.000000  1933
70291.000000  1934
70293.000000  1934
70295.000000  1935
70297.000000  1935
70299.000000  1936
70301.000000  1936
70303.000000  1937
70305.000000  1937
70307.000000  1938
70309.000000  1938
70311.000000  1939
70313.000000  1939
70315.000000  1940
70317.000000  1940
70319.000000  1941
70321.000000  1941
70323.000000  1942
70325.000000  1942
70327.000000  1943
70329.000000  1943
70331.000000  1944
70333.000000  1944
70335.000000  1945
70337.000000  1945
70339.000000  1946
70341.000000  1946
70343.000000  1947
70345.000000  1947
70347.000000  1948
70349.000000  1948
70351.000000  1949
70353.000000  1949
70355.000000  1950
70357.000000  1950
70359.000000  1951
70361.000000  1951
70363.000000  1952
70365.000000  1952
70367.000000  1953
70369.000000  1953
70371.000000  1954
70373.000000  1954
70375.000000  1955
70377.000000  1955
70379.000000  1956
70381.000000  1956
70383.000000  1957
70385.000000  1957
70387.000000  1958
70389.000000  1958
70391.000000  1959
70393.000000  1959
70395.000000  1960
70397.000000  1960
70399.000000  1961
70401.000000  1961
70403.000000  1962
70405.000000  1962
70407.000000  1963
70409.000000  1963
70411.000000  1964
70413.000000  1964
70415.000000  1965
70417.000000  1965
70419.000000  1966
70421.000000  1966
70423.000000  1967
70425.000000  1967
70427.000000  1968
70429.000000  1968
70431.000000  1969
70433.000000  1969
70435.000000  1970
70437.000000  1970
70439.000000  1971
70441.000000  1971
70443.000000  1972
70445.000000  1972
70447.000000  1973
70449.000000  1973
70451.000000  1974
70453.000000  1975
70455.000000  1975
70457.000000  1975
70459.000000  1976
70461.000000  1977
70463.000000  1977
70465.000000  1977
70467.000000  1978
70469.000000  1979
70471.000000  1979
70473.000000  1980
70475.000000  1980
70477.000000  1981
70479.000000  1981
70481.000000  1982
70483.000000  1982
70485.000000  1983
70487.000000  1983
70489.000000  1984
70491.000000  1984
70493.000000  1985
70495.000000  1985
70497.000000  1986
70499.000000  1986
70501.000000  1987
70503.000000  1987
70505.000000  1988
70507.000000  1988
70509.000000  1989
70511.000000  1989
70513.000000  1990
70515.000000  1990
70517.000000  1991
70519.000000  1991
70521.000000  1992
70523.000000  1992
70525.000000  1993
70527.000000  1993
70529.000000  1994
70531.000000  1994
70533.000000  1995
70535.000000  1995
70537.000000  1996
70539.000000  1996
70541.000000  1997
70543.000000  1997
70545.000000  1998
70547.000000  1998
70549.000000  1999
70551.000000  1999
70553.000000  2000
70555.000000  2000
70557.000000  2001
70559.000000  2001
70561.000000  2002
70563.000000  2003
70565.000000  2003
70567.000000  2003
70569.000000  2004
70571.000000  2005
70573.000000  2005
70575.000000  2006
70577.000000  2006
70579.000000  2007
70581.000000  2007
70583.000000  2008
70585.000000  2008
70587.000000  2009
70589.000000  2009
70591.000000  2010
70593.000000  2010
70595.000000  2011
70597.000000  2011
70599.000000  2012
70601.000000  2012
70603.000000  2013
70605.000000  2013
70607.000000  2014
70609.000000  2014
70611.000000  2015
70613.000000  2015
70615.000000  2016
70617.000000  2016
70619.000000  2017
70621.000000  2017
70623.000000  2018
70625.000000  2018
70627.000000  2019
70629.000000  2019
70631.000000  2020
70633.000000  2020
70635.000000  2021
70637.000000  2021
70639.000000  2022
70641.000000  2022
70643.000000  2023
70645.000000  2023
70647.000000  2024
70649.000000  2024
70651.000000  2025
70653.000000  2025
70655.000000  2026
70657.000000  2026
70659.000000  2027
70661.000000  2027
70663.000000  2028
70665.000000  2028
70667.000000  2029
70669.000000  2029
70671.000000  2030
70673.000000  2030
70675.000000  2031
70677.000000  2031
70679.000000  2032
70681.000000  2032
70683.000000  2033
70685.000000  2033
70687.000000  2034
70689.000000  2034
70691.000000  2035
70693.000000  2035
70695.000000  2036
70697.000000  2036
70699.000000  2037
70701.000000  2037
70703.000000  2038
70705.000000  2038
70707.000000  2039
70709.000000  2039
70711.000000  2040
70713.000000  2040
70715.000000  2041
70717.000000  2041
70719.000000  2042
70721.000000  2042
70723.000000  2043
70725.000000  2043
70727.000000  2044
70729.000000  2044
70731.000000  2045
70733.000000  2045
70735.000000  2046
70737.000000  2046
70739.000000  2047
70741.000000  2047
70743.000000  2048
70745.000000  2048
70747.000000  2049
70749.000000  2049
70751.000000  2050
70753.000000  2051
70755.000000  2051
70757.000000  2051
70759.000000  2052
70761.000000  2053
70763.000000  2053
70765.000000  2054
70767.000000  2054
70769.000000  2055
70771.000000  2055
70773.000000  2056
70775.000000  2056
70777.000000  2057
70779.000000  2057
70781.000000  2058
70783.000000  2058
70785.000000  2059
70787.000000  2059
70789.000000  2060
70791.000000  2060
70793.000000  2061
70795.000000  2061
70797.000000  2062
70799.000000  2062
70801.000000  2063
70803.000000  2063
70805.000000  2064
70807.000000  2064
70809.000000  2065
70811.000000  2065
70813.000000  2066
70815.000000  2066
70817.000000  2067
70819.000000  2067
70821.000000  2068
70823.000000  2068
70825.000000  2069
70827.000000  2069
70829.000000  2070
70831.000000  2070
70833.000000  2071
70835.000000  2071
70837.000000  2072
70839.000000  2072
70841.000000  2073
70843.000000  2073
70845.000000  2074
70847.000000  2074
70849.000000  2075
70851.000000  2075
70853.000000  2076
70855.000000  2076
70857.000000  2077
70859.000000  2077
70861.000000  2078
70863.000000  2078
70865.000000  2079
70867.000000  2079
70869.000000  2080
70871.000000  2081
70873.000000  2081
70875.000000  2081
70877.000000  2082
70879.000000  2083
70881.000000  2083
70883.000000  2083
70885.000000  2084
70887.000000  2085
70889.000000  2085
70891.000000  2085
70893.000000  2086
70895.000000  2087
70897.000000  2087
70899.000000  2087
70901.000000  2088
70903.000000  2089
70905.000000  2089
70907.000000  2089
70909.000000  2090
70911.000000  2091
70913.000000  2091
70915.000000  2092
70917.000000  2092
70919.000000  2093
70921.000000  2093
70923.000000  2094
70925.000000  2094
70927.000000  2095
70929.000000  2095
70931.000000  2096
70933.000000  2096
70935.000000  2097
70937.000000  2097
70939.000000  2098
70941.000000  2098
70943.000000  2099
70945.000000  2099
70947.000000  2100
70949.000000  2100
70951.000000  2101
70953.000000  2101
70955.000000  2102
70957.000000  2102
70959.000000  2103
70961.000000  2103
70963.000000  2104
70965.000000  2104
70967.000000  2105
70969.000000  2105
70971.000000  2106
70973.000000  2106
70975.000000  2107
70977.000000  2107
70979.000000  2108
70981.000000  2108
70983.000000  2109
70985.000000  2109
70987.000000  2110
70989.000000  2110
70991.000000  2111
70993.000000  2111
70995.000000  2112
70997.000000  2112
70999.000000  2113
71001.000000  2113
71003.000000  2114
71005.000000  2114
71007.000000  2115
71009.000000  2115
71011.000000  2116
71013.000000  2116
71015.000000  2117
71017.000000  2117
71019.000000  2118
71021.000000  2118
71023.000000  2119
71025.000000  2119
71027.000000  2120
71029.000000  2121
71031.000000  2121
71033.000000  2121
71035.000000  2122
71037.000000  2123
71039.000000  2123
71041.000000  2123
71043.000000  2124
71045.000000  2125
71047.000000  2125
71049.000000  2126
71051.000000  2126
71053.000000  2127
71055.000000  2127
71057.000000  2128
71059.000000  2128
71061.000000  2129
71063.000000  2129
71065.000000  2130
71067.000000  2130
71069.000000  2131
71071.000000  2131
71073.000000  2132
71075.000000  2132
71077.000000  2133
71079.000000  2133
71081.000000  2133
71083.000000  2134
71085.000000  2135
71087.000000  2135
71089.000000  2135
71091.000000  2136
71093.000000  2137
71095.000000  2137
71097.000000  2138
71099.000000  2138
71101.000000  2139
71103.000000  2139
71105.000000  2140
71107.000000  2140
71109.000000  2141
71111.000000  2141
71113.000000  2142
71115.000000  2142
71117.000000  2143
71119.000000  2143
71121.000000  2144
71123.000000  2144
71125.000000  2145
71127.000000  2145
71129.000000  2146
71131.000000  2146
71133.000000  2147
71135.000000  2147
71137.000000  2148
71139.000000  2148
71141.000000  2149
71143.000000  2149
71145.000000  2150
71147.000000  2150
71149.000000  2151
71151.000000  2151
71153.000000  2152
71155.000000  2152
71157.000000  2153
71159.000000  2153
71161.000000  2154
71163.000000  2154
71165.000000  2155
71167.000000  2155
71169.000000  2156
71171.000000  2156
71173.000000  2157
71175.000000  2157
71177.000000  2158
71179.000000  2158
71181.000000  2159
71183.000000  2159
71185.000000  2160
71187.000000  2160
71189.000000  2161
71191.000000  2161
71193.000000  2162
71195.000000  2162
71197.000000  2163
71199.000000  2163
71201.000000  2164
71203.000000  2165
71205.000000  2165
71207.000000  2165
71209.000000  2166
71211.000000  2167
71213.000000  2167
71215.000000  2168
71217.000000  2168
71219.000000  2169
71221.000000  2169
71223.000000  2170
71225.000000  2170
71227.000000  2171
71229.000000  2171
71231.000000  2172
71233.000000  2172
71235.000000  2173
71237.000000  2173
71239.000000  2174
71241.000000  2174
71243.000000  2175
71245.000000  2175
71247.000000  2176
71249.000000  2176
71251.000000  2177
71253.000000  2177
71255.000000  2178
71257.000000  2178
71259.000000  2179
71261.000000  2179
71263.000000  2180
71265.000000  2180
71267.000000  2181
71269.000000  2181
71271.000000  2182
71273.000000  2182
71275.000000  2183
71277.000000  2183
71279.000000  2184
71281.000000  2184
71283.000000  2185
71285.000000  2185
71287.000000  2186
71289.000000  2186
71291.000000  2187
71293.000000  2187
71295.000000  2188
71297.000000  2188
71299.000000  2189
71301.000000  2189
71303.000000  2190
71305.000000  2191
71307.000000  2191
71309.000000  2191
71311.000000  2192
71313.000000  2193
71315.000000  2193
71317.000000  2193
71319.000000  2194
71321.000000  2195
71323.000000  2195
71325.000000  2195
71327.000000  2196
71329.000000  2197
71331.000000  2197
71333.000000  2198
71335.000000  2198
71337.000000  2199
71339.000000  2199
71341.000000  2200
71343.000000  2200
71345.000000  2201
71347.000000  2201
71349.000000  2202
71351.000000  2202
71353.000000  2203
71355.000000  2203
71357.000000  2204
71359.000000  2204
71361.000000  2205
71363.000000  2205
71365.000000  2206
71367.000000  2206
71369.000000  2207
71371.000000  2207
71373.000000  2208
71375.000000  2208
71377.000000  2209
71379.000000  2209
71381.000000  2210
71383.000000  2210
71385.000000  2211
71387.000000  2211
71389.000000  2212
71391.000000  2212
71393.000000  2213
71395.000000  2213
71397.000000  2214
71399.000000  2214
71401.000000  2215
71403.000000  2215
71405.000000  2216
71407.000000  2216
71409.000000  2217
71411.000000  2217
71413.000000  2218
71415.000000  2218
71417.000000  2219
71419.000000  2219
71421.000000  2220
71423.000000  2220
71425.000000  2221
71427.000000  2221
71429.000000  2222
71431.000000  2222
71433.000000  2223
71435.000000  2223
71437.000000  2224
71439.000000  2224
71441.000000  2225
71443.000000  2225
71445.000000  2226
71447.000000  2226
71449.000000  2227
71451.000000  2227
71453.000000  2228
71455.000000  2228
71457.000000  2229
71459.000000  2229
71461.000000  2230
71463.000000  2230
71465.000000  2231
71467.000000  2231
71469.000000  2232
71471.000000  2232
71473.000000  2233
71475.000000  2233
71477.000000  2234
71479.000000  2234
71481.000000  2235
71483.000000  2235
71485.000000  2236
71487.000000  2236
71489.000000  2237
71491.000000  2237
71493.000000  2238
71495.000000  2238
71497.000000  2239
71499.000000  2239
71501.000000  2240
71503.000000  2241
71505.000000  2241
71507.000000  2241
71509.000000  2242
71511.000000  2243
71513.000000  2243
71515.000000  2244
71517.000000  2244
71519.000000  2245
71521.000000  2245
71523.000000  2246
71525.000000  2246
71527.000000  2247
71529.000000  2247
71531.000000  2248
71533.000000  2248
71535.000000  2249
71537.000000  2249
71539.000000  2250
71541.000000  2250
71543.000000  2251
71545.000000  2251
71547.000000  2252
71549.000000  2252
71551.000000  2253
71553.000000  2253
71555.000000  2254
71557.000000  2254
71559.000000  2255
71561.000000  2255
71563.000000  2256
71565.000000  2256
71567.000000  2257
71569.000000  2257
71571.000000  2258
71573.000000  2258
71575.000000  2259
71577.000000  2259
71579.000000  2260
71581.000000  2260
71583.000000  2261
71585.000000  2261
71587.000000  2262
71589.000000  2262
71591.000000  2263
71593.000000  2263
71595.000000  2264
71597.000000  2264
71599.000000  2265
71601.000000  2265
71603.000000  2266
71605.000000  2266
71607.000000  2267
71609.000000  2267
71611.000000  2268
71613.000000  2268
71615.000000  2269
71617.000000  2269
71619.000000  2270
71621.000000  2271
71623.000000  2271
71625.000000  2271
71627.000000  2272
71629.000000  2273
71631.000000  2273
71633.000000  2273
71635.000000  2274
71637.000000  2275
71639.000000  2275
71641.000000  2275
71643.000000  2276
71645.000000  2277
71647.000000  2277
71649.000000  2277
71651.000000  2278
71653.000000  2279
71655.000000  2279
71657.000000  2279
71659.000000  2280
71661.000000  2281
71663.000000  2281
71665.000000  2281
71667.000000  2282
71669.000000  2283
71671.000000  2283
71673.000000  2283
71675.000000  2284
71677.000000  2285
71679.000000  2285
71681.000000  2286
71683.000000  2286
71685.000000  2287
71687.000000  2287
71689.000000  2288
71691.000000  2288
71693.000000  2289
71695.000000  2289
71697.000000  2290
71699.000000  2290
71701.000000  2291
71703.000000  2291
71705.000000  2292
71707.000000  2292
71709.000000  2293
71711.000000  2293
71713.000000  2294
71715.000000  2294
71717.000000  2295
71719.000000  2295
71721.000000  2296
71723.000000  2296
71725.000000  2297
71727.000000  2297
71729.000000  2298
71731.000000  2298
71733.000000  2299
71735.000000  2299
71737.000000  2300
71739.000000  2300
71741.000000  2301
71743.000000  2301
71745.000000  2302
71747.000000  2302
71749.000000  2303
71751.000000  2303
71753.000000  2304
71755.000000  2304
71757.000000  2305
71759.000000  2305
71761.000000  2306
71763.000000  2306
71765.000000  2307
71767.000000  2307
71769.000000  2308
71771.000000  2308
71773.000000  2309
71775.000000  2309
71777.000000  2310
71779.000000  2310
71781.000000  2311
71783.000000  2311
71785.000000  2312
71787.000000  2312
71789.000000  2313
71791.000000  2313
71793.000000  2314
71795.000000  2314
71797.000000  2315
71799.000000  2315
71801.000000  2316
71803.000000  2316
71805.000000  2317
71807.000000  2317
71809.000000  2318
71811.000000  2319
71813.000000  2319
71815.000000  2319
71817.000000  2320
71819.000000  2321
71821.000000  2321
71823.000000  2321
71825.000000  2322
71827.000000  2323
71829.000000  2323
71831.000000  2323
71833.000000  2324
71835.000000  2325
71837.000000  2325
71839.000000  2325
71841.000000  2326
71843.000000  2327
71845.000000  2327
71847.000000  2327
71849.000000  2328
71851.000000  2329
71853.000000  2329
71855.000000  2329
71857.000000  2330
71859.000000  2331
71861.000000  2331
71863.000000  2331
71865.000000  2332
71867.000000  2333
71869.000000  2333
71871.000000  2334
71873.000000  2334
71875.000000  2335
71877.000000  2335
71879.000000  2336
71881.000000  2336
71883.000000  2337
71885.000000  2337
71887.000000  2338
71889.000000  2338
71891.000000  2339
71893.000000  2339
71895.000000  2340
71897.000000  2340
71899.000000  2341
71901.000000  2341
71903.000000  2342
71905.000000  2342
71907.000000  2343
71909.000000  2343
71911.000000  2344
71913.000000  2344
71915.000000  2345
71917.000000  2345
71919.000000  2346
71921.000000  2346
71923.000000  2347
71925.000000  2347
71927.000000  2348
71929.000000  2348
71931.000000  2349
71933.000000  2349
71935.000000  2350
71937.000000  2350
71939.000000  2351
71941.000000  2351
71943.000000  2352
71945.000000  2352
71947.000000  2353
71949.000000  2353
71951.000000  2354
71953.000000  2355
71955.000000  2355
71957.000000  2355
71959.000000  2356
71961.000000  2357
71963.000000  2357
71965.000000  2357
71967.000000  2358
71969.000000  2359
71971.000000  2359
71973.000000  2360
71975.000000  2360
71977.000000  2361
71979.000000  2361
71981.000000  2362
71983.000000  2362
71985.000000  2363
71987.000000  2363
71989.000000  2364
71991.000000  2364
71993.000000  2365
71995.000000  2365
71997.000000  2366
71999.000000  2366
72001.000000  2367
72003.000000  2367
72005.000000  2368
72007.000000  2368
72009.000000  2369
72011.000000  2369
72013.000000  2370
72015.000000  2370
72017.000000  2371
72019.000000  2371
72021.000000  2372
72023.000000  2372
72025.000000  2373
72027.000000  2373
72029.000000  2374
72031.000000  2374
72033.000000  2375
72035.000000  2375
72037.000000  2376
72039.000000  2376
72041.000000  2377
72043.000000  2377
72045.000000  2378
72047.000000  2378
72049.000000  2379
72051.000000  2379
72053.000000  2380
72055.000000  2380
72057.000000  2381
72059.000000  2381
72061.000000  2382
72063.000000  2382
72065.000000  2383
72067.000000  2383
72069.000000  2384
72071.000000  2384
72073.000000  2385
72075.000000  2385
72077.000000  2386
72079.000000  2387
72081.000000  2387
72083.000000  2387
72085.000000  2388
72087.000000  2389
72089.000000  2389
72091.000000  2389
72093.000000  2390
72095.000000  2391
72097.000000  2391
72099.000000  2392
72101.000000  2392
72103.000000  2393
72105.000000  2393
72107.000000  2394
72109.000000  2394
72111.000000  2395
72113.000000  2395
72115.000000  2396
72117.000000  2396
72119.000000  2397
72121.000000  2397
72123.000000  2397
72125.000000  2398
72127.000000  2399
72129.000000  2399
72131.000000  2399
72133.000000  2400
72135.000000  2401
72137.000000  2401
72139.000000  2401
72141.000000  2402
72143.000000  2403
72145.000000  2403
72147.000000  2403
72149.000000  2404
72151.000000  2405
72153.000000  2405
72155.000000  2406
72157.000000  2406
72159.000000  2407
72161.000000  2407
72163.000000  2408
72165.000000  2408
72167.000000  2409
72169.000000  2409
72171.000000  2410
72173.000000  2410
72175.000000  2411
72177.000000  2411
72179.000000  2412
72181.000000  2412
72183.000000  2413
72185.000000  2413
72187.000000  2414
72189.000000  2414
72191.000000  2415
72193.000000  2415
72195.000000  2416
72197.000000  2416
72199.000000  2417
72201.000000  2417
72203.000000  2418
72205.000000  2418
72207.000000  2419
72209.000000  2419
72211.000000  2420
72213.000000  2420
72215.000000  2421
72217.000000  2421
72219.000000  2422
72221.000000  2422
72223.000000  2423
72225.000000  2423
72227.000000  2424
72229.000000  2424
72231.000000  2425
72233.000000  2425
72235.000000  2426
72237.000000  2426
72239.000000  2427
72241.000000  2427
72243.000000  2428
72245.000000  2428
72247.000000  2429
72249.000000  2429
72251.000000  2430
72253.000000  2431
72255.000000  2431
72257.000000  2431
72259.000000  2432
72261.000000  2433
72263.000000  2433
72265.000000  2433
72267.000000  2434
72269.000000  2435
72271.000000  2435
72273.000000  2436
72275.000000  2436
72277.000000  2437
72279.000000  2437
72281.000000  2438
72283.000000  2438
72285.000000  2439
72287.000000  2439
72289.000000  2440
72291.000000  2440
72293.000000  2441
72295.000000  2441
72297.000000  2442
72299.000000  2442
72301.000000  2443
72303.000000  2443
72305.000000  2444
72307.000000  2444
72309.000000  2445
72311.000000  2445
72313.000000  2446
72315.000000  2446
72317.000000  2447
72319.000000  2447
72321.000000  2448
72323.000000  2448
72325.000000  2449
72327.000000  2449
72329.000000  2450
72331.000000  2450
72333.000000  2451
72335.000000  2451
72337.000000  2452
72339.000000  2452
72341.000000  2453
72343.000000  2453
72345.000000  2454
72347.000000  2454
72349.000000  2455
72351.000000  2455
72353.000000  2456
72355.000000  2457
72357.000000  2457
72359.000000  2457
72361.000000  2458
72363.000000  2459
72365.000000  2459
72367.000000  2459
72369.000000  2460
72371.000000  2461
72373.000000  2461
72375.000000  2461
72377.000000  2462
72379.000000  2463
72381.000000  2463
72383.000000  2464
72385.000000  2464
72387.000000  2465
72389.000000  2465
72391.000000  2466
72393.000000  2466
72395.000000  2467
72397.000000  2467
72399.000000  2468
72401.000000  2468
72403.000000  2469
72405.000000  2469
72407.000000  2470
72409.000000  2470
72411.000000  2471
72413.000000  2471
72415.000000  2472
72417.000000  2472
72419.000000  2473
72421.000000  2473
72423.000000  2474
72425.000000  2474
72427.000000  2475
72429.000000  2475
72431.000000  2476
72433.000000  2476
72435.000000  2477
72437.000000  2477
72439.000000  2478
72441.000000  2478
72443.000000  2479
72445.000000  2479
72447.000000  2480
72449.000000  2480
72451.000000  2481
72453.000000  2481
72455.000000  2482
72457.000000  2482
72459.000000  2483
72461.000000  2483
72463.000000  2484
72465.000000  2484
72467.000000  2485
72469.000000  2485
72471.000000  2486
72473.000000  2486
72475.000000  2487
72477.000000  2487
72479.000000  2488
72481.000000  2488
72483.000000  2489
72485.000000  2489
72487.000000  2490
72489.000000  2490
72491.000000  2491
72493.000000  2491
72495.000000  2492
72497.000000  2492
72499.000000  2493
72501.000000  2493
72503.000000  2494
72505.000000  2494
72507.000000  2495
72509.000000  2495
72511.000000  2496
72513.000000  2496
72515.000000  2497
72517.000000  2497
72519.000000  2498
72521.000000  2498
72523.000000  2499
72525.000000  2499
72527.000000  2500
72529.000000  2500
72531.000000  2501
72533.000000  2501
72535.000000  2502
72537.000000  2502
72539.000000  2503
72541.000000  2503
72543.000000  2504
72545.000000  2504
72547.000000  2505
72549.000000  2505
72551.000000  2506
72553.000000  2507
72555.000000  2507
72557.000000  2507
72559.000000  2508
72561.000000  2509
72563.000000  2509
72565.000000  2510
72567.000000  2510
72569.000000  2511
72571.000000  2511
72573.000000  2512
72575.000000  2512
72577.000000  2513
72579.000000  2513
72581.000000  2514
72583.000000  2514
72585.000000  2515
72587.000000  2515
72589.000000  2516
72591.000000  2516
72593.000000  2517
72595.000000  2517
72597.000000  2518
72599.000000  2518
72601.000000  2519
72603.000000  2519
72605.000000  2520
72607.000000  2520
72609.000000  2521
72611.000000  2521
72613.000000  2522
72615.000000  2522
72617.000000  2523
72619.000000  2523
72621.000000  2524
72623.000000  2524
72625.000000  2525
72627.000000  2525
72629.000000  2526
72631.000000  2526
72633.000000  2527
72635.000000  2527
72637.000000  2528
72639.000000  2528
72641.000000  2529
72643.000000  2529
72645.000000  2530
72647.000000  2530
72649.000000  2531
72651.000000  2531
72653.000000  2532
72655.000000  2532
72657.000000  2533
72659.000000  2533
72661.000000  2534
72663.000000  2535
72665.000000  2535
72667.000000  2535
72669.000000  2536
72671.000000  2537
72673.000000  2537
72675.000000  2537
72677.000000  2538
72679.000000  2539
72681.000000  2539
72683.000000  2539
72685.000000  2540
72687.000000  2541
72689.000000  2541
72691.000000  2541
72693.000000  2542
72695.000000  2543
72697.000000  2543
72699.000000  2543
72701.000000  2544
72703.000000  2545
72705.000000  2545
72707.000000  2546
72709.000000  2546
72711.000000  2547
72713.000000  2547
72715.000000  2548
72717.000000  2548
72719.000000  2549
72721.000000  2549
72723.000000  2550
72725.000000  2550
72727.000000  2551
72729.000000  2551
72731.000000  2552
72733.000000  2552
72735.000000  2553
72737.000000  2553
72739.000000  2554
72741.000000  2554
72743.000000  2555
72745.000000  2555
72747.000000  2556
72749.000000  2556
72751.000000  2557
72753.000000  2557
72755.000000  2558
72757.000000  2558
72759.000000  2559
72761.000000  2559
72763.000000  2560
72765.000000  2560
72767.000000  2561
72769.000000  2561
72771.000000  2562
72773.000000  2562
72775.000000  2563
72777.000000  2563
72779.000000  2564
72781.000000  2564
72783.000000  2565
72785.000000  2565
72787.000000  2566
72789.000000  2566
72791.000000  2567
72793.000000  2567
72795.000000  2568
72797.000000  2568
72799.000000  2569
72801.000000  2569
72803.000000  2570
72805.000000  2570
72807.000000  2571
72809.000000  2571
72811.000000  2572
72813.000000  2572
72815.000000  2573
72817.000000  2573
72819.000000  2574
72821.000000  2575
72823.000000  2575
72825.000000  2575
72827.000000  2576
72829.000000  2577
72831.000000  2577
72833.000000  2577
72835.000000  2578
72837.000000  2579
72839.000000  2579
72841.000000  2579
72843.000000  2580
72845.000000  2581
72847.000000  2581
72849.000000  2581
72851.000000  2582
72853.000000  2583
72855.000000  2583
72857.000000  2583
72859.000000  2584
72861.000000  2585
72863.000000  2585
72865.000000  2586
72867.000000  2586
72869.000000  2587
72871.000000  2587
72873.000000  2588
72875.000000  2588
72877.000000  2589
72879.000000  2589
72881.000000  2589
72883.000000  2590
72885.000000  2591
72887.000000  2591
72889.000000  2591
72891.000000  2592
72893.000000  2593
72895.000000  2593
72897.000000  2594
72899.000000  2594
72901.000000  2595
72903.000000  2595
72905.000000  2596
72907.000000  2596
72909.000000  2597
72911.000000  2597
72913.000000  2598
72915.000000  2598
72917.000000  2599
72919.000000  2599
72921.000000  2600
72923.000000  2600
72925.000000  2601
72927.000000  2601
72929.000000  2602
72931.000000  2602
72933.000000  2603
72935.000000  2603
72937.000000  2604
72939.000000  2604
72941.000000  2605
72943.000000  2605
72945.000000  2606
72947.000000  2606
72949.000000  2607
72951.000000  2607
72953.000000  2608
72955.000000  2608
72957.000000  2609
72959.000000  2609
72961.000000  2610
72963.000000  2610
72965.000000  2611
72967.000000  2611
72969.000000  2612
72971.000000  2612
72973.000000  2613
72975.000000  2613
72977.000000  2614
72979.000000  2614
72981.000000  2615
72983.000000  2615
72985.000000  2616
72987.000000  2616
72989.000000  2617
72991.000000  2617
72993.000000  2618
72995.000000  2618
72997.000000  2619
72999.000000  2619
73001.000000  2620
73003.000000  2621
73005.000000  2621
73007.000000  2621
73009.000000  2622
73011.000000  2623
73013.000000  2623
73015.000000  2623
73017.000000  2624
73019.000000  2625
73021.000000  2625
73023.000000  2626
73025.000000  2626
73027.000000  2627
73029.000000  2627
73031.000000  2628
73033.000000  2628
73035.000000  2629
73037.000000  2629
73039.000000  2630
73041.000000  2630
73043.000000  2631
73045.000000  2631
73047.000000  2632
73049.000000  2632
73051.000000  2633
73053.000000  2633
73055.000000  2634
73057.000000  2634
73059.000000  2635
73061.000000  2635
73063.000000  2636
73065.000000  2636
73067.000000  2637
73069.000000  2637
73071.000000  2638
73073.000000  2638
73075.000000  2639
73077.000000  2639
73079.000000  2640
73081.000000  2640
73083.000000  2641
73085.000000  2641
73087.000000  2642
73089.000000  2642
73091.000000  2643
73093.000000  2643
73095.000000  2644
73097.000000  2644
73099.000000  2645
73101.000000  2645
73103.000000  2646
73105.000000  2646
73107.000000  2647
73109.000000  2647
73111.000000  2648
73113.000000  2648
73115.000000  2649
73117.000000  2649
73119.000000  2650
73121.000000  2650
73123.000000  2651
73125.000000  2651
73127.000000  2652
73129.000000  2653
73131.000000  2653
73133.000000  2653
73135.000000  2654
73137.000000  2655
73139.000000  2655
73141.000000  2655
73143.000000  2656
73145.000000  2657
73147.000000  2657
73149.000000  2657
73151.000000  2658
73153.000000  2659
73155.000000  2659
73157.000000  2660
73159.000000  2660
73161.000000  2661
73163.000000  2661
73165.000000  2662
73167.000000  2662
73169.000000  2663
73171.000000  2663
73173.000000  2663
73175.000000  2664
73177.000000  2665
73179.000000  2665
73181.000000  2665
73183.000000  2666
73185.000000  2667
73187.000000  2667
73189.000000  2667
73191.000000  2668
73193.000000  2669
73195.000000  2669
73197.000000  2670
73199.000000  2670
73201.000000  2671
73203.000000  2671
73205.000000  2672
73207.000000  2672
73209.000000  2673
73211.000000  2673
73213.000000  2674
73215.000000  2674
73217.000000  2675
73219.000000  2675
73221.000000  2676
73223.000000  2676
73225.000000  2677
73227.000000  2677
73229.000000  2678
73231.000000  2678
73233.000000  2679
73235.000000  2679
73237.000000  2680
73239.000000  2680
73241.000000  2681
73243.000000  2681
73245.000000  2682
73247.000000  2682
73249.000000  2683
73251.000000  2683
73253.000000  2684
73255.000000  2684
73257.000000  2685
73259.000000  2685
73261.000000  2686
73263.000000  2686
73265.000000  2687
73267.000000  2687
73269.000000  2688
73271.000000  2688
73273.000000  2689
73275.000000  2689
73277.000000  2690
73279.000000  2690
73281.000000  2691
73283.000000  2691
73285.000000  2692
73287.000000  2692
73289.000000  2693
73291.000000  2693
73293.000000  2694
73295.000000  2694
73297.000000  2695
73299.000000  2695
73301.000000  2696
73303.000000  2696
73305.000000  2697
73307.000000  2697
73309.000000  2698
73311.000000  2699
73313.000000  2699
73315.000000  2699
73317.000000  2700
73319.000000  2701
73321.000000  2701
73323.000000  2701
73325.000000  2702
73327.000000  2703
73329.000000  2703
73331.000000  2703
73333.000000  2704
73335.000000  2705
73337.000000  2705
73339.000000  2706
73341.000000  2706
73343.000000  2707
73345.000000  2707
73347.000000  2708
73349.000000  2708
73351.000000  2709
73353.000000  2709
73355.000000  2710
73357.000000  2710
73359.000000  2711
73361.000000  2711
73363.000000  2712
73365.000000  2712
73367.000000  2713
73369.000000  2713
73371.000000  2714
73373.000000  2714
73375.000000  2715
73377.000000  2715
73379.000000  2716
73381.000000  2716
73383.000000  2717
73385.000000  2717
73387.000000  2718
73389.000000  2718
73391.000000  2719
73393.000000  2719
73395.000000  2720
73397.000000  2720
73399.000000  2721
73401.000000  2721
73403.000000  2722
73405.000000  2722
73407.000000  2723
73409.000000  2723
73411.000000  2724
73413.000000  2724
73415.000000  2725
73417.000000  2725
73419.000000  2726
73421.000000  2727
73423.000000  2727
73425.000000  2727
73427.000000  2728
73429.000000  2729
73431.000000  2729
73433.000000  2729
73435.000000  2730
73437.000000  2731
73439.000000  2731
73441.000000  2731
73443.000000  2732
73445.000000  2733
73447.000000  2733
73449.000000  2733
73451.000000  2734
73453.000000  2735
73455.000000  2735
73457.000000  2735
73459.000000  2736
73461.000000  2737
73463.000000  2737
73465.000000  2737
73467.000000  2738
73469.000000  2739
73471.000000  2739
73473.000000  2739
73475.000000  2740
73477.000000  2741
73479.000000  2741
73481.000000  2741
73483.000000  2742
73485.000000  2743
73487.000000  2743
73489.000000  2744
73491.000000  2744
73493.000000  2745
73495.000000  2745
73497.000000  2746
73499.000000  2746
73501.000000  2747
73503.000000  2747
73505.000000  2748
73507.000000  2748
73509.000000  2749
73511.000000  2749
73513.000000  2750
73515.000000  2750
73517.000000  2751
73519.000000  2751
73521.000000  2752
73523.000000  2752
73525.000000  2753
73527.000000  2753
73529.000000  2754
73531.000000  2754
73533.000000  2755
73535.000000  2755
73537.000000  2756
73539.000000  2756
73541.000000  2757
73543.000000  2757
73545.000000  2758
73547.000000  2758
73549.000000  2759
73551.000000  2759
73553.000000  2760
73555.000000  2760
73557.000000  2761
73559.000000  2761
73561.000000  2762
73563.000000  2762
73565.000000  2763
73567.000000  2763
73569.000000  2764
73571.000000  2764
73573.000000  2765
73575.000000  2765
73577.000000  2766
73579.000000  2766
73581.000000  2767
73583.000000  2767
73585.000000  2768
73587.000000  2768
73589.000000  2769
73591.000000  2769
73593.000000  2770
73595.000000  2770
73597.000000  2771
73599.000000  2771
73601.000000  2772
73603.000000  2772
73605.000000  2773
73607.000000  2773
73609.000000  2774
73611.000000  2775
73613.000000  2775
73615.000000  2775
73617.000000  2776
73619.000000  2777
73621.000000  2777
73623.000000  2777
73625.000000  2778
73627.000000  2779
73629.000000  2779
73631.000000  2779
73633.000000  2780
73635.000000  2781
73637.000000  2781
73639.000000  2781
73641.000000  2782
73643.000000  2783
73645.000000  2783
73647.000000  2783
73649.000000  2784
73651.000000  2785
73653.000000  2785
73655.000000  2785
73657.000000  2786
73659.000000  2787
73661.000000  2787
73663.000000  2788
73665.000000  2788
73667.000000  2789
73669.000000  2789
73671.000000  2790
73673.000000  2790
73675.000000  2791
73677.000000  2791
73679.000000  2792
73681.000000  2792
73683.000000  2793
73685.000000  2793
73687.000000  2794
73689.000000  2794
73691.000000  2795
73693.000000  2795
73695.000000  2796
73697.000000  2796
73699.000000  2797
73701.000000  2797
73703.000000  2798
73705.000000  2798
73707.000000  2799
73709.000000  2799
73711.000000  2800
73713.000000  2800
73715.000000  2801
73717.000000  2801
73719.000000  2802
73721.000000  2802
73723.000000  2803
73725.000000  2803
73727.000000  2804
73729.000000  2804
73731.000000  2805
73733.000000  2805
73735.000000  2806
73737.000000  2806
73739.000000  2807
73741.000000  2807
73743.000000  2808
73745.000000  2808
73747.000000  2809
73749.000000  2809
73751.000000  2810
73753.000000  2811
73755.000000  2811
73757.000000  2811
73759.000000  2812
73761.000000  2813
73763.000000  2813
73765.000000  2813
73767.000000  2814
73769.000000  2815
73771.000000  2815
73773.000000  2816
73775.000000  2816
73777.000000  2817
73779.000000  2817
73781.000000  2818
73783.000000  2818
73785.000000  2819
73787.000000  2819
73789.000000  2820
73791.000000  2820
73793.000000  2821
73795.000000  2821
73797.000000  2822
73799.000000  2822
73801.000000  2823
73803.000000  2823
73805.000000  2824
73807.000000  2824
73809.000000  2825
73811.000000  2825
73813.000000  2826
73815.000000  2826
73817.000000  2827
73819.000000  2827
73821.000000  2828
73823.000000  2828
73825.000000  2829
73827.000000  2829
73829.000000  2830
73831.000000  2830
73833.000000  2831
73835.000000  2831
73837.000000  2832
73839.000000  2832
73841.000000  2833
73843.000000  2833
73845.000000  2834
73847.000000  2834
73849.000000  2835
73851.000000  2835
73853.000000  2836
73855.000000  2836
73857.000000  2837
73859.000000  2837
73861.000000  2838
73863.000000  2838
73865.000000  2839
73867.000000  2839
73869.000000  2840
73871.000000  2840
73873.000000  2841
73875.000000  2841
73877.000000  2842
73879.000000  2843
73881.000000  2843
73883.000000  2843
73885.000000  2844
73887.000000  2845
73889.000000  2845
73891.000000  2845
73893.000000  2846
73895.000000  2847
73897.000000  2847
73899.000000  2847
73901.000000  2848
73903.000000  2849
73905.000000  2849
73907.000000  2849
73909.000000  2850
73911.000000  2851
73913.000000  2851
73915.000000  2851
73917.000000  2852
73919.000000  2853
73921.000000  2853
73923.000000  2853
73925.000000  2854
73927.000000  2855
73929.000000  2855
73931.000000  2855
73933.000000  2856
73935.000000  2857
73937.000000  2857
73939.000000  2857
73941.000000  2858
73943.000000  2859
73945.000000  2859
73947.000000  2859
73949.000000  2860
73951.000000  2861
73953.000000  2861
73955.000000  2861
73957.000000  2862
73959.000000  2863
73961.000000  2863
73963.000000  2863
73965.000000  2864
73967.000000  2865
73969.000000  2865
73971.000000  2866
73973.000000  2866
73975.000000  2867
73977.000000  2867
73979.000000  2868
73981.000000  2868
73983.000000  2869
73985.000000  2869
73987.000000  2870
73989.000000  2870
73991.000000  2871
73993.000000  2871
73995.000000  2872
73997.000000  2872
73999.000000  2873
74001.000000  2873
74003.000000  2874
74005.000000  2874
74007.000000  2875
74009.000000  2875
74011.000000  2876
74013.000000  2876
74015.000000  2877
74017.000000  2877
74019.000000  2878
74021.000000  2878
74023.000000  2879
74025.000000  2879
74027.000000  2880
74029.000000  2880
74031.000000  2881
74033.000000  2881
74035.000000  2882
74037.000000  2882
74039.000000  2883
74041.000000  2883
74043.000000  2884
74045.000000  2884
74047.000000  2885
74049.000000  2885
74051.000000  2886
74053.000000  2886
74055.000000  2887
74057.000000  2887
74059.000000  2888
74061.000000  2889
74063.000000  2889
74065.000000  2889
74067.000000  2890
74069.000000  2891
74071.000000  2891
74073.000000  2891
74075.000000  2892
74077.000000  2893
74079.000000  2893
74081.000000  2894
74083.000000  2894
74085.000000  2895
74087.000000  2895
74089.000000  2896
74091.000000  2896
74093.000000  2897
74095.000000  2897
74097.000000  2898
74099.000000  2898
74101.000000  2899
74103.000000  2899
74105.000000  2900
74107.000000  2900
74109.000000  2901
74111.000000  2901
74113.000000  2902
74115.000000  2902
74117.000000  2903
74119.000000  2903
74121.000000  2904
74123.000000  2904
74125.000000  2905
74127.000000  2905
74129.000000  2906
74131.000000  2906
74133.000000  2907
74135.000000  2907
74137.000000  2908
74139.000000  2908
74141.000000  2909
74143.000000  2909
74145.000000  2910
74147.000000  2910
74149.000000  2911
74151.000000  2911
74153.000000  2912
74155.000000  2912
74157.000000  2913
74159.000000  2913
74161.000000  2914
74163.000000  2914
74165.000000  2915
74167.000000  2915
74169.000000  2916
74171.000000  2917
74173.000000  2917
74175.000000  2917
74177.000000  2918
74179.000000  2919
74181.000000  2919
74183.000000  2919
74185.000000  2920
74187.000000  2921
74189.000000  2921
74191.000000  2921
74193.000000  2922
74195.000000  2923
74197.000000  2923
74199.000000  2923
74201.000000  2924
74203.000000  2925
74205.000000  2925
74207.000000  2925
74209.000000  2926
74211.000000  2927
74213.000000  2927
74215.000000  2927
74217.000000  2928
74219.000000  2929
74221.000000  2929
74223.000000  2930
74225.000000  2930
74227.000000  2931
74229.000000  2931
74231.000000  2932
74233.000000  2932
74235.000000  2933
74237.000000  2933
74239.000000  2934
74241.000000  2934
74243.000000  2935
74245.000000  2935
74247.000000  2936
74249.000000  2936
74251.000000  2937
74253.000000  2937
74255.000000  2938
74257.000000  2938
74259.000000  2939
74261.000000  2939
74263.000000  2940
74265.000000  2940
74267.000000  2941
74269.000000  2941
74271.000000  2942
74273.000000  2942
74275.000000  2943
74277.000000  2943
74279.000000  2944
74281.000000  2944
74283.000000  2945
74285.000000  2945
74287.000000  2946
74289.000000  2946
74291.000000  2947
74293.000000  2947
74295.000000  2948
74297.000000  2948
74299.000000  2949
74301.000000  2949
74303.000000  2950
74305.000000  2950
74307.000000  2951
74309.000000  2951
74311.000000  2952
74313.000000  2952
74315.000000  2953
74317.000000  2953
74319.000000  2954
74321.000000  2954
74323.000000  2955
74325.000000  2955
74327.000000  2956
74329.000000  2956
74331.000000  2957
74333.000000  2957
74335.000000  2958
74337.000000  2958
74339.000000  2959
74341.000000  2959
74343.000000  2960
74345.000000  2960
74347.000000  2961
74349.000000  2961
74351.000000  2962
74353.000000  2963
