35785.000000  84
35787.000000  85
35789.000000  86
35791.000000  87
35793.000000  88
35795.000000  89
35797.000000  90
35799.000000  91
35801.000000  92
35803.000000  93
35805.000000  95
35807.000000  96
35809.000000  97
35811.000000  98
35813.000000  99
35815.000000  100
35817.000000  101
35819.000000  102
35821.000000  103
35823.000000  105
35825.000000  106
35827.000000  107
35829.000000  108
35831.000000  109
35833.000000  110
35835.000000  111
35837.000000  112
35839.000000  113
35841.000000  115
35843.000000  116
35845.000000  117
35847.000000  118
35849.000000  119
35851.000000  120
35853.000000  121
35855.000000  122
35857.000000  123
35859.000000  125
35861.000000  126
35863.000000  127
35865.000000  128
35867.000000  129
35869.000000  130
35871.000000  131
35873.000000  132
35875.000000  133
35877.000000  135
35879.000000  136
35881.000000  137
35883.000000  138
35885.000000  139
35887.000000  140
35889.000000  141
35891.000000  142
35893.000000  143
35895.000000  145
35897.000000  146
35899.000000  147
35901.000000  148
35903.000000  149
35905.000000  150
35907.000000  151
35909.000000  153
35911.000000  154
35913.000000  155
35915.000000  156
35917.000000  157
35919.000000  158
35921.000000  159
35923.000000  160
35925.000000  161
35927.000000  162
35929.000000  163
35931.000000  165
35933.000000  166
35935.000000  167
35937.000000  168
35939.000000  169
35941.000000  170
35943.000000  171
35945.000000  173
35947.000000  174
35949.000000  175
35951.000000  176
35953.000000  177
35955.000000  178
35957.000000  179
35959.000000  180
35961.000000  181
35963.000000  183
35965.000000  184
35967.000000  185
35969.000000  186
35971.000000  187
35973.000000  188
35975.000000  189
35977.000000  191
35979.000000  192
35981.000000  193
35983.000000  194
35985.000000  195
35987.000000  196
35989.000000  197
35991.000000  198
35993.000000  199
35995.000000  201
35997.000000  202
35999.000000  203
36001.000000  204
36003.000000  205
36005.000000  206
36007.000000  207
36009.000000  208
36011.000000  209
36013.000000  211
36015.000000  212
36017.000000  213
36019.000000  214
36021.000000  215
36023.000000  216
36025.000000  217
36027.000000  219
36029.000000  220
36031.000000  221
36033.000000  222
36035.000000  223
36037.000000  224
36039.000000  225
36041.000000  226
36043.000000  227
36045.000000  229
36047.000000  230
36049.000000  231
36051.000000  232
36053.000000  233
36055.000000  234
36057.000000  235
36059.000000  236
36061.000000  237
36063.000000  239
36065.000000  240
36067.000000  241
36069.000000  242
36071.000000  243
36073.000000  244
36075.000000  245
36077.000000  247
36079.000000  248
36081.000000  249
36083.000000  250
36085.000000  251
36087.000000  252
36089.000000  253
36091.000000  254
36093.000000  255
36095.000000  257
36097.000000  258
36099.000000  259
36101.000000  260
36103.000000  261
36105.000000  262
36107.000000  263
36109.000000  265
36111.000000  266
36113.000000  267
36115.000000  268
36117.000000  269
36119.000000  270
36121.000000  271
36123.000000  272
36125.000000  273
36127.000000  275
36129.000000  276
36131.000000  277
36133.000000  278
36135.000000  279
36137.000000  280
36139.000000  281
36141.000000  282
36143.000000  284
36145.000000  285
36147.000000  286
36149.000000  287
36151.000000  288
36153.000000  289
36155.000000  290
36157.000000  291
36159.000000  293
36161.000000  294
36163.000000  295
36165.000000  296
36167.000000  297
36169.000000  298
36171.000000  299
36173.000000  301
36175.000000  301
36177.000000  303
36179.000000  304
36181.000000  305
36183.000000  306
36185.000000  307
36187.000000  308
36189.000000  309
36191.000000  311
36193.000000  312
36195.000000  313
36197.000000  314
36199.000000  315
36201.000000  316
36203.000000  317
36205.000000  319
36207.000000  320
36209.000000  321
36211.000000  322
36213.000000  323
36215.000000  324
36217.000000  325
36219.000000  326
36221.000000  327
36223.000000  329
36225.000000  330
36227.000000  331
36229.000000  332
36231.000000  333
36233.000000  334
36235.000000  335
36237.000000  336
36239.000000  337
36241.000000  339
36243.000000  340
36245.000000  341
36247.000000  342
36249.000000  343
36251.000000  344
36253.000000  345
36255.000000  347
36257.000000  348
36259.000000  349
36261.000000  350
36263.000000  351
36265.000000  352
36267.000000  353
36269.000000  354
36271.000000  355
36273.000000  357
36275.000000  358
36277.000000  359
36279.000000  360
36281.000000  361
36283.000000  362
36285.000000  363
36287.000000  365
36289.000000  366
36291.000000  367
36293.000000  368
36295.000000  369
36297.000000  370
36299.000000  371
36301.000000  372
36303.000000  373
36305.000000  375
36307.000000  376
36309.000000  377
36311.000000  378
36313.000000  379
36315.000000  380
36317.000000  381
36319.000000  382
36321.000000  383
36323.000000  385
36325.000000  386
36327.000000  387
36329.000000  388
36331.000000  389
36333.000000  390
36335.000000  391
36337.000000  393
36339.000000  394
36341.000000  395
36343.000000  396
36345.000000  397
36347.000000  398
36349.000000  399
36351.000000  400
36353.000000  401
36355.000000  403
36357.000000  404
36359.000000  405
36361.000000  406
36363.000000  407
36365.000000  408
36367.000000  409
36369.000000  411
36371.000000  412
36373.000000  413
36375.000000  414
36377.000000  415
36379.000000  416
36381.000000  417
36383.000000  419
36385.000000  419
36387.000000  421
36389.000000  422
36391.000000  423
36393.000000  424
36395.000000  425
36397.000000  426
36399.000000  427
36401.000000  429
36403.000000  430
36405.000000  431
36407.000000  432
36409.000000  433
36411.000000  434
36413.000000  435
36415.000000  437
36417.000000  438
36419.000000  439
36421.000000  440
36423.000000  441
36425.000000  442
36427.000000  443
36429.000000  444
36431.000000  445
36433.000000  447
36435.000000  448
36437.000000  449
36439.000000  450
36441.000000  451
36443.000000  452
36445.000000  453
36447.000000  455
36449.000000  456
36451.000000  457
36453.000000  458
36455.000000  459
36457.000000  460
36459.000000  461
36461.000000  462
36463.000000  463
36465.000000  465
36467.000000  466
36469.000000  467
36471.000000  468
36473.000000  469
36475.000000  470
36477.000000  471
36479.000000  473
36481.000000  474
36483.000000  475
36485.000000  476
36487.000000  477
36489.000000  478
36491.000000  479
36493.000000  480
36495.000000  481
36497.000000  483
36499.000000  484
36501.000000  485
36503.000000  486
36505.000000  487
36507.000000  488
36509.000000  489
36511.000000  491
36513.000000  492
36515.000000  493
36517.000000  494
36519.000000  495
36521.000000  496
36523.000000  497
36525.000000  498
36527.000000  499
36529.000000  501
36531.000000  502
36533.000000  503
36535.000000  504
36537.000000  505
36539.000000  506
36541.000000  507
36543.000000  509
36545.000000  510
36547.000000  511
36549.000000  512
36551.000000  513
36553.000000  514
36555.000000  515
36557.000000  517
36559.000000  518
36561.000000  519
36563.000000  520
36565.000000  521
36567.000000  522
36569.000000  523
36571.000000  524
36573.000000  525
36575.000000  527
36577.000000  528
36579.000000  529
36581.000000  530
36583.000000  531
36585.000000  532
36587.000000  533
36589.000000  535
36591.000000  536
36593.000000  537
36595.000000  538
36597.000000  539
36599.000000  540
36601.000000  541
36603.000000  542
36605.000000  543
36607.000000  545
36609.000000  546
36611.000000  547
36613.000000  548
36615.000000  549
36617.000000  550
36619.000000  551
36621.000000  553
36623.000000  554
36625.000000  555
36627.000000  556
36629.000000  557
36631.000000  558
36633.000000  559
36635.000000  561
36637.000000  562
36639.000000  563
36641.000000  564
36643.000000  565
36645.000000  566
36647.000000  567
36649.000000  568
36651.000000  569
36653.000000  571
36655.000000  572
36657.000000  573
36659.000000  574
36661.000000  575
36663.000000  576
36665.000000  577
36667.000000  579
36669.000000  580
36671.000000  581
36673.000000  582
36675.000000  583
36677.000000  584
36679.000000  585
36681.000000  587
36683.000000  588
36685.000000  589
36687.000000  590
36689.000000  591
36691.000000  592
36693.000000  593
36695.000000  594
36697.000000  595
36699.000000  597
36701.000000  598
36703.000000  599
36705.000000  600
36707.000000  601
36709.000000  602
36711.000000  603
36713.000000  605
36715.000000  606
36717.000000  607
36719.000000  608
36721.000000  609
36723.000000  610
36725.000000  611
36727.000000  612
36729.000000  613
36731.000000  615
36733.000000  616
36735.000000  617
36737.000000  618
36739.000000  619
36741.000000  620
36743.000000  621
36745.000000  623
36747.000000  624
36749.000000  625
36751.000000  626
36753.000000  627
36755.000000  628
36757.000000  629
36759.000000  630
36761.000000  631
36763.000000  633
36765.000000  634
36767.000000  635
36769.000000  636
36771.000000  637
36773.000000  638
36775.000000  639
36777.000000  641
36779.000000  642
36781.000000  643
36783.000000  644
36785.000000  645
36787.000000  646
36789.000000  647
36791.000000  648
36793.000000  649
36795.000000  651
36797.000000  652
36799.000000  653
36801.000000  654
36803.000000  655
36805.000000  656
36807.000000  657
36809.000000  659
36811.000000  660
36813.000000  661
36815.000000  662
36817.000000  663
36819.000000  664
36821.000000  665
36823.000000  666
36825.000000  667
36827.000000  669
36829.000000  670
36831.000000  671
36833.000000  672
36835.000000  673
36837.000000  674
36839.000000  675
36841.000000  677
36843.000000  678
36845.000000  679
36847.000000  680
36849.000000  681
36851.000000  682
36853.000000  683
36855.000000  685
36857.000000  686
36859.000000  687
36861.000000  688
36863.000000  689
36865.000000  690
36867.000000  691
36869.000000  692
36871.000000  693
36873.000000  695
36875.000000  696
36877.000000  697
36879.000000  698
36881.000000  699
36883.000000  700
36885.000000  701
36887.000000  703
36889.000000  704
36891.000000  705
36893.000000  706
36895.000000  707
36897.000000  708
36899.000000  709
36901.000000  710
36903.000000  711
36905.000000  713
36907.000000  714
36909.000000  715
36911.000000  716
36913.000000  717
36915.000000  718
36917.000000  719
36919.000000  721
36921.000000  722
36923.000000  723
36925.000000  724
36927.000000  725
36929.000000  726
36931.000000  727
36933.000000  729
36935.000000  730
36937.000000  731
36939.000000  732
36941.000000  733
36943.000000  734
36945.000000  735
36947.000000  736
36949.000000  737
36951.000000  739
36953.000000  740
36955.000000  741
36957.000000  742
36959.000000  743
36961.000000  744
36963.000000  745
36965.000000  747
36967.000000  748
36969.000000  749
36971.000000  750
36973.000000  751
36975.000000  752
36977.000000  753
36979.000000  754
36981.000000  755
36983.000000  757
36985.000000  758
36987.000000  759
36989.000000  760
36991.000000  761
36993.000000  762
36995.000000  763
36997.000000  765
36999.000000  766
37001.000000  767
37003.000000  768
37005.000000  769
37007.000000  770
37009.000000  771
37011.000000  773
37013.000000  774
37015.000000  775
37017.000000  776
37019.000000  777
37021.000000  778
37023.000000  779
37025.000000  780
37027.000000  781
37029.000000  783
37031.000000  784
37033.000000  785
37035.000000  786
37037.000000  787
37039.000000  788
37041.000000  789
37043.000000  790
37045.000000  792
37047.000000  793
37049.000000  794
37051.000000  795
37053.000000  796
37055.000000  797
37057.000000  798
37059.000000  799
37061.000000  801
37063.000000  802
37065.000000  803
37067.000000  804
37069.000000  805
37071.000000  806
37073.000000  807
37075.000000  809
37077.000000  810
37079.000000  811
37081.000000  812
37083.000000  813
37085.000000  814
37087.000000  815
37089.000000  816
37091.000000  818
37093.000000  819
37095.000000  820
37097.000000  821
37099.000000  822
37101.000000  823
37103.000000  824
37105.000000  825
37107.000000  827
37109.000000  828
37111.000000  829
37113.000000  830
37115.000000  831
37117.000000  832
37119.000000  833
37121.000000  835
37123.000000  836
37125.000000  837
37127.000000  838
37129.000000  839
37131.000000  840
37133.000000  841
37135.000000  843
37137.000000  844
37139.000000  845
37141.000000  846
37143.000000  847
37145.000000  848
37147.000000  849
37149.000000  850
37151.000000  851
37153.000000  853
37155.000000  854
37157.000000  855
37159.000000  856
37161.000000  857
37163.000000  858
37165.000000  859
37167.000000  861
37169.000000  862
37171.000000  863
37173.000000  864
37175.000000  865
37177.000000  866
37179.000000  867
37181.000000  869
37183.000000  870
37185.000000  871
37187.000000  872
37189.000000  873
37191.000000  874
37193.000000  875
37195.000000  876
37197.000000  877
37199.000000  879
37201.000000  880
37203.000000  881
37205.000000  882
37207.000000  883
37209.000000  884
37211.000000  885
37213.000000  887
37215.000000  888
37217.000000  889
37219.000000  890
37221.000000  891
37223.000000  892
37225.000000  893
37227.000000  894
37229.000000  896
37231.000000  897
37233.000000  898
37235.000000  899
37237.000000  900
37239.000000  901
37241.000000  902
37243.000000  903
37245.000000  905
37247.000000  906
37249.000000  907
37251.000000  908
37253.000000  909
37255.000000  910
37257.000000  911
37259.000000  913
37261.000000  914
37263.000000  915
37265.000000  916
37267.000000  917
37269.000000  918
37271.000000  919
37273.000000  921
37275.000000  922
37277.000000  923
37279.000000  924
37281.000000  925
37283.000000  926
37285.000000  927
37287.000000  928
37289.000000  929
37291.000000  931
37293.000000  932
37295.000000  933
37297.000000  934
37299.000000  935
37301.000000  936
37303.000000  937
37305.000000  939
37307.000000  940
37309.000000  941
37311.000000  942
37313.000000  943
37315.000000  944
37317.000000  945
37319.000000  947
37321.000000  948
37323.000000  949
37325.000000  950
37327.000000  951
37329.000000  952
37331.000000  953
37333.000000  954
37335.000000  955
37337.000000  957
37339.000000  958
37341.000000  959
37343.000000  960
37345.000000  961
37347.000000  962
37349.000000  963
37351.000000  965
37353.000000  966
37355.000000  967
37357.000000  968
37359.000000  969
37361.000000  970
37363.000000  971
37365.000000  972
37367.000000  973
37369.000000  975
37371.000000  976
37373.000000  977
37375.000000  978
37377.000000  979
37379.000000  980
37381.000000  981
37383.000000  983
37385.000000  984
37387.000000  985
37389.000000  986
37391.000000  987
37393.000000  988
37395.000000  989
37397.000000  991
37399.000000  992
37401.000000  993
37403.000000  994
37405.000000  995
37407.000000  996
37409.000000  997
37411.000000  998
37413.000000  999
37415.000000  1001
37417.000000  1002
37419.000000  1003
37421.000000  1004
37423.000000  1005
37425.000000  1006
37427.000000  1007
37429.000000  1009
37431.000000  1010
37433.000000  1011
37435.000000  1012
37437.000000  1013
37439.000000  1014
37441.000000  1015
37443.000000  1017
37445.000000  1018
37447.000000  1019
37449.000000  1020
37451.000000  1021
37453.000000  1022
37455.000000  1023
37457.000000  1024
37459.000000  1025
37461.000000  1027
37463.000000  1028
37465.000000  1029
37467.000000  1030
37469.000000  1031
37471.000000  1032
37473.000000  1033
37475.000000  1035
37477.000000  1036
37479.000000  1037
37481.000000  1038
37483.000000  1039
37485.000000  1040
37487.000000  1041
37489.000000  1043
37491.000000  1044
37493.000000  1045
37495.000000  1046
37497.000000  1047
37499.000000  1048
37501.000000  1049
37503.000000  1050
37505.000000  1051
37507.000000  1053
37509.000000  1054
37511.000000  1055
37513.000000  1056
37515.000000  1057
37517.000000  1058
37519.000000  1059
37521.000000  1061
37523.000000  1062
37525.000000  1063
37527.000000  1064
37529.000000  1065
37531.000000  1066
37533.000000  1067
37535.000000  1069
37537.000000  1069
37539.000000  1071
37541.000000  1072
37543.000000  1073
37545.000000  1074
37547.000000  1075
37549.000000  1076
37551.000000  1077
37553.000000  1079
37555.000000  1080
37557.000000  1081
37559.000000  1082
37561.000000  1083
37563.000000  1084
37565.000000  1085
37567.000000  1087
37569.000000  1088
37571.000000  1089
37573.000000  1090
37575.000000  1091
37577.000000  1092
37579.000000  1093
37581.000000  1094
37583.000000  1095
37585.000000  1097
37587.000000  1098
37589.000000  1099
37591.000000  1100
37593.000000  1101
37595.000000  1102
37597.000000  1103
37599.000000  1105
37601.000000  1106
37603.000000  1107
37605.000000  1108
37607.000000  1109
37609.000000  1110
37611.000000  1111
37613.000000  1113
37615.000000  1114
37617.000000  1115
37619.000000  1116
37621.000000  1117
37623.000000  1118
37625.000000  1119
37627.000000  1120
37629.000000  1121
37631.000000  1123
37633.000000  1124
37635.000000  1125
37637.000000  1126
37639.000000  1127
37641.000000  1128
37643.000000  1129
37645.000000  1131
37647.000000  1132
37649.000000  1133
37651.000000  1134
37653.000000  1135
37655.000000  1136
37657.000000  1137
37659.000000  1139
37661.000000  1140
37663.000000  1141
37665.000000  1142
37667.000000  1143
37669.000000  1144
37671.000000  1145
37673.000000  1146
37675.000000  1147
37677.000000  1149
37679.000000  1150
37681.000000  1151
37683.000000  1152
37685.000000  1153
37687.000000  1154
37689.000000  1155
37691.000000  1157
37693.000000  1158
37695.000000  1159
37697.000000  1160
37699.000000  1161
37701.000000  1162
37703.000000  1163
37705.000000  1165
37707.000000  1166
37709.000000  1167
37711.000000  1168
37713.000000  1169
37715.000000  1170
37717.000000  1171
37719.000000  1172
37721.000000  1174
37723.000000  1175
37725.000000  1176
37727.000000  1177
37729.000000  1178
37731.000000  1179
37733.000000  1181
37735.000000  1182
37737.000000  1183
37739.000000  1184
37741.000000  1185
37743.000000  1186
37745.000000  1187
37747.000000  1188
37749.000000  1189
37751.000000  1191
37753.000000  1192
37755.000000  1193
37757.000000  1194
37759.000000  1195
37761.000000  1196
37763.000000  1197
37765.000000  1199
37767.000000  1200
37769.000000  1201
37771.000000  1202
37773.000000  1203
37775.000000  1204
37777.000000  1205
37779.000000  1207
37781.000000  1208
37783.000000  1209
37785.000000  1210
37787.000000  1211
37789.000000  1212
37791.000000  1213
37793.000000  1214
37795.000000  1215
37797.000000  1217
37799.000000  1218
37801.000000  1219
37803.000000  1220
37805.000000  1221
37807.000000  1222
37809.000000  1223
37811.000000  1225
37813.000000  1226
37815.000000  1227
37817.000000  1228
37819.000000  1229
37821.000000  1230
37823.000000  1231
37825.000000  1233
37827.000000  1234
37829.000000  1235
37831.000000  1236
37833.000000  1237
37835.000000  1238
37837.000000  1239
37839.000000  1240
37841.000000  1241
37843.000000  1243
37845.000000  1244
37847.000000  1245
37849.000000  1246
37851.000000  1247
37853.000000  1248
37855.000000  1249
37857.000000  1251
37859.000000  1252
37861.000000  1253
37863.000000  1254
37865.000000  1255
37867.000000  1256
37869.000000  1257
37871.000000  1259
37873.000000  1260
37875.000000  1261
37877.000000  1262
37879.000000  1263
37881.000000  1264
37883.000000  1265
37885.000000  1267
37887.000000  1268
37889.000000  1269
37891.000000  1270
37893.000000  1271
37895.000000  1272
37897.000000  1273
37899.000000  1275
37901.000000  1276
37903.000000  1277
37905.000000  1278
37907.000000  1279
37909.000000  1280
37911.000000  1281
37913.000000  1282
37915.000000  1283
37917.000000  1285
37919.000000  1286
37921.000000  1287
37923.000000  1288
37925.000000  1289
37927.000000  1290
37929.000000  1291
37931.000000  1293
37933.000000  1294
37935.000000  1295
37937.000000  1296
37939.000000  1297
37941.000000  1298
37943.000000  1299
37945.000000  1301
37947.000000  1302
37949.000000  1303
37951.000000  1304
37953.000000  1305
37955.000000  1306
37957.000000  1307
37959.000000  1308
37961.000000  1309
37963.000000  1311
37965.000000  1312
37967.000000  1313
37969.000000  1314
37971.000000  1315
37973.000000  1316
37975.000000  1317
37977.000000  1319
37979.000000  1320
37981.000000  1321
37983.000000  1322
37985.000000  1323
37987.000000  1324
37989.000000  1325
37991.000000  1327
37993.000000  1328
37995.000000  1329
37997.000000  1330
37999.000000  1331
38001.000000  1332
38003.000000  1333
38005.000000  1334
38007.000000  1335
38009.000000  1337
38011.000000  1338
38013.000000  1339
38015.000000  1340
38017.000000  1341
38019.000000  1342
38021.000000  1343
38023.000000  1345
38025.000000  1346
38027.000000  1347
38029.000000  1348
38031.000000  1349
38033.000000  1350
38035.000000  1351
38037.000000  1353
38039.000000  1354
38041.000000  1355
38043.000000  1356
38045.000000  1357
38047.000000  1358
38049.000000  1359
38051.000000  1361
38053.000000  1361
38055.000000  1363
38057.000000  1364
38059.000000  1365
38061.000000  1366
38063.000000  1367
38065.000000  1368
38067.000000  1369
38069.000000  1371
38071.000000  1372
38073.000000  1373
38075.000000  1374
38077.000000  1375
38079.000000  1376
38081.000000  1377
38083.000000  1379
38085.000000  1380
38087.000000  1381
38089.000000  1382
38091.000000  1383
38093.000000  1384
38095.000000  1385
38097.000000  1387
38099.000000  1388
38101.000000  1389
38103.000000  1390
38105.000000  1391
38107.000000  1392
38109.000000  1393
38111.000000  1394
38113.000000  1396
38115.000000  1397
38117.000000  1398
38119.000000  1399
38121.000000  1400
38123.000000  1401
38125.000000  1402
38127.000000  1403
38129.000000  1405
38131.000000  1406
38133.000000  1407
38135.000000  1408
38137.000000  1409
38139.000000  1410
38141.000000  1411
38143.000000  1413
38145.000000  1414
38147.000000  1415
38149.000000  1416
38151.000000  1417
38153.000000  1418
38155.000000  1419
38157.000000  1421
38159.000000  1422
38161.000000  1423
38163.000000  1424
38165.000000  1425
38167.000000  1426
38169.000000  1427
38171.000000  1428
38173.000000  1429
38175.000000  1431
38177.000000  1432
38179.000000  1433
38181.000000  1434
38183.000000  1435
38185.000000  1436
38187.000000  1437
38189.000000  1439
38191.000000  1440
38193.000000  1441
38195.000000  1442
38197.000000  1443
38199.000000  1444
38201.000000  1445
38203.000000  1447
38205.000000  1448
38207.000000  1449
38209.000000  1450
38211.000000  1451
38213.000000  1452
38215.000000  1453
38217.000000  1454
38219.000000  1455
38221.000000  1457
38223.000000  1458
38225.000000  1459
38227.000000  1460
38229.000000  1461
38231.000000  1462
38233.000000  1463
38235.000000  1465
38237.000000  1466
38239.000000  1467
38241.000000  1468
38243.000000  1469
38245.000000  1470
38247.000000  1471
38249.000000  1473
38251.000000  1474
38253.000000  1475
38255.000000  1476
38257.000000  1477
38259.000000  1478
38261.000000  1479
38263.000000  1480
38265.000000  1481
38267.000000  1483
38269.000000  1484
38271.000000  1485
38273.000000  1486
38275.000000  1487
38277.000000  1488
38279.000000  1489
38281.000000  1491
38283.000000  1492
38285.000000  1493
38287.000000  1494
38289.000000  1495
38291.000000  1496
38293.000000  1497
38295.000000  1499
38297.000000  1500
38299.000000  1501
38301.000000  1502
38303.000000  1503
38305.000000  1504
38307.000000  1505
38309.000000  1506
38311.000000  1507
38313.000000  1509
38315.000000  1510
38317.000000  1511
38319.000000  1512
38321.000000  1513
38323.000000  1514
38325.000000  1515
38327.000000  1517
38329.000000  1518
38331.000000  1519
38333.000000  1520
38335.000000  1521
38337.000000  1522
38339.000000  1523
38341.000000  1525
38343.000000  1526
38345.000000  1527
38347.000000  1528
38349.000000  1529
38351.000000  1530
38353.000000  1531
38355.000000  1532
38357.000000  1534
38359.000000  1535
38361.000000  1536
38363.000000  1537
38365.000000  1538
38367.000000  1539
38369.000000  1541
38371.000000  1542
38373.000000  1543
38375.000000  1544
38377.000000  1545
38379.000000  1546
38381.000000  1547
38383.000000  1548
38385.000000  1549
38387.000000  1551
38389.000000  1552
38391.000000  1553
38393.000000  1554
38395.000000  1555
38397.000000  1556
38399.000000  1557
38401.000000  1559
38403.000000  1560
38405.000000  1561
38407.000000  1562
38409.000000  1563
38411.000000  1564
38413.000000  1565
38415.000000  1567
38417.000000  1568
38419.000000  1569
38421.000000  1570
38423.000000  1571
38425.000000  1572
38427.000000  1573
38429.000000  1574
38431.000000  1575
38433.000000  1577
38435.000000  1578
38437.000000  1579
38439.000000  1580
38441.000000  1581
38443.000000  1582
38445.000000  1583
38447.000000  1585
38449.000000  1586
38451.000000  1587
38453.000000  1588
38455.000000  1589
38457.000000  1590
38459.000000  1591
38461.000000  1593
38463.000000  1594
38465.000000  1595
38467.000000  1596
38469.000000  1597
38471.000000  1598
38473.000000  1599
38475.000000  1601
38477.000000  1602
38479.000000  1603
38481.000000  1604
38483.000000  1605
38485.000000  1606
38487.000000  1607
38489.000000  1608
38491.000000  1610
38493.000000  1611
38495.000000  1612
38497.000000  1613
38499.000000  1614
38501.000000  1615
38503.000000  1616
38505.000000  1617
38507.000000  1619
38509.000000  1620
38511.000000  1621
38513.000000  1622
38515.000000  1623
38517.000000  1624
38519.000000  1625
38521.000000  1627
38523.000000  1628
38525.000000  1629
38527.000000  1630
38529.000000  1631
38531.000000  1632
38533.000000  1633
38535.000000  1635
38537.000000  1636
38539.000000  1637
38541.000000  1638
38543.000000  1639
38545.000000  1640
38547.000000  1641
38549.000000  1643
38551.000000  1644
38553.000000  1645
38555.000000  1646
38557.000000  1647
38559.000000  1648
38561.000000  1649
38563.000000  1650
38565.000000  1651
38567.000000  1653
38569.000000  1654
38571.000000  1655
38573.000000  1656
38575.000000  1657
38577.000000  1658
38579.000000  1659
38581.000000  1661
38583.000000  1662
38585.000000  1663
38587.000000  1664
38589.000000  1665
38591.000000  1666
38593.000000  1667
38595.000000  1669
38597.000000  1670
38599.000000  1671
38601.000000  1672
38603.000000  1673
38605.000000  1674
38607.000000  1675
38609.000000  1677
38611.000000  1678
38613.000000  1679
38615.000000  1680
38617.000000  1681
38619.000000  1682
38621.000000  1683
38623.000000  1685
38625.000000  1686
38627.000000  1687
38629.000000  1688
38631.000000  1689
38633.000000  1690
38635.000000  1691
38637.000000  1692
38639.000000  1693
38641.000000  1695
38643.000000  1696
38645.000000  1697
38647.000000  1698
38649.000000  1699
38651.000000  1700
38653.000000  1701
38655.000000  1703
38657.000000  1704
38659.000000  1705
38661.000000  1706
38663.000000  1707
38665.000000  1708
38667.000000  1709
38669.000000  1711
38671.000000  1712
38673.000000  1713
38675.000000  1714
38677.000000  1715
38679.000000  1716
38681.000000  1717
38683.000000  1718
38685.000000  1719
38687.000000  1721
38689.000000  1722
38691.000000  1723
38693.000000  1724
38695.000000  1725
38697.000000  1726
38699.000000  1727
38701.000000  1729
38703.000000  1730
38705.000000  1731
38707.000000  1732
38709.000000  1733
38711.000000  1734
38713.000000  1735
38715.000000  1737
38717.000000  1738
38719.000000  1739
38721.000000  1740
38723.000000  1741
38725.000000  1742
38727.000000  1743
38729.000000  1745
38731.000000  1746
38733.000000  1747
38735.000000  1748
38737.000000  1749
38739.000000  1750
38741.000000  1751
38743.000000  1753
38745.000000  1754
38747.000000  1755
38749.000000  1756
38751.000000  1757
38753.000000  1758
38755.000000  1759
38757.000000  1760
38759.000000  1761
38761.000000  1763
38763.000000  1764
38765.000000  1765
38767.000000  1766
38769.000000  1767
38771.000000  1768
38773.000000  1769
38775.000000  1771
38777.000000  1772
38779.000000  1773
38781.000000  1774
38783.000000  1775
38785.000000  1776
38787.000000  1777
38789.000000  1779
38791.000000  1780
38793.000000  1781
38795.000000  1782
38797.000000  1783
38799.000000  1784
38801.000000  1785
38803.000000  1786
38805.000000  1787
38807.000000  1789
38809.000000  1790
38811.000000  1791
38813.000000  1792
38815.000000  1793
38817.000000  1794
38819.000000  1795
38821.000000  1797
38823.000000  1798
38825.000000  1799
38827.000000  1800
38829.000000  1801
38831.000000  1802
38833.000000  1803
38835.000000  1805
38837.000000  1806
38839.000000  1807
38841.000000  1808
38843.000000  1809
38845.000000  1810
38847.000000  1811
38849.000000  1813
38851.000000  1814
38853.000000  1815
38855.000000  1816
38857.000000  1817
38859.000000  1818
38861.000000  1819
38863.000000  1820
38865.000000  1821
38867.000000  1823
38869.000000  1824
38871.000000  1825
38873.000000  1826
38875.000000  1827
38877.000000  1828
38879.000000  1829
38881.000000  1831
38883.000000  1832
38885.000000  1833
38887.000000  1834
38889.000000  1835
38891.000000  1836
38893.000000  1837
38895.000000  1839
38897.000000  1840
38899.000000  1841
38901.000000  1842
38903.000000  1843
38905.000000  1844
38907.000000  1845
38909.000000  1846
38911.000000  1848
38913.000000  1849
38915.000000  1850
38917.000000  1851
38919.000000  1852
38921.000000  1853
38923.000000  1854
38925.000000  1855
38927.000000  1857
38929.000000  1858
38931.000000  1859
38933.000000  1860
38935.000000  1861
38937.000000  1862
38939.000000  1863
38941.000000  1865
38943.000000  1866
38945.000000  1867
38947.000000  1868
38949.000000  1869
38951.000000  1870
38953.000000  1871
38955.000000  1873
38957.000000  1874
38959.000000  1875
38961.000000  1876
38963.000000  1877
38965.000000  1878
38967.000000  1879
38969.000000  1881
38971.000000  1882
38973.000000  1883
38975.000000  1884
38977.000000  1885
38979.000000  1886
38981.000000  1887
38983.000000  1888
38985.000000  1889
38987.000000  1891
38989.000000  1892
38991.000000  1893
38993.000000  1894
38995.000000  1895
38997.000000  1896
38999.000000  1897
39001.000000  1899
39003.000000  1900
39005.000000  1901
39007.000000  1902
39009.000000  1903
39011.000000  1904
39013.000000  1905
39015.000000  1907
39017.000000  1908
39019.000000  1909
39021.000000  1910
39023.000000  1911
39025.000000  1912
39027.000000  1913
39029.000000  1915
39031.000000  1916
39033.000000  1917
39035.000000  1918
39037.000000  1919
39039.000000  1920
39041.000000  1921
39043.000000  1923
39045.000000  1924
39047.000000  1925
39049.000000  1926
39051.000000  1927
39053.000000  1928
39055.000000  1929
39057.000000  1931
39059.000000  1932
39061.000000  1933
39063.000000  1934
39065.000000  1935
39067.000000  1936
39069.000000  1937
39071.000000  1938
39073.000000  1939
39075.000000  1941
39077.000000  1942
39079.000000  1943
39081.000000  1944
39083.000000  1945
39085.000000  1946
39087.000000  1947
39089.000000  1949
39091.000000  1950
39093.000000  1951
39095.000000  1952
39097.000000  1953
39099.000000  1954
39101.000000  1955
39103.000000  1957
39105.000000  1958
39107.000000  1959
39109.000000  1960
39111.000000  1961
39113.000000  1962
39115.000000  1963
39117.000000  1965
39119.000000  1966
39121.000000  1967
39123.000000  1968
39125.000000  1969
39127.000000  1970
39129.000000  1971
39131.000000  1973
39133.000000  1974
39135.000000  1975
39137.000000  1976
39139.000000  1977
39141.000000  1978
39143.000000  1979
39145.000000  1980
39147.000000  1981
39149.000000  1983
39151.000000  1984
39153.000000  1985
39155.000000  1986
39157.000000  1987
39159.000000  1988
39161.000000  1989
39163.000000  1991
39165.000000  1992
39167.000000  1993
39169.000000  1994
39171.000000  1995
39173.000000  1996
39175.000000  1997
39177.000000  1999
39179.000000  2000
39181.000000  2001
39183.000000  2002
39185.000000  2003
39187.000000  2004
39189.000000  2005
39191.000000  2007
39193.000000  2008
39195.000000  2009
39197.000000  2010
39199.000000  2011
39201.000000  2012
39203.000000  2013
39205.000000  2015
39207.000000  2016
39209.000000  2017
39211.000000  2018
39213.000000  2019
39215.000000  2020
39217.000000  2021
39219.000000  2023
39221.000000  2024
39223.000000  2025
39225.000000  2026
39227.000000  2027
39229.000000  2028
39231.000000  2029
39233.000000  2030
39235.000000  2031
39237.000000  2033
39239.000000  2034
39241.000000  2035
39243.000000  2036
39245.000000  2037
39247.000000  2038
39249.000000  2039
39251.000000  2041
39253.000000  2042
39255.000000  2043
39257.000000  2044
39259.000000  2045
39261.000000  2046
39263.000000  2047
39265.000000  2049
39267.000000  2050
39269.000000  2051
39271.000000  2052
39273.000000  2053
39275.000000  2054
39277.000000  2055
39279.000000  2056
39281.000000  2057
39283.000000  2059
39285.000000  2060
39287.000000  2061
39289.000000  2062
39291.000000  2063
39293.000000  2064
39295.000000  2065
39297.000000  2067
39299.000000  2068
39301.000000  2069
39303.000000  2070
39305.000000  2071
39307.000000  2072
39309.000000  2073
39311.000000  2075
39313.000000  2076
39315.000000  2077
39317.000000  2078
39319.000000  2079
39321.000000  2080
39323.000000  2081
39325.000000  2083
39327.000000  2084
39329.000000  2085
39331.000000  2086
39333.000000  2087
39335.000000  2088
39337.000000  2089
39339.000000  2091
39341.000000  2092
39343.000000  2093
39345.000000  2094
39347.000000  2095
39349.000000  2096
39351.000000  2097
39353.000000  2099
39355.000000  2100
39357.000000  2101
39359.000000  2102
39361.000000  2103
39363.000000  2104
39365.000000  2105
39367.000000  2106
39369.000000  2107
39371.000000  2109
39373.000000  2110
39375.000000  2111
39377.000000  2112
39379.000000  2113
39381.000000  2114
39383.000000  2115
39385.000000  2117
39387.000000  2118
39389.000000  2119
39391.000000  2120
39393.000000  2121
39395.000000  2122
39397.000000  2123
39399.000000  2125
39401.000000  2126
39403.000000  2127
39405.000000  2128
39407.000000  2129
39409.000000  2130
39411.000000  2131
39413.000000  2133
39415.000000  2134
39417.000000  2135
39419.000000  2136
39421.000000  2137
39423.000000  2138
39425.000000  2139
39427.000000  2141
39429.000000  2142
39431.000000  2143
39433.000000  2144
39435.000000  2145
39437.000000  2146
39439.000000  2147
39441.000000  2148
39443.000000  2149
39445.000000  2151
39447.000000  2152
39449.000000  2153
39451.000000  2154
39453.000000  2155
39455.000000  2156
39457.000000  2157
39459.000000  2159
39461.000000  2160
39463.000000  2161
39465.000000  2162
39467.000000  2163
39469.000000  2164
39471.000000  2165
39473.000000  2167
39475.000000  2168
39477.000000  2169
39479.000000  2170
39481.000000  2171
39483.000000  2172
39485.000000  2173
39487.000000  2174
39489.000000  2175
39491.000000  2177
39493.000000  2178
39495.000000  2179
39497.000000  2180
39499.000000  2181
39501.000000  2182
39503.000000  2183
39505.000000  2185
39507.000000  2186
39509.000000  2187
39511.000000  2188
39513.000000  2189
39515.000000  2190
39517.000000  2191
39519.000000  2193
39521.000000  2194
39523.000000  2195
39525.000000  2196
39527.000000  2197
39529.000000  2198
39531.000000  2199
39533.000000  2201
39535.000000  2202
39537.000000  2203
39539.000000  2204
39541.000000  2205
39543.000000  2206
39545.000000  2207
39547.000000  2209
39549.000000  2210
39551.000000  2211
39553.000000  2212
39555.000000  2213
39557.000000  2214
39559.000000  2215
39561.000000  2216
39563.000000  2218
39565.000000  2219
39567.000000  2220
39569.000000  2221
39571.000000  2222
39573.000000  2223
39575.000000  2224
39577.000000  2225
39579.000000  2227
39581.000000  2228
39583.000000  2229
39585.000000  2230
39587.000000  2231
39589.000000  2232
39591.000000  2233
39593.000000  2235
39595.000000  2236
39597.000000  2237
39599.000000  2238
39601.000000  2239
39603.000000  2240
39605.000000  2241
39607.000000  2243
39609.000000  2244
39611.000000  2245
39613.000000  2246
39615.000000  2247
39617.000000  2248
39619.000000  2249
39621.000000  2250
39623.000000  2251
39625.000000  2253
39627.000000  2254
39629.000000  2255
39631.000000  2256
39633.000000  2257
39635.000000  2258
39637.000000  2259
39639.000000  2261
39641.000000  2262
39643.000000  2263
39645.000000  2264
39647.000000  2265
39649.000000  2266
39651.000000  2267
39653.000000  2269
39655.000000  2270
39657.000000  2271
39659.000000  2272
39661.000000  2273
39663.000000  2274
39665.000000  2275
39667.000000  2277
39669.000000  2278
39671.000000  2279
39673.000000  2280
39675.000000  2281
39677.000000  2282
39679.000000  2283
39681.000000  2285
39683.000000  2286
39685.000000  2287
39687.000000  2288
39689.000000  2289
39691.000000  2290
39693.000000  2291
39695.000000  2293
39697.000000  2294
39699.000000  2295
39701.000000  2296
39703.000000  2297
39705.000000  2298
39707.000000  2299
39709.000000  2300
39711.000000  2301
39713.000000  2303
39715.000000  2304
39717.000000  2305
39719.000000  2306
39721.000000  2307
39723.000000  2309
39725.000000  2310
39727.000000  2311
39729.000000  2312
39731.000000  2313
39733.000000  2314
39735.000000  2315
39737.000000  2316
39739.000000  2317
39741.000000  2319
39743.000000  2320
39745.000000  2321
39747.000000  2322
39749.000000  2323
39751.000000  2324
39753.000000  2325
39755.000000  2327
39757.000000  2328
39759.000000  2329
39761.000000  2330
39763.000000  2331
39765.000000  2332
39767.000000  2333
39769.000000  2335
39771.000000  2336
39773.000000  2337
39775.000000  2338
39777.000000  2339
39779.000000  2340
39781.000000  2341
39783.000000  2343
39785.000000  2344
39787.000000  2345
39789.000000  2346
39791.000000  2347
39793.000000  2348
39795.000000  2349
39797.000000  2350
39799.000000  2352
39801.000000  2353
39803.000000  2354
39805.000000  2355
39807.000000  2356
39809.000000  2357
39811.000000  2359
39813.000000  2360
39815.000000  2361
39817.000000  2362
39819.000000  2363
39821.000000  2364
39823.000000  2365
39825.000000  2366
39827.000000  2367
39829.000000  2369
39831.000000  2370
39833.000000  2371
39835.000000  2372
39837.000000  2373
39839.000000  2374
39841.000000  2375
39843.000000  2377
39845.000000  2378
39847.000000  2379
39849.000000  2380
39851.000000  2381
39853.000000  2382
39855.000000  2383
39857.000000  2385
39859.000000  2386
39861.000000  2387
39863.000000  2388
39865.000000  2389
39867.000000  2390
39869.000000  2391
39871.000000  2393
39873.000000  2394
39875.000000  2395
39877.000000  2396
39879.000000  2397
39881.000000  2398
39883.000000  2399
39885.000000  2401
39887.000000  2402
39889.000000  2403
39891.000000  2404
39893.000000  2405
39895.000000  2406
39897.000000  2407
39899.000000  2409
39901.000000  2410
39903.000000  2411
39905.000000  2412
39907.000000  2413
39909.000000  2414
39911.000000  2415
39913.000000  2416
39915.000000  2417
39917.000000  2419
39919.000000  2420
39921.000000  2421
39923.000000  2422
39925.000000  2423
39927.000000  2424
39929.000000  2425
39931.000000  2427
39933.000000  2428
39935.000000  2429
39937.000000  2430
39939.000000  2431
39941.000000  2432
39943.000000  2433
39945.000000  2435
39947.000000  2436
39949.000000  2437
39951.000000  2438
39953.000000  2439
39955.000000  2440
39957.000000  2441
39959.000000  2443
39961.000000  2444
39963.000000  2445
39965.000000  2446
39967.000000  2447
39969.000000  2448
39971.000000  2449
39973.000000  2451
39975.000000  2452
39977.000000  2453
39979.000000  2454
39981.000000  2455
39983.000000  2456
39985.000000  2457
39987.000000  2458
39989.000000  2459
39991.000000  2461
39993.000000  2462
39995.000000  2463
39997.000000  2464
39999.000000  2465
40001.000000  2466
40003.000000  2467
40005.000000  2469
40007.000000  2470
40009.000000  2471
40011.000000  2472
40013.000000  2473
40015.000000  2474
40017.000000  2475
40019.000000  2477
40021.000000  2478
40023.000000  2479
40025.000000  2480
40027.000000  2481
40029.000000  2482
40031.000000  2483
40033.000000  2485
40035.000000  2486
40037.000000  2487
40039.000000  2488
40041.000000  2489
40043.000000  2490
40045.000000  2491
40047.000000  2492
40049.000000  2493
40051.000000  2495
40053.000000  2496
40055.000000  2497
40057.000000  2498
40059.000000  2499
40061.000000  2500
40063.000000  2501
40065.000000  2503
40067.000000  2504
40069.000000  2505
40071.000000  2506
40073.000000  2507
40075.000000  2508
40077.000000  2509
40079.000000  2511
40081.000000  2512
40083.000000  2513
40085.000000  2514
40087.000000  2515
40089.000000  2516
40091.000000  2517
40093.000000  2519
40095.000000  2520
40097.000000  2521
40099.000000  2522
40101.000000  2523
40103.000000  2524
40105.000000  2525
40107.000000  2527
40109.000000  2528
40111.000000  2529
40113.000000  2530
40115.000000  2531
40117.000000  2532
40119.000000  2533
40121.000000  2534
40123.000000  2535
40125.000000  2537
40127.000000  2538
40129.000000  2539
40131.000000  2540
40133.000000  2541
40135.000000  2542
40137.000000  2543
40139.000000  2545
40141.000000  2546
40143.000000  2547
40145.000000  2548
40147.000000  2549
40149.000000  2550
40151.000000  2551
40153.000000  2553
40155.000000  2554
40157.000000  2555
40159.000000  2556
40161.000000  2557
40163.000000  2558
40165.000000  2559
40167.000000  2561
40169.000000  2562
40171.000000  2563
40173.000000  2564
40175.000000  2565
40177.000000  2566
40179.000000  2567
40181.000000  2569
40183.000000  2570
40185.000000  2571
40187.000000  2572
40189.000000  2573
40191.000000  2574
40193.000000  2575
40195.000000  2577
40197.000000  2578
40199.000000  2579
40201.000000  2580
40203.000000  2581
40205.000000  2582
40207.000000  2583
40209.000000  2584
40211.000000  2585
40213.000000  2587
40215.000000  2588
40217.000000  2589
40219.000000  2590
40221.000000  2591
40223.000000  2592
40225.000000  2593
40227.000000  2595
40229.000000  2596
40231.000000  2597
40233.000000  2598
40235.000000  2599
40237.000000  2600
40239.000000  2601
40241.000000  2603
40243.000000  2604
40245.000000  2605
40247.000000  2606
40249.000000  2607
40251.000000  2608
40253.000000  2609
40255.000000  2610
40257.000000  2611
40259.000000  2613
40261.000000  2614
40263.000000  2615
40265.000000  2616
40267.000000  2617
40269.000000  2619
40271.000000  2620
40273.000000  2621
40275.000000  2622
40277.000000  2623
40279.000000  2624
40281.000000  2625
40283.000000  2627
40285.000000  2628
40287.000000  2629
40289.000000  2630
40291.000000  2631
40293.000000  2632
40295.000000  2633
40297.000000  2634
40299.000000  2635
40301.000000  2637
40303.000000  2638
40305.000000  2639
40307.000000  2640
40309.000000  2641
40311.000000  2642
40313.000000  2643
40315.000000  2645
40317.000000  2646
40319.000000  2647
40321.000000  2648
40323.000000  2649
40325.000000  2650
40327.000000  2651
40329.000000  2653
40331.000000  2654
40333.000000  2655
40335.000000  2656
40337.000000  2657
40339.000000  2658
40341.000000  2659
40343.000000  2661
40345.000000  2662
40347.000000  2663
40349.000000  2664
40351.000000  2665
40353.000000  2666
40355.000000  2667
40357.000000  2669
40359.000000  2670
40361.000000  2671
40363.000000  2672
40365.000000  2673
40367.000000  2674
40369.000000  2675
40371.000000  2677
40373.000000  2678
40375.000000  2679
40377.000000  2680
40379.000000  2681
40381.000000  2682
40383.000000  2683
40385.000000  2684
40387.000000  2685
40389.000000  2687
40391.000000  2688
40393.000000  2689
40395.000000  2690
40397.000000  2691
40399.000000  2692
40401.000000  2694
40403.000000  2695
40405.000000  2696
40407.000000  2697
40409.000000  2698
40411.000000  2699
40413.000000  2700
40415.000000  2701
40417.000000  2703
40419.000000  2704
40421.000000  2705
40423.000000  2706
40425.000000  2707
40427.000000  2708
40429.000000  2709
40431.000000  2711
40433.000000  2712
40435.000000  2713
40437.000000  2714
40439.000000  2715
40441.000000  2716
40443.000000  2717
40445.000000  2719
40447.000000  2720
40449.000000  2721
40451.000000  2722
40453.000000  2723
40455.000000  2724
40457.000000  2725
40459.000000  2727
40461.000000  2728
40463.000000  2729
40465.000000  2730
40467.000000  2731
40469.000000  2732
40471.000000  2733
40473.000000  2735
40475.000000  2736
40477.000000  2737
40479.000000  2738
40481.000000  2739
40483.000000  2740
40485.000000  2741
40487.000000  2743
40489.000000  2744
40491.000000  2745
40493.000000  2746
40495.000000  2747
40497.000000  2748
40499.000000  2749
40501.000000  2750
40503.000000  2751
40505.000000  2753
40507.000000  2754
40509.000000  2755
40511.000000  2756
40513.000000  2757
40515.000000  2758
40517.000000  2759
40519.000000  2761
40521.000000  2762
40523.000000  2763
40525.000000  2764
40527.000000  2765
40529.000000  2766
40531.000000  2767
40533.000000  2769
40535.000000  2770
40537.000000  2771
40539.000000  2772
40541.000000  2773
40543.000000  2774
40545.000000  2775
40547.000000  2777
40549.000000  2778
40551.000000  2779
40553.000000  2780
40555.000000  2781
40557.000000  2782
40559.000000  2783
40561.000000  2785
40563.000000  2786
40565.000000  2787
40567.000000  2788
40569.000000  2789
40571.000000  2790
40573.000000  2791
40575.000000  2793
40577.000000  2794
40579.000000  2795
40581.000000  2796
40583.000000  2797
40585.000000  2798
40587.000000  2799
40589.000000  2800
40591.000000  2802
40593.000000  2803
40595.000000  2804
40597.000000  2805
40599.000000  2806
40601.000000  2807
40603.000000  2809
40605.000000  2810
40607.000000  2811
40609.000000  2812
40611.000000  2813
40613.000000  2814
40615.000000  2815
40617.000000  2817
40619.000000  2818
40621.000000  2819
40623.000000  2820
40625.000000  2821
40627.000000  2822
40629.000000  2823
40631.000000  2824
40633.000000  2825
40635.000000  2827
40637.000000  2828
40639.000000  2829
40641.000000  2830
40643.000000  2831
40645.000000  2832
40647.000000  2833
40649.000000  2835
40651.000000  2836
40653.000000  2837
40655.000000  2838
40657.000000  2839
40659.000000  2840
40661.000000  2841
40663.000000  2843
40665.000000  2844
40667.000000  2845
40669.000000  2846
40671.000000  2847
40673.000000  2848
40675.000000  2849
40677.000000  2851
40679.000000  2852
40681.000000  2853
40683.000000  2854
40685.000000  2855
40687.000000  2856
40689.000000  2857
40691.000000  2859
40693.000000  2860
40695.000000  2861
40697.000000  2862
40699.000000  2863
40701.000000  2864
40703.000000  2865
40705.000000  2866
40707.000000  2867
40709.000000  2869
40711.000000  2870
40713.000000  2871
40715.000000  2872
40717.000000  2873
40719.000000  2874
40721.000000  2875
40723.000000  2877
40725.000000  2878
40727.000000  2879
40729.000000  2880
40731.000000  2881
40733.000000  2882
40735.000000  2883
40737.000000  2885
40739.000000  2886
40741.000000  2887
40743.000000  2888
40745.000000  2889
40747.000000  2890
40749.000000  2891
40751.000000  2893
40753.000000  2894
40755.000000  2895
40757.000000  2896
40759.000000  2897
40761.000000  2898
40763.000000  2899
40765.000000  2901
40767.000000  2902
40769.000000  2903
40771.000000  2904
40773.000000  2905
40775.000000  2906
40777.000000  2907
40779.000000  2909
40781.000000  2910
40783.000000  2911
40785.000000  2912
40787.000000  2913
40789.000000  2914
40791.000000  2915
40793.000000  2916
40795.000000  2917
40797.000000  2919
40799.000000  2920
40801.000000  2921
40803.000000  2922
40805.000000  2923
40807.000000  2924
40809.000000  2925
40811.000000  2927
40813.000000  2928
40815.000000  2929
40817.000000  2930
40819.000000  2931
40821.000000  2932
40823.000000  2933
40825.000000  2935
40827.000000  2936
40829.000000  2937
40831.000000  2938
40833.000000  2939
40835.000000  2940
40837.000000  2941
40839.000000  2943
40841.000000  2944
40843.000000  2945
40845.000000  2946
40847.000000  2947
40849.000000  2948
40851.000000  2949
40853.000000  2951
40855.000000  2952
40857.000000  2953
40859.000000  2954
40861.000000  2955
40863.000000  2956
40865.000000  2957
40867.000000  2958
40869.000000  2960
40871.000000  2961
40873.000000  2962
40875.000000  2963
40877.000000  2964
40879.000000  2965
40881.000000  2966
40883.000000  2967
40885.000000  2969
40887.000000  2970
40889.000000  2971
40891.000000  2972
40893.000000  2973
40895.000000  2974
40897.000000  2975
40899.000000  2977
40901.000000  2978
40903.000000  2979
40905.000000  2980
40907.000000  2981
40909.000000  2982
40911.000000  2983
40913.000000  2985
40915.000000  2986
40917.000000  2987
40919.000000  2988
40921.000000  2989
40923.000000  2990
40925.000000  2991
40927.000000  2993
40929.000000  2994
40931.000000  2995
40933.000000  2996
40935.000000  2997
40937.000000  2998
40939.000000  2999
40941.000000  3001
40943.000000  3002
40945.000000  3003
40947.000000  3004
40949.000000  3005
40951.000000  3006
40953.000000  3007
40955.000000  3009
40957.000000  3010
40959.000000  3011
40961.000000  3012
40963.000000  3013
40965.000000  3014
40967.000000  3015
40969.000000  3016
40971.000000  3017
40973.000000  3019
40975.000000  3020
40977.000000  3021
40979.000000  3022
40981.000000  3023
40983.000000  3024
40985.000000  3025
40987.000000  3027
40989.000000  3028
40991.000000  3029
40993.000000  3030
40995.000000  3031
40997.000000  3032
40999.000000  3033
41001.000000  3035
41003.000000  3036
41005.000000  3037
41007.000000  3038
41009.000000  3039
41011.000000  3040
41013.000000  3041
41015.000000  3043
41017.000000  3044
41019.000000  3045
41021.000000  3046
41023.000000  3047
41025.000000  3048
41027.000000  3049
41029.000000  3051
41031.000000  3052
41033.000000  3053
41035.000000  3054
41037.000000  3055
41039.000000  3056
41041.000000  3057
41043.000000  3059
41045.000000  3060
41047.000000  3061
41049.000000  3062
41051.000000  3063
41053.000000  3064
41055.000000  3065
41057.000000  3067
41059.000000  3068
41061.000000  3069
41063.000000  3070
41065.000000  3071
41067.000000  3072
41069.000000  3073
41071.000000  3075
41073.000000  3076
41075.000000  3077
41077.000000  3078
41079.000000  3079
41081.000000  3080
41083.000000  3081
41085.000000  3083
41087.000000  3084
41089.000000  3085
41091.000000  3086
41093.000000  3087
41095.000000  3088
41097.000000  3089
41099.000000  3090
41101.000000  3091
41103.000000  3093
41105.000000  3094
41107.000000  3095
41109.000000  3096
41111.000000  3097
41113.000000  3099
41115.000000  3099
41117.000000  3101
41119.000000  3102
41121.000000  3103
41123.000000  3104
41125.000000  3105
41127.000000  3106
41129.000000  3107
41131.000000  3109
41133.000000  3110
41135.000000  3111
41137.000000  3112
41139.000000  3113
41141.000000  3114
41143.000000  3115
41145.000000  3117
41147.000000  3118
41149.000000  3119
41151.000000  3120
41153.000000  3121
41155.000000  3122
41157.000000  3123
41159.000000  3125
41161.000000  3126
41163.000000  3127
41165.000000  3128
41167.000000  3129
41169.000000  3130
41171.000000  3131
41173.000000  3133
41175.000000  3134
41177.000000  3135
41179.000000  3136
41181.000000  3137
41183.000000  3138
41185.000000  3139
41187.000000  3141
41189.000000  3142
41191.000000  3143
41193.000000  3144
41195.000000  3145
41197.000000  3146
41199.000000  3147
41201.000000  3149
41203.000000  3150
41205.000000  3151
41207.000000  3152
41209.000000  3153
41211.000000  3154
41213.000000  3155
41215.000000  3157
41217.000000  3158
41219.000000  3159
41221.000000  3160
41223.000000  3161
41225.000000  3162
41227.000000  3163
41229.000000  3164
41231.000000  3165
41233.000000  3167
41235.000000  3168
41237.000000  3169
41239.000000  3170
41241.000000  3171
41243.000000  3173
41245.000000  3174
41247.000000  3175
41249.000000  3176
41251.000000  3177
41253.000000  3178
41255.000000  3179
41257.000000  3180
41259.000000  3181
41261.000000  3183
41263.000000  3184
41265.000000  3185
41267.000000  3186
41269.000000  3187
41271.000000  3188
41273.000000  3189
41275.000000  3191
41277.000000  3192
41279.000000  3193
41281.000000  3194
41283.000000  3195
41285.000000  3196
41287.000000  3197
41289.000000  3199
41291.000000  3200
41293.000000  3201
41295.000000  3202
41297.000000  3203
41299.000000  3204
41301.000000  3205
41303.000000  3207
41305.000000  3208
41307.000000  3209
41309.000000  3210
41311.000000  3211
41313.000000  3212
41315.000000  3213
41317.000000  3215
41319.000000  3216
41321.000000  3217
41323.000000  3218
41325.000000  3219
41327.000000  3220
41329.000000  3221
41331.000000  3223
41333.000000  3224
41335.000000  3225
41337.000000  3226
41339.000000  3227
41341.000000  3228
41343.000000  3229
41345.000000  3230
41347.000000  3231
41349.000000  3233
41351.000000  3234
41353.000000  3235
41355.000000  3236
41357.000000  3237
41359.000000  3238
41361.000000  3239
41363.000000  3241
41365.000000  3242
41367.000000  3243
41369.000000  3244
41371.000000  3245
41373.000000  3246
41375.000000  3247
41377.000000  3249
41379.000000  3250
41381.000000  3251
41383.000000  3252
41385.000000  3253
41387.000000  3254
41389.000000  3255
41391.000000  3257
41393.000000  3258
41395.000000  3259
41397.000000  3260
41399.000000  3261
41401.000000  3262
41403.000000  3263
41405.000000  3265
41407.000000  3266
41409.000000  3267
41411.000000  3268
41413.000000  3269
41415.000000  3270
41417.000000  3271
41419.000000  3273
41421.000000  3274
41423.000000  3275
41425.000000  3276
41427.000000  3277
41429.000000  3278
41431.000000  3279
41433.000000  3280
41435.000000  3281
41437.000000  3283
41439.000000  3284
41441.000000  3285
41443.000000  3286
41445.000000  3287
41447.000000  3288
41449.000000  3289
41451.000000  3291
41453.000000  3292
41455.000000  3293
41457.000000  3294
41459.000000  3295
41461.000000  3296
41463.000000  3297
41465.000000  3299
41467.000000  3300
41469.000000  3301
41471.000000  3302
41473.000000  3303
41475.000000  3304
41477.000000  3305
41479.000000  3307
41481.000000  3308
41483.000000  3309
41485.000000  3310
41487.000000  3311
41489.000000  3312
41491.000000  3313
41493.000000  3315
41495.000000  3316
41497.000000  3317
41499.000000  3318
41501.000000  3319
41503.000000  3320
41505.000000  3321
41507.000000  3323
41509.000000  3324
41511.000000  3325
41513.000000  3326
41515.000000  3327
41517.000000  3328
41519.000000  3329
41521.000000  3331
41523.000000  3332
41525.000000  3333
41527.000000  3334
41529.000000  3335
41531.000000  3336
41533.000000  3337
41535.000000  3339
41537.000000  3340
41539.000000  3341
41541.000000  3342
41543.000000  3343
41545.000000  3344
41547.000000  3345
41549.000000  3347
41551.000000  3348
41553.000000  3349
41555.000000  3350
41557.000000  3351
41559.000000  3352
41561.000000  3353
41563.000000  3354
41565.000000  3355
41567.000000  3357
41569.000000  3358
41571.000000  3359
41573.000000  3360
41575.000000  3361
41577.000000  3363
41579.000000  3364
41581.000000  3365
41583.000000  3366
41585.000000  3367
41587.000000  3368
41589.000000  3369
41591.000000  3370
41593.000000  3372
41595.000000  3373
41597.000000  3374
41599.000000  3375
41601.000000  3376
41603.000000  3377
41605.000000  3378
41607.000000  3379
41609.000000  3381
41611.000000  3382
41613.000000  3383
41615.000000  3384
41617.000000  3385
41619.000000  3386
41621.000000  3387
41623.000000  3389
41625.000000  3390
41627.000000  3391
41629.000000  3392
41631.000000  3393
41633.000000  3394
41635.000000  3395
41637.000000  3397
41639.000000  3398
41641.000000  3399
41643.000000  3400
41645.000000  3401
41647.000000  3402
41649.000000  3403
41651.000000  3405
41653.000000  3406
41655.000000  3407
41657.000000  3408
41659.000000  3409
41661.000000  3410
41663.000000  3411
41665.000000  3413
41667.000000  3414
41669.000000  3415
41671.000000  3416
41673.000000  3417
41675.000000  3418
41677.000000  3419
41679.000000  3421
41681.000000  3422
41683.000000  3423
41685.000000  3424
41687.000000  3425
41689.000000  3426
41691.000000  3427
41693.000000  3429
41695.000000  3430
41697.000000  3431
41699.000000  3432
41701.000000  3433
41703.000000  3434
41705.000000  3435
41707.000000  3437
41709.000000  3438
41711.000000  3439
41713.000000  3440
41715.000000  3441
41717.000000  3442
41719.000000  3443
41721.000000  3445
41723.000000  3446
41725.000000  3447
41727.000000  3448
41729.000000  3449
41731.000000  3450
41733.000000  3451
41735.000000  3452
41737.000000  3454
41739.000000  3455
41741.000000  3456
41743.000000  3457
41745.000000  3458
41747.000000  3459
41749.000000  3461
41751.000000  3462
41753.000000  3463
41755.000000  3464
41757.000000  3465
41759.000000  3466
41761.000000  3467
41763.000000  3468
41765.000000  3469
41767.000000  3471
41769.000000  3472
41771.000000  3473
41773.000000  3474
41775.000000  3475
41777.000000  3476
41779.000000  3477
41781.000000  3479
41783.000000  3480
