68899.000000  522
68901.000000  523
68903.000000  523
68905.000000  523
68907.000000  524
68909.000000  524
68911.000000  524
68913.000000  524
68915.000000  525
68917.000000  525
68919.000000  526
68921.000000  526
68923.000000  526
68925.000000  526
68927.000000  527
68929.000000  527
68931.000000  528
68933.000000  528
68935.000000  528
68937.000000  528
68939.000000  529
68941.000000  529
68943.000000  529
68945.000000  530
68947.000000  530
68949.000000  530
68951.000000  531
68953.000000  531
68955.000000  532
68957.000000  532
68959.000000  532
68961.000000  532
68963.000000  533
68965.000000  533
68967.000000  534
68969.000000  534
68971.000000  534
68973.000000  535
68975.000000  535
68977.000000  535
68979.000000  536
68981.000000  536
68983.000000  536
68985.000000  537
68987.000000  537
68989.000000  537
68991.000000  538
68993.000000  538
68995.000000  538
68997.000000  539
68999.000000  539
69001.000000  539
69003.000000  540
69005.000000  540
69007.000000  540
69009.000000  541
69011.000000  541
69013.000000  542
69015.000000  542
69017.000000  542
69019.000000  543
69021.000000  543
69023.000000  543
69025.000000  544
69027.000000  544
69029.000000  544
69031.000000  545
69033.000000  545
69035.000000  545
69037.000000  546
69039.000000  546
69041.000000  546
69043.000000  547
69045.000000  547
69047.000000  547
69049.000000  548
69051.000000  548
69053.000000  548
69055.000000  549
69057.000000  549
69059.000000  550
69061.000000  550
69063.000000  550
69065.000000  550
69067.000000  551
69069.000000  551
69071.000000  552
69073.000000  552
69075.000000  552
69077.000000  552
69079.000000  553
69081.000000  553
69083.000000  554
69085.000000  554
69087.000000  554
69089.000000  555
69091.000000  555
69093.000000  555
69095.000000  556
69097.000000  556
69099.000000  556
69101.000000  557
69103.000000  557
69105.000000  557
69107.000000  558
69109.000000  558
69111.000000  558
69113.000000  559
69115.000000  559
69117.000000  559
69119.000000  560
69121.000000  560
69123.000000  560
69125.000000  561
69127.000000  561
69129.000000  562
69131.000000  562
69133.000000  562
69135.000000  562
69137.000000  563
69139.000000  563
69141.000000  564
69143.000000  564
69145.000000  564
69147.000000  565
69149.000000  565
69151.000000  565
69153.000000  566
69155.000000  566
69157.000000  566
69159.000000  567
69161.000000  567
69163.000000  567
69165.000000  568
69167.000000  568
69169.000000  568
69171.000000  569
69173.000000  569
69175.000000  570
69177.000000  570
69179.000000  570
69181.000000  571
69183.000000  571
69185.000000  571
69187.000000  572
69189.000000  572
69191.000000  572
69193.000000  573
69195.000000  573
69197.000000  573
69199.000000  574
69201.000000  574
69203.000000  574
69205.000000  575
69207.000000  575
69209.000000  575
69211.000000  576
69213.000000  576
69215.000000  576
69217.000000  577
69219.000000  577
69221.000000  578
69223.000000  578
69225.000000  578
69227.000000  579
69229.000000  579
69231.000000  579
69233.000000  580
69235.000000  580
69237.000000  580
69239.000000  581
69241.000000  581
69243.000000  581
69245.000000  582
69247.000000  582
69249.000000  582
69251.000000  583
69253.000000  583
69255.000000  584
69257.000000  584
69259.000000  584
69261.000000  585
69263.000000  585
69265.000000  585
69267.000000  586
69269.000000  586
69271.000000  586
69273.000000  587
69275.000000  587
69277.000000  587
69279.000000  588
69281.000000  588
69283.000000  588
69285.000000  589
69287.000000  589
69289.000000  590
69291.000000  590
69293.000000  590
69295.000000  590
69297.000000  591
69299.000000  591
69301.000000  592
69303.000000  592
69305.000000  592
69307.000000  593
69309.000000  593
69311.000000  593
69313.000000  594
69315.000000  594
69317.000000  594
69319.000000  595
69321.000000  595
69323.000000  595
69325.000000  596
69327.000000  596
69329.000000  596
69331.000000  597
69333.000000  597
69335.000000  598
69337.000000  598
69339.000000  598
69341.000000  598
69343.000000  599
69345.000000  599
69347.000000  600
69349.000000  600
69351.000000  600
69353.000000  601
69355.000000  601
69357.000000  601
69359.000000  602
69361.000000  602
69363.000000  602
69365.000000  603
69367.000000  603
69369.000000  603
69371.000000  604
69373.000000  604
69375.000000  604
69377.000000  605
69379.000000  605
69381.000000  606
69383.000000  606
69385.000000  606
69387.000000  607
69389.000000  607
69391.000000  607
69393.000000  608
69395.000000  608
69397.000000  608
69399.000000  609
69401.000000  609
69403.000000  609
69405.000000  610
69407.000000  610
69409.000000  610
69411.000000  611
69413.000000  611
69415.000000  612
69417.000000  612
69419.000000  612
69421.000000  613
69423.000000  613
69425.000000  613
69427.000000  614
69429.000000  614
69431.000000  614
69433.000000  615
69435.000000  615
69437.000000  615
69439.000000  616
69441.000000  616
69443.000000  616
69445.000000  617
69447.000000  617
69449.000000  618
69451.000000  618
69453.000000  618
69455.000000  618
69457.000000  619
69459.000000  619
69461.000000  620
69463.000000  620
69465.000000  620
69467.000000  620
69469.000000  621
69471.000000  621
69473.000000  622
69475.000000  622
69477.000000  622
69479.000000  623
69481.000000  623
69483.000000  623
69485.000000  624
69487.000000  624
69489.000000  624
69491.000000  625
69493.000000  625
69495.000000  625
69497.000000  626
69499.000000  626
69501.000000  626
69503.000000  627
69505.000000  627
69507.000000  627
69509.000000  628
69511.000000  628
69513.000000  628
69515.000000  629
69517.000000  629
69519.000000  630
69521.000000  630
69523.000000  630
69525.000000  631
69527.000000  631
69529.000000  631
69531.000000  632
69533.000000  632
69535.000000  632
69537.000000  633
69539.000000  633
69541.000000  633
69543.000000  634
69545.000000  634
69547.000000  634
69549.000000  635
69551.000000  635
69553.000000  636
69555.000000  636
69557.000000  636
69559.000000  637
69561.000000  637
69563.000000  637
69565.000000  638
69567.000000  638
69569.000000  638
69571.000000  639
69573.000000  639
69575.000000  639
69577.000000  640
69579.000000  640
69581.000000  640
69583.000000  641
69585.000000  641
69587.000000  642
69589.000000  642
69591.000000  642
69593.000000  642
69595.000000  643
69597.000000  643
69599.000000  644
69601.000000  644
69603.000000  644
69605.000000  644
69607.000000  645
69609.000000  645
69611.000000  646
69613.000000  646
69615.000000  646
69617.000000  646
69619.000000  647
69621.000000  647
69623.000000  648
69625.000000  648
69627.000000  648
69629.000000  648
69631.000000  649
69633.000000  649
69635.000000  650
69637.000000  650
69639.000000  650
69641.000000  651
69643.000000  651
69645.000000  651
69647.000000  652
69649.000000  652
69651.000000  652
69653.000000  653
69655.000000  653
69657.000000  653
69659.000000  654
69661.000000  654
69663.000000  654
69665.000000  655
69667.000000  655
69669.000000  656
69671.000000  656
69673.000000  656
69675.000000  657
69677.000000  657
69679.000000  657
69681.000000  658
69683.000000  658
69685.000000  658
69687.000000  659
69689.000000  659
69691.000000  659
69693.000000  660
69695.000000  660
69697.000000  660
69699.000000  661
69701.000000  661
69703.000000  662
69705.000000  662
69707.000000  662
69709.000000  663
69711.000000  663
69713.000000  663
69715.000000  664
69717.000000  664
69719.000000  664
69721.000000  665
69723.000000  665
69725.000000  665
69727.000000  666
69729.000000  666
69731.000000  666
69733.000000  667
69735.000000  667
69737.000000  667
69739.000000  668
69741.000000  668
69743.000000  668
69745.000000  669
69747.000000  669
69749.000000  670
69751.000000  670
69753.000000  670
69755.000000  670
69757.000000  671
69759.000000  671
69761.000000  672
69763.000000  672
69765.000000  672
69767.000000  673
69769.000000  673
69771.000000  673
69773.000000  674
69775.000000  674
69777.000000  674
69779.000000  675
69781.000000  675
69783.000000  676
69785.000000  676
69787.000000  676
69789.000000  676
69791.000000  677
69793.000000  677
69795.000000  678
69797.000000  678
69799.000000  678
69801.000000  679
69803.000000  679
69805.000000  679
69807.000000  680
69809.000000  680
69811.000000  680
69813.000000  681
69815.000000  681
69817.000000  682
69819.000000  682
69821.000000  682
69823.000000  682
69825.000000  683
69827.000000  683
69829.000000  684
69831.000000  684
69833.000000  684
69835.000000  685
69837.000000  685
69839.000000  685
69841.000000  686
69843.000000  686
69845.000000  686
69847.000000  687
69849.000000  687
69851.000000  687
69853.000000  688
69855.000000  688
69857.000000  688
69859.000000  689
69861.000000  689
69863.000000  690
69865.000000  690
69867.000000  690
69869.000000  691
69871.000000  691
69873.000000  691
69875.000000  692
69877.000000  692
69879.000000  692
69881.000000  693
69883.000000  693
69885.000000  693
69887.000000  694
69889.000000  694
69891.000000  694
69893.000000  695
69895.000000  695
69897.000000  695
69899.000000  696
69901.000000  696
69903.000000  696
69905.000000  697
69907.000000  697
69909.000000  698
69911.000000  698
69913.000000  698
69915.000000  699
69917.000000  699
69919.000000  699
69921.000000  700
69923.000000  700
69925.000000  700
69927.000000  701
69929.000000  701
69931.000000  701
69933.000000  702
69935.000000  702
69937.000000  702
69939.000000  703
69941.000000  703
69943.000000  704
69945.000000  704
69947.000000  704
69949.000000  705
69951.000000  705
69953.000000  705
69955.000000  706
69957.000000  706
69959.000000  706
69961.000000  707
69963.000000  707
69965.000000  707
69967.000000  708
69969.000000  708
69971.000000  708
69973.000000  709
69975.000000  709
69977.000000  710
69979.000000  710
69981.000000  710
69983.000000  710
69985.000000  711
69987.000000  711
69989.000000  712
69991.000000  712
69993.000000  712
69995.000000  713
69997.000000  713
69999.000000  713
70001.000000  714
70003.000000  714
70005.000000  714
70007.000000  715
70009.000000  715
70011.000000  715
70013.000000  716
70015.000000  716
70017.000000  716
70019.000000  717
70021.000000  717
70023.000000  717
70025.000000  718
70027.000000  718
70029.000000  718
70031.000000  719
70033.000000  719
70035.000000  720
70037.000000  720
70039.000000  720
70041.000000  720
70043.000000  721
70045.000000  721
70047.000000  722
70049.000000  722
70051.000000  722
70053.000000  723
70055.000000  723
70057.000000  723
70059.000000  724
70061.000000  724
70063.000000  724
70065.000000  725
70067.000000  725
70069.000000  725
70071.000000  726
70073.000000  726
70075.000000  726
70077.000000  727
70079.000000  727
70081.000000  728
70083.000000  728
70085.000000  728
70087.000000  729
70089.000000  729
70091.000000  729
70093.000000  730
70095.000000  730
70097.000000  730
70099.000000  731
70101.000000  731
70103.000000  731
70105.000000  732
70107.000000  732
70109.000000  732
70111.000000  733
70113.000000  733
70115.000000  734
70117.000000  734
70119.000000  734
70121.000000  734
70123.000000  735
70125.000000  735
70127.000000  736
70129.000000  736
70131.000000  736
70133.000000  736
70135.000000  737
70137.000000  737
70139.000000  738
70141.000000  738
70143.000000  738
70145.000000  739
70147.000000  739
70149.000000  739
70151.000000  740
70153.000000  740
70155.000000  740
70157.000000  741
70159.000000  741
70161.000000  741
70163.000000  742
70165.000000  742
70167.000000  742
70169.000000  743
70171.000000  743
70173.000000  743
70175.000000  744
70177.000000  744
70179.000000  744
70181.000000  745
70183.000000  745
70185.000000  746
70187.000000  746
70189.000000  746
70191.000000  746
70193.000000  747
70195.000000  747
70197.000000  748
70199.000000  748
70201.000000  748
70203.000000  749
70205.000000  749
70207.000000  749
70209.000000  750
70211.000000  750
70213.000000  750
70215.000000  751
70217.000000  751
70219.000000  751
70221.000000  752
70223.000000  752
70225.000000  752
70227.000000  753
70229.000000  753
70231.000000  754
70233.000000  754
70235.000000  754
70237.000000  755
70239.000000  755
70241.000000  755
70243.000000  756
70245.000000  756
70247.000000  756
70249.000000  757
70251.000000  757
70253.000000  757
70255.000000  758
70257.000000  758
70259.000000  758
70261.000000  759
70263.000000  759
70265.000000  760
70267.000000  760
70269.000000  760
70271.000000  761
70273.000000  761
70275.000000  761
70277.000000  762
70279.000000  762
70281.000000  762
70283.000000  763
70285.000000  763
70287.000000  763
70289.000000  764
70291.000000  764
70293.000000  764
70295.000000  765
70297.000000  765
70299.000000  765
70301.000000  766
70303.000000  766
70305.000000  766
70307.000000  767
70309.000000  767
70311.000000  768
70313.000000  768
70315.000000  768
70317.000000  768
70319.000000  769
70321.000000  769
70323.000000  770
70325.000000  770
70327.000000  770
70329.000000  771
70331.000000  771
70333.000000  771
70335.000000  772
70337.000000  772
70339.000000  772
70341.000000  773
70343.000000  773
70345.000000  774
70347.000000  774
70349.000000  774
70351.000000  774
70353.000000  775
70355.000000  775
70357.000000  776
70359.000000  776
70361.000000  776
70363.000000  777
70365.000000  777
70367.000000  777
70369.000000  778
70371.000000  778
70373.000000  778
70375.000000  779
70377.000000  779
70379.000000  780
70381.000000  780
70383.000000  780
70385.000000  780
70387.000000  781
70389.000000  781
70391.000000  782
70393.000000  782
70395.000000  782
70397.000000  783
70399.000000  783
70401.000000  783
70403.000000  784
70405.000000  784
70407.000000  784
70409.000000  785
70411.000000  785
70413.000000  785
70415.000000  786
70417.000000  786
70419.000000  786
70421.000000  787
70423.000000  787
70425.000000  788
70427.000000  788
70429.000000  788
70431.000000  789
70433.000000  789
70435.000000  789
70437.000000  790
70439.000000  790
70441.000000  790
70443.000000  791
70445.000000  791
70447.000000  791
70449.000000  792
70451.000000  792
70453.000000  792
70455.000000  793
70457.000000  793
70459.000000  793
70461.000000  794
70463.000000  794
70465.000000  794
70467.000000  795
70469.000000  795
70471.000000  796
70473.000000  796
70475.000000  796
70477.000000  797
70479.000000  797
70481.000000  797
70483.000000  798
70485.000000  798
70487.000000  798
70489.000000  799
70491.000000  799
70493.000000  799
70495.000000  800
70497.000000  800
70499.000000  800
70501.000000  801
70503.000000  801
70505.000000  802
70507.000000  802
70509.000000  802
70511.000000  802
70513.000000  803
70515.000000  803
70517.000000  804
70519.000000  804
70521.000000  804
70523.000000  805
70525.000000  805
70527.000000  805
70529.000000  806
70531.000000  806
70533.000000  806
70535.000000  807
70537.000000  807
70539.000000  807
70541.000000  808
70543.000000  808
70545.000000  808
70547.000000  809
70549.000000  809
70551.000000  810
70553.000000  810
70555.000000  810
70557.000000  810
70559.000000  811
70561.000000  811
70563.000000  812
70565.000000  812
70567.000000  812
70569.000000  813
70571.000000  813
70573.000000  813
70575.000000  814
70577.000000  814
70579.000000  814
70581.000000  815
70583.000000  815
70585.000000  815
70587.000000  816
70589.000000  816
70591.000000  816
70593.000000  817
70595.000000  817
70597.000000  818
70599.000000  818
70601.000000  818
70603.000000  818
70605.000000  819
70607.000000  819
70609.000000  820
70611.000000  820
70613.000000  820
70615.000000  821
70617.000000  821
70619.000000  821
70621.000000  822
70623.000000  822
70625.000000  822
70627.000000  823
70629.000000  823
70631.000000  823
70633.000000  824
70635.000000  824
70637.000000  824
70639.000000  825
70641.000000  825
70643.000000  825
70645.000000  826
70647.000000  826
70649.000000  826
70651.000000  827
70653.000000  827
70655.000000  828
70657.000000  828
70659.000000  828
70661.000000  828
70663.000000  829
70665.000000  829
70667.000000  830
70669.000000  830
70671.000000  830
70673.000000  831
70675.000000  831
70677.000000  831
70679.000000  832
70681.000000  832
70683.000000  832
70685.000000  833
70687.000000  833
70689.000000  833
70691.000000  834
70693.000000  834
70695.000000  834
70697.000000  835
70699.000000  835
70701.000000  835
70703.000000  836
70705.000000  836
70707.000000  836
70709.000000  837
70711.000000  837
70713.000000  838
70715.000000  838
70717.000000  838
70719.000000  838
70721.000000  839
70723.000000  839
70725.000000  840
70727.000000  840
70729.000000  840
70731.000000  841
70733.000000  841
70735.000000  841
70737.000000  842
70739.000000  842
70741.000000  842
70743.000000  843
70745.000000  843
70747.000000  843
70749.000000  844
70751.000000  844
70753.000000  844
70755.000000  845
70757.000000  845
70759.000000  846
70761.000000  846
70763.000000  846
70765.000000  847
70767.000000  847
70769.000000  847
70771.000000  848
70773.000000  848
70775.000000  848
70777.000000  849
70779.000000  849
70781.000000  849
70783.000000  850
70785.000000  850
70787.000000  850
70789.000000  851
70791.000000  851
70793.000000  852
70795.000000  852
70797.000000  852
70799.000000  853
70801.000000  853
70803.000000  853
70805.000000  854
70807.000000  854
70809.000000  854
70811.000000  855
70813.000000  855
70815.000000  855
70817.000000  856
70819.000000  856
70821.000000  856
70823.000000  857
70825.000000  857
70827.000000  858
70829.000000  858
70831.000000  858
70833.000000  858
70835.000000  859
70837.000000  859
70839.000000  860
70841.000000  860
70843.000000  860
70845.000000  860
70847.000000  861
70849.000000  861
70851.000000  862
70853.000000  862
70855.000000  862
70857.000000  863
70859.000000  863
70861.000000  863
70863.000000  864
70865.000000  864
70867.000000  864
70869.000000  865
70871.000000  865
70873.000000  865
70875.000000  866
70877.000000  866
70879.000000  866
70881.000000  867
70883.000000  867
70885.000000  868
70887.000000  868
70889.000000  868
70891.000000  869
70893.000000  869
70895.000000  869
70897.000000  870
70899.000000  870
70901.000000  870
70903.000000  871
70905.000000  871
70907.000000  871
70909.000000  872
70911.000000  872
70913.000000  872
70915.000000  873
70917.000000  873
70919.000000  874
70921.000000  874
70923.000000  874
70925.000000  875
70927.000000  875
70929.000000  875
70931.000000  876
70933.000000  876
70935.000000  876
70937.000000  877
70939.000000  877
70941.000000  877
70943.000000  878
70945.000000  878
70947.000000  878
70949.000000  879
70951.000000  879
70953.000000  880
70955.000000  880
70957.000000  880
70959.000000  881
70961.000000  881
70963.000000  881
70965.000000  882
70967.000000  882
70969.000000  882
70971.000000  883
70973.000000  883
70975.000000  883
70977.000000  884
70979.000000  884
70981.000000  884
70983.000000  885
70985.000000  885
70987.000000  885
70989.000000  886
70991.000000  886
70993.000000  886
70995.000000  887
70997.000000  887
70999.000000  887
71001.000000  888
71003.000000  888
71005.000000  888
71007.000000  889
71009.000000  889
71011.000000  890
71013.000000  890
71015.000000  890
71017.000000  890
71019.000000  891
71021.000000  891
71023.000000  892
71025.000000  892
71027.000000  892
71029.000000  893
71031.000000  893
71033.000000  893
71035.000000  894
71037.000000  894
71039.000000  894
71041.000000  895
71043.000000  895
71045.000000  895
71047.000000  896
71049.000000  896
71051.000000  896
71053.000000  897
71055.000000  897
71057.000000  898
71059.000000  898
71061.000000  898
71063.000000  899
71065.000000  899
71067.000000  899
71069.000000  900
71071.000000  900
71073.000000  900
71075.000000  901
71077.000000  901
71079.000000  901
71081.000000  902
71083.000000  902
71085.000000  902
71087.000000  903
71089.000000  903
71091.000000  904
71093.000000  904
71095.000000  904
71097.000000  904
71099.000000  905
71101.000000  905
71103.000000  906
71105.000000  906
71107.000000  906
71109.000000  907
71111.000000  907
71113.000000  907
71115.000000  908
71117.000000  908
71119.000000  908
71121.000000  909
71123.000000  909
71125.000000  909
71127.000000  910
71129.000000  910
71131.000000  910
71133.000000  911
71135.000000  911
71137.000000  911
71139.000000  912
71141.000000  912
71143.000000  912
71145.000000  913
71147.000000  913
71149.000000  913
71151.000000  914
71153.000000  914
71155.000000  914
71157.000000  915
71159.000000  915
71161.000000  916
71163.000000  916
71165.000000  916
71167.000000  916
71169.000000  917
71171.000000  917
71173.000000  918
71175.000000  918
71177.000000  918
71179.000000  919
71181.000000  919
71183.000000  919
71185.000000  920
71187.000000  920
71189.000000  920
71191.000000  921
71193.000000  921
71195.000000  922
71197.000000  922
71199.000000  922
71201.000000  922
71203.000000  923
71205.000000  923
71207.000000  924
71209.000000  924
71211.000000  924
71213.000000  925
71215.000000  925
71217.000000  925
71219.000000  926
71221.000000  926
71223.000000  926
71225.000000  927
71227.000000  927
71229.000000  927
71231.000000  928
71233.000000  928
71235.000000  928
71237.000000  929
71239.000000  929
71241.000000  930
71243.000000  930
71245.000000  930
71247.000000  930
71249.000000  931
71251.000000  931
71253.000000  932
71255.000000  932
71257.000000  932
71259.000000  932
71261.000000  933
71263.000000  933
71265.000000  934
71267.000000  934
71269.000000  934
71271.000000  935
71273.000000  935
71275.000000  935
71277.000000  936
71279.000000  936
71281.000000  936
71283.000000  937
71285.000000  937
71287.000000  937
71289.000000  938
71291.000000  938
71293.000000  938
71295.000000  939
71297.000000  939
71299.000000  940
71301.000000  940
71303.000000  940
71305.000000  941
71307.000000  941
71309.000000  941
71311.000000  942
71313.000000  942
71315.000000  942
71317.000000  943
71319.000000  943
71321.000000  943
71323.000000  944
71325.000000  944
71327.000000  944
71329.000000  945
71331.000000  945
71333.000000  946
71335.000000  946
71337.000000  946
71339.000000  947
71341.000000  947
71343.000000  947
71345.000000  948
71347.000000  948
71349.000000  948
71351.000000  949
71353.000000  949
71355.000000  949
71357.000000  950
71359.000000  950
71361.000000  950
71363.000000  951
71365.000000  951
71367.000000  952
71369.000000  952
71371.000000  952
71373.000000  953
71375.000000  953
71377.000000  953
71379.000000  954
71381.000000  954
71383.000000  954
71385.000000  955
71387.000000  955
71389.000000  955
71391.000000  956
71393.000000  956
71395.000000  956
71397.000000  957
71399.000000  957
71401.000000  957
71403.000000  958
71405.000000  958
71407.000000  958
71409.000000  959
71411.000000  959
71413.000000  960
71415.000000  960
71417.000000  960
71419.000000  960
71421.000000  961
71423.000000  961
71425.000000  962
71427.000000  962
71429.000000  962
71431.000000  963
71433.000000  963
71435.000000  963
71437.000000  964
71439.000000  964
71441.000000  964
71443.000000  965
71445.000000  965
71447.000000  966
71449.000000  966
71451.000000  966
71453.000000  966
71455.000000  967
71457.000000  967
71459.000000  968
71461.000000  968
71463.000000  968
71465.000000  969
71467.000000  969
71469.000000  969
71471.000000  970
71473.000000  970
71475.000000  970
71477.000000  971
71479.000000  971
71481.000000  972
71483.000000  972
71485.000000  972
71487.000000  972
71489.000000  973
71491.000000  973
71493.000000  974
71495.000000  974
71497.000000  974
71499.000000  975
71501.000000  975
71503.000000  975
71505.000000  976
71507.000000  976
71509.000000  976
71511.000000  977
71513.000000  977
71515.000000  977
71517.000000  978
71519.000000  978
71521.000000  978
71523.000000  979
71525.000000  979
71527.000000  980
71529.000000  980
71531.000000  980
71533.000000  980
71535.000000  981
71537.000000  981
71539.000000  982
71541.000000  982
71543.000000  982
71545.000000  982
71547.000000  983
71549.000000  983
71551.000000  984
71553.000000  984
71555.000000  984
71557.000000  985
71559.000000  985
71561.000000  985
71563.000000  986
71565.000000  986
71567.000000  986
71569.000000  987
71571.000000  987
71573.000000  987
71575.000000  988
71577.000000  988
71579.000000  988
71581.000000  989
71583.000000  989
71585.000000  990
71587.000000  990
71589.000000  990
71591.000000  991
71593.000000  991
71595.000000  991
71597.000000  992
71599.000000  992
71601.000000  992
71603.000000  993
71605.000000  993
71607.000000  993
71609.000000  994
71611.000000  994
71613.000000  994
71615.000000  995
71617.000000  995
71619.000000  996
71621.000000  996
71623.000000  996
71625.000000  997
71627.000000  997
71629.000000  997
71631.000000  998
71633.000000  998
71635.000000  998
71637.000000  999
71639.000000  999
71641.000000  999
71643.000000  1000
71645.000000  1000
71647.000000  1000
71649.000000  1001
71651.000000  1001
71653.000000  1001
71655.000000  1002
71657.000000  1002
71659.000000  1002
71661.000000  1003
71663.000000  1003
71665.000000  1003
71667.000000  1004
71669.000000  1004
71671.000000  1004
71673.000000  1005
71675.000000  1005
71677.000000  1006
71679.000000  1006
71681.000000  1006
71683.000000  1006
71685.000000  1007
71687.000000  1007
71689.000000  1008
71691.000000  1008
71693.000000  1008
71695.000000  1008
71697.000000  1009
71699.000000  1009
71701.000000  1010
71703.000000  1010
71705.000000  1010
71707.000000  1011
71709.000000  1011
71711.000000  1011
71713.000000  1012
71715.000000  1012
71717.000000  1012
71719.000000  1013
71721.000000  1013
71723.000000  1013
71725.000000  1014
71727.000000  1014
71729.000000  1014
71731.000000  1015
71733.000000  1015
71735.000000  1016
71737.000000  1016
71739.000000  1016
71741.000000  1017
71743.000000  1017
71745.000000  1017
71747.000000  1018
71749.000000  1018
71751.000000  1018
71753.000000  1019
71755.000000  1019
71757.000000  1019
71759.000000  1020
71761.000000  1020
71763.000000  1020
71765.000000  1021
71767.000000  1021
71769.000000  1022
71771.000000  1022
71773.000000  1022
71775.000000  1023
71777.000000  1023
71779.000000  1023
71781.000000  1024
71783.000000  1024
71785.000000  1024
71787.000000  1025
71789.000000  1025
71791.000000  1025
71793.000000  1026
71795.000000  1026
71797.000000  1026
71799.000000  1027
71801.000000  1027
71803.000000  1027
71805.000000  1028
71807.000000  1028
71809.000000  1028
71811.000000  1029
71813.000000  1029
71815.000000  1030
71817.000000  1030
71819.000000  1030
71821.000000  1030
71823.000000  1031
71825.000000  1031
71827.000000  1032
71829.000000  1032
71831.000000  1032
71833.000000  1033
71835.000000  1033
71837.000000  1033
71839.000000  1034
71841.000000  1034
71843.000000  1034
71845.000000  1035
71847.000000  1035
71849.000000  1035
71851.000000  1036
71853.000000  1036
71855.000000  1036
71857.000000  1037
71859.000000  1037
71861.000000  1038
71863.000000  1038
71865.000000  1038
71867.000000  1039
71869.000000  1039
71871.000000  1039
71873.000000  1040
71875.000000  1040
71877.000000  1040
71879.000000  1041
71881.000000  1041
71883.000000  1042
71885.000000  1042
71887.000000  1042
71889.000000  1042
71891.000000  1043
71893.000000  1043
71895.000000  1044
71897.000000  1044
71899.000000  1044
71901.000000  1045
71903.000000  1045
71905.000000  1045
71907.000000  1046
71909.000000  1046
71911.000000  1046
71913.000000  1047
71915.000000  1047
71917.000000  1047
71919.000000  1048
71921.000000  1048
71923.000000  1048
71925.000000  1049
71927.000000  1049
71929.000000  1050
71931.000000  1050
71933.000000  1050
71935.000000  1050
71937.000000  1051
71939.000000  1051
71941.000000  1052
71943.000000  1052
71945.000000  1052
71947.000000  1053
71949.000000  1053
71951.000000  1053
71953.000000  1054
71955.000000  1054
71957.000000  1054
71959.000000  1055
71961.000000  1055
71963.000000  1055
71965.000000  1056
71967.000000  1056
71969.000000  1056
71971.000000  1057
71973.000000  1057
71975.000000  1058
71977.000000  1058
71979.000000  1058
71981.000000  1058
71983.000000  1059
71985.000000  1059
71987.000000  1060
71989.000000  1060
71991.000000  1060
71993.000000  1061
71995.000000  1061
71997.000000  1061
71999.000000  1062
72001.000000  1062
72003.000000  1062
72005.000000  1063
72007.000000  1063
72009.000000  1064
72011.000000  1064
72013.000000  1064
72015.000000  1064
72017.000000  1065
72019.000000  1065
72021.000000  1066
72023.000000  1066
72025.000000  1066
72027.000000  1067
72029.000000  1067
72031.000000  1067
72033.000000  1068
72035.000000  1068
72037.000000  1068
72039.000000  1069
72041.000000  1069
72043.000000  1069
72045.000000  1070
72047.000000  1070
72049.000000  1070
72051.000000  1071
72053.000000  1071
72055.000000  1072
72057.000000  1072
72059.000000  1072
72061.000000  1072
72063.000000  1073
72065.000000  1073
72067.000000  1074
72069.000000  1074
72071.000000  1074
72073.000000  1075
72075.000000  1075
72077.000000  1075
72079.000000  1076
72081.000000  1076
72083.000000  1076
72085.000000  1077
72087.000000  1077
72089.000000  1077
72091.000000  1078
72093.000000  1078
72095.000000  1078
72097.000000  1079
72099.000000  1079
72101.000000  1080
72103.000000  1080
72105.000000  1080
72107.000000  1080
72109.000000  1081
72111.000000  1081
72113.000000  1082
72115.000000  1082
72117.000000  1082
72119.000000  1083
72121.000000  1083
72123.000000  1083
72125.000000  1084
72127.000000  1084
72129.000000  1084
72131.000000  1085
72133.000000  1085
72135.000000  1085
72137.000000  1086
72139.000000  1086
72141.000000  1086
72143.000000  1087
72145.000000  1087
72147.000000  1088
72149.000000  1088
72151.000000  1088
72153.000000  1089
72155.000000  1089
72157.000000  1089
72159.000000  1090
72161.000000  1090
72163.000000  1090
72165.000000  1091
72167.000000  1091
72169.000000  1091
72171.000000  1092
72173.000000  1092
72175.000000  1092
72177.000000  1093
72179.000000  1093
72181.000000  1093
72183.000000  1094
72185.000000  1094
72187.000000  1094
72189.000000  1095
72191.000000  1095
72193.000000  1096
72195.000000  1096
72197.000000  1096
72199.000000  1096
72201.000000  1097
72203.000000  1097
72205.000000  1098
72207.000000  1098
72209.000000  1098
72211.000000  1098
72213.000000  1099
72215.000000  1099
72217.000000  1100
72219.000000  1100
72221.000000  1100
72223.000000  1101
72225.000000  1101
72227.000000  1101
72229.000000  1102
72231.000000  1102
72233.000000  1102
72235.000000  1103
72237.000000  1103
72239.000000  1103
72241.000000  1104
72243.000000  1104
72245.000000  1104
72247.000000  1105
72249.000000  1105
72251.000000  1105
72253.000000  1106
72255.000000  1106
72257.000000  1106
72259.000000  1107
72261.000000  1107
72263.000000  1108
72265.000000  1108
72267.000000  1108
72269.000000  1109
72271.000000  1109
72273.000000  1109
72275.000000  1110
72277.000000  1110
72279.000000  1110
72281.000000  1111
72283.000000  1111
72285.000000  1111
72287.000000  1112
72289.000000  1112
72291.000000  1112
72293.000000  1113
72295.000000  1113
72297.000000  1114
72299.000000  1114
72301.000000  1114
72303.000000  1115
72305.000000  1115
72307.000000  1115
72309.000000  1116
72311.000000  1116
72313.000000  1116
72315.000000  1117
72317.000000  1117
72319.000000  1117
72321.000000  1118
72323.000000  1118
72325.000000  1118
72327.000000  1119
72329.000000  1119
72331.000000  1120
72333.000000  1120
72335.000000  1120
72337.000000  1120
72339.000000  1121
72341.000000  1121
72343.000000  1122
72345.000000  1122
72347.000000  1122
72349.000000  1123
72351.000000  1123
72353.000000  1123
72355.000000  1124
72357.000000  1124
72359.000000  1124
72361.000000  1125
72363.000000  1125
72365.000000  1125
72367.000000  1126
72369.000000  1126
72371.000000  1126
72373.000000  1127
72375.000000  1127
72377.000000  1128
72379.000000  1128
72381.000000  1128
72383.000000  1128
72385.000000  1129
72387.000000  1129
72389.000000  1130
72391.000000  1130
72393.000000  1130
72395.000000  1131
72397.000000  1131
72399.000000  1131
72401.000000  1132
72403.000000  1132
72405.000000  1132
72407.000000  1133
72409.000000  1133
72411.000000  1133
72413.000000  1134
72415.000000  1134
72417.000000  1134
72419.000000  1135
72421.000000  1135
72423.000000  1136
72425.000000  1136
72427.000000  1136
72429.000000  1137
72431.000000  1137
72433.000000  1137
72435.000000  1138
72437.000000  1138
72439.000000  1138
72441.000000  1139
72443.000000  1139
72445.000000  1139
72447.000000  1140
72449.000000  1140
72451.000000  1140
72453.000000  1141
72455.000000  1141
72457.000000  1142
72459.000000  1142
72461.000000  1142
72463.000000  1143
72465.000000  1143
72467.000000  1143
72469.000000  1144
72471.000000  1144
72473.000000  1144
72475.000000  1145
72477.000000  1145
72479.000000  1145
72481.000000  1146
72483.000000  1146
72485.000000  1146
72487.000000  1147
72489.000000  1147
72491.000000  1148
72493.000000  1148
72495.000000  1148
72497.000000  1148
72499.000000  1149
72501.000000  1149
72503.000000  1150
72505.000000  1150
72507.000000  1150
72509.000000  1151
72511.000000  1151
72513.000000  1151
72515.000000  1152
72517.000000  1152
72519.000000  1152
72521.000000  1153
72523.000000  1153
72525.000000  1153
72527.000000  1154
72529.000000  1154
72531.000000  1154
72533.000000  1155
72535.000000  1155
72537.000000  1156
72539.000000  1156
72541.000000  1156
72543.000000  1156
72545.000000  1157
72547.000000  1157
72549.000000  1158
72551.000000  1158
72553.000000  1158
72555.000000  1159
72557.000000  1159
72559.000000  1159
72561.000000  1160
72563.000000  1160
72565.000000  1160
72567.000000  1161
72569.000000  1161
72571.000000  1161
72573.000000  1162
72575.000000  1162
72577.000000  1162
72579.000000  1163
72581.000000  1163
72583.000000  1164
72585.000000  1164
72587.000000  1164
72589.000000  1165
72591.000000  1165
72593.000000  1165
72595.000000  1166
72597.000000  1166
72599.000000  1166
72601.000000  1167
72603.000000  1167
72605.000000  1167
72607.000000  1168
72609.000000  1168
72611.000000  1168
72613.000000  1169
72615.000000  1169
72617.000000  1170
72619.000000  1170
72621.000000  1170
72623.000000  1170
72625.000000  1171
72627.000000  1171
72629.000000  1172
72631.000000  1172
72633.000000  1172
72635.000000  1172
72637.000000  1173
72639.000000  1173
72641.000000  1174
72643.000000  1174
72645.000000  1174
72647.000000  1175
72649.000000  1175
72651.000000  1175
72653.000000  1176
72655.000000  1176
72657.000000  1176
72659.000000  1177
72661.000000  1177
72663.000000  1177
72665.000000  1178
72667.000000  1178
72669.000000  1178
72671.000000  1179
72673.000000  1179
72675.000000  1180
72677.000000  1180
72679.000000  1180
72681.000000  1180
72683.000000  1181
72685.000000  1181
72687.000000  1182
72689.000000  1182
72691.000000  1182
72693.000000  1183
72695.000000  1183
72697.000000  1183
72699.000000  1184
72701.000000  1184
72703.000000  1184
72705.000000  1185
72707.000000  1185
72709.000000  1185
72711.000000  1186
72713.000000  1186
72715.000000  1186
72717.000000  1187
72719.000000  1187
72721.000000  1188
72723.000000  1188
72725.000000  1188
72727.000000  1188
72729.000000  1189
72731.000000  1189
72733.000000  1190
72735.000000  1190
72737.000000  1190
72739.000000  1190
72741.000000  1191
72743.000000  1191
72745.000000  1192
72747.000000  1192
72749.000000  1192
72751.000000  1193
72753.000000  1193
72755.000000  1193
72757.000000  1194
72759.000000  1194
72761.000000  1194
72763.000000  1195
72765.000000  1195
72767.000000  1195
72769.000000  1196
72771.000000  1196
72773.000000  1196
72775.000000  1197
72777.000000  1197
72779.000000  1197
72781.000000  1198
72783.000000  1198
72785.000000  1198
72787.000000  1199
72789.000000  1199
72791.000000  1200
72793.000000  1200
72795.000000  1200
72797.000000  1200
72799.000000  1201
72801.000000  1201
72803.000000  1202
72805.000000  1202
72807.000000  1202
72809.000000  1203
72811.000000  1203
72813.000000  1203
72815.000000  1204
72817.000000  1204
72819.000000  1204
72821.000000  1205
72823.000000  1205
72825.000000  1206
72827.000000  1206
72829.000000  1206
72831.000000  1206
72833.000000  1207
72835.000000  1207
72837.000000  1208
72839.000000  1208
72841.000000  1208
72843.000000  1209
72845.000000  1209
72847.000000  1209
72849.000000  1210
72851.000000  1210
72853.000000  1210
72855.000000  1211
72857.000000  1211
72859.000000  1212
72861.000000  1212
72863.000000  1212
72865.000000  1212
72867.000000  1213
72869.000000  1213
72871.000000  1214
72873.000000  1214
72875.000000  1214
72877.000000  1215
72879.000000  1215
72881.000000  1215
72883.000000  1216
72885.000000  1216
72887.000000  1216
72889.000000  1217
72891.000000  1217
72893.000000  1217
72895.000000  1218
72897.000000  1218
72899.000000  1218
72901.000000  1219
72903.000000  1219
72905.000000  1220
72907.000000  1220
72909.000000  1220
72911.000000  1220
72913.000000  1221
72915.000000  1221
72917.000000  1222
72919.000000  1222
72921.000000  1222
72923.000000  1223
72925.000000  1223
72927.000000  1223
72929.000000  1224
72931.000000  1224
72933.000000  1224
72935.000000  1225
72937.000000  1225
72939.000000  1225
72941.000000  1226
72943.000000  1226
72945.000000  1226
72947.000000  1227
72949.000000  1227
72951.000000  1228
72953.000000  1228
72955.000000  1228
72957.000000  1228
72959.000000  1229
72961.000000  1229
72963.000000  1230
72965.000000  1230
72967.000000  1230
72969.000000  1231
72971.000000  1231
72973.000000  1231
72975.000000  1232
72977.000000  1232
72979.000000  1232
72981.000000  1233
72983.000000  1233
72985.000000  1234
72987.000000  1234
72989.000000  1234
72991.000000  1234
72993.000000  1235
72995.000000  1235
72997.000000  1236
72999.000000  1236
73001.000000  1236
73003.000000  1237
73005.000000  1237
73007.000000  1237
73009.000000  1238
73011.000000  1238
73013.000000  1238
73015.000000  1239
73017.000000  1239
73019.000000  1240
73021.000000  1240
73023.000000  1240
73025.000000  1240
73027.000000  1241
73029.000000  1241
73031.000000  1242
73033.000000  1242
73035.000000  1242
73037.000000  1243
73039.000000  1243
73041.000000  1243
73043.000000  1244
73045.000000  1244
73047.000000  1244
73049.000000  1245
73051.000000  1245
73053.000000  1245
73055.000000  1246
73057.000000  1246
73059.000000  1246
73061.000000  1247
73063.000000  1247
73065.000000  1247
73067.000000  1248
73069.000000  1248
73071.000000  1248
73073.000000  1249
73075.000000  1249
73077.000000  1250
73079.000000  1250
73081.000000  1250
73083.000000  1250
73085.000000  1251
73087.000000  1251
73089.000000  1252
73091.000000  1252
73093.000000  1252
73095.000000  1253
73097.000000  1253
73099.000000  1253
73101.000000  1254
73103.000000  1254
73105.000000  1254
73107.000000  1255
73109.000000  1255
73111.000000  1255
73113.000000  1256
73115.000000  1256
73117.000000  1256
73119.000000  1257
73121.000000  1257
73123.000000  1258
73125.000000  1258
73127.000000  1258
73129.000000  1258
73131.000000  1259
73133.000000  1259
73135.000000  1260
73137.000000  1260
73139.000000  1260
73141.000000  1261
73143.000000  1261
73145.000000  1261
73147.000000  1262
73149.000000  1262
73151.000000  1262
73153.000000  1263
73155.000000  1263
73157.000000  1264
73159.000000  1264
73161.000000  1264
73163.000000  1264
73165.000000  1265
73167.000000  1265
73169.000000  1266
73171.000000  1266
73173.000000  1266
73175.000000  1267
73177.000000  1267
73179.000000  1267
73181.000000  1268
73183.000000  1268
73185.000000  1268
73187.000000  1269
73189.000000  1269
73191.000000  1269
73193.000000  1270
73195.000000  1270
73197.000000  1270
73199.000000  1271
73201.000000  1271
73203.000000  1271
73205.000000  1272
73207.000000  1272
73209.000000  1272
73211.000000  1273
73213.000000  1273
73215.000000  1273
73217.000000  1274
73219.000000  1274
73221.000000  1274
73223.000000  1275
73225.000000  1275
73227.000000  1276
73229.000000  1276
73231.000000  1276
73233.000000  1276
73235.000000  1277
73237.000000  1277
73239.000000  1278
73241.000000  1278
73243.000000  1278
73245.000000  1279
73247.000000  1279
73249.000000  1279
73251.000000  1280
73253.000000  1280
73255.000000  1280
73257.000000  1281
73259.000000  1281
73261.000000  1281
73263.000000  1282
73265.000000  1282
73267.000000  1282
73269.000000  1283
73271.000000  1283
73273.000000  1284
73275.000000  1284
73277.000000  1284
73279.000000  1284
73281.000000  1285
73283.000000  1285
73285.000000  1286
73287.000000  1286
73289.000000  1286
73291.000000  1287
73293.000000  1287
73295.000000  1287
73297.000000  1288
73299.000000  1288
73301.000000  1288
73303.000000  1289
73305.000000  1289
73307.000000  1289
73309.000000  1290
73311.000000  1290
73313.000000  1290
73315.000000  1291
73317.000000  1291
73319.000000  1292
73321.000000  1292
73323.000000  1292
73325.000000  1292
73327.000000  1293
73329.000000  1293
73331.000000  1294
73333.000000  1294
73335.000000  1294
73337.000000  1295
73339.000000  1295
73341.000000  1295
73343.000000  1296
73345.000000  1296
73347.000000  1296
73349.000000  1297
73351.000000  1297
73353.000000  1297
73355.000000  1298
73357.000000  1298
73359.000000  1298
73361.000000  1299
73363.000000  1299
73365.000000  1300
73367.000000  1300
73369.000000  1300
73371.000000  1300
73373.000000  1301
73375.000000  1301
73377.000000  1302
73379.000000  1302
73381.000000  1302
73383.000000  1303
73385.000000  1303
73387.000000  1303
73389.000000  1304
73391.000000  1304
73393.000000  1304
73395.000000  1305
73397.000000  1305
73399.000000  1306
73401.000000  1306
73403.000000  1306
73405.000000  1306
73407.000000  1307
73409.000000  1307
73411.000000  1308
73413.000000  1308
73415.000000  1308
73417.000000  1309
73419.000000  1309
73421.000000  1309
73423.000000  1310
73425.000000  1310
73427.000000  1310
73429.000000  1311
73431.000000  1311
73433.000000  1312
73435.000000  1312
73437.000000  1312
73439.000000  1312
73441.000000  1313
73443.000000  1313
73445.000000  1314
73447.000000  1314
73449.000000  1314
73451.000000  1315
73453.000000  1315
73455.000000  1315
73457.000000  1316
73459.000000  1316
73461.000000  1316
73463.000000  1317
73465.000000  1317
73467.000000  1317
73469.000000  1318
73471.000000  1318
73473.000000  1318
73475.000000  1319
73477.000000  1319
73479.000000  1320
73481.000000  1320
73483.000000  1320
73485.000000  1320
73487.000000  1321
73489.000000  1321
73491.000000  1322
73493.000000  1322
73495.000000  1322
73497.000000  1323
73499.000000  1323
73501.000000  1323
73503.000000  1324
73505.000000  1324
73507.000000  1324
73509.000000  1325
73511.000000  1325
73513.000000  1325
73515.000000  1326
73517.000000  1326
73519.000000  1326
73521.000000  1327
73523.000000  1327
73525.000000  1328
73527.000000  1328
73529.000000  1328
73531.000000  1329
73533.000000  1329
73535.000000  1329
73537.000000  1330
73539.000000  1330
73541.000000  1330
73543.000000  1331
73545.000000  1331
73547.000000  1332
73549.000000  1332
73551.000000  1332
73553.000000  1332
73555.000000  1333
73557.000000  1333
73559.000000  1334
73561.000000  1334
73563.000000  1334
73565.000000  1335
73567.000000  1335
73569.000000  1335
73571.000000  1336
73573.000000  1336
73575.000000  1336
73577.000000  1337
73579.000000  1337
73581.000000  1337
73583.000000  1338
73585.000000  1338
73587.000000  1338
73589.000000  1339
73591.000000  1339
73593.000000  1339
73595.000000  1340
73597.000000  1340
73599.000000  1340
73601.000000  1341
73603.000000  1341
73605.000000  1342
73607.000000  1342
73609.000000  1342
73611.000000  1342
73613.000000  1343
73615.000000  1343
73617.000000  1344
73619.000000  1344
73621.000000  1344
73623.000000  1345
73625.000000  1345
73627.000000  1345
73629.000000  1346
73631.000000  1346
73633.000000  1346
73635.000000  1347
73637.000000  1347
73639.000000  1347
73641.000000  1348
73643.000000  1348
73645.000000  1348
73647.000000  1349
73649.000000  1349
73651.000000  1350
73653.000000  1350
73655.000000  1350
73657.000000  1350
73659.000000  1351
73661.000000  1351
73663.000000  1352
73665.000000  1352
73667.000000  1352
73669.000000  1353
73671.000000  1353
73673.000000  1353
73675.000000  1354
73677.000000  1354
73679.000000  1354
73681.000000  1355
73683.000000  1355
73685.000000  1356
73687.000000  1356
73689.000000  1356
73691.000000  1357
73693.000000  1357
73695.000000  1357
73697.000000  1358
73699.000000  1358
73701.000000  1358
73703.000000  1359
73705.000000  1359
73707.000000  1359
73709.000000  1360
73711.000000  1360
73713.000000  1360
73715.000000  1361
73717.000000  1361
73719.000000  1361
73721.000000  1362
73723.000000  1362
73725.000000  1362
73727.000000  1363
73729.000000  1363
73731.000000  1363
73733.000000  1364
73735.000000  1364
73737.000000  1364
73739.000000  1365
73741.000000  1365
73743.000000  1366
73745.000000  1366
73747.000000  1366
73749.000000  1366
73751.000000  1367
73753.000000  1367
73755.000000  1368
73757.000000  1368
73759.000000  1368
73761.000000  1368
73763.000000  1369
73765.000000  1369
73767.000000  1370
73769.000000  1370
73771.000000  1370
73773.000000  1371
73775.000000  1371
73777.000000  1371
73779.000000  1372
73781.000000  1372
73783.000000  1372
73785.000000  1373
73787.000000  1373
73789.000000  1373
73791.000000  1374
73793.000000  1374
73795.000000  1374
73797.000000  1375
73799.000000  1375
73801.000000  1376
73803.000000  1376
73805.000000  1376
73807.000000  1376
73809.000000  1377
73811.000000  1377
73813.000000  1378
73815.000000  1378
73817.000000  1378
73819.000000  1379
73821.000000  1379
73823.000000  1379
73825.000000  1380
73827.000000  1380
73829.000000  1380
73831.000000  1381
73833.000000  1381
73835.000000  1382
73837.000000  1382
73839.000000  1382
73841.000000  1382
73843.000000  1383
73845.000000  1383
73847.000000  1384
73849.000000  1384
73851.000000  1384
73853.000000  1385
73855.000000  1385
73857.000000  1385
73859.000000  1386
73861.000000  1386
73863.000000  1386
73865.000000  1387
73867.000000  1387
73869.000000  1387
73871.000000  1388
73873.000000  1388
73875.000000  1388
73877.000000  1389
73879.000000  1389
73881.000000  1390
73883.000000  1390
73885.000000  1390
73887.000000  1390
73889.000000  1391
73891.000000  1391
73893.000000  1392
73895.000000  1392
73897.000000  1392
73899.000000  1392
73901.000000  1393
73903.000000  1393
73905.000000  1394
73907.000000  1394
73909.000000  1394
73911.000000  1395
73913.000000  1395
73915.000000  1395
73917.000000  1396
73919.000000  1396
73921.000000  1396
73923.000000  1397
73925.000000  1397
73927.000000  1398
73929.000000  1398
73931.000000  1398
73933.000000  1398
73935.000000  1399
73937.000000  1399
73939.000000  1400
73941.000000  1400
73943.000000  1400
73945.000000  1401
73947.000000  1401
73949.000000  1401
73951.000000  1402
73953.000000  1402
73955.000000  1402
73957.000000  1403
73959.000000  1403
73961.000000  1404
73963.000000  1404
73965.000000  1404
73967.000000  1405
73969.000000  1405
73971.000000  1405
73973.000000  1406
73975.000000  1406
73977.000000  1406
73979.000000  1407
73981.000000  1407
73983.000000  1407
73985.000000  1408
73987.000000  1408
73989.000000  1408
73991.000000  1409
73993.000000  1409
73995.000000  1409
73997.000000  1410
73999.000000  1410
74001.000000  1410
74003.000000  1411
74005.000000  1411
74007.000000  1412
74009.000000  1412
74011.000000  1412
74013.000000  1412
74015.000000  1413
74017.000000  1413
74019.000000  1414
74021.000000  1414
74023.000000  1414
74025.000000  1415
74027.000000  1415
74029.000000  1415
74031.000000  1416
74033.000000  1416
74035.000000  1416
74037.000000  1417
74039.000000  1417
74041.000000  1417
74043.000000  1418
74045.000000  1418
74047.000000  1418
74049.000000  1419
74051.000000  1419
74053.000000  1420
74055.000000  1420
74057.000000  1420
74059.000000  1421
74061.000000  1421
74063.000000  1421
74065.000000  1422
74067.000000  1422
74069.000000  1422
74071.000000  1423
74073.000000  1423
74075.000000  1423
74077.000000  1424
74079.000000  1424
74081.000000  1424
74083.000000  1425
74085.000000  1425
74087.000000  1426
74089.000000  1426
74091.000000  1426
74093.000000  1427
74095.000000  1427
74097.000000  1427
74099.000000  1428
74101.000000  1428
74103.000000  1428
74105.000000  1429
74107.000000  1429
74109.000000  1429
74111.000000  1430
74113.000000  1430
74115.000000  1430
74117.000000  1431
74119.000000  1431
74121.000000  1432
74123.000000  1432
74125.000000  1432
74127.000000  1432
74129.000000  1433
74131.000000  1433
74133.000000  1434
74135.000000  1434
74137.000000  1434
74139.000000  1435
74141.000000  1435
74143.000000  1435
74145.000000  1436
74147.000000  1436
74149.000000  1436
74151.000000  1437
74153.000000  1437
74155.000000  1437
74157.000000  1438
74159.000000  1438
74161.000000  1438
74163.000000  1439
74165.000000  1439
74167.000000  1439
74169.000000  1440
74171.000000  1440
74173.000000  1440
74175.000000  1441
74177.000000  1441
74179.000000  1442
74181.000000  1442
74183.000000  1442
74185.000000  1442
74187.000000  1443
74189.000000  1443
74191.000000  1444
74193.000000  1444
74195.000000  1444
74197.000000  1445
74199.000000  1445
74201.000000  1445
74203.000000  1446
74205.000000  1446
74207.000000  1446
74209.000000  1447
74211.000000  1447
74213.000000  1448
74215.000000  1448
74217.000000  1448
74219.000000  1448
74221.000000  1449
74223.000000  1449
74225.000000  1450
74227.000000  1450
74229.000000  1450
74231.000000  1451
74233.000000  1451
74235.000000  1451
74237.000000  1452
74239.000000  1452
74241.000000  1452
74243.000000  1453
74245.000000  1453
74247.000000  1453
74249.000000  1454
74251.000000  1454
74253.000000  1454
74255.000000  1455
74257.000000  1455
74259.000000  1455
74261.000000  1456
74263.000000  1456
74265.000000  1456
74267.000000  1457
74269.000000  1457
74271.000000  1458
74273.000000  1458
74275.000000  1458
74277.000000  1458
74279.000000  1459
74281.000000  1459
74283.000000  1460
74285.000000  1460
74287.000000  1460
74289.000000  1460
74291.000000  1461
74293.000000  1461
74295.000000  1462
74297.000000  1462
74299.000000  1462
74301.000000  1463
74303.000000  1463
74305.000000  1463
74307.000000  1464
74309.000000  1464
74311.000000  1464
74313.000000  1465
74315.000000  1465
74317.000000  1465
74319.000000  1466
74321.000000  1466
74323.000000  1466
74325.000000  1467
74327.000000  1467
74329.000000  1468
74331.000000  1468
74333.000000  1468
74335.000000  1468
74337.000000  1469
74339.000000  1469
74341.000000  1470
74343.000000  1470
74345.000000  1470
74347.000000  1471
74349.000000  1471
74351.000000  1471
74353.000000  1472
74355.000000  1472
74357.000000  1472
74359.000000  1473
74361.000000  1473
74363.000000  1474
74365.000000  1474
74367.000000  1474
74369.000000  1474
74371.000000  1475
74373.000000  1475
74375.000000  1476
74377.000000  1476
74379.000000  1476
74381.000000  1477
74383.000000  1477
74385.000000  1477
74387.000000  1478
74389.000000  1478
74391.000000  1478
74393.000000  1479
74395.000000  1479
74397.000000  1480
74399.000000  1480
74401.000000  1480
74403.000000  1480
74405.000000  1481
74407.000000  1481
74409.000000  1482
74411.000000  1482
74413.000000  1482
74415.000000  1483
74417.000000  1483
74419.000000  1483
74421.000000  1484
74423.000000  1484
74425.000000  1484
74427.000000  1485
74429.000000  1485
74431.000000  1485
74433.000000  1486
74435.000000  1486
74437.000000  1486
74439.000000  1487
74441.000000  1487
74443.000000  1487
74445.000000  1488
74447.000000  1488
74449.000000  1488
74451.000000  1489
74453.000000  1489
74455.000000  1490
74457.000000  1490
74459.000000  1490
74461.000000  1490
74463.000000  1491
74465.000000  1491
74467.000000  1492
74469.000000  1492
74471.000000  1492
74473.000000  1493
74475.000000  1493
74477.000000  1493
74479.000000  1494
74481.000000  1494
74483.000000  1494
74485.000000  1495
74487.000000  1495
74489.000000  1496
74491.000000  1496
74493.000000  1496
74495.000000  1497
74497.000000  1497
74499.000000  1497
74501.000000  1498
74503.000000  1498
74505.000000  1498
74507.000000  1499
74509.000000  1499
74511.000000  1499
74513.000000  1500
74515.000000  1500
74517.000000  1500
74519.000000  1501
74521.000000  1501
74523.000000  1502
74525.000000  1502
74527.000000  1502
74529.000000  1503
74531.000000  1503
74533.000000  1503
74535.000000  1504
74537.000000  1504
74539.000000  1504
74541.000000  1505
74543.000000  1505
74545.000000  1505
74547.000000  1506
74549.000000  1506
74551.000000  1506
74553.000000  1507
74555.000000  1507
74557.000000  1507
74559.000000  1508
74561.000000  1508
74563.000000  1508
74565.000000  1509
74567.000000  1509
74569.000000  1510
74571.000000  1510
74573.000000  1510
74575.000000  1510
74577.000000  1511
74579.000000  1511
74581.000000  1512
74583.000000  1512
74585.000000  1512
74587.000000  1513
74589.000000  1513
74591.000000  1513
74593.000000  1514
74595.000000  1514
74597.000000  1514
74599.000000  1515
74601.000000  1515
74603.000000  1515
74605.000000  1516
74607.000000  1516
74609.000000  1516
74611.000000  1517
74613.000000  1517
74615.000000  1518
74617.000000  1518
74619.000000  1518
74621.000000  1519
74623.000000  1519
74625.000000  1519
74627.000000  1520
74629.000000  1520
74631.000000  1520
74633.000000  1521
74635.000000  1521
74637.000000  1521
74639.000000  1522
74641.000000  1522
74643.000000  1522
74645.000000  1523
74647.000000  1523
74649.000000  1524
74651.000000  1524
74653.000000  1524
74655.000000  1524
74657.000000  1525
74659.000000  1525
74661.000000  1526
74663.000000  1526
74665.000000  1526
74667.000000  1527
74669.000000  1527
74671.000000  1527
74673.000000  1528
74675.000000  1528
74677.000000  1528
74679.000000  1529
74681.000000  1529
74683.000000  1529
74685.000000  1530
74687.000000  1530
74689.000000  1530
74691.000000  1531
74693.000000  1531
74695.000000  1532
74697.000000  1532
74699.000000  1532
74701.000000  1532
74703.000000  1533
74705.000000  1533
74707.000000  1534
74709.000000  1534
74711.000000  1534
74713.000000  1535
74715.000000  1535
74717.000000  1535
74719.000000  1536
74721.000000  1536
74723.000000  1536
74725.000000  1537
74727.000000  1537
74729.000000  1537
74731.000000  1538
74733.000000  1538
74735.000000  1538
74737.000000  1539
74739.000000  1539
74741.000000  1540
74743.000000  1540
74745.000000  1540
74747.000000  1540
74749.000000  1541
74751.000000  1541
74753.000000  1542
74755.000000  1542
74757.000000  1542
74759.000000  1543
74761.000000  1543
74763.000000  1543
74765.000000  1544
74767.000000  1544
74769.000000  1544
74771.000000  1545
74773.000000  1545
74775.000000  1545
74777.000000  1546
74779.000000  1546
74781.000000  1546
74783.000000  1547
74785.000000  1547
74787.000000  1547
74789.000000  1548
74791.000000  1548
74793.000000  1548
74795.000000  1549
74797.000000  1549
74799.000000  1550
74801.000000  1550
74803.000000  1550
74805.000000  1550
74807.000000  1551
74809.000000  1551
74811.000000  1552
74813.000000  1552
74815.000000  1552
74817.000000  1553
74819.000000  1553
74821.000000  1553
74823.000000  1554
74825.000000  1554
74827.000000  1554
74829.000000  1555
74831.000000  1555
74833.000000  1555
74835.000000  1556
74837.000000  1556
74839.000000  1556
74841.000000  1557
74843.000000  1557
74845.000000  1557
74847.000000  1558
74849.000000  1558
74851.000000  1558
74853.000000  1559
74855.000000  1559
74857.000000  1560
74859.000000  1560
74861.000000  1560
74863.000000  1560
74865.000000  1561
74867.000000  1561
74869.000000  1562
74871.000000  1562
74873.000000  1562
74875.000000  1563
74877.000000  1563
74879.000000  1563
74881.000000  1564
74883.000000  1564
74885.000000  1564
74887.000000  1565
74889.000000  1565
74891.000000  1566
74893.000000  1566
74895.000000  1566
74897.000000  1566
