78385.000000  1633
78387.000000  1634
78389.000000  1634
78391.000000  1634
78393.000000  1635
78395.000000  1636
78397.000000  1636
78399.000000  1636
78401.000000  1637
78403.000000  1637
78405.000000  1638
78407.000000  1638
78409.000000  1639
78411.000000  1639
78413.000000  1640
78415.000000  1640
78417.000000  1641
78419.000000  1641
78421.000000  1642
78423.000000  1642
78425.000000  1643
78427.000000  1643
78429.000000  1644
78431.000000  1644
78433.000000  1645
78435.000000  1645
78437.000000  1646
78439.000000  1646
78441.000000  1647
78443.000000  1647
78445.000000  1648
78447.000000  1648
78449.000000  1649
78451.000000  1650
78453.000000  1650
78455.000000  1650
78457.000000  1651
78459.000000  1652
78461.000000  1652
78463.000000  1652
78465.000000  1653
78467.000000  1654
78469.000000  1654
78471.000000  1654
78473.000000  1655
78475.000000  1656
78477.000000  1656
78479.000000  1657
78481.000000  1657
78483.000000  1658
78485.000000  1658
78487.000000  1659
78489.000000  1659
78491.000000  1660
78493.000000  1660
78495.000000  1661
78497.000000  1661
78499.000000  1662
78501.000000  1662
78503.000000  1663
78505.000000  1663
78507.000000  1664
78509.000000  1664
78511.000000  1665
78513.000000  1666
78515.000000  1666
78517.000000  1667
78519.000000  1667
78521.000000  1668
78523.000000  1668
78525.000000  1669
78527.000000  1669
78529.000000  1670
78531.000000  1670
78533.000000  1671
78535.000000  1671
78537.000000  1672
78539.000000  1672
78541.000000  1673
78543.000000  1673
78545.000000  1674
78547.000000  1674
78549.000000  1675
78551.000000  1676
78553.000000  1676
78555.000000  1676
78557.000000  1677
78559.000000  1678
78561.000000  1678
78563.000000  1679
78565.000000  1679
78567.000000  1680
78569.000000  1680
78571.000000  1681
78573.000000  1681
78575.000000  1682
78577.000000  1682
78579.000000  1683
78581.000000  1683
78583.000000  1684
78585.000000  1684
78587.000000  1685
78589.000000  1686
78591.000000  1686
78593.000000  1686
78595.000000  1687
78597.000000  1688
78599.000000  1688
78601.000000  1689
78603.000000  1689
78605.000000  1690
78607.000000  1690
78609.000000  1691
78611.000000  1691
78613.000000  1692
78615.000000  1692
78617.000000  1693
78619.000000  1693
78621.000000  1694
78623.000000  1694
78625.000000  1695
78627.000000  1696
78629.000000  1696
78631.000000  1697
78633.000000  1697
78635.000000  1698
78637.000000  1698
78639.000000  1699
78641.000000  1699
78643.000000  1700
78645.000000  1700
78647.000000  1701
78649.000000  1701
78651.000000  1702
78653.000000  1702
78655.000000  1703
78657.000000  1703
78659.000000  1704
78661.000000  1704
78663.000000  1705
78665.000000  1705
78667.000000  1706
78669.000000  1706
78671.000000  1707
78673.000000  1708
78675.000000  1708
78677.000000  1709
78679.000000  1709
78681.000000  1710
78683.000000  1710
78685.000000  1711
78687.000000  1711
78689.000000  1712
78691.000000  1712
78693.000000  1713
78695.000000  1713
78697.000000  1714
78699.000000  1714
78701.000000  1715
78703.000000  1716
78705.000000  1716
78707.000000  1716
78709.000000  1717
78711.000000  1718
78713.000000  1718
78715.000000  1719
78717.000000  1719
78719.000000  1720
78721.000000  1720
78723.000000  1721
78725.000000  1721
78727.000000  1722
78729.000000  1722
78731.000000  1723
78733.000000  1723
78735.000000  1724
78737.000000  1724
78739.000000  1725
78741.000000  1725
78743.000000  1726
78745.000000  1726
78747.000000  1727
78749.000000  1727
78751.000000  1728
78753.000000  1728
78755.000000  1729
78757.000000  1730
78759.000000  1730
78761.000000  1730
78763.000000  1731
78765.000000  1732
78767.000000  1732
78769.000000  1733
78771.000000  1733
78773.000000  1734
78775.000000  1734
78777.000000  1735
78779.000000  1735
78781.000000  1736
78783.000000  1736
78785.000000  1737
78787.000000  1737
78789.000000  1738
78791.000000  1738
78793.000000  1739
78795.000000  1740
78797.000000  1740
78799.000000  1741
78801.000000  1741
78803.000000  1742
78805.000000  1742
78807.000000  1743
78809.000000  1743
78811.000000  1744
78813.000000  1744
78815.000000  1745
78817.000000  1745
78819.000000  1746
78821.000000  1746
78823.000000  1747
78825.000000  1747
78827.000000  1748
78829.000000  1748
78831.000000  1749
78833.000000  1750
78835.000000  1750
78837.000000  1750
78839.000000  1751
78841.000000  1752
78843.000000  1752
78845.000000  1753
78847.000000  1753
78849.000000  1754
78851.000000  1754
78853.000000  1755
78855.000000  1755
78857.000000  1756
78859.000000  1756
78861.000000  1757
78863.000000  1757
78865.000000  1758
78867.000000  1758
78869.000000  1759
78871.000000  1760
78873.000000  1760
78875.000000  1760
78877.000000  1761
78879.000000  1762
78881.000000  1762
78883.000000  1763
78885.000000  1763
78887.000000  1764
78889.000000  1764
78891.000000  1765
78893.000000  1765
78895.000000  1766
78897.000000  1766
78899.000000  1767
78901.000000  1767
78903.000000  1768
78905.000000  1768
78907.000000  1769
78909.000000  1770
78911.000000  1770
78913.000000  1771
78915.000000  1771
78917.000000  1772
78919.000000  1772
78921.000000  1773
78923.000000  1773
78925.000000  1774
78927.000000  1774
78929.000000  1775
78931.000000  1775
78933.000000  1776
78935.000000  1776
78937.000000  1777
78939.000000  1777
78941.000000  1778
78943.000000  1778
78945.000000  1779
78947.000000  1780
78949.000000  1780
78951.000000  1780
78953.000000  1781
78955.000000  1782
78957.000000  1782
78959.000000  1783
78961.000000  1783
78963.000000  1784
78965.000000  1784
78967.000000  1785
78969.000000  1785
78971.000000  1786
78973.000000  1786
78975.000000  1787
78977.000000  1787
78979.000000  1788
78981.000000  1788
78983.000000  1789
78985.000000  1790
78987.000000  1790
78989.000000  1791
78991.000000  1791
78993.000000  1792
78995.000000  1792
78997.000000  1793
78999.000000  1793
79001.000000  1794
79003.000000  1794
79005.000000  1795
79007.000000  1795
79009.000000  1796
79011.000000  1796
79013.000000  1797
79015.000000  1797
79017.000000  1798
79019.000000  1798
79021.000000  1799
79023.000000  1799
79025.000000  1800
79027.000000  1800
79029.000000  1801
79031.000000  1802
79033.000000  1802
79035.000000  1803
79037.000000  1803
79039.000000  1804
79041.000000  1804
79043.000000  1805
79045.000000  1805
79047.000000  1806
79049.000000  1806
79051.000000  1807
79053.000000  1807
79055.000000  1808
79057.000000  1808
79059.000000  1809
79061.000000  1810
79063.000000  1810
79065.000000  1810
79067.000000  1811
79069.000000  1812
79071.000000  1812
79073.000000  1813
79075.000000  1813
79077.000000  1814
79079.000000  1814
79081.000000  1815
79083.000000  1815
79085.000000  1816
79087.000000  1816
79089.000000  1817
79091.000000  1817
79093.000000  1818
79095.000000  1818
79097.000000  1819
79099.000000  1819
79101.000000  1820
79103.000000  1820
79105.000000  1821
79107.000000  1821
79109.000000  1822
79111.000000  1822
79113.000000  1823
79115.000000  1824
79117.000000  1824
79119.000000  1825
79121.000000  1825
79123.000000  1826
79125.000000  1826
79127.000000  1827
79129.000000  1827
79131.000000  1828
79133.000000  1828
79135.000000  1829
79137.000000  1829
79139.000000  1830
79141.000000  1830
79143.000000  1831
79145.000000  1831
79147.000000  1832
79149.000000  1832
79151.000000  1833
79153.000000  1834
79155.000000  1834
79157.000000  1835
79159.000000  1835
79161.000000  1836
79163.000000  1836
79165.000000  1837
79167.000000  1837
79169.000000  1838
79171.000000  1838
79173.000000  1839
79175.000000  1839
79177.000000  1840
79179.000000  1840
79181.000000  1841
79183.000000  1842
79185.000000  1842
79187.000000  1842
79189.000000  1843
79191.000000  1844
79193.000000  1844
79195.000000  1845
79197.000000  1845
79199.000000  1846
79201.000000  1846
79203.000000  1847
79205.000000  1847
79207.000000  1848
79209.000000  1848
79211.000000  1849
79213.000000  1849
79215.000000  1850
79217.000000  1850
79219.000000  1851
79221.000000  1851
79223.000000  1852
79225.000000  1852
79227.000000  1853
79229.000000  1854
79231.000000  1854
79233.000000  1855
79235.000000  1855
79237.000000  1856
79239.000000  1856
79241.000000  1857
79243.000000  1857
79245.000000  1858
79247.000000  1858
79249.000000  1859
79251.000000  1859
79253.000000  1860
79255.000000  1860
79257.000000  1861
79259.000000  1862
79261.000000  1862
79263.000000  1862
79265.000000  1863
79267.000000  1864
79269.000000  1864
79271.000000  1865
79273.000000  1865
79275.000000  1866
79277.000000  1866
79279.000000  1867
79281.000000  1867
79283.000000  1868
79285.000000  1868
79287.000000  1869
79289.000000  1869
79291.000000  1870
79293.000000  1870
79295.000000  1871
79297.000000  1871
79299.000000  1872
79301.000000  1872
79303.000000  1873
79305.000000  1874
79307.000000  1874
79309.000000  1875
79311.000000  1875
79313.000000  1876
79315.000000  1876
79317.000000  1877
79319.000000  1877
79321.000000  1878
79323.000000  1878
79325.000000  1879
79327.000000  1879
79329.000000  1880
79331.000000  1880
79333.000000  1881
79335.000000  1882
79337.000000  1882
79339.000000  1882
79341.000000  1883
79343.000000  1884
79345.000000  1884
79347.000000  1885
79349.000000  1885
79351.000000  1886
79353.000000  1886
79355.000000  1887
79357.000000  1887
79359.000000  1888
79361.000000  1888
79363.000000  1889
79365.000000  1889
79367.000000  1890
79369.000000  1890
79371.000000  1891
79373.000000  1892
79375.000000  1892
79377.000000  1892
79379.000000  1893
79381.000000  1894
79383.000000  1894
79385.000000  1894
79387.000000  1895
79389.000000  1896
79391.000000  1896
79393.000000  1897
79395.000000  1897
79397.000000  1898
79399.000000  1898
79401.000000  1899
79403.000000  1899
79405.000000  1900
79407.000000  1900
79409.000000  1901
79411.000000  1901
79413.000000  1902
79415.000000  1902
79417.000000  1903
79419.000000  1904
79421.000000  1904
79423.000000  1905
79425.000000  1905
79427.000000  1906
79429.000000  1906
79431.000000  1907
79433.000000  1907
79435.000000  1908
79437.000000  1908
79439.000000  1909
79441.000000  1909
79443.000000  1910
79445.000000  1910
79447.000000  1911
79449.000000  1911
79451.000000  1912
79453.000000  1912
79455.000000  1913
79457.000000  1914
79459.000000  1914
79461.000000  1914
79463.000000  1915
79465.000000  1916
79467.000000  1916
79469.000000  1916
79471.000000  1917
79473.000000  1918
79475.000000  1918
79477.000000  1919
79479.000000  1919
79481.000000  1920
79483.000000  1920
79485.000000  1921
79487.000000  1921
79489.000000  1922
79491.000000  1922
79493.000000  1923
79495.000000  1923
79497.000000  1924
79499.000000  1924
79501.000000  1925
79503.000000  1926
79505.000000  1926
79507.000000  1926
79509.000000  1927
79511.000000  1928
79513.000000  1928
79515.000000  1929
79517.000000  1929
79519.000000  1930
79521.000000  1930
79523.000000  1931
79525.000000  1931
79527.000000  1932
79529.000000  1932
79531.000000  1933
79533.000000  1933
79535.000000  1934
79537.000000  1934
79539.000000  1935
79541.000000  1936
79543.000000  1936
79545.000000  1937
79547.000000  1937
79549.000000  1938
79551.000000  1938
79553.000000  1939
79555.000000  1939
79557.000000  1940
79559.000000  1940
79561.000000  1941
79563.000000  1941
79565.000000  1942
79567.000000  1942
79569.000000  1943
79571.000000  1943
79573.000000  1944
79575.000000  1944
79577.000000  1945
79579.000000  1945
79581.000000  1946
79583.000000  1946
79585.000000  1947
79587.000000  1948
79589.000000  1948
79591.000000  1949
79593.000000  1949
79595.000000  1950
79597.000000  1950
79599.000000  1951
79601.000000  1951
79603.000000  1952
79605.000000  1952
79607.000000  1953
79609.000000  1953
79611.000000  1954
79613.000000  1954
79615.000000  1955
79617.000000  1956
79619.000000  1956
79621.000000  1957
79623.000000  1957
79625.000000  1958
79627.000000  1958
79629.000000  1959
79631.000000  1959
79633.000000  1960
79635.000000  1960
79637.000000  1961
79639.000000  1961
79641.000000  1962
79643.000000  1962
79645.000000  1963
79647.000000  1963
79649.000000  1964
79651.000000  1964
79653.000000  1965
79655.000000  1966
79657.000000  1966
79659.000000  1966
79661.000000  1967
79663.000000  1968
79665.000000  1968
79667.000000  1968
79669.000000  1969
79671.000000  1970
79673.000000  1970
79675.000000  1971
79677.000000  1971
79679.000000  1972
79681.000000  1972
79683.000000  1973
79685.000000  1973
79687.000000  1974
79689.000000  1974
79691.000000  1975
79693.000000  1975
79695.000000  1976
79697.000000  1976
79699.000000  1977
79701.000000  1978
79703.000000  1978
79705.000000  1978
79707.000000  1979
79709.000000  1980
79711.000000  1980
79713.000000  1981
79715.000000  1981
79717.000000  1982
79719.000000  1982
79721.000000  1983
79723.000000  1983
79725.000000  1984
79727.000000  1984
79729.000000  1985
79731.000000  1985
79733.000000  1986
79735.000000  1986
79737.000000  1987
79739.000000  1988
79741.000000  1988
79743.000000  1988
79745.000000  1989
79747.000000  1990
79749.000000  1990
79751.000000  1991
79753.000000  1991
79755.000000  1992
79757.000000  1992
79759.000000  1993
79761.000000  1993
79763.000000  1994
79765.000000  1994
79767.000000  1995
79769.000000  1995
79771.000000  1996
79773.000000  1996
79775.000000  1997
79777.000000  1997
79779.000000  1998
79781.000000  1998
79783.000000  1999
79785.000000  2000
79787.000000  2000
79789.000000  2000
79791.000000  2001
79793.000000  2002
79795.000000  2002
79797.000000  2003
79799.000000  2003
79801.000000  2004
79803.000000  2004
79805.000000  2005
79807.000000  2005
79809.000000  2006
79811.000000  2006
79813.000000  2007
79815.000000  2007
79817.000000  2008
79819.000000  2008
79821.000000  2009
79823.000000  2010
79825.000000  2010
79827.000000  2010
79829.000000  2011
79831.000000  2012
79833.000000  2012
79835.000000  2013
79837.000000  2013
79839.000000  2014
79841.000000  2014
79843.000000  2015
79845.000000  2015
79847.000000  2016
79849.000000  2016
79851.000000  2017
79853.000000  2017
79855.000000  2018
79857.000000  2018
79859.000000  2019
79861.000000  2019
79863.000000  2020
79865.000000  2020
79867.000000  2021
79869.000000  2022
79871.000000  2022
79873.000000  2023
79875.000000  2023
79877.000000  2024
79879.000000  2024
79881.000000  2025
79883.000000  2025
79885.000000  2026
79887.000000  2026
79889.000000  2027
79891.000000  2027
79893.000000  2028
79895.000000  2028
79897.000000  2029
79899.000000  2030
79901.000000  2030
79903.000000  2030
79905.000000  2031
79907.000000  2032
79909.000000  2032
79911.000000  2033
79913.000000  2033
79915.000000  2034
79917.000000  2034
79919.000000  2035
79921.000000  2035
79923.000000  2036
79925.000000  2036
79927.000000  2037
79929.000000  2037
79931.000000  2038
79933.000000  2038
79935.000000  2039
79937.000000  2039
79939.000000  2040
79941.000000  2040
79943.000000  2041
79945.000000  2042
79947.000000  2042
79949.000000  2043
79951.000000  2043
79953.000000  2044
79955.000000  2044
79957.000000  2045
79959.000000  2045
79961.000000  2046
79963.000000  2046
79965.000000  2047
79967.000000  2047
79969.000000  2048
79971.000000  2048
79973.000000  2049
79975.000000  2050
79977.000000  2050
79979.000000  2050
79981.000000  2051
79983.000000  2052
79985.000000  2052
79987.000000  2053
79989.000000  2053
79991.000000  2054
79993.000000  2054
79995.000000  2055
79997.000000  2055
79999.000000  2056
80001.000000  2056
80003.000000  2057
80005.000000  2057
80007.000000  2058
80009.000000  2058
80011.000000  2059
80013.000000  2060
80015.000000  2060
80017.000000  2060
80019.000000  2061
80021.000000  2062
80023.000000  2062
80025.000000  2063
80027.000000  2063
80029.000000  2064
80031.000000  2064
80033.000000  2065
80035.000000  2065
80037.000000  2066
80039.000000  2066
80041.000000  2067
80043.000000  2067
80045.000000  2068
80047.000000  2068
80049.000000  2069
80051.000000  2069
80053.000000  2070
80055.000000  2070
80057.000000  2071
80059.000000  2072
80061.000000  2072
80063.000000  2073
80065.000000  2073
80067.000000  2074
80069.000000  2074
80071.000000  2075
80073.000000  2075
80075.000000  2076
80077.000000  2076
80079.000000  2077
80081.000000  2077
80083.000000  2078
80085.000000  2078
80087.000000  2079
80089.000000  2080
80091.000000  2080
80093.000000  2080
80095.000000  2081
80097.000000  2082
80099.000000  2082
80101.000000  2083
80103.000000  2083
80105.000000  2084
80107.000000  2084
80109.000000  2085
80111.000000  2085
80113.000000  2086
80115.000000  2086
80117.000000  2087
80119.000000  2087
80121.000000  2088
80123.000000  2088
80125.000000  2089
80127.000000  2089
80129.000000  2090
80131.000000  2090
80133.000000  2091
80135.000000  2091
80137.000000  2092
80139.000000  2092
80141.000000  2093
80143.000000  2094
80145.000000  2094
80147.000000  2095
80149.000000  2095
80151.000000  2096
80153.000000  2096
80155.000000  2097
80157.000000  2097
80159.000000  2098
80161.000000  2098
80163.000000  2099
80165.000000  2099
80167.000000  2100
80169.000000  2100
80171.000000  2101
80173.000000  2101
80175.000000  2102
80177.000000  2102
80179.000000  2103
80181.000000  2104
80183.000000  2104
80185.000000  2105
80187.000000  2105
80189.000000  2106
80191.000000  2106
80193.000000  2107
80195.000000  2107
80197.000000  2108
80199.000000  2108
80201.000000  2109
80203.000000  2109
80205.000000  2110
80207.000000  2110
80209.000000  2111
80211.000000  2111
80213.000000  2112
80215.000000  2112
80217.000000  2113
80219.000000  2113
80221.000000  2114
80223.000000  2114
80225.000000  2115
80227.000000  2116
80229.000000  2116
80231.000000  2117
80233.000000  2117
80235.000000  2118
80237.000000  2118
80239.000000  2119
80241.000000  2119
80243.000000  2120
80245.000000  2120
80247.000000  2121
80249.000000  2121
80251.000000  2122
80253.000000  2122
80255.000000  2123
80257.000000  2124
80259.000000  2124
80261.000000  2125
80263.000000  2125
80265.000000  2126
80267.000000  2126
80269.000000  2127
80271.000000  2127
80273.000000  2128
80275.000000  2128
80277.000000  2129
80279.000000  2129
80281.000000  2130
80283.000000  2130
80285.000000  2131
80287.000000  2131
80289.000000  2132
80291.000000  2132
80293.000000  2133
80295.000000  2134
80297.000000  2134
80299.000000  2134
80301.000000  2135
80303.000000  2136
80305.000000  2136
80307.000000  2137
80309.000000  2137
80311.000000  2138
80313.000000  2138
80315.000000  2139
80317.000000  2139
80319.000000  2140
80321.000000  2140
80323.000000  2141
80325.000000  2141
80327.000000  2142
80329.000000  2142
80331.000000  2143
80333.000000  2144
80335.000000  2144
80337.000000  2144
80339.000000  2145
80341.000000  2146
80343.000000  2146
80345.000000  2147
80347.000000  2147
80349.000000  2148
80351.000000  2148
80353.000000  2149
80355.000000  2149
80357.000000  2150
80359.000000  2150
80361.000000  2151
80363.000000  2151
80365.000000  2152
80367.000000  2152
80369.000000  2153
80371.000000  2154
80373.000000  2154
80375.000000  2154
80377.000000  2155
80379.000000  2156
80381.000000  2156
80383.000000  2157
80385.000000  2157
80387.000000  2158
80389.000000  2158
80391.000000  2159
80393.000000  2159
80395.000000  2160
80397.000000  2160
80399.000000  2161
80401.000000  2161
80403.000000  2162
80405.000000  2162
80407.000000  2163
80409.000000  2163
80411.000000  2164
80413.000000  2164
80415.000000  2165
80417.000000  2166
80419.000000  2166
80421.000000  2167
80423.000000  2167
80425.000000  2168
80427.000000  2168
80429.000000  2169
80431.000000  2169
80433.000000  2170
80435.000000  2170
80437.000000  2171
80439.000000  2171
80441.000000  2172
80443.000000  2172
80445.000000  2173
80447.000000  2173
80449.000000  2174
80451.000000  2174
80453.000000  2175
80455.000000  2176
80457.000000  2176
80459.000000  2177
80461.000000  2177
80463.000000  2178
80465.000000  2178
80467.000000  2179
80469.000000  2179
80471.000000  2180
80473.000000  2180
80475.000000  2181
80477.000000  2181
80479.000000  2182
80481.000000  2182
80483.000000  2183
80485.000000  2183
80487.000000  2184
80489.000000  2184
80491.000000  2185
80493.000000  2185
80495.000000  2186
80497.000000  2186
80499.000000  2187
80501.000000  2188
80503.000000  2188
80505.000000  2188
80507.000000  2189
80509.000000  2190
80511.000000  2190
80513.000000  2191
80515.000000  2191
80517.000000  2192
80519.000000  2192
80521.000000  2193
80523.000000  2193
80525.000000  2194
80527.000000  2194
80529.000000  2195
80531.000000  2195
80533.000000  2196
80535.000000  2196
80537.000000  2197
80539.000000  2198
80541.000000  2198
80543.000000  2199
80545.000000  2199
80547.000000  2200
80549.000000  2200
80551.000000  2201
80553.000000  2201
80555.000000  2202
80557.000000  2202
80559.000000  2203
80561.000000  2203
80563.000000  2204
80565.000000  2204
80567.000000  2205
80569.000000  2205
80571.000000  2206
80573.000000  2206
80575.000000  2207
80577.000000  2208
80579.000000  2208
80581.000000  2208
80583.000000  2209
80585.000000  2210
80587.000000  2210
80589.000000  2211
80591.000000  2211
80593.000000  2212
80595.000000  2212
80597.000000  2213
80599.000000  2213
80601.000000  2214
80603.000000  2214
80605.000000  2215
80607.000000  2215
80609.000000  2216
80611.000000  2216
80613.000000  2217
80615.000000  2218
80617.000000  2218
80619.000000  2219
80621.000000  2219
80623.000000  2220
80625.000000  2220
80627.000000  2221
80629.000000  2221
80631.000000  2222
80633.000000  2222
80635.000000  2223
80637.000000  2223
80639.000000  2224
80641.000000  2224
80643.000000  2225
80645.000000  2226
80647.000000  2226
80649.000000  2226
80651.000000  2227
80653.000000  2228
80655.000000  2228
80657.000000  2229
80659.000000  2229
80661.000000  2230
80663.000000  2230
80665.000000  2231
80667.000000  2231
80669.000000  2232
80671.000000  2232
80673.000000  2233
80675.000000  2233
80677.000000  2234
80679.000000  2234
80681.000000  2235
80683.000000  2235
80685.000000  2236
80687.000000  2236
80689.000000  2237
80691.000000  2238
80693.000000  2238
80695.000000  2239
80697.000000  2239
80699.000000  2240
80701.000000  2240
80703.000000  2241
80705.000000  2241
80707.000000  2242
80709.000000  2242
80711.000000  2243
80713.000000  2243
80715.000000  2244
80717.000000  2244
80719.000000  2245
80721.000000  2246
80723.000000  2246
80725.000000  2246
80727.000000  2247
80729.000000  2248
80731.000000  2248
80733.000000  2249
80735.000000  2249
80737.000000  2250
80739.000000  2250
80741.000000  2251
80743.000000  2251
80745.000000  2252
80747.000000  2252
80749.000000  2253
80751.000000  2253
80753.000000  2254
80755.000000  2254
80757.000000  2255
80759.000000  2255
80761.000000  2256
80763.000000  2256
80765.000000  2257
80767.000000  2258
80769.000000  2258
80771.000000  2258
80773.000000  2259
80775.000000  2260
80777.000000  2260
80779.000000  2261
80781.000000  2261
80783.000000  2262
80785.000000  2262
80787.000000  2263
80789.000000  2263
80791.000000  2264
80793.000000  2264
80795.000000  2265
80797.000000  2265
80799.000000  2266
80801.000000  2266
80803.000000  2267
80805.000000  2268
80807.000000  2268
80809.000000  2268
80811.000000  2269
80813.000000  2270
80815.000000  2270
80817.000000  2271
80819.000000  2271
80821.000000  2272
80823.000000  2272
80825.000000  2273
80827.000000  2273
80829.000000  2274
80831.000000  2274
80833.000000  2275
80835.000000  2275
80837.000000  2276
80839.000000  2276
80841.000000  2277
80843.000000  2277
80845.000000  2278
80847.000000  2278
80849.000000  2279
80851.000000  2280
80853.000000  2280
80855.000000  2280
80857.000000  2281
80859.000000  2282
80861.000000  2282
80863.000000  2283
80865.000000  2283
80867.000000  2284
80869.000000  2284
80871.000000  2285
80873.000000  2285
80875.000000  2286
80877.000000  2286
80879.000000  2287
80881.000000  2287
80883.000000  2288
80885.000000  2288
80887.000000  2289
80889.000000  2290
80891.000000  2290
80893.000000  2290
80895.000000  2291
80897.000000  2292
80899.000000  2292
80901.000000  2293
80903.000000  2293
80905.000000  2294
80907.000000  2294
80909.000000  2295
80911.000000  2295
80913.000000  2296
80915.000000  2296
80917.000000  2297
80919.000000  2297
80921.000000  2298
80923.000000  2298
80925.000000  2299
80927.000000  2300
80929.000000  2300
80931.000000  2300
80933.000000  2301
80935.000000  2302
80937.000000  2302
80939.000000  2303
80941.000000  2303
80943.000000  2304
80945.000000  2304
80947.000000  2305
80949.000000  2305
80951.000000  2306
80953.000000  2306
80955.000000  2307
80957.000000  2307
80959.000000  2308
80961.000000  2308
80963.000000  2309
80965.000000  2309
80967.000000  2310
80969.000000  2310
80971.000000  2311
80973.000000  2312
80975.000000  2312
80977.000000  2313
80979.000000  2313
80981.000000  2314
80983.000000  2314
80985.000000  2315
80987.000000  2315
80989.000000  2316
80991.000000  2316
80993.000000  2317
80995.000000  2317
80997.000000  2318
80999.000000  2318
81001.000000  2319
81003.000000  2320
81005.000000  2320
81007.000000  2320
81009.000000  2321
81011.000000  2322
81013.000000  2322
81015.000000  2323
81017.000000  2323
81019.000000  2324
81021.000000  2324
81023.000000  2325
81025.000000  2325
81027.000000  2326
81029.000000  2326
81031.000000  2327
81033.000000  2327
81035.000000  2328
81037.000000  2328
81039.000000  2329
81041.000000  2329
81043.000000  2330
81045.000000  2330
81047.000000  2331
81049.000000  2332
81051.000000  2332
81053.000000  2332
81055.000000  2333
81057.000000  2334
81059.000000  2334
81061.000000  2335
81063.000000  2335
81065.000000  2336
81067.000000  2336
81069.000000  2337
81071.000000  2337
81073.000000  2338
81075.000000  2338
81077.000000  2339
81079.000000  2339
81081.000000  2340
81083.000000  2340
81085.000000  2341
81087.000000  2342
81089.000000  2342
81091.000000  2343
81093.000000  2343
81095.000000  2344
81097.000000  2344
81099.000000  2345
81101.000000  2345
81103.000000  2346
81105.000000  2346
81107.000000  2347
81109.000000  2347
81111.000000  2348
81113.000000  2348
81115.000000  2349
81117.000000  2349
81119.000000  2350
81121.000000  2350
81123.000000  2351
81125.000000  2351
81127.000000  2352
81129.000000  2352
81131.000000  2353
81133.000000  2354
81135.000000  2354
81137.000000  2354
81139.000000  2355
81141.000000  2356
81143.000000  2356
81145.000000  2357
81147.000000  2357
81149.000000  2358
81151.000000  2358
81153.000000  2359
81155.000000  2359
81157.000000  2360
81159.000000  2360
81161.000000  2361
81163.000000  2361
81165.000000  2362
81167.000000  2362
81169.000000  2363
81171.000000  2364
81173.000000  2364
81175.000000  2364
81177.000000  2365
81179.000000  2366
81181.000000  2366
81183.000000  2367
81185.000000  2367
81187.000000  2368
81189.000000  2368
81191.000000  2369
81193.000000  2369
81195.000000  2370
81197.000000  2370
81199.000000  2371
81201.000000  2371
81203.000000  2372
81205.000000  2372
81207.000000  2373
81209.000000  2373
81211.000000  2374
81213.000000  2374
81215.000000  2375
81217.000000  2376
81219.000000  2376
81221.000000  2376
81223.000000  2377
81225.000000  2378
81227.000000  2378
81229.000000  2379
81231.000000  2379
81233.000000  2380
81235.000000  2380
81237.000000  2381
81239.000000  2381
81241.000000  2382
81243.000000  2382
81245.000000  2383
81247.000000  2383
81249.000000  2384
81251.000000  2384
81253.000000  2385
81255.000000  2386
81257.000000  2386
81259.000000  2387
81261.000000  2387
81263.000000  2388
81265.000000  2388
81267.000000  2389
81269.000000  2389
81271.000000  2390
81273.000000  2390
81275.000000  2391
81277.000000  2391
81279.000000  2392
81281.000000  2392
81283.000000  2393
81285.000000  2394
81287.000000  2394
81289.000000  2394
81291.000000  2395
81293.000000  2396
81295.000000  2396
81297.000000  2396
81299.000000  2397
81301.000000  2398
81303.000000  2398
81305.000000  2399
81307.000000  2399
81309.000000  2400
81311.000000  2400
81313.000000  2401
81315.000000  2401
81317.000000  2402
81319.000000  2402
81321.000000  2403
81323.000000  2403
81325.000000  2404
81327.000000  2404
81329.000000  2405
81331.000000  2406
81333.000000  2406
81335.000000  2407
81337.000000  2407
81339.000000  2408
81341.000000  2408
81343.000000  2409
81345.000000  2409
81347.000000  2410
81349.000000  2410
81351.000000  2411
81353.000000  2411
81355.000000  2412
81357.000000  2412
81359.000000  2413
81361.000000  2414
81363.000000  2414
81365.000000  2414
81367.000000  2415
81369.000000  2416
81371.000000  2416
81373.000000  2417
81375.000000  2417
81377.000000  2418
81379.000000  2418
81381.000000  2419
81383.000000  2419
81385.000000  2420
81387.000000  2420
81389.000000  2421
81391.000000  2421
81393.000000  2422
81395.000000  2422
81397.000000  2423
81399.000000  2423
81401.000000  2424
81403.000000  2424
81405.000000  2425
81407.000000  2426
81409.000000  2426
81411.000000  2426
81413.000000  2427
81415.000000  2428
81417.000000  2428
81419.000000  2429
81421.000000  2429
81423.000000  2430
81425.000000  2430
81427.000000  2431
81429.000000  2431
81431.000000  2432
81433.000000  2432
81435.000000  2433
81437.000000  2433
81439.000000  2434
81441.000000  2434
81443.000000  2435
81445.000000  2436
81447.000000  2436
81449.000000  2437
81451.000000  2437
81453.000000  2438
81455.000000  2438
81457.000000  2439
81459.000000  2439
81461.000000  2440
81463.000000  2440
81465.000000  2441
81467.000000  2441
81469.000000  2442
81471.000000  2442
81473.000000  2443
81475.000000  2443
81477.000000  2444
81479.000000  2444
81481.000000  2445
81483.000000  2445
81485.000000  2446
81487.000000  2446
81489.000000  2447
81491.000000  2448
81493.000000  2448
81495.000000  2448
81497.000000  2449
81499.000000  2450
81501.000000  2450
81503.000000  2451
81505.000000  2451
81507.000000  2452
81509.000000  2452
81511.000000  2453
81513.000000  2453
81515.000000  2454
81517.000000  2454
81519.000000  2455
81521.000000  2455
81523.000000  2456
81525.000000  2456
81527.000000  2457
81529.000000  2458
81531.000000  2458
81533.000000  2458
81535.000000  2459
81537.000000  2460
81539.000000  2460
81541.000000  2461
81543.000000  2461
81545.000000  2462
81547.000000  2462
81549.000000  2463
81551.000000  2463
81553.000000  2464
81555.000000  2464
81557.000000  2465
81559.000000  2465
81561.000000  2466
81563.000000  2466
81565.000000  2467
81567.000000  2467
81569.000000  2468
81571.000000  2468
81573.000000  2469
81575.000000  2470
81577.000000  2470
81579.000000  2470
81581.000000  2471
81583.000000  2472
81585.000000  2472
81587.000000  2473
81589.000000  2473
81591.000000  2474
81593.000000  2474
81595.000000  2475
81597.000000  2475
81599.000000  2476
81601.000000  2476
81603.000000  2477
81605.000000  2477
81607.000000  2478
81609.000000  2478
81611.000000  2479
81613.000000  2480
81615.000000  2480
81617.000000  2481
81619.000000  2481
81621.000000  2482
81623.000000  2482
81625.000000  2483
81627.000000  2483
81629.000000  2484
81631.000000  2484
81633.000000  2485
81635.000000  2485
81637.000000  2486
81639.000000  2486
81641.000000  2487
81643.000000  2488
81645.000000  2488
81647.000000  2488
81649.000000  2489
81651.000000  2490
81653.000000  2490
81655.000000  2491
81657.000000  2491
81659.000000  2492
81661.000000  2492
81663.000000  2493
81665.000000  2493
81667.000000  2494
81669.000000  2494
81671.000000  2495
81673.000000  2495
81675.000000  2496
81677.000000  2496
81679.000000  2497
81681.000000  2497
81683.000000  2498
81685.000000  2498
81687.000000  2499
81689.000000  2500
81691.000000  2500
81693.000000  2501
81695.000000  2501
81697.000000  2502
81699.000000  2502
81701.000000  2503
81703.000000  2503
81705.000000  2504
81707.000000  2504
81709.000000  2505
81711.000000  2505
81713.000000  2506
81715.000000  2506
81717.000000  2507
81719.000000  2508
81721.000000  2508
81723.000000  2508
81725.000000  2509
81727.000000  2510
81729.000000  2510
81731.000000  2511
81733.000000  2511
81735.000000  2512
81737.000000  2512
81739.000000  2513
81741.000000  2513
81743.000000  2514
81745.000000  2514
81747.000000  2515
81749.000000  2515
81751.000000  2516
81753.000000  2516
81755.000000  2517
81757.000000  2517
81759.000000  2518
81761.000000  2518
81763.000000  2519
81765.000000  2520
81767.000000  2520
81769.000000  2520
81771.000000  2521
81773.000000  2522
81775.000000  2522
81777.000000  2523
81779.000000  2523
81781.000000  2524
81783.000000  2524
81785.000000  2525
81787.000000  2525
81789.000000  2526
81791.000000  2526
81793.000000  2527
81795.000000  2527
81797.000000  2528
81799.000000  2528
81801.000000  2529
81803.000000  2530
81805.000000  2530
81807.000000  2530
81809.000000  2531
81811.000000  2532
81813.000000  2532
81815.000000  2533
81817.000000  2533
81819.000000  2534
81821.000000  2534
81823.000000  2535
81825.000000  2535
81827.000000  2536
81829.000000  2536
81831.000000  2537
81833.000000  2537
81835.000000  2538
81837.000000  2538
81839.000000  2539
81841.000000  2539
81843.000000  2540
81845.000000  2540
81847.000000  2541
81849.000000  2542
81851.000000  2542
81853.000000  2542
81855.000000  2543
81857.000000  2544
81859.000000  2544
81861.000000  2545
81863.000000  2545
81865.000000  2546
81867.000000  2546
81869.000000  2547
81871.000000  2547
81873.000000  2548
81875.000000  2548
81877.000000  2549
81879.000000  2549
81881.000000  2550
81883.000000  2550
81885.000000  2551
81887.000000  2552
81889.000000  2552
81891.000000  2552
81893.000000  2553
81895.000000  2554
81897.000000  2554
81899.000000  2555
81901.000000  2555
81903.000000  2556
81905.000000  2556
81907.000000  2557
81909.000000  2557
81911.000000  2558
81913.000000  2558
81915.000000  2559
81917.000000  2559
81919.000000  2560
81921.000000  2560
81923.000000  2561
81925.000000  2562
81927.000000  2562
81929.000000  2562
81931.000000  2563
81933.000000  2564
81935.000000  2564
81937.000000  2565
81939.000000  2565
81941.000000  2566
81943.000000  2566
81945.000000  2567
81947.000000  2567
81949.000000  2568
81951.000000  2568
81953.000000  2569
81955.000000  2569
81957.000000  2570
81959.000000  2570
81961.000000  2571
81963.000000  2571
81965.000000  2572
81967.000000  2572
81969.000000  2573
81971.000000  2574
81973.000000  2574
81975.000000  2575
81977.000000  2575
81979.000000  2576
81981.000000  2576
81983.000000  2577
81985.000000  2577
81987.000000  2578
81989.000000  2578
81991.000000  2579
81993.000000  2579
81995.000000  2580
81997.000000  2580
81999.000000  2581
82001.000000  2582
82003.000000  2582
82005.000000  2583
82007.000000  2583
82009.000000  2584
82011.000000  2584
82013.000000  2585
82015.000000  2585
82017.000000  2586
82019.000000  2586
82021.000000  2587
82023.000000  2587
82025.000000  2588
82027.000000  2588
82029.000000  2589
82031.000000  2589
82033.000000  2590
82035.000000  2590
82037.000000  2591
82039.000000  2592
82041.000000  2592
82043.000000  2592
82045.000000  2593
82047.000000  2594
82049.000000  2594
82051.000000  2595
82053.000000  2595
82055.000000  2596
82057.000000  2596
82059.000000  2597
82061.000000  2597
82063.000000  2598
82065.000000  2598
82067.000000  2599
82069.000000  2599
82071.000000  2600
82073.000000  2600
82075.000000  2601
82077.000000  2602
82079.000000  2602
82081.000000  2603
82083.000000  2603
82085.000000  2604
82087.000000  2604
82089.000000  2605
82091.000000  2605
82093.000000  2606
82095.000000  2606
82097.000000  2607
82099.000000  2607
82101.000000  2608
82103.000000  2608
82105.000000  2609
82107.000000  2609
82109.000000  2610
82111.000000  2610
82113.000000  2611
82115.000000  2612
82117.000000  2612
82119.000000  2612
82121.000000  2613
82123.000000  2614
82125.000000  2614
82127.000000  2615
82129.000000  2615
82131.000000  2616
82133.000000  2616
82135.000000  2617
82137.000000  2617
82139.000000  2618
82141.000000  2618
82143.000000  2619
82145.000000  2619
82147.000000  2620
82149.000000  2620
82151.000000  2621
82153.000000  2621
82155.000000  2622
82157.000000  2622
82159.000000  2623
82161.000000  2624
82163.000000  2624
82165.000000  2625
82167.000000  2625
82169.000000  2626
82171.000000  2626
82173.000000  2627
82175.000000  2627
82177.000000  2628
82179.000000  2628
82181.000000  2629
82183.000000  2629
82185.000000  2630
82187.000000  2630
82189.000000  2631
82191.000000  2631
82193.000000  2632
82195.000000  2632
82197.000000  2633
82199.000000  2634
82201.000000  2634
82203.000000  2634
82205.000000  2635
82207.000000  2636
82209.000000  2636
82211.000000  2637
82213.000000  2637
82215.000000  2638
82217.000000  2638
82219.000000  2639
82221.000000  2639
82223.000000  2640
82225.000000  2640
82227.000000  2641
82229.000000  2641
82231.000000  2642
82233.000000  2642
82235.000000  2643
82237.000000  2643
82239.000000  2644
82241.000000  2644
82243.000000  2645
82245.000000  2646
82247.000000  2646
82249.000000  2647
82251.000000  2647
82253.000000  2648
82255.000000  2648
82257.000000  2649
82259.000000  2649
82261.000000  2650
82263.000000  2650
82265.000000  2651
82267.000000  2651
82269.000000  2652
82271.000000  2652
82273.000000  2653
82275.000000  2653
82277.000000  2654
82279.000000  2654
82281.000000  2655
82283.000000  2656
82285.000000  2656
82287.000000  2657
82289.000000  2657
82291.000000  2658
82293.000000  2658
82295.000000  2659
82297.000000  2659
82299.000000  2660
82301.000000  2660
82303.000000  2661
82305.000000  2661
82307.000000  2662
82309.000000  2662
82311.000000  2663
82313.000000  2663
82315.000000  2664
82317.000000  2664
82319.000000  2665
82321.000000  2665
82323.000000  2666
82325.000000  2666
82327.000000  2667
82329.000000  2668
82331.000000  2668
82333.000000  2669
82335.000000  2669
82337.000000  2670
82339.000000  2670
82341.000000  2671
82343.000000  2671
82345.000000  2672
82347.000000  2672
82349.000000  2673
82351.000000  2673
82353.000000  2674
82355.000000  2674
82357.000000  2675
82359.000000  2676
82361.000000  2676
82363.000000  2677
82365.000000  2677
82367.000000  2678
82369.000000  2678
82371.000000  2679
82373.000000  2679
82375.000000  2680
82377.000000  2680
82379.000000  2681
82381.000000  2681
82383.000000  2682
82385.000000  2682
82387.000000  2683
82389.000000  2683
82391.000000  2684
82393.000000  2684
82395.000000  2685
82397.000000  2686
82399.000000  2686
82401.000000  2686
82403.000000  2687
82405.000000  2688
82407.000000  2688
82409.000000  2688
82411.000000  2689
82413.000000  2690
82415.000000  2690
82417.000000  2691
82419.000000  2691
82421.000000  2692
82423.000000  2692
82425.000000  2693
82427.000000  2693
82429.000000  2694
82431.000000  2694
82433.000000  2695
82435.000000  2695
82437.000000  2696
82439.000000  2696
82441.000000  2697
82443.000000  2698
82445.000000  2698
82447.000000  2698
82449.000000  2699
82451.000000  2700
82453.000000  2700
82455.000000  2701
82457.000000  2701
82459.000000  2702
82461.000000  2702
82463.000000  2703
82465.000000  2703
82467.000000  2704
82469.000000  2704
82471.000000  2705
82473.000000  2705
82475.000000  2706
82477.000000  2706
82479.000000  2707
82481.000000  2708
82483.000000  2708
82485.000000  2708
82487.000000  2709
82489.000000  2710
82491.000000  2710
82493.000000  2711
82495.000000  2711
82497.000000  2712
82499.000000  2712
82501.000000  2713
82503.000000  2713
82505.000000  2714
82507.000000  2714
82509.000000  2715
82511.000000  2715
82513.000000  2716
82515.000000  2716
82517.000000  2717
82519.000000  2717
82521.000000  2718
82523.000000  2718
82525.000000  2719
82527.000000  2720
82529.000000  2720
82531.000000  2720
82533.000000  2721
82535.000000  2722
82537.000000  2722
82539.000000  2723
82541.000000  2723
82543.000000  2724
82545.000000  2724
82547.000000  2725
82549.000000  2725
82551.000000  2726
82553.000000  2726
82555.000000  2727
82557.000000  2727
82559.000000  2728
82561.000000  2728
82563.000000  2729
82565.000000  2730
82567.000000  2730
82569.000000  2730
82571.000000  2731
82573.000000  2732
82575.000000  2732
82577.000000  2733
82579.000000  2733
82581.000000  2734
82583.000000  2734
82585.000000  2735
82587.000000  2735
82589.000000  2736
82591.000000  2736
82593.000000  2737
82595.000000  2737
82597.000000  2738
82599.000000  2738
82601.000000  2739
82603.000000  2739
82605.000000  2740
82607.000000  2740
82609.000000  2741
82611.000000  2742
82613.000000  2742
82615.000000  2743
82617.000000  2743
82619.000000  2744
82621.000000  2744
82623.000000  2745
82625.000000  2745
82627.000000  2746
82629.000000  2746
82631.000000  2747
82633.000000  2747
82635.000000  2748
82637.000000  2748
82639.000000  2749
82641.000000  2750
82643.000000  2750
82645.000000  2750
82647.000000  2751
82649.000000  2752
82651.000000  2752
82653.000000  2753
82655.000000  2753
82657.000000  2754
82659.000000  2754
82661.000000  2755
82663.000000  2755
82665.000000  2756
82667.000000  2756
82669.000000  2757
82671.000000  2757
82673.000000  2758
82675.000000  2758
82677.000000  2759
82679.000000  2759
82681.000000  2760
82683.000000  2760
82685.000000  2761
82687.000000  2762
82689.000000  2762
82691.000000  2763
82693.000000  2763
82695.000000  2764
82697.000000  2764
82699.000000  2765
82701.000000  2765
82703.000000  2766
82705.000000  2766
82707.000000  2767
82709.000000  2767
82711.000000  2768
82713.000000  2768
82715.000000  2769
82717.000000  2770
82719.000000  2770
82721.000000  2771
82723.000000  2771
82725.000000  2772
82727.000000  2772
82729.000000  2773
82731.000000  2773
82733.000000  2774
82735.000000  2774
82737.000000  2775
82739.000000  2775
82741.000000  2776
82743.000000  2776
82745.000000  2777
82747.000000  2777
82749.000000  2778
82751.000000  2778
82753.000000  2779
82755.000000  2780
82757.000000  2780
82759.000000  2780
82761.000000  2781
82763.000000  2782
82765.000000  2782
82767.000000  2783
82769.000000  2783
82771.000000  2784
82773.000000  2784
82775.000000  2785
82777.000000  2785
82779.000000  2786
82781.000000  2786
82783.000000  2787
82785.000000  2787
82787.000000  2788
82789.000000  2788
82791.000000  2789
82793.000000  2789
82795.000000  2790
82797.000000  2790
82799.000000  2791
82801.000000  2792
82803.000000  2792
82805.000000  2793
82807.000000  2793
82809.000000  2794
82811.000000  2794
82813.000000  2795
82815.000000  2795
82817.000000  2796
82819.000000  2796
82821.000000  2797
82823.000000  2797
82825.000000  2798
82827.000000  2798
82829.000000  2799
82831.000000  2800
82833.000000  2800
82835.000000  2800
82837.000000  2801
82839.000000  2802
82841.000000  2802
82843.000000  2803
82845.000000  2803
82847.000000  2804
82849.000000  2804
82851.000000  2805
82853.000000  2805
82855.000000  2806
82857.000000  2806
82859.000000  2807
82861.000000  2807
82863.000000  2808
82865.000000  2808
82867.000000  2809
82869.000000  2809
82871.000000  2810
82873.000000  2810
82875.000000  2811
82877.000000  2811
82879.000000  2812
82881.000000  2812
82883.000000  2813
82885.000000  2814
82887.000000  2814
82889.000000  2815
82891.000000  2815
82893.000000  2816
82895.000000  2816
82897.000000  2817
82899.000000  2817
82901.000000  2818
82903.000000  2818
82905.000000  2819
82907.000000  2819
82909.000000  2820
82911.000000  2820
82913.000000  2821
82915.000000  2821
82917.000000  2822
82919.000000  2822
82921.000000  2823
82923.000000  2824
82925.000000  2824
82927.000000  2825
82929.000000  2825
82931.000000  2826
82933.000000  2826
82935.000000  2827
82937.000000  2827
82939.000000  2828
82941.000000  2828
82943.000000  2829
82945.000000  2829
82947.000000  2830
82949.000000  2830
82951.000000  2831
82953.000000  2831
82955.000000  2832
82957.000000  2832
82959.000000  2833
82961.000000  2833
82963.000000  2834
82965.000000  2834
82967.000000  2835
82969.000000  2836
82971.000000  2836
82973.000000  2837
82975.000000  2837
82977.000000  2838
82979.000000  2838
82981.000000  2839
82983.000000  2839
82985.000000  2840
82987.000000  2840
82989.000000  2841
82991.000000  2841
82993.000000  2842
82995.000000  2842
82997.000000  2843
82999.000000  2844
83001.000000  2844
83003.000000  2845
83005.000000  2845
83007.000000  2846
83009.000000  2846
83011.000000  2847
83013.000000  2847
83015.000000  2848
83017.000000  2848
83019.000000  2849
83021.000000  2849
83023.000000  2850
83025.000000  2850
83027.000000  2851
83029.000000  2851
83031.000000  2852
83033.000000  2852
83035.000000  2853
83037.000000  2854
83039.000000  2854
83041.000000  2854
83043.000000  2855
83045.000000  2856
83047.000000  2856
83049.000000  2857
83051.000000  2857
83053.000000  2858
83055.000000  2858
83057.000000  2859
83059.000000  2859
83061.000000  2860
83063.000000  2860
83065.000000  2861
83067.000000  2861
83069.000000  2862
83071.000000  2862
83073.000000  2863
83075.000000  2864
83077.000000  2864
83079.000000  2865
83081.000000  2865
83083.000000  2866
83085.000000  2866
83087.000000  2867
83089.000000  2867
83091.000000  2868
83093.000000  2868
83095.000000  2869
83097.000000  2869
83099.000000  2870
83101.000000  2870
83103.000000  2871
83105.000000  2871
83107.000000  2872
83109.000000  2872
83111.000000  2873
83113.000000  2874
83115.000000  2874
83117.000000  2874
83119.000000  2875
83121.000000  2876
83123.000000  2876
83125.000000  2877
83127.000000  2877
83129.000000  2878
83131.000000  2878
83133.000000  2879
83135.000000  2879
83137.000000  2880
83139.000000  2880
83141.000000  2881
83143.000000  2881
83145.000000  2882
83147.000000  2882
83149.000000  2883
83151.000000  2883
83153.000000  2884
83155.000000  2884
83157.000000  2885
83159.000000  2886
83161.000000  2886
83163.000000  2887
83165.000000  2887
83167.000000  2888
83169.000000  2888
83171.000000  2889
83173.000000  2889
83175.000000  2890
83177.000000  2890
83179.000000  2891
83181.000000  2891
83183.000000  2892
83185.000000  2892
83187.000000  2893
83189.000000  2894
83191.000000  2894
83193.000000  2894
83195.000000  2895
83197.000000  2896
83199.000000  2896
83201.000000  2897
83203.000000  2897
83205.000000  2898
83207.000000  2898
83209.000000  2899
83211.000000  2899
83213.000000  2900
83215.000000  2900
83217.000000  2901
83219.000000  2901
83221.000000  2902
83223.000000  2902
83225.000000  2903
83227.000000  2903
83229.000000  2904
83231.000000  2904
83233.000000  2905
83235.000000  2905
83237.000000  2906
83239.000000  2906
83241.000000  2907
83243.000000  2908
83245.000000  2908
83247.000000  2909
83249.000000  2909
83251.000000  2910
83253.000000  2910
83255.000000  2911
83257.000000  2911
83259.000000  2912
83261.000000  2912
83263.000000  2913
83265.000000  2913
83267.000000  2914
83269.000000  2914
83271.000000  2915
83273.000000  2916
83275.000000  2916
83277.000000  2916
83279.000000  2917
83281.000000  2918
83283.000000  2918
83285.000000  2919
83287.000000  2919
83289.000000  2920
83291.000000  2920
83293.000000  2921
83295.000000  2921
83297.000000  2922
83299.000000  2922
83301.000000  2923
83303.000000  2923
83305.000000  2924
83307.000000  2924
83309.000000  2925
83311.000000  2925
83313.000000  2926
83315.000000  2926
83317.000000  2927
83319.000000  2928
83321.000000  2928
83323.000000  2928
83325.000000  2929
83327.000000  2930
83329.000000  2930
83331.000000  2931
83333.000000  2931
83335.000000  2932
83337.000000  2932
83339.000000  2933
83341.000000  2933
83343.000000  2934
83345.000000  2934
83347.000000  2935
83349.000000  2935
83351.000000  2936
83353.000000  2936
83355.000000  2937
83357.000000  2938
83359.000000  2938
83361.000000  2939
83363.000000  2939
83365.000000  2940
83367.000000  2940
83369.000000  2941
83371.000000  2941
83373.000000  2942
83375.000000  2942
83377.000000  2943
83379.000000  2943
83381.000000  2944
83383.000000  2944
83385.000000  2945
83387.000000  2946
83389.000000  2946
83391.000000  2946
83393.000000  2947
83395.000000  2948
83397.000000  2948
83399.000000  2949
83401.000000  2949
83403.000000  2950
83405.000000  2950
83407.000000  2951
83409.000000  2951
83411.000000  2952
83413.000000  2952
83415.000000  2953
83417.000000  2953
83419.000000  2954
83421.000000  2954
83423.000000  2955
83425.000000  2955
83427.000000  2956
83429.000000  2956
83431.000000  2957
83433.000000  2958
83435.000000  2958
83437.000000  2959
83439.000000  2959
83441.000000  2960
83443.000000  2960
83445.000000  2961
83447.000000  2961
83449.000000  2962
83451.000000  2962
83453.000000  2963
83455.000000  2963
83457.000000  2964
83459.000000  2964
83461.000000  2965
83463.000000  2966
83465.000000  2966
83467.000000  2966
83469.000000  2967
83471.000000  2968
83473.000000  2968
83475.000000  2969
83477.000000  2969
83479.000000  2970
83481.000000  2970
83483.000000  2971
83485.000000  2971
83487.000000  2972
83489.000000  2972
83491.000000  2973
83493.000000  2973
83495.000000  2974
83497.000000  2974
83499.000000  2975
83501.000000  2975
83503.000000  2976
83505.000000  2976
83507.000000  2977
83509.000000  2978
83511.000000  2978
83513.000000  2978
83515.000000  2979
83517.000000  2980
83519.000000  2980
83521.000000  2981
83523.000000  2981
83525.000000  2982
83527.000000  2982
83529.000000  2983
83531.000000  2983
83533.000000  2984
83535.000000  2984
83537.000000  2985
83539.000000  2985
83541.000000  2986
83543.000000  2986
83545.000000  2987
83547.000000  2988
83549.000000  2988
83551.000000  2988
83553.000000  2989
83555.000000  2990
83557.000000  2990
83559.000000  2991
83561.000000  2991
83563.000000  2992
83565.000000  2992
83567.000000  2993
83569.000000  2993
83571.000000  2994
83573.000000  2994
83575.000000  2995
83577.000000  2995
83579.000000  2996
83581.000000  2996
83583.000000  2997
83585.000000  2997
83587.000000  2998
83589.000000  2998
83591.000000  2999
83593.000000  3000
83595.000000  3000
83597.000000  3000
83599.000000  3001
83601.000000  3002
83603.000000  3002
83605.000000  3003
83607.000000  3003
83609.000000  3004
83611.000000  3004
83613.000000  3005
83615.000000  3005
83617.000000  3006
83619.000000  3006
83621.000000  3007
83623.000000  3007
83625.000000  3008
83627.000000  3008
83629.000000  3009
83631.000000  3010
83633.000000  3010
83635.000000  3010
83637.000000  3011
83639.000000  3012
83641.000000  3012
83643.000000  3013
83645.000000  3013
83647.000000  3014
83649.000000  3014
83651.000000  3015
83653.000000  3015
83655.000000  3016
83657.000000  3016
83659.000000  3017
83661.000000  3017
83663.000000  3018
83665.000000  3018
83667.000000  3019
83669.000000  3020
83671.000000  3020
83673.000000  3020
83675.000000  3021
83677.000000  3022
83679.000000  3022
83681.000000  3023
83683.000000  3023
83685.000000  3024
83687.000000  3024
83689.000000  3025
83691.000000  3025
83693.000000  3026
83695.000000  3026
83697.000000  3027
83699.000000  3027
83701.000000  3028
83703.000000  3028
83705.000000  3029
83707.000000  3030
83709.000000  3030
83711.000000  3030
83713.000000  3031
83715.000000  3032
83717.000000  3032
83719.000000  3033
83721.000000  3033
83723.000000  3034
83725.000000  3034
83727.000000  3035
83729.000000  3035
83731.000000  3036
83733.000000  3036
83735.000000  3037
83737.000000  3037
83739.000000  3038
83741.000000  3038
83743.000000  3039
83745.000000  3040
83747.000000  3040
83749.000000  3041
83751.000000  3041
83753.000000  3042
83755.000000  3042
83757.000000  3043
83759.000000  3043
83761.000000  3044
83763.000000  3044
83765.000000  3045
83767.000000  3045
83769.000000  3046
83771.000000  3046
83773.000000  3047
83775.000000  3047
83777.000000  3048
83779.000000  3048
83781.000000  3049
83783.000000  3049
83785.000000  3050
83787.000000  3050
83789.000000  3051
83791.000000  3052
83793.000000  3052
83795.000000  3053
83797.000000  3053
83799.000000  3054
83801.000000  3054
83803.000000  3055
83805.000000  3055
83807.000000  3056
83809.000000  3056
83811.000000  3057
83813.000000  3057
83815.000000  3058
83817.000000  3058
83819.000000  3059
83821.000000  3060
83823.000000  3060
83825.000000  3060
83827.000000  3061
83829.000000  3062
83831.000000  3062
83833.000000  3063
83835.000000  3063
83837.000000  3064
83839.000000  3064
83841.000000  3065
83843.000000  3065
83845.000000  3066
83847.000000  3066
83849.000000  3067
83851.000000  3067
83853.000000  3068
83855.000000  3068
83857.000000  3069
83859.000000  3069
83861.000000  3070
83863.000000  3070
83865.000000  3071
83867.000000  3072
83869.000000  3072
83871.000000  3072
83873.000000  3073
83875.000000  3074
83877.000000  3074
83879.000000  3075
83881.000000  3075
83883.000000  3076
83885.000000  3076
83887.000000  3077
83889.000000  3077
83891.000000  3078
83893.000000  3078
83895.000000  3079
83897.000000  3079
83899.000000  3080
83901.000000  3080
83903.000000  3081
83905.000000  3081
83907.000000  3082
83909.000000  3082
83911.000000  3083
83913.000000  3084
83915.000000  3084
83917.000000  3085
83919.000000  3085
83921.000000  3086
83923.000000  3086
83925.000000  3087
83927.000000  3087
83929.000000  3088
83931.000000  3088
83933.000000  3089
83935.000000  3089
83937.000000  3090
83939.000000  3090
83941.000000  3091
83943.000000  3091
83945.000000  3092
83947.000000  3092
83949.000000  3093
83951.000000  3094
83953.000000  3094
83955.000000  3094
83957.000000  3095
83959.000000  3096
83961.000000  3096
83963.000000  3097
83965.000000  3097
83967.000000  3098
83969.000000  3098
83971.000000  3099
83973.000000  3099
83975.000000  3100
83977.000000  3100
83979.000000  3101
83981.000000  3101
83983.000000  3102
83985.000000  3102
83987.000000  3103
83989.000000  3104
83991.000000  3104
83993.000000  3104
83995.000000  3105
83997.000000  3106
83999.000000  3106
84001.000000  3107
84003.000000  3107
84005.000000  3108
84007.000000  3108
84009.000000  3109
84011.000000  3109
84013.000000  3110
84015.000000  3110
84017.000000  3111
84019.000000  3111
84021.000000  3112
84023.000000  3112
84025.000000  3113
84027.000000  3114
84029.000000  3114
84031.000000  3115
84033.000000  3115
84035.000000  3116
84037.000000  3116
84039.000000  3117
84041.000000  3117
84043.000000  3118
84045.000000  3118
84047.000000  3119
84049.000000  3119
84051.000000  3120
84053.000000  3120
84055.000000  3121
84057.000000  3121
84059.000000  3122
84061.000000  3122
84063.000000  3123
84065.000000  3124
84067.000000  3124
84069.000000  3124
84071.000000  3125
84073.000000  3126
84075.000000  3126
84077.000000  3127
84079.000000  3127
84081.000000  3128
84083.000000  3128
84085.000000  3129
84087.000000  3129
84089.000000  3130
84091.000000  3130
84093.000000  3131
84095.000000  3131
84097.000000  3132
84099.000000  3132
84101.000000  3133
84103.000000  3134
84105.000000  3134
84107.000000  3135
84109.000000  3135
84111.000000  3136
84113.000000  3136
84115.000000  3137
84117.000000  3137
84119.000000  3138
84121.000000  3138
84123.000000  3139
84125.000000  3139
84127.000000  3140
84129.000000  3140
84131.000000  3141
84133.000000  3141
84135.000000  3142
84137.000000  3142
84139.000000  3143
84141.000000  3144
84143.000000  3144
84145.000000  3144
84147.000000  3145
84149.000000  3146
84151.000000  3146
84153.000000  3147
84155.000000  3147
84157.000000  3148
84159.000000  3148
84161.000000  3149
84163.000000  3149
84165.000000  3150
84167.000000  3150
84169.000000  3151
84171.000000  3151
84173.000000  3152
84175.000000  3152
84177.000000  3153
84179.000000  3154
84181.000000  3154
84183.000000  3154
84185.000000  3155
84187.000000  3156
84189.000000  3156
84191.000000  3157
84193.000000  3157
84195.000000  3158
84197.000000  3158
84199.000000  3159
84201.000000  3159
84203.000000  3160
84205.000000  3160
84207.000000  3161
84209.000000  3161
84211.000000  3162
84213.000000  3162
84215.000000  3163
84217.000000  3163
84219.000000  3164
84221.000000  3164
84223.000000  3165
84225.000000  3166
84227.000000  3166
84229.000000  3166
84231.000000  3167
84233.000000  3168
84235.000000  3168
84237.000000  3169
84239.000000  3169
84241.000000  3170
84243.000000  3170
84245.000000  3171
84247.000000  3171
84249.000000  3172
84251.000000  3172
84253.000000  3173
84255.000000  3173
84257.000000  3174
84259.000000  3174
84261.000000  3175
84263.000000  3175
84265.000000  3176
84267.000000  3176
84269.000000  3177
84271.000000  3178
84273.000000  3178
84275.000000  3179
84277.000000  3179
84279.000000  3180
84281.000000  3180
84283.000000  3181
84285.000000  3181
84287.000000  3182
84289.000000  3182
84291.000000  3183
84293.000000  3183
84295.000000  3184
84297.000000  3184
84299.000000  3185
84301.000000  3185
84303.000000  3186
84305.000000  3186
84307.000000  3187
84309.000000  3188
84311.000000  3188
84313.000000  3188
84315.000000  3189
84317.000000  3190
84319.000000  3190
84321.000000  3191
84323.000000  3191
84325.000000  3192
84327.000000  3192
84329.000000  3193
84331.000000  3193
84333.000000  3194
84335.000000  3194
84337.000000  3195
84339.000000  3195
84341.000000  3196
84343.000000  3196
84345.000000  3197
84347.000000  3198
84349.000000  3198
84351.000000  3199
84353.000000  3199
84355.000000  3200
84357.000000  3200
84359.000000  3201
84361.000000  3201
84363.000000  3202
84365.000000  3202
84367.000000  3203
84369.000000  3203
84371.000000  3204
84373.000000  3204
84375.000000  3205
84377.000000  3206
84379.000000  3206
84381.000000  3206
84383.000000  3207
