35289.000000  17 80
35365.000000  59 80
35435.000000  104 80
35479.000000  133 80
35555.000000  185 80
35631.000000  237 80
35739.000000  310 80
35835.000000  376 80
35945.000000  451 80
35947.000000  452 80
36007.000000  493 80
36009.000000  495 80
36087.000000  548 80
36141.000000  585 80
36159.000000  597 80
36205.000000  629 80
36217.000000  637 80
36239.000000  652 80
36287.000000  685 80
36323.000000  709 80
36355.000000  731 80
36391.000000  756 80
36391.000000  756 80
36391.000000  756 80
36413.000000  771 80
36413.000000  771 80
36429.000000  782 80
36479.000000  816 80
36533.000000  853 80
36557.000000  869 80
36565.000000  875 80
36589.000000  891 80
36621.000000  913 80
36623.000000  915 80
36657.000000  938 80
36657.000000  938 80
36657.000000  938 80
36685.000000  957 80
36687.000000  958 80
36709.000000  973 80
36737.000000  993 80
36755.000000  1005 80
36771.000000  1016 80
36801.000000  1036 80
36831.000000  1057 80
36865.000000  1080 80
36885.000000  1094 80
36901.000000  1105 80
36929.000000  1124 80
36963.000000  1147 80
36965.000000  1149 80
37049.000000  1206 80
37071.000000  1221 80
37127.000000  1259 80
37183.000000  1298 80
37249.000000  1343 80
37341.000000  1406 80
39023.000000  2559 80
39039.000000  2570 80
39067.000000  2589 80
39069.000000  2591 80
39095.000000  2608 80
39095.000000  2608 80
39129.000000  2631 80
39131.000000  2633 80
39137.000000  2637 80
39177.000000  2664 80
39181.000000  2667 80
39181.000000  2667 80
39195.000000  2677 80
39251.000000  2715 80
39253.000000  2717 80
39297.000000  2747 80
39321.000000  2763 80
39327.000000  2767 80
39399.000000  2817 80
39511.000000  2893 80
39513.000000  2895 80
39533.000000  2909 80
39539.000000  2913 80
39587.000000  2946 80
39601.000000  2955 80
39631.000000  2976 80
39633.000000  2977 80
39647.000000  2987 80
39675.000000  3006 80
39677.000000  3007 80
39703.000000  3025 80
39733.000000  3046 80
39735.000000  3047 80
39741.000000  3051 80
39753.000000  3059 80
39785.000000  3081 80
39787.000000  3083 80
39815.000000  3102 80
39837.000000  3117 80
39871.000000  3140 80
39891.000000  3154 80
39925.000000  3177 80
39939.000000  3187 80
39961.000000  3202 80
39967.000000  3206 80
40005.000000  3232 80
40035.000000  3253 80
40049.000000  3262 80
40073.000000  3279 80
40073.000000  3279 80
40089.000000  3290 80
40107.000000  3302 80
40127.000000  3316 80
40161.000000  3339 80
40183.000000  3354 80
40183.000000  3354 80
40217.000000  3378 80
40241.000000  3394 80
40255.000000  3404 80
40285.000000  3424 80
40309.000000  3441 80
40343.000000  3464 80
40365.000000  3479 80
40399.000000  3502 80
40423.000000  3519 80
40455.000000  3541 80
40495.000000  3568 80
40571.000000  3620 80
40593.000000  3635 80
40645.000000  3671 80
40675.000000  3692 80
40685.000000  3698 80
40703.000000  3711 80
40703.000000  3711 80
40749.000000  3742 80
40813.000000  3786 80
40815.000000  3788 80
40829.000000  3797 80
40853.000000  3814 80
40861.000000  3819 80
40875.000000  3829 80
40907.000000  3851 80
40907.000000  3851 80
40945.000000  3877 80
40947.000000  3878 80
40999.000000  3914 80
41023.000000  3930 80
41077.000000  3967 80
41087.000000  3974 80
41125.000000  4000 80
41157.000000  4022 80
41191.000000  4045 80
41229.000000  4072 80
41253.000000  4088 80
41253.000000  4088 80
41273.000000  4102 80
41321.000000  4135 80
41343.000000  4150 80
41345.000000  4151 80
41373.000000  4171 80
41435.000000  4213 80
41437.000000  4214 80
41439.000000  4216 80
41497.000000  4255 80
41499.000000  4257 80
41505.000000  4261 80
41539.000000  4284 80
41645.000000  4357 80
41719.000000  4408 80
41745.000000  4426 80
41813.000000  4472 80
41849.000000  4497 80
41897.000000  4530 80
41917.000000  4544 80
41963.000000  4575 80
42069.000000  4648 80
42127.000000  4688 80
42161.000000  4711 80
42195.000000  4735 80
42225.000000  4755 80
42259.000000  4779 80
42291.000000  4801 80
42291.000000  4801 80
42319.000000  4820 80
42319.000000  4820 80
42375.000000  4858 80
42389.000000  4868 80
42487.000000  4935 80
42607.000000  5017 80
42651.000000  5048 80
42669.000000  5060 80
42739.000000  5108 80
42751.000000  5116 80
42785.000000  5140 80
42819.000000  5163 80
42843.000000  5180 80
42875.000000  5202 80
42877.000000  5203 80
42899.000000  5218 80
42931.000000  5240 80
42931.000000  5240 80
42957.000000  5258 80
42973.000000  5269 80
43029.000000  5307 80
43041.000000  5315 80
43041.000000  5315 80
43073.000000  5337 80
43073.000000  5337 80
43073.000000  5337 80
43097.000000  5354 80
43143.000000  5385 80
43193.000000  5420 80
43193.000000  5420 80
43215.000000  5435 80
43265.000000  5469 80
43281.000000  5480 80
43313.000000  5502 80
43373.000000  5544 80
43387.000000  5553 80
43419.000000  5575 80
43451.000000  5597 80
43487.000000  5622 80
43561.000000  5673 80
43597.000000  5697 80
43627.000000  5718 80
43629.000000  5719 80
43671.000000  5748 80
43691.000000  5762 80
43721.000000  5783 80
43755.000000  5806 80
43769.000000  5815 80
43781.000000  5824 80
43801.000000  5837 80
43801.000000  5837 80
43847.000000  5869 80
43871.000000  5885 80
43909.000000  5912 80
43927.000000  5924 80
43965.000000  5950 80
44063.000000  6018 80
44065.000000  6019 80
44115.000000  6053 80
44141.000000  6071 80
44155.000000  6081 80
44209.000000  6118 80
44233.000000  6134 80
44267.000000  6157 80
44267.000000  6157 80
44267.000000  6157 80
44291.000000  6174 80
44341.000000  6208 80
44359.000000  6221 80
44359.000000  6221 80
44401.000000  6249 80
44433.000000  6271 80
44493.000000  6313 80
44571.000000  6366 80
44633.000000  6409 80
44665.000000  6431 80
44699.000000  6454 80
44751.000000  6490 80
44751.000000  6490 80
44777.000000  6508 80
44809.000000  6530 80
44873.000000  6574 80
44875.000000  6575 80
44905.000000  6596 80
44907.000000  6597 80
44945.000000  6623 80
44947.000000  6625 80
44969.000000  6640 80
45059.000000  6702 80
45083.000000  6718 80
45105.000000  6733 80
45151.000000  6765 80
45153.000000  6766 80
45175.000000  6781 80
45231.000000  6820 80
45299.000000  6867 80
45333.000000  6890 80
45357.000000  6907 80
45391.000000  6930 80
45393.000000  6931 80
45445.000000  6967 80
45497.000000  7003 80
45497.000000  7003 80
45529.000000  7025 80
45529.000000  7025 80
45579.000000  7059 80
45619.000000  7086 80
45647.000000  7106 80
45671.000000  7122 80
45693.000000  7137 80
45695.000000  7139 80
45795.000000  7207 80
45807.000000  7216 80
45843.000000  7241 80
45843.000000  7241 80
45885.000000  7269 80
45921.000000  7294 80
46027.000000  7367 80
46049.000000  7382 80
46049.000000  7382 80
46199.000000  7485 80
46237.000000  7511 80
46259.000000  7527 80
46337.000000  7580 80
46389.000000  7616 80
46433.000000  7646 80
46549.000000  7726 80
46643.000000  7791 80
46649.000000  7795 80
46683.000000  7818 80
46757.000000  7869 80
46759.000000  7870 80
46765.000000  7875 80
46799.000000  7898 80
46871.000000  7947 80
46907.000000  7972 80
47017.000000  8048 80
47045.000000  8067 80
47157.000000  8144 80
47159.000000  8146 80
47193.000000  8169 80
47321.000000  8257 80
47357.000000  8282 80
47501.000000  8381 80
47521.000000  8395 80
47617.000000  8461 80
47655.000000  8487 80
47677.000000  8502 80
47709.000000  8524 80
47735.000000  8542 80
47789.000000  8579 80
47843.000000  8616 80
47899.000000  8655 80
47899.000000  8655 80
47957.000000  8695 80
48023.000000  8740 80
48025.000000  8741 80
48085.000000  8783 80
48087.000000  8784 80
48141.000000  8821 80
48143.000000  8822 80
48201.000000  8862 80
48239.000000  8888 80
48263.000000  8905 80
48265.000000  8906 80
48273.000000  8912 80
48293.000000  8926 80
48313.000000  8939 80
48333.000000  8953 80
48385.000000  8989 80
48447.000000  9031 80
48593.000000  9132 80
48629.000000  9157 80
48653.000000  9173 80
48665.000000  9181 80
48689.000000  9198 80
48753.000000  9242 80
48773.000000  9256 80
48799.000000  9274 80
48801.000000  9275 80
48835.000000  9298 80
48891.000000  9337 80
48917.000000  9355 80
49025.000000  9429 80
49085.000000  9471 80
49163.000000  9524 80
49231.000000  9571 80
49267.000000  9596 80
49321.000000  9633 80
49375.000000  9670 80
49399.000000  9687 80
49445.000000  9718 80
49521.000000  9771 80
49557.000000  9795 80
49565.000000  9801 80
49649.000000  9859 80
49677.000000  9878 80
49697.000000  9892 80
49719.000000  9907 80
49775.000000  9945 80
49809.000000  9969 80
49843.000000  9992 80
49865.000000  10007 80
49929.000000  10051 80
49943.000000  10061 80
49961.000000  10073 80
50017.000000  10112 80
50017.000000  10112 80
50043.000000  10130 80
50129.000000  10189 80
50187.000000  10229 80
50267.000000  10284 80
50269.000000  10285 80
50303.000000  10309 80
50329.000000  10327 80
50449.000000  10409 80
50451.000000  10411 80
50501.000000  10445 80
50555.000000  10483 80
50609.000000  10519 80
50633.000000  10536 80
50689.000000  10575 80
50749.000000  10616 80
50751.000000  10617 80
50799.000000  10650 80
50841.000000  10679 80
50873.000000  10701 80
50889.000000  10712 80
50941.000000  10748 80
50975.000000  10771 80
51081.000000  10845 80
51097.000000  10856 80
51099.000000  10857 80
51121.000000  10873 80
51155.000000  10897 80
51157.000000  10898 80
51187.000000  10920 80
51187.000000  10920 80
51241.000000  10959 80
51265.000000  10977 80
51301.000000  11003 80
51303.000000  11005 80
51341.000000  11033 80
51371.000000  11055 80
51371.000000  11055 80
51405.000000  11079 80
51415.000000  11087 80
51505.000000  11153 80
51531.000000  11172 80
51623.000000  11239 80
51623.000000  11239 80
51761.000000  11341 80
51859.000000  11413 80
51861.000000  11414 80
51943.000000  11474 80
52073.000000  11569 80
52093.000000  11584 80
52157.000000  11631 80
52193.000000  11657 80
52193.000000  11657 80
52223.000000  11680 80
52243.000000  11694 80
52315.000000  11747 80
52367.000000  11785 80
52367.000000  11785 80
52393.000000  11804 80
52407.000000  11814 80
52465.000000  11857 80
52465.000000  11857 80
52465.000000  11857 80
52495.000000  11879 80
52529.000000  11904 80
52583.000000  11943 80
52621.000000  11971 80
52653.000000  11995 80
52679.000000  12014 80
52699.000000  12029 80
52701.000000  12030 80
52747.000000  12064 80
52773.000000  12083 80
52821.000000  12118 80
52863.000000  12149 80
52863.000000  12149 80
52887.000000  12167 80
52909.000000  12183 80
52927.000000  12196 80
52981.000000  12235 80
52983.000000  12237 80
53039.000000  12278 80
53095.000000  12319 80
53151.000000  12360 80
53165.000000  12370 80
53187.000000  12386 80
53221.000000  12411 80
53245.000000  12429 80
53333.000000  12493 80
53359.000000  12513 80
53411.000000  12551 80
53413.000000  12552 80
53473.000000  12596 80
53491.000000  12609 80
53527.000000  12636 80
53579.000000  12674 80
53603.000000  12692 80
53635.000000  12715 80
53697.000000  12761 80
53699.000000  12762 80
53729.000000  12784 80
53731.000000  12785 80
53761.000000  12807 80
53761.000000  12807 80
53789.000000  -1 80
53789.000000  -1 80
53789.000000  -1 80
53843.000000  12867 80
53899.000000  12909 80
53899.000000  12909 80
53919.000000  12923 80
53947.000000  12944 80
54033.000000  13007 80
54045.000000  13015 80
54057.000000  13024 80
54073.000000  13036 80
54123.000000  13073 80
54139.000000  13085 80
54175.000000  13111 80
54233.000000  13153 80
54235.000000  13155 80
54269.000000  13180 80
54295.000000  13199 80
54295.000000  13199 80
54357.000000  13244 80
54359.000000  13246 80
54417.000000  13288 80
54419.000000  13290 80
54451.000000  13313 80
54451.000000  13313 80
54451.000000  13313 80
54451.000000  13313 80
54509.000000  13356 80
54551.000000  13387 80
54609.000000  13429 80
54705.000000  13499 80
54865.000000  13617 80
54893.000000  13637 80
54895.000000  13639 80
54925.000000  13661 80
54955.000000  13683 80
54967.000000  13692 80
55097.000000  13787 80
55157.000000  13831 80
55173.000000  13843 80
55213.000000  13872 80
55213.000000  13872 80
55347.000000  13970 80
55359.000000  13979 80
55379.000000  13994 80
55397.000000  14007 80
55445.000000  14042 80
55531.000000  14105 80
55613.000000  14165 80
55689.000000  14221 80
55781.000000  14288 80
55855.000000  14343 80
55909.000000  14382 80
55945.000000  14409 80
55963.000000  14422 80
56033.000000  14473 80
56049.000000  14485 80
56063.000000  14495 80
56063.000000  14495 80
56087.000000  14513 80
56109.000000  14529 80
56123.000000  14539 80
56143.000000  14554 80
56201.000000  14597 80
56235.000000  14621 80
56257.000000  14638 80
56257.000000  14638 80
56329.000000  14690 80
56387.000000  14733 80
56443.000000  14774 80
56493.000000  14811 80
56513.000000  14825 80
56561.000000  14860 80
56597.000000  14887 80
56599.000000  14888 80
56639.000000  14918 80
56719.000000  14976 80
56737.000000  14989 80
56759.000000  15006 80
56815.000000  15047 80
56829.000000  15057 80
56861.000000  15080 80
56897.000000  15107 80
56929.000000  15130 80
56945.000000  15142 80
56975.000000  15164 80
57081.000000  15242 80
57123.000000  15273 80
57125.000000  15274 80
57161.000000  15300 80
57193.000000  15324 80
57211.000000  15337 80
57245.000000  15362 80
57305.000000  15406 80
57321.000000  15418 80
57337.000000  15429 80
57353.000000  15441 80
57377.000000  15459 80
57403.000000  15478 80
57415.000000  15487 80
57443.000000  15507 80
57445.000000  15509 80
57477.000000  15532 80
57479.000000  15533 80
57507.000000  15554 80
57539.000000  15577 80
57563.000000  15595 80
57595.000000  15619 80
57619.000000  15636 80
57629.000000  15643 80
57661.000000  15667 80
57661.000000  15667 80
57701.000000  15696 80
57749.000000  15731 80
57773.000000  15749 80
57793.000000  15764 80
57807.000000  15774 80
57823.000000  15786 80
57889.000000  15834 80
57935.000000  15868 80
57947.000000  15877 80
57963.000000  15888 80
57999.000000  15915 80
58011.000000  15923 80
58043.000000  15947 80
58051.000000  15953 80
58065.000000  15963 80
58089.000000  15981 80
58121.000000  16004 80
58145.000000  16022 80
58179.000000  16047 80
58181.000000  16048 80
58257.000000  16104 80
58259.000000  16105 80
58291.000000  16129 80
58293.000000  16130 80
58323.000000  16152 80
58357.000000  16177 80
58411.000000  16217 80
58517.000000  16295 80
58633.000000  16380 80
58635.000000  16381 80
58669.000000  16406 80
58689.000000  16421 80
58745.000000  16462 80
58805.000000  16506 80
58869.000000  16553 80
58907.000000  16581 80
58909.000000  16582 80
58959.000000  16619 80
59039.000000  16677 80
59051.000000  16686 80
59067.000000  16698 80
59135.000000  16748 80
59175.000000  16777 80
59207.000000  16800 80
59253.000000  16834 80
59285.000000  16858 80
59299.000000  16868 80
59317.000000  16881 80
59373.000000  16922 80
59407.000000  16947 80
59461.000000  16987 80
59485.000000  17004 80
59517.000000  17028 80
59517.000000  17028 80
59547.000000  17050 80
59549.000000  17051 80
59555.000000  17056 80
59587.000000  17079 80
59609.000000  17095 80
59611.000000  17097 80
59643.000000  17120 80
59671.000000  17141 80
59705.000000  17165 80
59753.000000  17201 80
59807.000000  17240 80
59887.000000  17299 80
59899.000000  17308 80
59947.000000  17343 80
59963.000000  17355 80
60059.000000  17425 80
60083.000000  17443 80
60115.000000  17466 80
60147.000000  17490 80
60163.000000  17501 80
60231.000000  17551 80
60301.000000  17602 80
60331.000000  17624 80
60347.000000  17636 80
60387.000000  17665 80
60447.000000  17709 80
60503.000000  17751 80
60541.000000  17778 80
60557.000000  17790 80
60579.000000  17806 80
60597.000000  17819 80
60629.000000  17843 80
60657.000000  17863 80
60665.000000  17869 80
60699.000000  17894 80
60753.000000  17934 80
60783.000000  17956 80
60897.000000  18039 80
60957.000000  18083 80
61037.000000  18142 80
61063.000000  18161 80
61079.000000  18173 80
61111.000000  18196 80
61167.000000  18237 80
61217.000000  18274 80
61297.000000  18333 80
61353.000000  18373 80
61355.000000  18375 80
61413.000000  18417 80
61413.000000  18417 80
61439.000000  18436 80
61493.000000  18476 80
61611.000000  18562 80
61643.000000  18586 80
61675.000000  18609 80
61705.000000  18631 80
61707.000000  18633 80
61797.000000  18699 80
61945.000000  18807 80
61969.000000  18825 80
62229.000000  19015 80
62229.000000  19015 80
62229.000000  19015 80
62263.000000  19040 80
62273.000000  19048 80
62289.000000  19059 80
62335.000000  19093 80
62367.000000  19117 80
62387.000000  19131 80
62401.000000  19141 80
62469.000000  19191 80
62469.000000  19191 80
62603.000000  19289 80
62699.000000  19360 80
62779.000000  19418 80
62839.000000  19462 80
62925.000000  19525 80
62951.000000  19544 80
63039.000000  19609 80
63039.000000  19609 80
63127.000000  19673 80
63165.000000  19701 80
63201.000000  19728 80
63327.000000  19820 80
63361.000000  19845 80
63395.000000  19870 80
63419.000000  19887 80
63533.000000  19971 80
63605.000000  20024 80
63613.000000  20029 80
63643.000000  20051 80
63761.000000  20138 80
63919.000000  20254 80
63921.000000  20255 80
63947.000000  20274 80
63949.000000  20276 80
63961.000000  20284 80
64039.000000  20342 80
64039.000000  20342 80
64077.000000  20369 80
64101.000000  20387 80
64101.000000  20387 80
64117.000000  20399 80
64179.000000  20444 80
64179.000000  20444 80
64203.000000  20462 80
64217.000000  20472 80
64265.000000  20507 80
64295.000000  20529 80
64309.000000  20539 80
64371.000000  20585 80
64403.000000  20608 80
64483.000000  20667 80
64483.000000  20667 80
64509.000000  20686 80
64541.000000  20709 80
64593.000000  20747 80
64593.000000  20747 80
64667.000000  20802 80
64669.000000  20803 80
66315.000000  22009 80
66345.000000  22031 80
66345.000000  22031 80
66413.000000  22081 80
66415.000000  22082 80
66467.000000  22121 80
66501.000000  22145 80
66553.000000  22183 80
66553.000000  22183 80
66585.000000  -1 80
66585.000000  -1 80
66733.000000  22315 80
66763.000000  22337 80
66833.000000  22389 80
66853.000000  22403 80
66885.000000  22427 80
66887.000000  22428 80
67025.000000  22529 80
67053.000000  22550 80
67087.000000  22575 80
67163.000000  22630 80
67293.000000  22725 80
67345.000000  22763 80
67347.000000  22765 80
67381.000000  22790 80
67427.000000  22823 80
67469.000000  22854 80
67469.000000  22854 80
67747.000000  23058 80
67755.000000  23064 80
67823.000000  23113 80
67879.000000  23155 80
67891.000000  23163 80
67925.000000  23188 80
67933.000000  23194 80
67971.000000  23222 80
67971.000000  23222 80
68069.000000  23294 80
68177.000000  23373 80
68285.000000  23452 80
68321.000000  23479 80
68343.000000  23495 80
68377.000000  23519 80
68431.000000  23559 80
68453.000000  23575 80
68513.000000  23619 80
68515.000000  23621 80
68567.000000  23659 80
68583.000000  23670 80
68615.000000  23694 80
68661.000000  23728 80
68683.000000  23744 80
68735.000000  23782 80
68807.000000  23835 80
68993.000000  23971 80
69047.000000  24011 80
69075.000000  24031 80
69075.000000  24031 80
69075.000000  24031 80
69135.000000  24075 80
69135.000000  24075 80
69135.000000  24075 80
69203.000000  24125 80
69271.000000  24174 80
69295.000000  24192 80
69315.000000  24207 80
69339.000000  24224 80
69371.000000  24247 80
69409.000000  24275 80
69423.000000  24286 80
69423.000000  24286 80
69423.000000  24286 80
69423.000000  24286 80
69563.000000  24388 80
69565.000000  24389 80
69599.000000  24414 80
69653.000000  24454 80
69707.000000  24493 80
69707.000000  24493 80
69707.000000  24493 80
69761.000000  24533 80
69785.000000  24551 80
69845.000000  24595 80
69879.000000  24619 80
69905.000000  24639 80
69919.000000  24649 80
69955.000000  24675 80
70047.000000  24743 80
70055.000000  24748 80
70121.000000  24797 80
70141.000000  24811 80
70153.000000  24820 80
70155.000000  24821 80
70183.000000  24842 80
70251.000000  24892 80
70285.000000  24917 80
70307.000000  24933 80
70377.000000  24984 80
70411.000000  25009 80
70463.000000  25047 80
70463.000000  25047 80
70505.000000  25078 80
70507.000000  25079 80
70549.000000  25110 80
70549.000000  25110 80
70571.000000  25127 80
70599.000000  25147 80
70617.000000  25160 80
70619.000000  25161 80
70665.000000  25195 80
70703.000000  25223 80
70765.000000  25269 80
70807.000000  25299 80
70871.000000  25346 80
70893.000000  25363 80
70927.000000  25388 80
70959.000000  25411 80
70959.000000  25411 80
71069.000000  25491 80
71099.000000  25514 80
71131.000000  25537 80
71155.000000  25555 80
71183.000000  25575 80
71195.000000  25584 80
71195.000000  25584 80
71229.000000  25609 80
71243.000000  25619 80
71299.000000  25660 80
71299.000000  25660 80
71367.000000  25710 80
71385.000000  25723 80
71399.000000  25734 80
71415.000000  25745 80
71447.000000  25769 80
71463.000000  25781 80
71487.000000  25798 80
71561.000000  25852 80
71597.000000  25879 80
71671.000000  25933 80
71707.000000  25959 80
71793.000000  26023 80
72077.000000  26231 80
72089.000000  26240 80
72109.000000  26254 80
72145.000000  26281 80
72201.000000  26322 80
72225.000000  26339 80
72237.000000  26348 80
72261.000000  26366 80
72293.000000  26389 80
72347.000000  26429 80
72375.000000  26449 80
72377.000000  26451 80
72493.000000  26536 80
72509.000000  26547 80
72583.000000  26602 80
72667.000000  26663 80
72867.000000  26810 80
72925.000000  26853 80
72961.000000  26879 80
73083.000000  26968 80
73105.000000  26985 80
73105.000000  26985 80
73143.000000  27012 80
73191.000000  27048 80
73253.000000  27093 80
73291.000000  27121 80
73303.000000  27130 80
73333.000000  27152 80
73381.000000  27187 80
73709.000000  27427 80
73711.000000  27429 80
73737.000000  27448 80
73759.000000  27464 80
73773.000000  27474 80
73773.000000  27474 80
73877.000000  27551 80
73907.000000  27573 80
73925.000000  27586 80
73927.000000  27587 80
73963.000000  27614 80
73999.000000  27640 80
74009.000000  27647 80
74071.000000  27693 80
74073.000000  27694 80
74097.000000  27712 80
74205.000000  27791 80
74241.000000  27817 80
74273.000000  27841 80
74345.000000  27894 80
74347.000000  27895 80
74383.000000  27921 80
74425.000000  27952 80
74433.000000  27958 80
74485.000000  27996 80
74507.000000  28012 80
74555.000000  28048 80
74579.000000  28065 80
74679.000000  28139 80
74679.000000  28139 80
74739.000000  28183 80
74753.000000  28193 80
74787.000000  28218 80
74861.000000  28272 80
74873.000000  28281 80
74905.000000  28304 80
74929.000000  28322 80
74941.000000  28331 80
74965.000000  28348 80
75057.000000  28416 80
75069.000000  28424 80
75081.000000  28433 80
75097.000000  28445 80
75109.000000  28454 80
75145.000000  28480 80
75171.000000  28499 80
75197.000000  28518 80
75207.000000  28525 80
75231.000000  28543 80
75231.000000  28543 80
75253.000000  28559 80
75267.000000  28569 80
75303.000000  28596 80
75355.000000  28634 80
75357.000000  28635 80
75415.000000  28678 80
75417.000000  28679 80
75425.000000  28685 80
75457.000000  28709 80
75511.000000  28748 80
75543.000000  28772 80
75599.000000  28813 80
75633.000000  28838 80
75655.000000  28854 80
75677.000000  28870 80
75725.000000  28905 80
75755.000000  28927 80
75805.000000  28964 80
75807.000000  28965 80
75849.000000  28996 80
75909.000000  29040 80
75965.000000  29081 80
75965.000000  29081 80
76095.000000  29177 80
76131.000000  29203 80
76161.000000  29225 80
76175.000000  29235 80
76207.000000  29259 80
76209.000000  29260 80
76231.000000  29276 80
76263.000000  29300 80
76263.000000  29300 80
76287.000000  29317 80
76323.000000  29344 80
76359.000000  29370 80
76371.000000  29379 80
76395.000000  29397 80
76425.000000  29419 80
76455.000000  29441 80
76489.000000  29465 80
76517.000000  29486 80
76563.000000  29520 80
76565.000000  29521 80
76581.000000  29533 80
76603.000000  29549 80
76655.000000  29587 80
76657.000000  29589 80
76693.000000  29615 80
76695.000000  29616 80
76767.000000  29669 80
76781.000000  29679 80
76817.000000  29706 80
76851.000000  29731 80
77041.000000  29870 80
77043.000000  29871 80
77045.000000  29873 80
77061.000000  29885 80
77133.000000  29937 80
77195.000000  29983 80
77287.000000  30050 80
77419.000000  30147 80
77421.000000  30149 80
77443.000000  30165 80
77453.000000  30172 80
77479.000000  30191 80
77551.000000  30244 80
77565.000000  30254 80
77581.000000  30266 80
77627.000000  30299 80
77629.000000  30301 80
77631.000000  30303 80
77675.000000  30335 80
77705.000000  30357 80
77823.000000  30443 80
77885.000000  30489 80
77921.000000  30515 80
78027.000000  30593 80
78101.000000  30647 80
78135.000000  30672 80
78149.000000  30682 80
78179.000000  30704 80
78201.000000  30720 80
78201.000000  30720 80
78299.000000  30792 80
78325.000000  30811 80
78361.000000  30837 80
78361.000000  30837 80
78361.000000  30837 80
78361.000000  30837 80
78493.000000  30934 80
78525.000000  30958 80
78557.000000  30981 80
78611.000000  31021 80
78635.000000  31038 80
78695.000000  31082 80
78709.000000  31092 80
78735.000000  31111 80
78737.000000  31113 80
78751.000000  31123 80
78793.000000  31154 80
78805.000000  31163 80
78837.000000  31186 80
78839.000000  31188 80
78851.000000  31197 80
78915.000000  31243 80
78915.000000  31243 80
78939.000000  31261 80
78947.000000  31267 80
79061.000000  31350 80
79085.000000  31368 80
79135.000000  31405 80
79135.000000  31405 80
79135.000000  31405 80
79165.000000  31427 80
79199.000000  31451 80
79201.000000  31453 80
79221.000000  31467 80
79253.000000  31491 80
79285.000000  31515 80
79297.000000  31523 80
79311.000000  31533 80
79333.000000  31550 80
79347.000000  31560 80
79399.000000  31598 80
79399.000000  31598 80
79431.000000  31621 80
79431.000000  31621 80
79431.000000  31621 80
79431.000000  31621 80
79431.000000  31621 80
79489.000000  31664 80
79499.000000  31671 80
79507.000000  31677 80
79535.000000  31698 80
79535.000000  31698 80
79575.000000  31727 80
79587.000000  31736 80
79627.000000  31765 80
79881.000000  31951 80
79935.000000  31991 80
79963.000000  32011 80
79965.000000  32013 80
80079.000000  32096 80
80081.000000  32098 80
80115.000000  32123 80
80169.000000  32162 80
80171.000000  32164 80
80231.000000  32208 80
80265.000000  32233 80
80311.000000  32266 80
80333.000000  32282 80
80357.000000  32300 80
80413.000000  32341 80
80475.000000  32387 80
80505.000000  32409 80
80561.000000  32449 80
80563.000000  32451 80
80595.000000  32474 80
80619.000000  32492 80
80651.000000  32515 80
80681.000000  32537 80
80713.000000  32561 80
80747.000000  32586 80
80749.000000  32587 80
80783.000000  32612 80
80783.000000  32612 80
80793.000000  32619 80
80807.000000  32630 80
80831.000000  32647 80
80831.000000  32647 80
80851.000000  32662 80
80899.000000  32697 80
80915.000000  32709 80
80941.000000  32728 80
80959.000000  32741 80
80995.000000  32767 80
81053.000000  32810 80
81069.000000  32822 80
81085.000000  32833 80
81121.000000  32860 80
81141.000000  32874 80
81141.000000  32874 80
81157.000000  32886 80
81191.000000  32911 80
81193.000000  32912 80
81213.000000  32927 80
81229.000000  32939 80
81245.000000  32951 80
81269.000000  32968 80
81283.000000  32978 80
81313.000000  33000 80
81313.000000  33000 80
81367.000000  33040 80
81399.000000  33063 80
81413.000000  33073 80
81441.000000  33094 80
81479.000000  33122 80
81517.000000  33150 80
81563.000000  33183 80
81585.000000  33199 80
81633.000000  33235 80
81673.000000  33264 80
81711.000000  33292 80
81727.000000  33304 80
81757.000000  33325 80
81789.000000  33349 80
81805.000000  33361 80
81881.000000  33416 80
82035.000000  33529 80
82037.000000  33531 80
82047.000000  33538 80
82071.000000  33555 80
82073.000000  33557 80
82083.000000  33564 80
82101.000000  33577 80
82101.000000  33577 80
82147.000000  33611 80
82159.000000  33620 80
82175.000000  33632 80
82189.000000  33642 80
82189.000000  33642 80
82239.000000  33679 80
82239.000000  33679 80
82253.000000  33689 80
82285.000000  33713 80
82299.000000  33723 80
82337.000000  33751 80
82367.000000  33772 80
82369.000000  33774 80
82555.000000  33910 80
82557.000000  33912 80
82589.000000  33935 80
82615.000000  33954 80
82647.000000  33978 80
82671.000000  33995 80
82715.000000  34027 80
82723.000000  34033 80
82763.000000  34063 80
82839.000000  34118 80
82915.000000  34174 80
82915.000000  34174 80
82947.000000  34197 80
82961.000000  34208 80
82999.000000  34235 80
83057.000000  34278 80
83091.000000  34303 80
83113.000000  34319 80
83147.000000  34344 80
83175.000000  34365 80
83175.000000  34365 80
83175.000000  34365 80
83259.000000  34426 80
83281.000000  34442 80
83281.000000  34442 80
83361.000000  34501 80
83413.000000  34539 80
83431.000000  34552 80
83479.000000  34587 80
83555.000000  34643 80
83579.000000  34660 80
83633.000000  34700 80
83637.000000  34703 80
83651.000000  34713 80
83677.000000  34732 80
83679.000000  34734 80
83707.000000  34754 80
83739.000000  34778 80
83739.000000  34778 80
83773.000000  34803 80
83807.000000  34827 80
83831.000000  34845 80
83867.000000  34871 80
83869.000000  34873 80
83887.000000  34886 80
83887.000000  34886 80
83921.000000  34911 80
83949.000000  34931 80
83951.000000  34933 80
84053.000000  35008 80
84089.000000  35034 80
84119.000000  35056 80
84155.000000  35083 80
84179.000000  35100 80
84193.000000  35110 80
84209.000000  35122 80
84259.000000  35159 80
84305.000000  35192 80
84305.000000  35192 80
84317.000000  35201 80
84351.000000  35226 80
84353.000000  35228 80
84353.000000  35228 80
84417.000000  35275 80
84445.000000  35295 80
84447.000000  35297 80
84583.000000  35396 80
84585.000000  35398 80
84607.000000  35414 80
84627.000000  35428 80
84657.000000  35450 80
84657.000000  35450 80
84705.000000  35486 80
84705.000000  35486 80
84823.000000  35572 80
84843.000000  35587 80
84869.000000  35606 80
84899.000000  35628 80
84915.000000  35640 80
84949.000000  35665 80
84971.000000  35681 80
84971.000000  35681 80
85029.000000  35723 80
85085.000000  35764 80
85119.000000  35789 80
85141.000000  35805 80
85141.000000  35805 80
85175.000000  35831 80
85203.000000  35851 80
85205.000000  35853 80
85237.000000  35876 80
85277.000000  35905 80
85325.000000  35940 80
85325.000000  35940 80
85365.000000  35970 80
85405.000000  35999 80
85453.000000  36034 80
85475.000000  36050 80
85501.000000  36069 80
85553.000000  36108 80
85611.000000  36150 80
85621.000000  36157 80
85653.000000  36181 80
85707.000000  36221 80
85761.000000  36260 80
85791.000000  36282 80
85793.000000  36284 80
85851.000000  36326 80
85885.000000  36351 80
85897.000000  36360 80
85915.000000  36373 80
85935.000000  36388 80
85945.000000  36395 80
85971.000000  36414 80
85985.000000  36424 80
85987.000000  36426 80
86003.000000  36437 80
86017.000000  36448 80
86041.000000  36465 80
86055.000000  36476 80
86057.000000  36477 80
86089.000000  36501 80
86105.000000  36512 80
86129.000000  36530 80
86175.000000  36564 80
86187.000000  36573 80
86231.000000  36605 80
86263.000000  36628 80
86293.000000  36650 80
86295.000000  36652 80
86321.000000  36671 80
86479.000000  36787 80
86511.000000  36810 80
86535.000000  36828 80
86555.000000  36842 80
86569.000000  36853 80
86603.000000  36877 80
86639.000000  36904 80
86639.000000  36904 80
86661.000000  36920 80
86663.000000  36921 80
86711.000000  36957 80
86711.000000  36957 80
86711.000000  36957 80
86711.000000  36957 80
86711.000000  36957 80
86753.000000  36987 80
86777.000000  37005 80
86795.000000  37018 80
86809.000000  37029 80
86811.000000  37030 80
86835.000000  37048 80
86889.000000  37087 80
86903.000000  37097 80
86927.000000  37115 80
86981.000000  37155 80
87015.000000  37179 80
87069.000000  37219 80
87069.000000  37219 80
87069.000000  37219 80
87093.000000  37237 80
87157.000000  37283 80
87173.000000  37295 80
87201.000000  37316 80
87269.000000  37366 80
87299.000000  37388 80
87347.000000  37423 80
87381.000000  37448 80
87399.000000  37461 80
87431.000000  37485 80
87459.000000  37505 80
87485.000000  37524 80
87495.000000  37531 80
87509.000000  37542 80
87511.000000  37543 80
87585.000000  37597 80
87599.000000  37608 80
87631.000000  37631 80
87659.000000  37652 80
87661.000000  37653 80
87673.000000  37662 80
87675.000000  37663 80
87707.000000  37687 80
87741.000000  37712 80
87795.000000  37751 80
87829.000000  37776 80
87851.000000  37792 80
87851.000000  37792 80
87893.000000  37823 80
87973.000000  37882 80
88035.000000  37927 80
88035.000000  37927 80
88065.000000  37949 80
89503.000000  39004 80
89505.000000  39006 80
89519.000000  39016 80
89545.000000  39035 80
89579.000000  39060 80
89581.000000  39061 80
89601.000000  39076 80
89635.000000  39101 80
89637.000000  39102 80
89715.000000  39160 80
89745.000000  39182 80
89855.000000  39262 80
89857.000000  39264 80
89939.000000  39324 80
89975.000000  39350 80
90033.000000  39393 80
90049.000000  39405 80
90075.000000  39424 80
90131.000000  39465 80
90133.000000  39466 80
90225.000000  39534 80
90249.000000  39551 80
90281.000000  39575 80
90305.000000  39592 80
90361.000000  39633 80
90395.000000  39658 80
90443.000000  39693 80
90455.000000  39702 80
90457.000000  39704 80
90479.000000  39720 80
90515.000000  39746 80
90537.000000  39763 80
90537.000000  39763 80
90571.000000  39787 80
90643.000000  39840 80
90665.000000  39856 80
90685.000000  39871 80
90743.000000  39913 80
90753.000000  39921 80
90815.000000  39966 80
90817.000000  39968 80
90867.000000  40005 80
90925.000000  40047 80
90959.000000  40072 80
91029.000000  40123 80
91047.000000  40136 80
91093.000000  40170 80
91105.000000  40179 80
91157.000000  40217 80
91177.000000  40232 80
91307.000000  40327 80
91391.000000  40389 80
91415.000000  40406 80
91447.000000  40430 80
91471.000000  40447 80
91485.000000  40458 80
91501.000000  40469 80
91561.000000  40513 80
91593.000000  40537 80
91627.000000  40562 80
91681.000000  40601 80
91739.000000  40644 80
91793.000000  40683 80
91837.000000  40715 80
91921.000000  40777 80
91949.000000  40798 80
92017.000000  40847 80
92019.000000  40849 80
92023.000000  40852 80
92033.000000  40859 80
92041.000000  40865 80
92065.000000  40883 80
92065.000000  40883 80
92065.000000  40883 80
92089.000000  40900 80
92103.000000  40911 80
92119.000000  40922 80
92119.000000  40922 80
92145.000000  40941 80
92179.000000  40966 80
92181.000000  40968 80
92201.000000  40982 80
92215.000000  40993 80
92215.000000  40993 80
92235.000000  41007 80
92259.000000  41025 80
92269.000000  41032 80
92299.000000  41054 80
92313.000000  41064 80
92339.000000  41083 80
92355.000000  41095 80
92373.000000  41109 80
92409.000000  41135 80
92437.000000  41155 80
92437.000000  41155 80
92463.000000  41174 80
92483.000000  41189 80
92513.000000  41211 80
92627.000000  41295 80
92685.000000  41337 80
92757.000000  41390 80
92813.000000  41431 80
92827.000000  41441 80
92855.000000  41462 80
92913.000000  41504 80
92935.000000  41520 80
93029.000000  41589 80
93047.000000  41603 80
93071.000000  41620 80
93073.000000  41621 80
93107.000000  41647 80
93109.000000  41648 80
93145.000000  41674 80
93163.000000  41688 80
93187.000000  41705 80
93235.000000  41740 80
93293.000000  41783 80
93327.000000  41808 80
93379.000000  41846 80
93403.000000  41863 80
93439.000000  41890 80
93441.000000  41891 80
93471.000000  41913 80
93557.000000  41977 80
93559.000000  41978 80
93599.000000  42007 80
93649.000000  42044 80
93665.000000  42056 80
93697.000000  42079 80
93697.000000  42079 80
93731.000000  42104 80
93783.000000  42142 80
93801.000000  42155 80
93827.000000  42175 80
93827.000000  42175 80
93855.000000  42195 80
93887.000000  42219 80
93941.000000  42258 80
94015.000000  42312 80
94069.000000  42352 80
94091.000000  42368 80
94093.000000  42369 80
94125.000000  42393 80
94179.000000  42433 80
94271.000000  42500 80
94273.000000  42501 80
94295.000000  42518 80
94325.000000  42540 80
94345.000000  42554 80
94401.000000  42595 80
94401.000000  42595 80
94479.000000  42653 80
94491.000000  42661 80
94491.000000  42661 80
94515.000000  42679 80
94581.000000  42727 80
94615.000000  42752 80
94637.000000  42769 80
94637.000000  42769 80
94653.000000  42780 80
94685.000000  42804 80
94719.000000  42829 80
94719.000000  42829 80
94747.000000  -1 80
94747.000000  -1 80
94777.000000  42871 80
94805.000000  42892 80
94807.000000  42893 80
94819.000000  42902 80
94841.000000  42918 80
94857.000000  42930 80
94875.000000  42943 80
94891.000000  42955 80
94917.000000  42974 80
95001.000000  43035 80
95001.000000  43035 80
95157.000000  43150 80
95235.000000  43207 80
95243.000000  43213 80
95277.000000  43238 80
95299.000000  43254 80
95333.000000  43279 80
95357.000000  43297 80
95357.000000  43297 80
95393.000000  43323 80
95467.000000  43377 80
95501.000000  43402 80
95555.000000  43442 80
95557.000000  43443 80
95577.000000  43458 80
95579.000000  43459 80
95595.000000  43471 80
95631.000000  43497 80
95665.000000  43522 80
95679.000000  43533 80
95695.000000  43544 80
95773.000000  43602 80
95811.000000  43629 80
95811.000000  43629 80
95881.000000  43681 80
95937.000000  43722 80
95937.000000  43722 80
95947.000000  43729 80
95979.000000  43753 80
96011.000000  43776 80
96075.000000  43823 80
96075.000000  43823 80
96075.000000  43823 80
96083.000000  43829 80
96085.000000  43830 80
96091.000000  43835 80
96105.000000  43845 80
96107.000000  43847 80
96153.000000  43880 80
96175.000000  43896 80
96207.000000  43920 80
96207.000000  43920 80
96223.000000  43932 80
96239.000000  43943 80
96271.000000  43967 80
96285.000000  43977 80
96335.000000  44014 80
96357.000000  44030 80
96467.000000  44111 80
96469.000000  44112 80
96491.000000  44128 80
96523.000000  44152 80
96545.000000  44168 80
96579.000000  44193 80
96603.000000  44210 80
96637.000000  44235 80
96725.000000  44300 80
96761.000000  44326 80
96775.000000  44336 80
96791.000000  44348 80
96831.000000  44377 80
96891.000000  44421 80
96891.000000  44421 80
96913.000000  44438 80
97051.000000  44539 80
97063.000000  44548 80
97089.000000  44567 80
97239.000000  44677 80
97297.000000  44719 80
97299.000000  44721 80
97355.000000  44762 80
97387.000000  44785 80
97413.000000  44804 80
97437.000000  44822 80
97437.000000  44822 80
97471.000000  44847 80
97493.000000  44863 80
97519.000000  44882 80
97573.000000  44922 80
97589.000000  44933 80
97615.000000  44953 80
97639.000000  44970 80
97667.000000  44991 80
97701.000000  45016 80
97769.000000  45065 80
97783.000000  45076 80
97855.000000  45129 80
97855.000000  45129 80
97881.000000  45148 80
97919.000000  45175 80
97919.000000  45175 80
97919.000000  45175 80
97919.000000  45175 80
97919.000000  45175 80
97977.000000  45218 80
98005.000000  45239 80
98039.000000  45263 80
98069.000000  45285 80
98089.000000  45300 80
98121.000000  45323 80
98133.000000  45332 80
98163.000000  45354 80
98163.000000  45354 80
98191.000000  45375 80
98205.000000  45385 80
98245.000000  45415 80
98279.000000  45439 80
98317.000000  45467 80
98365.000000  45503 80
98399.000000  45527 80
98399.000000  45527 80
98425.000000  45547 80
98481.000000  45588 80
98519.000000  45615 80
98521.000000  45617 80
98541.000000  45632 80
98573.000000  45655 80
98595.000000  45671 80
98629.000000  45696 80
98659.000000  45718 80
98693.000000  45743 80
98717.000000  45761 80
98755.000000  45789 80
98757.000000  45790 80
98785.000000  45811 80
98821.000000  45837 80
98875.000000  45877 80
98895.000000  45891 80
98993.000000  45963 80
99009.000000  45975 80
99065.000000  46016 80
99099.000000  46041 80
99125.000000  46060 80
99181.000000  46101 80
99215.000000  46126 80
99241.000000  46145 80
99275.000000  46170 80
99309.000000  46195 80
99323.000000  46205 80
99353.000000  46227 80
99405.000000  46265 80
99435.000000  46287 80
99497.000000  46333 80
99527.000000  46355 80
99543.000000  46367 80
99559.000000  46378 80
99597.000000  46406 80
99623.000000  46425 80
99645.000000  46441 80
99659.000000  46452 80
99679.000000  46466 80
99701.000000  46483 80
99717.000000  46494 80
99727.000000  46502 80
99819.000000  46569 80
99893.000000  46623 80
99917.000000  46641 80
99973.000000  46682 80
100031.000000  46725 80
100043.000000  46733 80
100055.000000  46742 80
100071.000000  46754 80
100083.000000  46763 80
100105.000000  46779 80
100113.000000  46785 80
100129.000000  46796 80
100143.000000  46807 80
100165.000000  46823 80
100213.000000  46858 80
100235.000000  46874 80
100283.000000  46909 80
100341.000000  46952 80
100377.000000  46978 80
100379.000000  46980 80
100431.000000  47018 80
100433.000000  47019 80
100453.000000  47034 80
100453.000000  47034 80
100509.000000  47075 80
100545.000000  47101 80
100547.000000  47103 80
100571.000000  47121 80
100579.000000  47126 80
100613.000000  47151 80
100639.000000  47170 80
100691.000000  47209 80
100753.000000  47254 80
100787.000000  47279 80
100859.000000  47332 80
100883.000000  47349 80
100915.000000  47373 80
100929.000000  47383 80
100945.000000  47395 80
101055.000000  47475 80
101087.000000  47499 80
101119.000000  47523 80
101121.000000  47524 80
101147.000000  47543 80
101205.000000  47586 80
101207.000000  47587 80
101223.000000  47599 80
101233.000000  47606 80
101285.000000  47644 80
101317.000000  47668 80
101335.000000  47681 80
101369.000000  47706 80
101421.000000  47744 80
101421.000000  47744 80
101453.000000  47767 80
101499.000000  47801 80
101541.000000  47832 80
101557.000000  47844 80
101589.000000  47867 80
101597.000000  47873 80
101629.000000  47897 80
101655.000000  47916 80
101911.000000  48103 80
101913.000000  48105 80
102063.000000  48215 80
102083.000000  48230 80
102115.000000  48253 80
102129.000000  48263 80
102157.000000  48284 80
102183.000000  48303 80
102183.000000  48303 80
102199.000000  48315 80
102215.000000  48327 80
102239.000000  48344 80
102239.000000  48344 80
102273.000000  48369 80
102301.000000  48390 80
102357.000000  48431 80
102359.000000  48432 80
102371.000000  48441 80
102447.000000  48497 80
102525.000000  48554 80
102527.000000  48555 80
102529.000000  48557 80
102535.000000  48561 80
102565.000000  48583 80
102595.000000  48605 80
102611.000000  48617 80
102631.000000  48631 80
102657.000000  48651 80
102671.000000  48661 80
102729.000000  48703 80
102751.000000  48720 80
102843.000000  48787 80
102879.000000  48814 80
102909.000000  48836 80
102921.000000  48844 80
102959.000000  48872 80
102961.000000  48874 80
103031.000000  48925 80
103031.000000  48925 80
103091.000000  48969 80
103101.000000  48976 80
103135.000000  49001 80
103135.000000  49001 80
103135.000000  49001 80
103185.000000  49038 80
103245.000000  49082 80
103319.000000  49136 80
103339.000000  49151 80
103367.000000  49172 80
103385.000000  49185 80
103421.000000  49211 80
103445.000000  49229 80
103461.000000  49241 80
103481.000000  49255 80
103495.000000  49265 80
103525.000000  49287 80
103525.000000  49287 80
103551.000000  49307 80
103585.000000  49331 80
103587.000000  49333 80
103623.000000  49359 80
103659.000000  49386 80
103681.000000  49402 80
103691.000000  49409 80
103817.000000  49502 80
103859.000000  49533 80
103933.000000  49587 80
103951.000000  49600 80
104005.000000  49639 80
104031.000000  49659 80
104089.000000  49701 80
104153.000000  49748 80
104179.000000  49767 80
104235.000000  49808 80
104269.000000  49833 80
104303.000000  49858 80
104355.000000  49896 80
104355.000000  49896 80
104411.000000  49937 80
104435.000000  49955 80
104509.000000  50009 80
104523.000000  50019 80
104523.000000  50019 80
104555.000000  50043 80
104591.000000  50069 80
104623.000000  50093 80
104651.000000  50113 80
104665.000000  50124 80
104681.000000  50135 80
104729.000000  50171 80
104763.000000  50195 80
104823.000000  50239 80
104907.000000  50301 80
104981.000000  50355 80
105079.000000  50427 80
105081.000000  50429 80
105099.000000  50442 80
105123.000000  50459 80
105123.000000  50459 80
105141.000000  50473 80
105157.000000  50485 80
105157.000000  50485 80
105239.000000  50545 80
105271.000000  50568 80
105291.000000  50583 80
105311.000000  50597 80
105321.000000  50605 80
105381.000000  50649 80
105401.000000  50663 80
105411.000000  50671 80
105425.000000  50681 80
105439.000000  50691 80
105463.000000  50709 80
105477.000000  50719 80
105477.000000  50719 80
105509.000000  50743 80
105539.000000  50765 80
105541.000000  50766 80
105567.000000  50785 80
105597.000000  50807 80
105611.000000  50817 80
105635.000000  50835 80
105667.000000  50859 80
105691.000000  50876 80
105769.000000  50933 80
105801.000000  50957 80
105827.000000  50976 80
105829.000000  50977 80
105851.000000  50993 80
105875.000000  51011 80
105901.000000  51030 80
105931.000000  51052 80
105945.000000  51063 80
105965.000000  51077 80
106035.000000  51129 80
106047.000000  51137 80
106079.000000  51161 80
106081.000000  51162 80
106359.000000  51366 80
106361.000000  51368 80
106365.000000  51371 80
106387.000000  51387 80
106389.000000  51388 80
106417.000000  51409 80
106431.000000  51419 80
106467.000000  51445 80
106497.000000  51467 80
106521.000000  51485 80
106569.000000  51520 80
106597.000000  51541 80
106599.000000  51542 80
106629.000000  51564 80
106655.000000  51583 80
106679.000000  51601 80
106695.000000  51613 80
106707.000000  51621 80
106733.000000  51641 80
106769.000000  51667 80
106771.000000  51669 80
106825.000000  51708 80
106827.000000  51709 80
106847.000000  51724 80
106857.000000  51731 80
106893.000000  51758 80
106895.000000  51759 80
106913.000000  51773 80
106913.000000  51773 80
106949.000000  51799 80
106951.000000  51800 80
106971.000000  51815 80
107037.000000  51863 80
107053.000000  51875 80
107067.000000  51885 80
107099.000000  51909 80
107267.000000  52032 80
107269.000000  52034 80
107305.000000  52060 80
107327.000000  52076 80
107329.000000  52078 80
107395.000000  52126 80
107429.000000  52151 80
107463.000000  52176 80
107535.000000  52229 80
107535.000000  52229 80
107571.000000  52255 80
107641.000000  52307 80
107643.000000  52308 80
107649.000000  52313 80
107669.000000  52327 80
107695.000000  52346 80
107721.000000  52365 80
107737.000000  52377 80
107753.000000  52389 80
107803.000000  52425 80
107827.000000  52443 80
107837.000000  52450 80
107879.000000  52481 80
107921.000000  52512 80
107921.000000  52512 80
107921.000000  52512 80
107921.000000  52512 80
108043.000000  52601 80
108121.000000  52659 80
108123.000000  52660 80
108177.000000  52700 80
108211.000000  52725 80
108265.000000  52764 80
108265.000000  52764 80
108265.000000  52764 80
108291.000000  52783 80
108339.000000  52819 80
108373.000000  52843 80
108373.000000  52843 80
108405.000000  52867 80
108453.000000  52902 80
108487.000000  52927 80
108535.000000  52962 80
108551.000000  52974 80
108585.000000  52999 80
108649.000000  53046 80
108683.000000  53071 80
108715.000000  53094 80
108749.000000  53119 80
108751.000000  53121 80
108875.000000  53212 80
108903.000000  53232 80
108917.000000  53243 80
108917.000000  53243 80
108961.000000  53275 80
109075.000000  53358 80
109111.000000  53385 80
109231.000000  53473 80
109305.000000  53527 80
109305.000000  53527 80
109361.000000  53568 80
109375.000000  53579 80
109377.000000  53580 80
109433.000000  53621 80
109465.000000  53645 80
109489.000000  53662 80
109523.000000  53687 80
109545.000000  53703 80
109573.000000  53724 80
109573.000000  53724 80
109619.000000  53757 80
109635.000000  53769 80
109669.000000  53794 80
109693.000000  53812 80
109731.000000  53840 80
109761.000000  53862 80
109763.000000  53863 80
109793.000000  53885 80
109793.000000  53885 80
109831.000000  53913 80
109845.000000  53923 80
109857.000000  53932 80
109891.000000  53957 80
109935.000000  53989 80
109935.000000  53989 80
109967.000000  54013 80
110003.000000  54039 80
110005.000000  54041 80
110025.000000  54055 80
110057.000000  54079 80
110089.000000  54102 80
110147.000000  54145 80
110161.000000  54155 80
110161.000000  54155 80
110185.000000  54173 80
110217.000000  54196 80
110243.000000  54215 80
110245.000000  54217 80
110257.000000  54225 80
110289.000000  54249 80
110289.000000  54249 80
110313.000000  54267 80
110351.000000  54294 80
111885.000000  55420 80
111887.000000  55421 80
111891.000000  55424 80
111891.000000  55424 80
111891.000000  55424 80
111917.000000  55443 80
111943.000000  55463 80
111943.000000  55463 80
111979.000000  55489 80
112001.000000  55505 80
112035.000000  55530 80
112057.000000  55546 80
112059.000000  55547 80
112067.000000  55553 80
112067.000000  55553 80
112083.000000  55565 80
112093.000000  55573 80
112125.000000  55596 80
112137.000000  55605 80
112157.000000  55619 80
112193.000000  55646 80
112207.000000  55656 80
112207.000000  55656 80
112265.000000  55699 80
112297.000000  55722 80
112347.000000  55759 80
112385.000000  55787 80
112425.000000  55816 80
112481.000000  55857 80
112539.000000  55900 80
112595.000000  55941 80
112629.000000  55966 80
112703.000000  56020 80
112739.000000  56046 80
112763.000000  56064 80
112763.000000  56064 80
112779.000000  56076 80
112839.000000  56120 80
112871.000000  56143 80
112919.000000  56178 80
112955.000000  56205 80
113071.000000  56290 80
113105.000000  56315 80
113105.000000  56315 80
113105.000000  56315 80
113105.000000  56315 80
113105.000000  56315 80
113167.000000  56360 80
113221.000000  56400 80
113249.000000  56421 80
113305.000000  56462 80
113305.000000  56462 80
113315.000000  56469 80
113345.000000  56491 80
113345.000000  56491 80
113399.000000  56531 80
113477.000000  56588 80
113505.000000  56608 80
113527.000000  56624 80
113555.000000  56645 80
113579.000000  56663 80
113625.000000  56696 80
113627.000000  56698 80
113635.000000  56704 80
113657.000000  56720 80
113681.000000  56737 80
113729.000000  56773 80
113765.000000  56799 80
113767.000000  56801 80
113851.000000  56862 80
113885.000000  56887 80
113939.000000  56927 80
114035.000000  56997 80
114047.000000  57006 80
114071.000000  57023 80
114093.000000  57040 80
114093.000000  57040 80
114157.000000  57087 80
114215.000000  57129 80
114253.000000  57157 80
114269.000000  57169 80
114295.000000  57188 80
114325.000000  57210 80
114339.000000  57220 80
114373.000000  57245 80
114405.000000  57269 80
114405.000000  57269 80
114429.000000  57286 80
114439.000000  57293 80
114453.000000  57304 80
114475.000000  57320 80
114491.000000  57332 80
114501.000000  57339 80
114645.000000  57445 80
114669.000000  57462 80
114669.000000  57462 80
114703.000000  57487 80
114845.000000  57591 80
114883.000000  57619 80
114885.000000  57621 80
114945.000000  57665 80
114985.000000  57694 80
115001.000000  57706 80
115059.000000  57748 80
115061.000000  57750 80
115143.000000  57810 80
115197.000000  57849 80
115301.000000  57926 80
115303.000000  57927 80
115339.000000  57954 80
115385.000000  57987 80
115425.000000  58017 80
115437.000000  58025 80
115485.000000  58061 80
115537.000000  58099 80
115555.000000  58112 80
115575.000000  58127 80
115585.000000  58134 80
115603.000000  58147 80
115655.000000  58185 80
115689.000000  58210 80
115701.000000  58219 80
115701.000000  58219 80
115735.000000  58244 80
115761.000000  58263 80
115793.000000  58287 80
115815.000000  58303 80
115849.000000  58328 80
115871.000000  58344 80
115927.000000  58385 80
115941.000000  58395 80
116115.000000  58523 80
116117.000000  58524 80
116171.000000  58564 80
116187.000000  58576 80
116207.000000  58590 80
116267.000000  58634 80
116269.000000  58636 80
116321.000000  58674 80
116385.000000  58721 80
116441.000000  58762 80
116455.000000  58772 80
116489.000000  58797 80
116489.000000  58797 80
116503.000000  58807 80
116537.000000  58833 80
116615.000000  58890 80
116617.000000  58891 80
116647.000000  58913 80
116667.000000  58928 80
116713.000000  58962 80
116737.000000  58979 80
116751.000000  58989 80
116751.000000  58989 80
116775.000000  59007 80
116783.000000  59013 80
116801.000000  59026 80
116817.000000  59038 80
116891.000000  59092 80
116953.000000  59138 80
116977.000000  59155 80
117049.000000  59208 80
117051.000000  59209 80
117085.000000  59235 80
117109.000000  59252 80
117141.000000  59276 80
117165.000000  59293 80
117199.000000  59318 80
117201.000000  59320 80
117229.000000  59340 80
117243.000000  59350 80
117243.000000  59350 80
117291.000000  59385 80
117293.000000  59387 80
117299.000000  59391 80
117341.000000  59422 80
117343.000000  59424 80
117391.000000  59459 80
117403.000000  59468 80
117423.000000  59482 80
117449.000000  59501 80
117449.000000  59501 80
117471.000000  59518 80
117493.000000  59534 80
117507.000000  59544 80
117509.000000  59545 80
117533.000000  59563 80
117533.000000  59563 80
117593.000000  59607 80
117607.000000  59617 80
117633.000000  59637 80
117665.000000  59660 80
117665.000000  59660 80
117695.000000  59682 80
117697.000000  59683 80
117757.000000  59727 80
117815.000000  59770 80
117879.000000  59817 80
117931.000000  59855 80
117959.000000  59876 80
118105.000000  59983 80
118137.000000  60006 80
118169.000000  60030 80
118195.000000  60049 80
118211.000000  60061 80
118241.000000  60083 80
118241.000000  60083 80
118295.000000  60122 80
118319.000000  60140 80
118319.000000  60140 80
118335.000000  60151 80
118365.000000  60173 80
118365.000000  60173 80
118393.000000  60194 80
118393.000000  60194 80
118451.000000  60237 80
118453.000000  60238 80
118481.000000  60259 80
118511.000000  60281 80
118551.000000  60310 80
118567.000000  60321 80
118579.000000  60330 80
118603.000000  60348 80
118605.000000  60349 80
118627.000000  60365 80
118649.000000  60382 80
118679.000000  60404 80
118679.000000  60404 80
118731.000000  60442 80
118777.000000  60476 80
118777.000000  60476 80
118833.000000  60517 80
118869.000000  60543 80
118891.000000  60559 80
118953.000000  60605 80
118955.000000  60606 80
119111.000000  60721 80
119277.000000  60842 80
119277.000000  60842 80
119411.000000  60941 80
119635.000000  61105 80
119715.000000  61164 80
119865.000000  61274 80
120091.000000  61440 80
120295.000000  61589 80
120399.000000  61665 80
120577.000000  61796 80
120579.000000  61798 80
120671.000000  61865 80
120719.000000  61900 80
120807.000000  61965 80
120939.000000  62062 80
120973.000000  62087 80
121057.000000  62148 80
121057.000000  62148 80
121117.000000  62192 80
121133.000000  62204 80
121147.000000  62214 80
121169.000000  62230 80
121201.000000  62254 80
121215.000000  62264 80
121235.000000  62279 80
121327.000000  62346 80
121329.000000  62348 80
121387.000000  62390 80
121615.000000  62558 80
121807.000000  62698 80
121809.000000  62700 80
121873.000000  62747 80
122173.000000  62967 80
122175.000000  62969 80
122299.000000  63059 80
122323.000000  63077 80
122479.000000  63191 80
122591.000000  63273 80
122603.000000  63282 80
122627.000000  63300 80
122647.000000  63315 80
122667.000000  63329 80
122687.000000  63344 80
122721.000000  63369 80
122755.000000  63394 80
122757.000000  63395 80
122809.000000  63433 80
122863.000000  63473 80
122887.000000  63491 80
122899.000000  63499 80
122935.000000  63526 80
123005.000000  63577 80
123047.000000  63608 80
123097.000000  63645 80
123183.000000  63708 80
123203.000000  63722 80
123237.000000  63747 80
123263.000000  63767 80
123287.000000  63784 80
123307.000000  63799 80
123321.000000  63809 80
123337.000000  63821 80
123363.000000  63840 80
123385.000000  63856 80
123399.000000  63866 80
123423.000000  63884 80
123431.000000  63890 80
123447.000000  63901 80
123473.000000  63920 80
123561.000000  63985 80
123575.000000  63995 80
123601.000000  64014 80
123635.000000  64039 80
123725.000000  64105 80
123809.000000  64167 80
123839.000000  64189 80
123839.000000  64189 80
123853.000000  64199 80
123897.000000  64231 80
123933.000000  64258 80
124119.000000  64394 80
124141.000000  64410 80
124155.000000  64421 80
124179.000000  64438 80
124179.000000  64438 80
124243.000000  64485 80
124345.000000  64560 80
124407.000000  64605 80
124711.000000  64829 80
124795.000000  64890 80
125039.000000  65069 80
125041.000000  65071 80
125159.000000  65157 80
125209.000000  65194 80
125225.000000  65206 80
125265.000000  65235 80
125289.000000  65253 80
125291.000000  65254 80
125357.000000  65303 80
125391.000000  65327 80
125391.000000  65327 80
125451.000000  65371 80
125537.000000  65435 80
125691.000000  65547 80
125693.000000  65549 80
125805.000000  65631 80
125933.000000  65725 80
125933.000000  65725 80
126111.000000  65856 80
126165.000000  65895 80
126371.000000  66047 80
126515.000000  66152 80
126589.000000  66207 80
126603.000000  66217 80
126677.000000  66271 80
126679.000000  66273 80
126739.000000  66317 80
126739.000000  66317 80
126879.000000  66419 80
126957.000000  66477 80
127125.000000  66600 80
127347.000000  66763 80
127349.000000  66764 80
127407.000000  66807 80
127439.000000  66830 80
127495.000000  66871 80
127593.000000  66943 80
127593.000000  66943 80
127615.000000  66959 80
127689.000000  67013 80
127721.000000  67037 80
127847.000000  67129 80
127849.000000  67131 80
127907.000000  67174 80
127973.000000  67222 80
128173.000000  67369 80
128465.000000  67583 80
128645.000000  67715 80
128697.000000  67753 80
128697.000000  67753 80
128733.000000  67779 80
128807.000000  67834 80
128845.000000  67862 80
128861.000000  67873 80
128933.000000  67926 80
128933.000000  67926 80
129009.000000  67982 80
129047.000000  68010 80
129063.000000  68022 80
129073.000000  68029 80
129093.000000  68044 80
129121.000000  68064 80
129143.000000  68080 80
129177.000000  68105 80
129205.000000  68126 80
129207.000000  68127 80
129237.000000  68149 80
129239.000000  68151 80
129343.000000  68227 80
129397.000000  68267 80
129447.000000  68303 80
129449.000000  68305 80
129473.000000  68323 80
129601.000000  68416 80
129625.000000  68434 80
129677.000000  68472 80
129715.000000  68500 80
129779.000000  68547 80
129781.000000  68548 80
129811.000000  68571 80
129813.000000  68572 80
129897.000000  68634 80
129931.000000  68659 80
129985.000000  68698 80
130055.000000  68749 80
130067.000000  68758 80
130089.000000  68774 80
130129.000000  68804 80
130159.000000  68826 80
130159.000000  68826 80
130193.000000  68851 80
130229.000000  68877 80
130229.000000  68877 80
130245.000000  68889 80
130269.000000  68906 80
130269.000000  68906 80
130301.000000  68930 80
130351.000000  68967 80
130353.000000  68968 80
130387.000000  68993 80
130465.000000  69050 80
130467.000000  69052 80
130499.000000  69075 80
130531.000000  69099 80
130533.000000  69100 80
130545.000000  69109 80
130567.000000  69125 80
130599.000000  69148 80
130625.000000  69168 80
130659.000000  69193 80
130681.000000  69209 80
130715.000000  69234 80
130747.000000  69257 80
130775.000000  69278 80
130775.000000  69278 80
130823.000000  69313 80
130855.000000  69336 80
130873.000000  69349 80
130919.000000  69383 80
130943.000000  69401 80
131051.000000  69480 80
131065.000000  69490 80
131121.000000  69531 80
131121.000000  69531 80
131121.000000  69531 80
131145.000000  69549 80
131205.000000  69593 80
131207.000000  69595 80
131235.000000  69615 80
131265.000000  69637 80
131299.000000  69662 80
131327.000000  69683 80
131343.000000  69694 80
131373.000000  69716 80
131381.000000  69722 80
131397.000000  69734 80
131439.000000  69765 80
131483.000000  69797 80
131483.000000  69797 80
131507.000000  69815 80
131521.000000  69825 80
131537.000000  69837 80
131559.000000  69853 80
131559.000000  69853 80
131597.000000  69881 80
131813.000000  70039 80
131815.000000  70041 80
131865.000000  70077 80
131919.000000  70117 80
131955.000000  70143 80
132061.000000  70221 80
132077.000000  70233 80
132125.000000  70268 80
132149.000000  70285 80
132151.000000  70287 80
132161.000000  70294 80
132191.000000  70316 80
132207.000000  70328 80
132237.000000  70350 80
132265.000000  70371 80
132283.000000  70384 80
132315.000000  70407 80
132349.000000  70432 80
132373.000000  70450 80
132407.000000  70475 80
132461.000000  70514 80
132485.000000  70532 80
132485.000000  70532 80
132543.000000  70574 80
132627.000000  70636 80
132651.000000  70654 80
132675.000000  70671 80
132687.000000  70680 80
132687.000000  70680 80
132709.000000  70696 80
132711.000000  70698 80
132747.000000  70724 80
132779.000000  70748 80
132779.000000  70748 80
132801.000000  70764 80
132811.000000  70771 80
132843.000000  70795 80
132887.000000  70827 80
132905.000000  70840 80
132925.000000  70855 80
132925.000000  70855 80
132959.000000  70879 80
133039.000000  70938 80
133041.000000  70940 80
133043.000000  70941 80
133075.000000  70965 80
133103.000000  70985 80
133105.000000  70987 80
133137.000000  71010 80
133191.000000  71050 80
133219.000000  71070 80
133233.000000  71081 80
133263.000000  71103 80
133277.000000  71113 80
133293.000000  71125 80
133303.000000  71132 80
133303.000000  71132 80
133325.000000  71148 80
133343.000000  71161 80
133401.000000  71204 80
133425.000000  71221 80
133425.000000  71221 80
133453.000000  71242 80
133487.000000  71267 80
133501.000000  71277 80
133523.000000  71293 80
133573.000000  71330 80
133611.000000  71358 80
133613.000000  71359 80
133663.000000  71396 80
133717.000000  71435 80
133751.000000  71460 80
134157.000000  71758 80
134165.000000  71764 80
134189.000000  71782 80
134207.000000  71795 80
134283.000000  71851 80
134319.000000  71877 80
134341.000000  71893 80
134375.000000  71918 80
134397.000000  71934 80
134411.000000  71945 80
134499.000000  72009 80
134499.000000  72009 80
134499.000000  72009 80
134537.000000  72037 80
134587.000000  72073 80
134617.000000  72095 80
134647.000000  72117 80
134681.000000  72142 80
134703.000000  72159 80
134719.000000  72170 80
134721.000000  72172 80
134737.000000  72183 80
134771.000000  72208 80
134821.000000  72245 80
134823.000000  72247 80
134843.000000  72261 80
134873.000000  72283 80
134897.000000  72301 80
134991.000000  72370 80
135045.000000  72409 80
135069.000000  72427 80
135101.000000  72451 80
135103.000000  72452 80
135177.000000  72506 80
135195.000000  72519 80
135235.000000  72549 80
135241.000000  72553 80
135261.000000  72568 80
135331.000000  72619 80
135349.000000  72632 80
135373.000000  72650 80
135405.000000  72673 80
135415.000000  72681 80
135437.000000  72697 80
135487.000000  72734 80
135547.000000  72778 80
135581.000000  72803 80
135635.000000  72842 80
135665.000000  72864 80
135665.000000  72864 80
135699.000000  72889 80
135725.000000  72908 80
135757.000000  72932 80
135785.000000  72952 80
135815.000000  72974 80
135833.000000  72987 80
135853.000000  73002 80
135871.000000  73015 80
135907.000000  73042 80
135923.000000  73053 80
135945.000000  73070 80
135957.000000  73078 80
135959.000000  73080 80
136073.000000  73163 80
136093.000000  73178 80
136109.000000  73190 80
136111.000000  73191 80
136125.000000  73202 80
136155.000000  73224 80
136187.000000  73247 80
136187.000000  73247 80
136247.000000  73291 80
136255.000000  73297 80
136291.000000  73323 80
136293.000000  73325 80
136345.000000  73363 80
136347.000000  73365 80
136367.000000  73379 80
136399.000000  73403 80
136429.000000  73425 80
136431.000000  73426 80
136463.000000  73450 80
136477.000000  73460 80
136543.000000  73508 80
136575.000000  73532 80
136597.000000  73548 80
136645.000000  73583 80
136695.000000  73620 80
136785.000000  73686 80
136819.000000  73711 80
136821.000000  73712 80
136879.000000  73755 80
136879.000000  73755 80
136879.000000  73755 80
136915.000000  73781 80
136943.000000  73802 80
136945.000000  73803 80
136975.000000  73825 80
137059.000000  73887 80
137061.000000  73888 80
137067.000000  73893 80
137087.000000  73907 80
137113.000000  73927 80
138359.000000  74841 80
138361.000000  74842 80
138363.000000  74844 80
138385.000000  74860 80
138411.000000  74879 80
138421.000000  74886 80
138439.000000  74899 80
138469.000000  74921 80
138485.000000  74933 80
138537.000000  74971 80
138613.000000  75027 80
138649.000000  75054 80
138677.000000  75074 80
138711.000000  75099 80
138767.000000  75140 80
138789.000000  75156 80
138791.000000  75158 80
138799.000000  75164 80
138799.000000  75164 80
138817.000000  75177 80
138825.000000  75183 80
138855.000000  75205 80
138867.000000  75214 80
138901.000000  75239 80
138903.000000  75240 80
138933.000000  75262 80
138967.000000  75287 80
139043.000000  75343 80
139043.000000  75343 80
139079.000000  75369 80
139095.000000  75381 80
139095.000000  75381 80
139167.000000  75434 80
139217.000000  75470 80
139241.000000  75488 80
139307.000000  75536 80
139349.000000  75567 80
139351.000000  75569 80
139383.000000  75592 80
139437.000000  75632 80
139459.000000  75648 80
139461.000000  75649 80
139519.000000  75692 80
139575.000000  75733 80
139659.000000  75795 80
139697.000000  75822 80
139719.000000  75839 80
139767.000000  75874 80
139813.000000  75907 80
139907.000000  75977 80
139939.000000  76000 80
140087.000000  76109 80
140141.000000  76148 80
140193.000000  76186 80
140193.000000  76186 80
140219.000000  76205 80
140273.000000  76245 80
140303.000000  76267 80
140361.000000  76309 80
140409.000000  76345 80
140517.000000  76424 80
140529.000000  76433 80
140529.000000  76433 80
140553.000000  76450 80
140675.000000  76540 80
140747.000000  76593 80
140749.000000  76594 80
140775.000000  76613 80
140807.000000  76637 80
140807.000000  76637 80
140839.000000  76660 80
140903.000000  76707 80
140905.000000  76709 80
140935.000000  76731 80
140943.000000  76736 80
140963.000000  76751 80
140977.000000  76761 80
141031.000000  76801 80
141043.000000  76810 80
141081.000000  76838 80
141111.000000  76860 80
141145.000000  76885 80
141145.000000  76885 80
141167.000000  76901 80
141187.000000  76916 80
141201.000000  76926 80
141217.000000  76938 80
141231.000000  76948 80
141275.000000  76980 80
141277.000000  76982 80
141307.000000  77004 80
141307.000000  77004 80
141331.000000  77021 80
141367.000000  77048 80
141369.000000  77049 80
141389.000000  77064 80
141401.000000  77073 80
141433.000000  77096 80
141455.000000  77112 80
141455.000000  77112 80
141489.000000  77137 80
141521.000000  77161 80
141557.000000  77187 80
141559.000000  77188 80
141627.000000  77238 80
141649.000000  77255 80
141677.000000  77275 80
141703.000000  77294 80
141811.000000  77373 80
141837.000000  77393 80
141909.000000  77445 80
141933.000000  77463 80
141947.000000  77473 80
142099.000000  77585 80
142115.000000  77597 80
142147.000000  77620 80
142147.000000  77620 80
142147.000000  77620 80
142147.000000  77620 80
142247.000000  77693 80
142265.000000  77707 80
142265.000000  77707 80
142275.000000  77714 80
142291.000000  77726 80
142303.000000  77734 80
142325.000000  77751 80
142325.000000  77751 80
142351.000000  77770 80
142373.000000  77786 80
142395.000000  77802 80
142395.000000  77802 80
142447.000000  77840 80
142473.000000  77859 80
142487.000000  77869 80
142519.000000  77893 80
142519.000000  77893 80
142533.000000  77903 80
142561.000000  77924 80
142617.000000  77965 80
142651.000000  77990 80
142703.000000  78028 80
142703.000000  78028 80
142729.000000  78047 80
142737.000000  78053 80
142737.000000  78053 80
142771.000000  78078 80
142825.000000  78117 80
142967.000000  78222 80
143101.000000  78320 80
143145.000000  78352 80
143253.000000  78432 80
143287.000000  78457 80
143287.000000  78457 80
143311.000000  78474 80
143371.000000  78518 80
143373.000000  78520 80
143379.000000  78524 80
143395.000000  78536 80
143479.000000  78597 80
143481.000000  78599 80
143487.000000  78603 80
143497.000000  78611 80
143513.000000  78622 80
143513.000000  78622 80
143535.000000  78639 80
143537.000000  78640 80
143561.000000  78657 80
143583.000000  78674 80
143591.000000  78679 80
143651.000000  78723 80
143675.000000  78741 80
143683.000000  78747 80
143705.000000  78763 80
143707.000000  78765 80
143729.000000  78781 80
143743.000000  78791 80
143759.000000  78803 80
143785.000000  78822 80
143787.000000  78823 80
143801.000000  78834 80
143819.000000  78847 80
143861.000000  78878 80
143873.000000  78887 80
143907.000000  78911 80
143909.000000  78913 80
143961.000000  78951 80
144015.000000  78991 80
144037.000000  79007 80
144131.000000  79076 80
144153.000000  79092 80
144155.000000  79093 80
144175.000000  79108 80
144271.000000  79178 80
144357.000000  79241 80
144397.000000  79271 80
144417.000000  79286 80
144433.000000  79297 80
144467.000000  79322 80
144491.000000  79340 80
144545.000000  79379 80
144545.000000  79379 80
144579.000000  79404 80
144603.000000  79422 80
144635.000000  79445 80
144663.000000  79466 80
144665.000000  79467 80
144725.000000  79511 80
144725.000000  79511 80
144725.000000  79511 80
144755.000000  79533 80
144775.000000  79548 80
144777.000000  79550 80
144805.000000  79570 80
144805.000000  79570 80
144817.000000  79579 80
144849.000000  79603 80
144959.000000  79683 80
145069.000000  79764 80
145105.000000  79790 80
145129.000000  79808 80
145161.000000  79831 80
145213.000000  79870 80
145213.000000  79870 80
145321.000000  79949 80
145377.000000  79990 80
145379.000000  79991 80
145401.000000  80007 80
145421.000000  80022 80
145453.000000  80045 80
145485.000000  80069 80
145487.000000  80071 80
145509.000000  80087 80
145557.000000  80122 80
145575.000000  80135 80
145587.000000  80144 80
145607.000000  80159 80
145653.000000  80192 80
145653.000000  80192 80
145677.000000  80210 80
145751.000000  80264 80
145753.000000  80266 80
145777.000000  80283 80
145791.000000  80293 80
145825.000000  80319 80
145851.000000  80337 80
145885.000000  80363 80
145887.000000  80364 80
145917.000000  80386 80
145951.000000  80411 80
145973.000000  80427 80
146035.000000  80473 80
146037.000000  80474 80
146083.000000  80508 80
146095.000000  80517 80
146115.000000  80531 80
146179.000000  80578 80
146209.000000  80600 80
146235.000000  80619 80
146259.000000  80637 80
146307.000000  80672 80
146343.000000  80699 80
146345.000000  80700 80
146365.000000  80715 80
146419.000000  80754 80
146443.000000  80772 80
