27757.000000  3 10
27817.000000  7 10
27907.000000  13 10
27967.000000  18 10
28049.000000  23 10
28049.000000  23 10
28157.000000  32 10
28181.000000  34 10
28239.000000  38 10
28271.000000  41 10
28293.000000  43 10
28327.000000  45 10
28359.000000  48 10
28373.000000  49 10
28433.000000  54 10
28451.000000  55 10
28499.000000  59 10
28541.000000  62 10
28579.000000  65 10
28579.000000  65 10
28597.000000  67 10
28667.000000  72 10
28723.000000  77 10
28725.000000  77 10
28777.000000  81 10
28811.000000  83 10
28843.000000  85 10
28877.000000  88 10
28877.000000  88 10
28909.000000  91 10
28909.000000  91 10
28909.000000  91 10
28921.000000  91 10
28935.000000  93 10
28975.000000  96 10
28983.000000  96 10
29019.000000  99 10
29021.000000  99 10
29059.000000  102 10
29059.000000  102 10
29059.000000  102 10
29059.000000  102 10
29167.000000  110 10
29209.000000  113 10
29239.000000  115 10
29285.000000  119 10
29297.000000  120 10
29329.000000  123 10
29383.000000  127 10
29409.000000  129 10
29443.000000  131 10
29517.000000  137 10
29575.000000  142 10
29611.000000  145 10
29613.000000  145 10
29679.000000  150 10
29679.000000  150 10
29693.000000  151 10
29767.000000  157 10
29783.000000  159 10
29801.000000  160 10
29831.000000  162 10
29863.000000  165 10
29883.000000  167 10
29897.000000  168 10
29913.000000  169 10
29931.000000  170 10
29963.000000  173 10
29979.000000  174 10
30009.000000  176 10
30021.000000  177 10
30057.000000  180 10
30085.000000  182 10
30087.000000  182 10
30121.000000  185 10
30123.000000  185 10
30145.000000  187 10
30199.000000  191 10
30201.000000  191 10
30217.000000  192 10
30249.000000  195 10
30275.000000  197 10
30275.000000  197 10
30321.000000  200 10
30345.000000  201 10
30345.000000  201 10
30365.000000  203 10
30379.000000  204 10
30379.000000  204 10
30421.000000  207 10
30497.000000  213 10
30535.000000  216 10
30557.000000  218 10
30593.000000  221 10
30595.000000  221 10
30619.000000  223 10
30675.000000  227 10
30677.000000  227 10
30733.000000  232 10
30735.000000  232 10
30789.000000  237 10
30799.000000  237 10
30855.000000  242 10
30887.000000  244 10
30905.000000  246 10
30931.000000  248 10
30963.000000  250 10
30989.000000  253 10
31015.000000  255 10
31017.000000  255 10
31033.000000  256 10
31049.000000  257 10
31093.000000  261 10
31093.000000  261 10
31115.000000  262 10
31139.000000  264 10
31155.000000  265 10
31157.000000  265 10
31183.000000  267 10
31205.000000  269 10
31241.000000  272 10
31243.000000  272 10
31261.000000  273 10
31261.000000  273 10
31295.000000  276 10
31377.000000  283 10
31411.000000  285 10
31439.000000  287 10
31455.000000  288 10
31491.000000  291 10
31493.000000  291 10
31511.000000  292 10
31511.000000  292 10
31545.000000  295 10
31567.000000  296 10
31599.000000  299 10
31619.000000  300 10
31645.000000  303 10
31659.000000  304 10
31693.000000  306 10
31727.000000  309 10
31749.000000  311 10
31759.000000  312 10
31785.000000  314 10
31813.000000  316 10
31823.000000  317 10
31847.000000  319 10
31861.000000  320 10
31877.000000  321 10
31905.000000  323 10
31937.000000  326 10
31937.000000  326 10
31963.000000  328 10
31995.000000  330 10
32021.000000  333 10
32053.000000  335 10
32075.000000  337 10
32075.000000  337 10
32109.000000  339 10
32141.000000  342 10
32173.000000  345 10
32195.000000  346 10
32195.000000  346 10
32207.000000  347 10
32229.000000  349 10
32243.000000  350 10
32269.000000  352 10
32283.000000  353 10
32285.000000  353 10
32309.000000  355 10
32349.000000  358 10
32385.000000  361 10
32409.000000  363 10
32423.000000  364 10
32423.000000  364 10
32449.000000  366 10
32475.000000  368 10
32511.000000  371 10
32541.000000  373 10
32543.000000  373 10
32571.000000  375 10
32573.000000  375 10
32597.000000  377 10
32611.000000  378 10
32643.000000  380 10
32681.000000  383 10
32683.000000  383 10
32785.000000  391 10
32807.000000  393 10
32817.000000  394 10
32851.000000  396 10
32899.000000  400 10
32951.000000  404 10
32975.000000  406 10
32993.000000  408 10
33011.000000  409 10
33027.000000  410 10
33063.000000  413 10
33105.000000  417 10
33157.000000  421 10
33171.000000  422 10
33205.000000  425 10
33221.000000  426 10
33251.000000  428 10
33251.000000  428 10
33251.000000  428 10
33251.000000  428 10
33357.000000  437 10
33359.000000  437 10
33381.000000  439 10
33381.000000  439 10
33413.000000  -1 10
33413.000000  -1 10
33461.000000  444 10
33473.000000  445 10
33491.000000  447 10
33491.000000  447 10
33523.000000  449 10
33545.000000  451 10
33545.000000  451 10
33567.000000  453 10
33637.000000  458 10
33655.000000  460 10
33703.000000  463 10
33733.000000  465 10
33765.000000  468 10
33821.000000  472 10
33837.000000  473 10
33849.000000  474 10
33879.000000  476 10
33881.000000  476 10
33897.000000  477 10
33925.000000  480 10
33981.000000  484 10
33983.000000  484 10
34003.000000  486 10
36191.000000  656 10
36239.000000  660 10
36269.000000  662 10
36281.000000  663 10
36297.000000  665 10
36313.000000  666 10
36329.000000  667 10
36421.000000  675 10
36445.000000  676 10
36479.000000  679 10
36479.000000  679 10
36479.000000  679 10
36479.000000  679 10
36479.000000  679 10
36557.000000  685 10
36591.000000  688 10
36613.000000  690 10
36613.000000  690 10
36647.000000  693 10
36685.000000  696 10
36685.000000  696 10
36685.000000  696 10
36685.000000  696 10
36755.000000  701 10
36787.000000  704 10
36833.000000  707 10
36833.000000  707 10
36857.000000  709 10
36905.000000  713 10
36921.000000  714 10
36969.000000  717 10
36981.000000  719 10
37041.000000  723 10
37073.000000  726 10
37073.000000  726 10
37103.000000  728 10
37105.000000  728 10
37117.000000  729 10
37135.000000  731 10
37137.000000  731 10
37167.000000  733 10
37169.000000  733 10
37197.000000  735 10
37199.000000  735 10
37259.000000  740 10
37261.000000  740 10
37287.000000  742 10
37327.000000  745 10
37429.000000  753 10
37431.000000  753 10
37493.000000  758 10
37529.000000  761 10
37543.000000  762 10
37563.000000  763 10
37587.000000  765 10
37653.000000  771 10
37687.000000  773 10
37741.000000  777 10
37793.000000  782 10
37869.000000  788 10
37871.000000  788 10
37891.000000  790 10
37893.000000  790 10
37955.000000  795 10
37957.000000  795 10
38005.000000  799 10
38021.000000  800 10
38051.000000  802 10
38075.000000  804 10
38095.000000  805 10
38131.000000  808 10
38133.000000  808 10
38195.000000  813 10
38195.000000  813 10
38195.000000  813 10
38195.000000  813 10
38237.000000  816 10
38271.000000  819 10
38295.000000  821 10
38297.000000  821 10
38329.000000  824 10
38383.000000  827 10
38405.000000  829 10
38407.000000  829 10
38461.000000  833 10
38463.000000  833 10
38477.000000  834 10
38491.000000  835 10
38491.000000  835 10
38519.000000  837 10
38553.000000  840 10
38579.000000  842 10
38609.000000  845 10
38635.000000  847 10
38655.000000  848 10
38669.000000  849 10
38685.000000  851 10
38699.000000  852 10
38721.000000  854 10
38745.000000  855 10
38759.000000  857 10
38759.000000  857 10
38785.000000  859 10
38837.000000  863 10
38839.000000  863 10
38853.000000  864 10
38853.000000  864 10
38879.000000  866 10
38915.000000  869 10
38939.000000  871 10
38949.000000  872 10
39009.000000  877 10
39025.000000  878 10
39037.000000  879 10
39059.000000  881 10
39095.000000  883 10
39097.000000  884 10
39125.000000  886 10
39137.000000  887 10
39197.000000  891 10
39247.000000  895 10
39281.000000  897 10
39281.000000  897 10
39511.000000  916 10
39523.000000  917 10
39525.000000  917 10
39537.000000  917 10
39591.000000  921 10
39623.000000  923 10
39623.000000  923 10
39655.000000  926 10
39667.000000  927 10
39681.000000  928 10
39715.000000  931 10
39799.000000  937 10
39801.000000  938 10
39835.000000  940 10
39837.000000  941 10
39857.000000  942 10
39867.000000  943 10
39887.000000  945 10
39933.000000  948 10
39935.000000  948 10
39957.000000  950 10
39971.000000  951 10
40001.000000  954 10
40047.000000  957 10
40085.000000  960 10
40085.000000  960 10
40109.000000  962 10
40135.000000  964 10
40153.000000  966 10
40153.000000  966 10
40171.000000  967 10
40199.000000  969 10
40205.000000  970 10
40237.000000  972 10
40269.000000  975 10
40271.000000  975 10
40273.000000  975 10
40279.000000  976 10
40307.000000  978 10
40309.000000  978 10
40315.000000  979 10
40421.000000  987 10
40443.000000  988 10
40497.000000  992 10
40531.000000  995 10
40533.000000  995 10
40569.000000  998 10
40571.000000  998 10
40587.000000  999 10
40605.000000  1001 10
40629.000000  1003 10
40723.000000  1009 10
40807.000000  1016 10
40835.000000  1018 10
40849.000000  1019 10
40881.000000  1022 10
40933.000000  1026 10
40933.000000  1026 10
41013.000000  1032 10
41077.000000  1037 10
41077.000000  1037 10
41133.000000  1042 10
41133.000000  1042 10
41165.000000  1044 10
41199.000000  1047 10
41251.000000  1051 10
41267.000000  1052 10
41295.000000  1055 10
41327.000000  1057 10
41381.000000  1062 10
41433.000000  1066 10
41447.000000  1067 10
41503.000000  1071 10
41503.000000  1071 10
41503.000000  1071 10
41527.000000  1073 10
41587.000000  1077 10
41589.000000  1077 10
41617.000000  1080 10
41669.000000  1084 10
41669.000000  1084 10
41699.000000  1086 10
41701.000000  1086 10
41755.000000  1091 10
41781.000000  1093 10
41811.000000  1095 10
41851.000000  1098 10
41879.000000  1099 10
41927.000000  1103 10
41973.000000  1107 10
41999.000000  1109 10
42001.000000  1109 10
42045.000000  1112 10
42107.000000  1117 10
42135.000000  1119 10
42149.000000  1121 10
42177.000000  1123 10
42191.000000  1124 10
42215.000000  1126 10
42273.000000  1131 10
42273.000000  1131 10
42345.000000  1136 10
42347.000000  1136 10
42401.000000  1141 10
42403.000000  1141 10
42429.000000  1143 10
42443.000000  1144 10
42459.000000  1145 10
42473.000000  1146 10
42491.000000  1148 10
42491.000000  1148 10
42559.000000  1153 10
42591.000000  1156 10
42605.000000  1157 10
42607.000000  1157 10
42631.000000  1159 10
42633.000000  1159 10
42703.000000  1164 10
42755.000000  1168 10
42771.000000  1169 10
42773.000000  1169 10
42787.000000  1171 10
42811.000000  1173 10
42811.000000  1173 10
42845.000000  1175 10
42869.000000  1177 10
42877.000000  1178 10
42913.000000  1181 10
42915.000000  1181 10
42935.000000  1182 10
42967.000000  1185 10
42991.000000  1186 10
43031.000000  1189 10
43061.000000  1191 10
43073.000000  1192 10
43091.000000  1194 10
43113.000000  1195 10
43127.000000  1197 10
43143.000000  1198 10
43169.000000  1200 10
43183.000000  1201 10
43207.000000  1203 10
43215.000000  1203 10
43235.000000  1205 10
43285.000000  1209 10
43339.000000  1213 10
43351.000000  1214 10
43393.000000  1218 10
43407.000000  1219 10
43461.000000  1223 10
43483.000000  1225 10
43499.000000  1226 10
43517.000000  1228 10
43573.000000  1232 10
43597.000000  1234 10
43633.000000  1237 10
43635.000000  1237 10
43685.000000  1241 10
43729.000000  1245 10
43769.000000  1248 10
43789.000000  1249 10
43821.000000  1252 10
43833.000000  1252 10
43859.000000  1254 10
43889.000000  1257 10
43903.000000  1257 10
43929.000000  1260 10
43955.000000  1262 10
43971.000000  1263 10
43981.000000  1264 10
43997.000000  1265 10
44013.000000  1266 10
44039.000000  1268 10
44067.000000  1271 10
44069.000000  1271 10
44083.000000  1272 10
44123.000000  1275 10
44147.000000  1277 10
44179.000000  1279 10
44209.000000  1281 10
44211.000000  1281 10
44237.000000  1283 10
44259.000000  1285 10
44315.000000  1289 10
44347.000000  1291 10
44369.000000  1293 10
44369.000000  1293 10
44397.000000  1295 10
44409.000000  1297 10
44427.000000  1298 10
44459.000000  1301 10
44493.000000  1303 10
44493.000000  1303 10
44521.000000  1305 10
44521.000000  1305 10
44549.000000  1307 10
44577.000000  1310 10
44607.000000  1312 10
44641.000000  1315 10
44641.000000  1315 10
44675.000000  1318 10
44699.000000  1320 10
44713.000000  1321 10
44739.000000  1323 10
44771.000000  1325 10
44827.000000  1330 10
44829.000000  1330 10
44861.000000  1333 10
44891.000000  1335 10
44893.000000  1335 10
44907.000000  1336 10
44939.000000  1339 10
44979.000000  1342 10
45019.000000  1345 10
45021.000000  1345 10
45069.000000  1348 10
45113.000000  1352 10
45159.000000  1355 10
45171.000000  1356 10
45221.000000  1360 10
45423.000000  1375 10
45425.000000  1375 10
45479.000000  1380 10
45513.000000  1382 10
45547.000000  1385 10
45581.000000  1388 10
45611.000000  1390 10
45631.000000  1392 10
45671.000000  1395 10
45671.000000  1395 10
45735.000000  1400 10
45813.000000  1406 10
45835.000000  1408 10
45847.000000  1409 10
45899.000000  1413 10
45947.000000  1417 10
45959.000000  1418 10
45975.000000  1419 10
46031.000000  1424 10
46033.000000  1424 10
46041.000000  1425 10
46097.000000  1429 10
46097.000000  1429 10
46131.000000  1431 10
46155.000000  1433 10
46163.000000  1434 10
46195.000000  1436 10
46219.000000  1438 10
46233.000000  1439 10
46259.000000  1441 10
46331.000000  1447 10
46355.000000  1449 10
46369.000000  1450 10
46379.000000  1451 10
46399.000000  1452 10
46447.000000  1456 10
46465.000000  1457 10
46485.000000  1458 10
46493.000000  1459 10
46521.000000  1461 10
46557.000000  1464 10
46559.000000  1464 10
46591.000000  1466 10
46617.000000  1469 10
46633.000000  1470 10
46667.000000  1472 10
46669.000000  1473 10
46743.000000  1478 10
46745.000000  1479 10
46777.000000  1481 10
46801.000000  1483 10
46833.000000  1486 10
46855.000000  1487 10
46869.000000  1489 10
46869.000000  1489 10
46901.000000  1491 10
46915.000000  1492 10
46935.000000  1494 10
46981.000000  1497 10
46995.000000  1498 10
47031.000000  1501 10
47055.000000  1503 10
47065.000000  1504 10
47085.000000  1506 10
47111.000000  1508 10
47131.000000  1509 10
47157.000000  1511 10
47167.000000  1512 10
47193.000000  1514 10
47195.000000  1515 10
47209.000000  1516 10
47237.000000  1518 10
47261.000000  1520 10
47275.000000  1521 10
47297.000000  1522 10
47313.000000  1523 10
47345.000000  1526 10
47433.000000  1533 10
47461.000000  1535 10
47525.000000  1540 10
47563.000000  1543 10
47633.000000  1548 10
47651.000000  1549 10
47651.000000  1549 10
47711.000000  1553 10
47733.000000  1555 10
47749.000000  1557 10
47779.000000  1559 10
47805.000000  1561 10
47815.000000  1562 10
47839.000000  1564 10
47895.000000  1568 10
47907.000000  1569 10
47963.000000  1573 10
47991.000000  1576 10
47991.000000  1576 10
48025.000000  1578 10
48055.000000  1581 10
48057.000000  1581 10
48071.000000  1582 10
48093.000000  1584 10
48127.000000  1587 10
48129.000000  1587 10
48155.000000  1589 10
48163.000000  1589 10
48179.000000  1591 10
48191.000000  1592 10
48237.000000  1595 10
48237.000000  1595 10
48237.000000  1595 10
48247.000000  1596 10
48261.000000  1597 10
48279.000000  1599 10
48313.000000  1601 10
48345.000000  1604 10
48353.000000  1605 10
48415.000000  1609 10
48451.000000  1612 10
48451.000000  1612 10
48485.000000  1615 10
48519.000000  1617 10
48519.000000  1617 10
48519.000000  1617 10
48605.000000  1624 10
48661.000000  1628 10
48697.000000  1631 10
48699.000000  1631 10
48749.000000  1635 10
48749.000000  1635 10
48775.000000  1637 10
48825.000000  1640 10
48871.000000  1644 10
48901.000000  1646 10
48903.000000  1646 10
48929.000000  1648 10
48953.000000  1650 10
48969.000000  1651 10
48987.000000  1653 10
48987.000000  1653 10
49025.000000  1656 10
49045.000000  1657 10
49065.000000  1659 10
49091.000000  1661 10
49105.000000  1662 10
49127.000000  1664 10
49159.000000  1667 10
49181.000000  1668 10
49181.000000  1668 10
49197.000000  1669 10
49205.000000  1670 10
49219.000000  1671 10
49219.000000  1671 10
49241.000000  1673 10
49255.000000  1674 10
49273.000000  1676 10
49339.000000  1681 10
49361.000000  1683 10
49361.000000  1683 10
49397.000000  1685 10
49399.000000  1686 10
49419.000000  1687 10
49467.000000  1691 10
49467.000000  1691 10
49509.000000  1694 10
49551.000000  1698 10
49581.000000  1700 10
49589.000000  1701 10
49637.000000  1704 10
49663.000000  1706 10
49723.000000  1711 10
49789.000000  1716 10
49811.000000  1718 10
49813.000000  1718 10
49845.000000  1720 10
49871.000000  1723 10
49905.000000  1725 10
49979.000000  1730 10
50043.000000  1735 10
50045.000000  1735 10
50073.000000  1737 10
50157.000000  1744 10
50181.000000  1746 10
50201.000000  1747 10
50275.000000  1753 10
50275.000000  1753 10
50325.000000  1757 10
50381.000000  1762 10
50381.000000  1762 10
50435.000000  1766 10
50437.000000  1766 10
50501.000000  1771 10
50567.000000  1777 10
50579.000000  1778 10
50613.000000  1780 10
50615.000000  1781 10
50635.000000  1782 10
50667.000000  1785 10
50691.000000  1787 10
50699.000000  1787 10
50737.000000  1790 10
50737.000000  1790 10
50751.000000  1791 10
50793.000000  1794 10
50835.000000  1797 10
50849.000000  1798 10
50865.000000  1800 10
50885.000000  1801 10
50895.000000  1802 10
50895.000000  1802 10
50895.000000  1802 10
50895.000000  1802 10
50895.000000  1802 10
50895.000000  1802 10
50943.000000  1806 10
50963.000000  1807 10
50971.000000  1808 10
50989.000000  1809 10
50999.000000  1810 10
51023.000000  1812 10
51033.000000  1813 10
51049.000000  1814 10
51081.000000  1816 10
51093.000000  1817 10
51107.000000  1818 10
51131.000000  1820 10
51143.000000  1821 10
51167.000000  1823 10
51181.000000  1824 10
52671.000000  1940 10
52671.000000  1940 10
52671.000000  1940 10
52671.000000  1940 10
52723.000000  1944 10
52753.000000  1947 10
52801.000000  1951 10
52823.000000  1952 10
52841.000000  1954 10
52863.000000  1955 10
52893.000000  1958 10
52915.000000  1959 10
52939.000000  1961 10
52991.000000  1966 10
53023.000000  1968 10
53051.000000  1970 10
53051.000000  1970 10
53051.000000  1970 10
53063.000000  1971 10
53097.000000  1973 10
53149.000000  1977 10
53151.000000  1978 10
53249.000000  1985 10
53249.000000  1985 10
53249.000000  1985 10
53255.000000  1986 10
53283.000000  1988 10
53289.000000  1989 10
53301.000000  1989 10
53301.000000  1989 10
53329.000000  1992 10
53361.000000  1994 10
53363.000000  1994 10
53395.000000  1997 10
53397.000000  1997 10
53399.000000  1997 10
53427.000000  1999 10
53427.000000  1999 10
53443.000000  2000 10
53465.000000  2001 10
53517.000000  2005 10
53519.000000  2005 10
53535.000000  2007 10
53565.000000  2009 10
53579.000000  2010 10
53599.000000  2012 10
53613.000000  2013 10
53625.000000  2014 10
53655.000000  2016 10
53681.000000  2019 10
53683.000000  2019 10
53717.000000  2021 10
53769.000000  2025 10
53793.000000  2027 10
53827.000000  2030 10
53861.000000  2033 10
53915.000000  2037 10
53949.000000  2040 10
53949.000000  2040 10
53991.000000  2043 10
54011.000000  2045 10
54061.000000  2049 10
54091.000000  2051 10
54113.000000  2053 10
54169.000000  2057 10
54191.000000  2059 10
54239.000000  2063 10
54273.000000  2065 10
54275.000000  2065 10
54297.000000  2067 10
54329.000000  2069 10
54329.000000  2069 10
54383.000000  2074 10
54411.000000  2076 10
54443.000000  2078 10
54499.000000  2083 10
54501.000000  2083 10
54527.000000  2085 10
54561.000000  2087 10
54627.000000  2092 10
54667.000000  2095 10
54715.000000  2099 10
54753.000000  2102 10
54779.000000  2104 10
54813.000000  2107 10
54845.000000  2109 10
54875.000000  2112 10
54891.000000  2113 10
54917.000000  2115 10
54919.000000  2115 10
54949.000000  2117 10
54949.000000  2117 10
54975.000000  2119 10
54989.000000  2121 10
55001.000000  2122 10
55055.000000  2126 10
55109.000000  2130 10
55141.000000  2133 10
55173.000000  2135 10
55199.000000  2137 10
55247.000000  2141 10
55271.000000  2143 10
55321.000000  2147 10
55321.000000  2147 10
55321.000000  2147 10
55351.000000  2149 10
55359.000000  2150 10
55361.000000  2150 10
55379.000000  2151 10
55409.000000  2154 10
55417.000000  2154 10
55437.000000  2156 10
55445.000000  2156 10
55445.000000  2156 10
55467.000000  2158 10
55497.000000  2161 10
55511.000000  2162 10
55553.000000  2165 10
55609.000000  2169 10
55609.000000  2169 10
55619.000000  2170 10
55621.000000  2170 10
55657.000000  2173 10
55659.000000  2173 10
55679.000000  2175 10
55711.000000  2177 10
55765.000000  2181 10
55819.000000  2185 10
55841.000000  2187 10
55871.000000  2189 10
55921.000000  2193 10
55981.000000  2198 10
55981.000000  2198 10
56013.000000  2200 10
56023.000000  2201 10
56045.000000  2203 10
56095.000000  2207 10
56097.000000  2207 10
56127.000000  2209 10
56127.000000  2209 10
56127.000000  2209 10
56127.000000  2209 10
56169.000000  2213 10
56201.000000  2215 10
56225.000000  2217 10
56265.000000  2220 10
56319.000000  2225 10
56393.000000  2231 10
56425.000000  2233 10
56427.000000  2233 10
56455.000000  2235 10
56489.000000  2238 10
56525.000000  2241 10
56575.000000  2244 10
56599.000000  2246 10
56617.000000  2248 10
56633.000000  2249 10
56709.000000  2255 10
56735.000000  2257 10
56743.000000  2258 10
56769.000000  2260 10
56771.000000  2260 10
56801.000000  2262 10
56861.000000  2267 10
56863.000000  2267 10
56893.000000  2269 10
56895.000000  2269 10
56915.000000  2270 10
56929.000000  2271 10
56959.000000  2274 10
57013.000000  2278 10
57015.000000  2278 10
57045.000000  2281 10
57057.000000  2281 10
57091.000000  2284 10
57093.000000  2284 10
57117.000000  2286 10
57119.000000  2286 10
57145.000000  2288 10
57147.000000  2289 10
57167.000000  2290 10
57197.000000  2293 10
57213.000000  2294 10
57287.000000  2300 10
57307.000000  2301 10
57379.000000  2307 10
57433.000000  2311 10
57469.000000  2314 10
57503.000000  2317 10
57557.000000  2321 10
57579.000000  2323 10
57613.000000  2326 10
57647.000000  2329 10
57673.000000  2330 10
57687.000000  2331 10
57713.000000  2333 10
57727.000000  2334 10
57773.000000  2338 10
57809.000000  2341 10
57843.000000  2343 10
57911.000000  2349 10
57943.000000  2351 10
57991.000000  2355 10
58067.000000  2360 10
58113.000000  2363 10
58127.000000  2365 10
58161.000000  2367 10
58163.000000  2367 10
58187.000000  2369 10
58189.000000  2369 10
58199.000000  2370 10
58199.000000  2370 10
58199.000000  2370 10
58199.000000  2370 10
58291.000000  2378 10
58303.000000  2379 10
58327.000000  2381 10
58359.000000  2383 10
58385.000000  2385 10
58393.000000  2386 10
58407.000000  2387 10
58461.000000  2391 10
58463.000000  2391 10
58479.000000  2393 10
58497.000000  2394 10
58519.000000  2396 10
58533.000000  2397 10
58559.000000  2399 10
58593.000000  2402 10
58593.000000  2402 10
58615.000000  2404 10
58639.000000  2405 10
58665.000000  2407 10
58671.000000  2408 10
58673.000000  2408 10
58693.000000  2410 10
58723.000000  2412 10
58755.000000  2415 10
58817.000000  2420 10
58839.000000  2421 10
58873.000000  2424 10
58901.000000  2426 10
58903.000000  2426 10
58917.000000  2427 10
58937.000000  2429 10
58937.000000  2429 10
58949.000000  2429 10
58981.000000  2432 10
58983.000000  2432 10
59035.000000  2436 10
59037.000000  2436 10
59059.000000  2438 10
59079.000000  2440 10
59127.000000  2443 10
59131.000000  2444 10
59131.000000  2444 10
59167.000000  -1 10
59167.000000  -1 10
59167.000000  -1 10
59167.000000  -1 10
59219.000000  2450 10
59245.000000  2452 10
59277.000000  2454 10
59277.000000  2454 10
59329.000000  2458 10
59331.000000  2459 10
59359.000000  2461 10
59373.000000  2462 10
59389.000000  2463 10
59389.000000  2463 10
59395.000000  2464 10
59417.000000  2465 10
59417.000000  2465 10
59427.000000  2466 10
59487.000000  2471 10
59487.000000  2471 10
59499.000000  2472 10
59533.000000  2475 10
59609.000000  2481 10
59623.000000  2482 10
59679.000000  2486 10
59701.000000  2488 10
59717.000000  2489 10
59751.000000  2492 10
59759.000000  2493 10
59779.000000  2494 10
59825.000000  2498 10
59855.000000  2500 10
59891.000000  2503 10
59899.000000  2504 10
59923.000000  2506 10
59923.000000  2506 10
59945.000000  2507 10
59993.000000  2511 10
60027.000000  2514 10
60081.000000  2518 10
60105.000000  2520 10
60165.000000  2524 10
60167.000000  2525 10
60221.000000  2529 10
60331.000000  2537 10
60331.000000  2537 10
60351.000000  2538 10
60369.000000  2540 10
60391.000000  2541 10
60409.000000  2543 10
60441.000000  2545 10
60455.000000  2546 10
60477.000000  2548 10
60497.000000  2549 10
60499.000000  2550 10
60525.000000  2552 10
60561.000000  2555 10
60575.000000  2556 10
60601.000000  2558 10
60621.000000  2559 10
60641.000000  2561 10
60673.000000  2563 10
60697.000000  2565 10
60707.000000  2566 10
60739.000000  2569 10
60739.000000  2569 10
60739.000000  2569 10
60739.000000  2569 10
60797.000000  2573 10
60849.000000  2577 10
60923.000000  2583 10
60949.000000  2585 10
60981.000000  2588 10
60993.000000  2589 10
61013.000000  2591 10
61037.000000  2593 10
61081.000000  2596 10
61103.000000  2598 10
61137.000000  2600 10
61137.000000  2600 10
61173.000000  2603 10
61187.000000  2604 10
61197.000000  2605 10
61243.000000  2608 10
61249.000000  2609 10
61271.000000  2610 10
61309.000000  2613 10
61333.000000  2615 10
61367.000000  2618 10
61369.000000  2618 10
61389.000000  2620 10
61391.000000  2620 10
61423.000000  2623 10
61445.000000  2624 10
61481.000000  2627 10
61483.000000  2627 10
61513.000000  2629 10
61549.000000  2631 10
61581.000000  2634 10
61581.000000  2634 10
61617.000000  2637 10
61665.000000  2641 10
61667.000000  2641 10
61691.000000  2643 10
61709.000000  2644 10
61711.000000  2644 10
61719.000000  2645 10
61759.000000  2648 10
61789.000000  2650 10
61811.000000  2652 10
61835.000000  2654 10
61863.000000  2656 10
61887.000000  2658 10
61913.000000  2660 10
61949.000000  2663 10
61949.000000  2663 10
61973.000000  2665 10
62007.000000  2668 10
62035.000000  2670 10
62035.000000  2670 10
62069.000000  2673 10
62069.000000  2673 10
62101.000000  2675 10
62135.000000  2678 10
62135.000000  2678 10
62135.000000  2678 10
62159.000000  2680 10
62229.000000  2686 10
62231.000000  2686 10
62257.000000  2688 10
62257.000000  2688 10
62307.000000  2691 10
62373.000000  2696 10
62429.000000  2701 10
62447.000000  2702 10
62461.000000  2703 10
62507.000000  2707 10
62545.000000  2710 10
62591.000000  2714 10
62625.000000  2716 10
62679.000000  2720 10
62701.000000  2721 10
62735.000000  2724 10
62763.000000  2726 10
62765.000000  2726 10
62795.000000  2729 10
62821.000000  2731 10
62853.000000  2733 10
62889.000000  2736 10
62943.000000  2740 10
62979.000000  2743 10
63021.000000  2747 10
63075.000000  2751 10
63111.000000  2754 10
63113.000000  2754 10
63139.000000  2756 10
63173.000000  2759 10
63237.000000  2764 10
63273.000000  2767 10
63297.000000  2769 10
63297.000000  2769 10
63333.000000  2771 10
63355.000000  2773 10
63419.000000  2778 10
63433.000000  2779 10
63443.000000  2780 10
63443.000000  2780 10
63457.000000  2781 10
63477.000000  2783 10
63477.000000  2783 10
63493.000000  2784 10
63519.000000  2786 10
63535.000000  2787 10
63571.000000  2790 10
63585.000000  2791 10
63629.000000  2794 10
63651.000000  2796 10
63665.000000  2797 10
63675.000000  2798 10
63697.000000  2800 10
63717.000000  2801 10
63729.000000  2802 10
63749.000000  2804 10
63767.000000  2805 10
63769.000000  2805 10
63789.000000  2807 10
63791.000000  2807 10
63807.000000  2808 10
63809.000000  2808 10
63845.000000  2811 10
63853.000000  2811 10
63887.000000  2814 10
63911.000000  2815 10
63943.000000  2818 10
63973.000000  2820 10
63975.000000  2821 10
64025.000000  2825 10
64081.000000  2829 10
64147.000000  2834 10
64199.000000  2838 10
64201.000000  2839 10
64227.000000  2841 10
64297.000000  2846 10
64325.000000  2848 10
64429.000000  2857 10
64453.000000  2859 10
64513.000000  2863 10
64515.000000  2864 10
64525.000000  2864 10
64539.000000  2865 10
64591.000000  2870 10
64593.000000  2870 10
64645.000000  2873 10
64699.000000  2878 10
64723.000000  2879 10
64739.000000  2881 10
64747.000000  2881 10
64771.000000  2883 10
64803.000000  2886 10
64849.000000  2889 10
64851.000000  2890 10
64873.000000  2891 10
64875.000000  2891 10
64929.000000  2896 10
64947.000000  2897 10
64949.000000  2897 10
64969.000000  2898 10
64971.000000  2898 10
64991.000000  2900 10
65037.000000  2903 10
65075.000000  2906 10
65075.000000  2906 10
65109.000000  2909 10
65147.000000  2912 10
65201.000000  2916 10
65231.000000  2919 10
65231.000000  2919 10
65231.000000  2919 10
65289.000000  2923 10
65289.000000  2923 10
65299.000000  2924 10
65331.000000  2927 10
65385.000000  2931 10
65413.000000  2933 10
65423.000000  2934 10
65455.000000  2936 10
65469.000000  2937 10
65513.000000  2941 10
65551.000000  2944 10
65573.000000  2946 10
65587.000000  2947 10
65635.000000  2951 10
65647.000000  2952 10
65695.000000  2956 10
65709.000000  2957 10
65811.000000  2964 10
65847.000000  2967 10
65899.000000  2971 10
65923.000000  2973 10
65923.000000  2973 10
65979.000000  2977 10
65993.000000  2979 10
66009.000000  2980 10
66035.000000  2982 10
66099.000000  2987 10
66101.000000  2987 10
66127.000000  2988 10
66135.000000  2989 10
66185.000000  2993 10
66243.000000  2997 10
66299.000000  3002 10
66317.000000  3003 10
66341.000000  3005 10
66367.000000  3007 10
66381.000000  3008 10
66397.000000  3009 10
66429.000000  3012 10
66431.000000  3012 10
66451.000000  3014 10
66485.000000  3017 10
66515.000000  3019 10
66519.000000  3019 10
66535.000000  3021 10
66589.000000  3025 10
66623.000000  3028 10
66667.000000  3031 10
66667.000000  3031 10
66701.000000  3034 10
66727.000000  3036 10
66771.000000  3039 10
66773.000000  3039 10
66805.000000  3042 10
66805.000000  3042 10
66855.000000  3046 10
66871.000000  3047 10
66891.000000  3049 10
66923.000000  3051 10
66937.000000  3052 10
66955.000000  3054 10
66969.000000  3055 10
66987.000000  3056 10
67013.000000  3058 10
67013.000000  3058 10
67047.000000  3061 10
67055.000000  3061 10
67089.000000  3064 10
67111.000000  3066 10
67145.000000  3069 10
67171.000000  3071 10
67203.000000  3073 10
67227.000000  3075 10
67235.000000  3075 10
67259.000000  3077 10
67261.000000  3077 10
67289.000000  3079 10
67291.000000  3079 10
67325.000000  3082 10
67325.000000  3082 10
67325.000000  3082 10
67379.000000  3086 10
67405.000000  3088 10
67407.000000  3088 10
67441.000000  3091 10
67443.000000  3091 10
67553.000000  3100 10
67573.000000  3101 10
67573.000000  3101 10
67605.000000  3104 10
67663.000000  3108 10
67723.000000  3113 10
67739.000000  3115 10
67793.000000  3119 10
67847.000000  3123 10
67871.000000  3125 10
67883.000000  3126 10
67909.000000  3128 10
67925.000000  3129 10
67939.000000  3131 10
67939.000000  3131 10
67965.000000  3133 10
67979.000000  3134 10
68019.000000  3137 10
68021.000000  3137 10
68027.000000  3137 10
68027.000000  3137 10
68057.000000  3140 10
68059.000000  3140 10
68065.000000  3140 10
68083.000000  3142 10
68117.000000  3144 10
68131.000000  3145 10
68147.000000  3147 10
68155.000000  3147 10
68185.000000  3149 10
68211.000000  3151 10
68261.000000  3155 10
68299.000000  3158 10
68347.000000  3162 10
68359.000000  3163 10
68375.000000  3164 10
68403.000000  3166 10
68433.000000  3168 10
68435.000000  3169 10
68569.000000  3179 10
68595.000000  3181 10
68597.000000  3181 10
68659.000000  3186 10
68691.000000  3188 10
68695.000000  3189 10
68697.000000  3189 10
68713.000000  3190 10
68743.000000  3193 10
68757.000000  3194 10
68783.000000  3196 10
68803.000000  3197 10
68803.000000  3197 10
68851.000000  3201 10
68859.000000  3202 10
68877.000000  3203 10
68879.000000  3203 10
68903.000000  3205 10
68903.000000  3205 10
68927.000000  3207 10
68953.000000  3209 10
68969.000000  3211 10
68999.000000  3213 10
69023.000000  3215 10
69023.000000  3215 10
69059.000000  3218 10
69061.000000  3218 10
69091.000000  3220 10
69105.000000  3221 10
69105.000000  3221 10
69135.000000  3224 10
69137.000000  3224 10
69167.000000  3226 10
69199.000000  3229 10
69201.000000  3229 10
69203.000000  3229 10
69259.000000  3233 10
69293.000000  3236 10
69319.000000  3238 10
69333.000000  3239 10
69333.000000  3239 10
69365.000000  3241 10
69403.000000  3245 10
69451.000000  3248 10
69481.000000  3251 10
69511.000000  3253 10
69547.000000  3256 10
69579.000000  3258 10
69609.000000  3260 10
69645.000000  3263 10
69673.000000  3265 10
69679.000000  3265 10
69695.000000  3267 10
69717.000000  3268 10
69731.000000  3269 10
69763.000000  3272 10
69793.000000  3274 10
69795.000000  3274 10
69803.000000  3275 10
69825.000000  3277 10
69857.000000  3279 10
69887.000000  3282 10
69889.000000  3282 10
69893.000000  3282 10
69907.000000  3283 10
69941.000000  3286 10
69991.000000  3290 10
70011.000000  3292 10
70021.000000  3292 10
70045.000000  3294 10
70069.000000  3296 10
70083.000000  3297 10
70119.000000  3300 10
70147.000000  3302 10
70161.000000  3303 10
70177.000000  3305 10
70195.000000  3306 10
71355.000000  3397 10
71367.000000  3398 10
71367.000000  3398 10
71381.000000  3399 10
71389.000000  3399 10
71403.000000  3401 10
71427.000000  3403 10
71443.000000  3404 10
71459.000000  3405 10
71483.000000  3407 10
71533.000000  3411 10
71615.000000  3417 10
71651.000000  3419 10
71651.000000  3419 10
71651.000000  3419 10
71679.000000  3422 10
71681.000000  3422 10
71687.000000  3422 10
71723.000000  3425 10
71775.000000  3429 10
71775.000000  3429 10
71805.000000  3432 10
71807.000000  3432 10
71813.000000  3433 10
71849.000000  3435 10
71851.000000  3435 10
71883.000000  3437 10
71919.000000  3440 10
71943.000000  3442 10
71945.000000  3442 10
71973.000000  3444 10
71997.000000  3446 10
72049.000000  3450 10
72061.000000  3451 10
72083.000000  3453 10
72083.000000  3453 10
72187.000000  3461 10
72221.000000  3464 10
72275.000000  3468 10
72303.000000  3470 10
72303.000000  3470 10
72321.000000  3472 10
72323.000000  3472 10
72421.000000  3480 10
72451.000000  3482 10
72453.000000  3482 10
72495.000000  3486 10
72515.000000  3487 10
72551.000000  3490 10
72563.000000  3491 10
72583.000000  3493 10
72583.000000  3493 10
72633.000000  3497 10
72647.000000  3498 10
72673.000000  3500 10
72673.000000  3500 10
72673.000000  3500 10
72673.000000  3500 10
72745.000000  3505 10
72771.000000  3507 10
72785.000000  3508 10
72807.000000  3510 10
72831.000000  3512 10
72863.000000  3514 10
72917.000000  3519 10
72941.000000  3520 10
72999.000000  3525 10
73061.000000  3529 10
73095.000000  3532 10
73129.000000  3534 10
73185.000000  3539 10
73221.000000  3541 10
73275.000000  3546 10
73305.000000  3548 10
73337.000000  3551 10
73369.000000  3553 10
73439.000000  3559 10
73501.000000  3564 10
73503.000000  3564 10
73515.000000  3565 10
73565.000000  3569 10
73589.000000  3571 10
73647.000000  3575 10
73703.000000  3580 10
73745.000000  3583 10
73753.000000  3584 10
73783.000000  3586 10
73835.000000  3590 10
73845.000000  3591 10
73885.000000  3594 10
73931.000000  3597 10
73961.000000  3600 10
74011.000000  3604 10
74033.000000  3606 10
74033.000000  3606 10
74055.000000  3607 10
74109.000000  3612 10
74109.000000  3612 10
74143.000000  3614 10
74197.000000  3618 10
74233.000000  3621 10
74289.000000  3625 10
74357.000000  3630 10
74391.000000  3633 10
74425.000000  3635 10
74459.000000  3638 10
74471.000000  3639 10
74471.000000  3639 10
74471.000000  3639 10
74471.000000  3639 10
74545.000000  3645 10
74581.000000  3648 10
74601.000000  3649 10
74649.000000  3653 10
74661.000000  3654 10
74677.000000  3655 10
74703.000000  3658 10
74711.000000  3658 10
74727.000000  3659 10
74739.000000  3661 10
74767.000000  3663 10
74769.000000  3663 10
74773.000000  3663 10
74837.000000  3668 10
74873.000000  3671 10
74875.000000  3671 10
74895.000000  3673 10
74929.000000  3676 10
74931.000000  3676 10
74951.000000  3677 10
74965.000000  3679 10
75019.000000  3682 10
75053.000000  3685 10
75085.000000  3687 10
75087.000000  3688 10
75129.000000  3691 10
75165.000000  3694 10
75211.000000  3697 10
75211.000000  3697 10
75239.000000  3700 10
75291.000000  3704 10
75317.000000  3706 10
75347.000000  3708 10
75389.000000  3711 10
75421.000000  3713 10
75421.000000  3713 10
75457.000000  3716 10
75511.000000  3720 10
75533.000000  3722 10
75533.000000  3722 10
75567.000000  3725 10
75591.000000  3727 10
75623.000000  3729 10
75647.000000  3731 10
75679.000000  3733 10
75707.000000  3736 10
75707.000000  3736 10
75731.000000  3738 10
75779.000000  3741 10
75829.000000  3745 10
75867.000000  3749 10
75915.000000  3752 10
75933.000000  3754 10
75933.000000  3754 10
75967.000000  3757 10
75981.000000  3758 10
75983.000000  3758 10
76007.000000  3760 10
76037.000000  3762 10
76065.000000  3764 10
76065.000000  3764 10
76119.000000  3769 10
76143.000000  3771 10
76175.000000  3773 10
76175.000000  3773 10
76199.000000  3774 10
76221.000000  3776 10
76223.000000  3776 10
76233.000000  3777 10
76259.000000  3779 10
76267.000000  3780 10
76295.000000  3782 10
76299.000000  3782 10
76385.000000  3789 10
76393.000000  3790 10
76471.000000  3796 10
76491.000000  3797 10
76515.000000  3799 10
76547.000000  3801 10
76561.000000  3802 10
76597.000000  3805 10
76597.000000  3805 10
76627.000000  3807 10
76667.000000  3810 10
76695.000000  3813 10
76697.000000  3813 10
76729.000000  3815 10
76731.000000  3815 10
76751.000000  3817 10
76791.000000  3820 10
76819.000000  3822 10
76821.000000  3823 10
76841.000000  3824 10
76847.000000  3825 10
76873.000000  3827 10
76885.000000  3828 10
76885.000000  3828 10
76909.000000  3829 10
76971.000000  3835 10
76997.000000  3837 10
77023.000000  3839 10
77031.000000  3839 10
77051.000000  3841 10
77121.000000  3847 10
77173.000000  3851 10
77193.000000  3852 10
77211.000000  3854 10
77225.000000  3855 10
77245.000000  3857 10
77317.000000  3862 10
77347.000000  3864 10
77359.000000  3865 10
77391.000000  3867 10
77425.000000  3870 10
77459.000000  3873 10
77515.000000  3877 10
77549.000000  3880 10
77573.000000  3882 10
77605.000000  3884 10
77605.000000  3884 10
77635.000000  3886 10
77671.000000  3889 10
77685.000000  3890 10
77697.000000  3891 10
77753.000000  3895 10
77773.000000  3897 10
77787.000000  3898 10
77821.000000  3900 10
77833.000000  3901 10
77861.000000  3903 10
77893.000000  3906 10
77893.000000  3906 10
77955.000000  3911 10
77957.000000  3911 10
78011.000000  3916 10
78071.000000  3920 10
78073.000000  3920 10
78125.000000  3925 10
78139.000000  3926 10
78165.000000  3928 10
78223.000000  3933 10
78235.000000  3933 10
78235.000000  3933 10
78257.000000  3935 10
78291.000000  3938 10
78301.000000  3939 10
78323.000000  3941 10
78373.000000  3945 10
78385.000000  3945 10
78407.000000  3947 10
78437.000000  3949 10
78451.000000  3951 10
78467.000000  3952 10
78481.000000  3953 10
78483.000000  3953 10
78505.000000  3955 10
78513.000000  3955 10
78535.000000  3957 10
78545.000000  3958 10
78567.000000  3959 10
78599.000000  3962 10
78623.000000  3964 10
78625.000000  3964 10
78657.000000  3967 10
78657.000000  3967 10
78657.000000  3967 10
78681.000000  3968 10
78735.000000  3973 10
78769.000000  3975 10
78791.000000  3977 10
78847.000000  3981 10
78913.000000  3986 10
78949.000000  3988 10
78995.000000  3992 10
79037.000000  3995 10
79071.000000  3998 10
79103.000000  4001 10
79125.000000  4002 10
79155.000000  4005 10
79201.000000  4009 10
79209.000000  4009 10
79267.000000  4014 10
79329.000000  4019 10
79391.000000  4024 10
79391.000000  4024 10
79403.000000  4025 10
79437.000000  4027 10
79467.000000  4030 10
79469.000000  4030 10
79523.000000  4034 10
79523.000000  4034 10
79523.000000  4034 10
79551.000000  4037 10
79569.000000  4038 10
79583.000000  4039 10
79583.000000  4039 10
79611.000000  4041 10
79631.000000  4042 10
79645.000000  4043 10
79661.000000  4045 10
79683.000000  4046 10
79685.000000  4046 10
79695.000000  4047 10
79729.000000  4050 10
79729.000000  4050 10
79747.000000  4051 10
79749.000000  4051 10
79767.000000  4053 10
79783.000000  4054 10
79801.000000  4056 10
79827.000000  4058 10
79869.000000  4061 10
80069.000000  4076 10
80097.000000  4078 10
80099.000000  4078 10
80129.000000  4081 10
80131.000000  4081 10
80161.000000  4083 10
80195.000000  4086 10
80231.000000  4089 10
80257.000000  4091 10
80273.000000  4092 10
80315.000000  4095 10
80351.000000  4098 10
80397.000000  4102 10
80397.000000  4102 10
80455.000000  4107 10
80479.000000  4108 10
80493.000000  4109 10
80547.000000  4114 10
80561.000000  4115 10
80591.000000  4117 10
80593.000000  4117 10
80619.000000  4120 10
80647.000000  4122 10
80649.000000  4122 10
80677.000000  4124 10
80701.000000  4126 10
80711.000000  4127 10
80743.000000  4129 10
80767.000000  4131 10
80781.000000  4132 10
80813.000000  4135 10
80837.000000  4136 10
80845.000000  4137 10
80867.000000  4139 10
80881.000000  4140 10
80901.000000  4141 10
80931.000000  4144 10
80951.000000  4145 10
81007.000000  4150 10
81033.000000  4152 10
81107.000000  4157 10
81171.000000  4162 10
81205.000000  4164 10
81207.000000  4164 10
81229.000000  4166 10
81263.000000  4169 10
81295.000000  4171 10
81309.000000  4173 10
81309.000000  4173 10
81309.000000  4173 10
81309.000000  4173 10
81353.000000  4176 10
81391.000000  4179 10
81393.000000  4179 10
81417.000000  4181 10
81419.000000  4181 10
81455.000000  4184 10
81469.000000  4185 10
81489.000000  4187 10
81513.000000  4189 10
81513.000000  4189 10
81513.000000  4189 10
81523.000000  4189 10
81549.000000  4192 10
81551.000000  4192 10
81571.000000  4193 10
81579.000000  4194 10
81609.000000  4196 10
81611.000000  4197 10
81633.000000  4198 10
81677.000000  4202 10
81707.000000  4204 10
81721.000000  4205 10
81751.000000  4208 10
81791.000000  4211 10
81793.000000  4211 10
81817.000000  4213 10
81819.000000  4213 10
81829.000000  4214 10
81853.000000  4216 10
81885.000000  4219 10
81887.000000  4219 10
81909.000000  4220 10
81941.000000  4223 10
81941.000000  4223 10
81967.000000  4225 10
82023.000000  4229 10
82037.000000  4230 10
82069.000000  4232 10
82095.000000  4235 10
82127.000000  4237 10
82197.000000  4243 10
82259.000000  4247 10
82283.000000  4249 10
82309.000000  4251 10
82323.000000  4252 10
82351.000000  4254 10
82377.000000  4256 10
82407.000000  4258 10
82423.000000  4259 10
82487.000000  4264 10
82489.000000  4265 10
82491.000000  4265 10
82515.000000  4267 10
82539.000000  4269 10
82539.000000  4269 10
82539.000000  4269 10
82539.000000  4269 10
82601.000000  4274 10
82603.000000  4274 10
82657.000000  4278 10
82659.000000  4278 10
82687.000000  4280 10
82711.000000  4282 10
82721.000000  4283 10
82753.000000  4286 10
82755.000000  4286 10
82771.000000  4287 10
82771.000000  4287 10
82779.000000  4288 10
82811.000000  4290 10
82823.000000  4291 10
82839.000000  4293 10
82857.000000  4294 10
82887.000000  4297 10
82889.000000  4297 10
82903.000000  4298 10
82913.000000  4299 10
82931.000000  4300 10
82947.000000  4301 10
82961.000000  4302 10
82973.000000  4303 10
83011.000000  4306 10
83041.000000  4309 10
83075.000000  4311 10
83097.000000  4313 10
83111.000000  4314 10
83145.000000  4316 10
83147.000000  4317 10
83167.000000  4318 10
83265.000000  4326 10
83267.000000  4326 10
83305.000000  4329 10
83307.000000  4329 10
83381.000000  4335 10
83407.000000  4337 10
83441.000000  4339 10
83441.000000  4339 10
83481.000000  4342 10
83515.000000  4345 10
83569.000000  4349 10
83607.000000  4352 10
83631.000000  4354 10
83665.000000  4356 10
83681.000000  4358 10
83715.000000  4360 10
83717.000000  4361 10
83771.000000  4365 10
83773.000000  4365 10
83847.000000  4371 10
83849.000000  4371 10
83883.000000  4374 10
83911.000000  4376 10
83947.000000  4379 10
83949.000000  4379 10
83999.000000  4383 10
84023.000000  4385 10
84025.000000  4385 10
84053.000000  4387 10
84085.000000  4390 10
84087.000000  4390 10
84109.000000  4392 10
84143.000000  4395 10
84167.000000  4397 10
84181.000000  4398 10
84207.000000  4399 10
84233.000000  4401 10
84257.000000  4403 10
84307.000000  4407 10
84309.000000  4407 10
84315.000000  4407 10
84331.000000  4409 10
84381.000000  4413 10
84413.000000  4415 10
84445.000000  4418 10
84447.000000  4418 10
84449.000000  4418 10
84477.000000  4420 10
84551.000000  4426 10
84611.000000  4430 10
84635.000000  4432 10
84651.000000  4433 10
84681.000000  4435 10
84731.000000  4439 10
84771.000000  4443 10
84805.000000  4445 10
84821.000000  4447 10
84841.000000  4448 10
84855.000000  4449 10
84875.000000  4451 10
84895.000000  4452 10
84911.000000  4454 10
84937.000000  4456 10
84967.000000  4458 10
85003.000000  4461 10
85005.000000  4461 10
85057.000000  4465 10
85059.000000  4466 10
85131.000000  4471 10
85143.000000  4472 10
85177.000000  4475 10
85199.000000  4477 10
85199.000000  4477 10
85215.000000  4478 10
85249.000000  4481 10
85251.000000  4481 10
85277.000000  4483 10
85279.000000  4483 10
85325.000000  4487 10
85359.000000  4489 10
85411.000000  4493 10
85433.000000  4495 10
85435.000000  4495 10
85483.000000  4499 10
85483.000000  4499 10
85483.000000  4499 10
85483.000000  4499 10
85483.000000  4499 10
85573.000000  4506 10
85587.000000  4507 10
85611.000000  4509 10
85689.000000  4515 10
85691.000000  4515 10
85747.000000  4519 10
85759.000000  4520 10
85785.000000  4521 10
85839.000000  4526 10
85839.000000  4526 10
85855.000000  4527 10
85885.000000  4529 10
85919.000000  4532 10
85939.000000  4534 10
85939.000000  4534 10
85973.000000  4536 10
85975.000000  4537 10
85999.000000  4539 10
85999.000000  4539 10
86015.000000  4540 10
86029.000000  4541 10
86029.000000  4541 10
86047.000000  4542 10
86063.000000  4543 10
86079.000000  4545 10
86079.000000  4545 10
86095.000000  4546 10
86113.000000  4547 10
86161.000000  4551 10
86201.000000  4555 10
86221.000000  4556 10
86241.000000  4558 10
86257.000000  4559 10
86269.000000  4560 10
86323.000000  4564 10
86425.000000  4573 10
86459.000000  4575 10
86487.000000  4577 10
86517.000000  4580 10
86539.000000  4581 10
86539.000000  4581 10
86573.000000  4584 10
86597.000000  4586 10
86635.000000  4589 10
86643.000000  4589 10
86663.000000  4591 10
86717.000000  4595 10
86747.000000  4597 10
86755.000000  4598 10
86775.000000  4600 10
86791.000000  4601 10
86845.000000  4605 10
86867.000000  4607 10
86909.000000  4609 10
86911.000000  4610 10
86961.000000  4613 10
86995.000000  4616 10
87029.000000  4619 10
87053.000000  4621 10
87109.000000  4625 10
87123.000000  4626 10
87147.000000  4628 10
87161.000000  4629 10
87191.000000  4632 10
87215.000000  4633 10
87239.000000  4635 10
87307.000000  4641 10
87365.000000  4645 10
87405.000000  4649 10
87449.000000  4652 10
87487.000000  4655 10
87489.000000  4655 10
87519.000000  4658 10
87519.000000  4658 10
87585.000000  4663 10
87619.000000  4666 10
87651.000000  4668 10
87685.000000  4671 10
87709.000000  4673 10
87765.000000  4677 10
87829.000000  4682 10
87829.000000  4682 10
87847.000000  4683 10
87869.000000  4685 10
87869.000000  4685 10
87893.000000  4687 10
87929.000000  4690 10
87931.000000  4690 10
87973.000000  4693 10
87973.000000  4693 10
88017.000000  4696 10
88053.000000  4699 10
88069.000000  4700 10
88069.000000  4700 10
88085.000000  4701 10
88159.000000  4707 10
88175.000000  4708 10
88197.000000  4710 10
88231.000000  4713 10
88253.000000  4714 10
88269.000000  4715 10
88277.000000  4716 10
88331.000000  4721 10
88365.000000  4723 10
88387.000000  4725 10
88421.000000  4728 10
88501.000000  4734 10
88503.000000  4734 10
88523.000000  4736 10
88567.000000  4739 10
88579.000000  4740 10
88597.000000  4742 10
88611.000000  4743 10
88623.000000  4744 10
88667.000000  4747 10
88673.000000  4748 10
88699.000000  4750 10
88729.000000  4752 10
88731.000000  4753 10
88753.000000  4754 10
88761.000000  4755 10
88779.000000  4756 10
88833.000000  4760 10
88867.000000  4763 10
88867.000000  4763 10
88867.000000  4763 10
88893.000000  4765 10
88907.000000  4766 10
88921.000000  4767 10
88921.000000  4767 10
88949.000000  4769 10
88949.000000  4769 10
88983.000000  4772 10
89015.000000  4774 10
89017.000000  4775 10
89049.000000  4777 10
89077.000000  4779 10
89079.000000  4779 10
89109.000000  4782 10
89149.000000  4785 10
89193.000000  4788 10
89227.000000  4790 10
90413.000000  4883 10
90413.000000  4883 10
90439.000000  4885 10
90477.000000  4888 10
90503.000000  4890 10
90537.000000  4892 10
90573.000000  4895 10
90599.000000  4897 10
90645.000000  4901 10
90677.000000  4904 10
90707.000000  4906 10
90773.000000  4911 10
90775.000000  4911 10
90827.000000  4916 10
90861.000000  4918 10
90895.000000  4921 10
90947.000000  4925 10
90947.000000  4925 10
90979.000000  -1 10
90979.000000  -1 10
91037.000000  4932 10
91073.000000  4935 10
91095.000000  4937 10
91131.000000  4940 10
91133.000000  4940 10
91177.000000  4943 10
91177.000000  4943 10
91221.000000  4947 10
91251.000000  4949 10
91331.000000  4955 10
91393.000000  4960 10
91419.000000  4962 10
91451.000000  4965 10
91477.000000  4966 10
91569.000000  4973 10
91667.000000  4981 10
91669.000000  4981 10
91683.000000  4982 10
91749.000000  4987 10
91769.000000  4989 10
91801.000000  4991 10
91827.000000  4993 10
91847.000000  4995 10
91877.000000  4997 10
91891.000000  4998 10
91971.000000  5005 10
91973.000000  5005 10
91981.000000  5006 10
92003.000000  5007 10
92035.000000  5010 10
92059.000000  5012 10
92067.000000  5013 10
92067.000000  5013 10
92089.000000  5014 10
92113.000000  5016 10
92145.000000  5019 10
92147.000000  5019 10
92163.000000  5020 10
92193.000000  5023 10
92195.000000  5023 10
92275.000000  5029 10
92341.000000  5034 10
92343.000000  5034 10
92363.000000  5036 10
92377.000000  5037 10
92399.000000  5038 10
92425.000000  5041 10
92475.000000  5045 10
92477.000000  5045 10
92493.000000  5046 10
92519.000000  5048 10
92533.000000  5049 10
92549.000000  5050 10
92571.000000  5052 10
92593.000000  5054 10
92611.000000  5055 10
92643.000000  5057 10
92675.000000  5059 10
92699.000000  5061 10
92713.000000  5062 10
92747.000000  5065 10
92747.000000  5065 10
92747.000000  5065 10
92773.000000  5067 10
92783.000000  5068 10
92797.000000  5069 10
92855.000000  5073 10
92857.000000  5073 10
92877.000000  5075 10
92891.000000  5076 10
92919.000000  5078 10
92921.000000  5079 10
92995.000000  5085 10
93011.000000  5086 10
93063.000000  5090 10
93111.000000  5094 10
93147.000000  5097 10
93173.000000  5099 10
93223.000000  5103 10
93261.000000  5106 10
93289.000000  5108 10
93381.000000  5115 10
93455.000000  5121 10
93489.000000  5123 10
93563.000000  5129 10
93565.000000  5129 10
93593.000000  5131 10
93617.000000  5133 10
93655.000000  5137 10
93669.000000  5138 10
93707.000000  5141 10
93747.000000  5144 10
93783.000000  5146 10
93809.000000  5148 10
93809.000000  5148 10
93871.000000  5153 10
93927.000000  5157 10
93951.000000  5159 10
93965.000000  5160 10
93997.000000  5163 10
94021.000000  5165 10
94053.000000  5167 10
94131.000000  5173 10
94145.000000  5174 10
94201.000000  5179 10
94255.000000  5183 10
94257.000000  5183 10
94273.000000  5185 10
94319.000000  5188 10
94321.000000  5188 10
94373.000000  5193 10
94375.000000  5193 10
94395.000000  5194 10
94417.000000  5196 10
94427.000000  5197 10
94447.000000  5198 10
94495.000000  5202 10
94523.000000  5205 10
94595.000000  5210 10
94617.000000  5212 10
94631.000000  5213 10
94683.000000  5217 10
94697.000000  5218 10
94753.000000  5222 10
94785.000000  5225 10
94827.000000  5228 10
94829.000000  5228 10
94855.000000  5230 10
94891.000000  5233 10
94909.000000  5235 10
94939.000000  5237 10
94953.000000  5237 10
94963.000000  5238 10
94989.000000  5240 10
95003.000000  5241 10
95025.000000  5243 10
95025.000000  5243 10
95025.000000  5243 10
95059.000000  5245 10
95085.000000  5247 10
95105.000000  5249 10
95123.000000  5250 10
95147.000000  5252 10
95175.000000  5255 10
95197.000000  5256 10
95233.000000  5259 10
95235.000000  5259 10
95259.000000  5261 10
95291.000000  5264 10
95293.000000  5264 10
95319.000000  5266 10
95331.000000  5267 10
95385.000000  5271 10
95461.000000  5277 10
95473.000000  5278 10
95539.000000  5283 10
95541.000000  5284 10
95575.000000  5286 10
95583.000000  5287 10
95623.000000  5290 10
95625.000000  5290 10
95637.000000  5291 10
95697.000000  5296 10
95725.000000  5298 10
95725.000000  5298 10
95749.000000  5300 10
95775.000000  5302 10
95793.000000  5303 10
95815.000000  5305 10
95815.000000  5305 10
95831.000000  5306 10
95871.000000  5309 10
95903.000000  5312 10
95929.000000  5314 10
95931.000000  5314 10
95965.000000  5317 10
95967.000000  5317 10
96019.000000  5321 10
96021.000000  5321 10
96041.000000  5323 10
96041.000000  5323 10
96051.000000  5324 10
96117.000000  5328 10
96153.000000  5331 10
96155.000000  5331 10
96181.000000  5333 10
96193.000000  5334 10
96215.000000  5335 10
96215.000000  5335 10
96265.000000  5339 10
96283.000000  5341 10
96297.000000  5342 10
96323.000000  5344 10
96373.000000  5348 10
96393.000000  5350 10
96413.000000  5351 10
96423.000000  5352 10
96443.000000  5354 10
96451.000000  5354 10
96473.000000  5356 10
96489.000000  5357 10
96521.000000  5360 10
96523.000000  5360 10
96547.000000  5362 10
96579.000000  5364 10
96603.000000  5366 10
96635.000000  5369 10
96659.000000  5371 10
96659.000000  5371 10
96675.000000  5372 10
96691.000000  5373 10
96723.000000  5376 10
96725.000000  5376 10
96753.000000  5379 10
96753.000000  5379 10
96753.000000  5379 10
96777.000000  5380 10
96809.000000  5383 10
96827.000000  5384 10
96981.000000  5396 10
97019.000000  5399 10
97039.000000  5401 10
97041.000000  5401 10
97061.000000  5402 10
97075.000000  5403 10
97095.000000  5405 10
97113.000000  5407 10
97173.000000  5411 10
97191.000000  5413 10
97207.000000  5414 10
97233.000000  5416 10
97291.000000  5420 10
97353.000000  5424 10
97355.000000  5425 10
97367.000000  5425 10
97367.000000  5425 10
97367.000000  5425 10
97367.000000  5425 10
97443.000000  5431 10
97459.000000  5433 10
97481.000000  5434 10
97503.000000  5436 10
97523.000000  5438 10
97553.000000  5440 10
97601.000000  5444 10
97613.000000  5445 10
97629.000000  5446 10
97649.000000  5448 10
97669.000000  5449 10
97693.000000  5451 10
97723.000000  5454 10
97757.000000  5456 10
97791.000000  5459 10
97819.000000  5461 10
97851.000000  5464 10
97853.000000  5464 10
97875.000000  5466 10
97911.000000  5469 10
97913.000000  5469 10
97935.000000  5471 10
97935.000000  5471 10
97967.000000  5473 10
97969.000000  5473 10
98021.000000  5478 10
98045.000000  5479 10
98059.000000  5480 10
98097.000000  5483 10
98119.000000  5485 10
98167.000000  5488 10
98227.000000  5493 10
98247.000000  5495 10
98267.000000  5497 10
98277.000000  5497 10
98301.000000  5499 10
98303.000000  5499 10
98323.000000  5501 10
98343.000000  5503 10
98367.000000  5504 10
98381.000000  5505 10
98405.000000  5507 10
98405.000000  5507 10
98405.000000  5507 10
98405.000000  5507 10
98463.000000  5511 10
98477.000000  5512 10
98509.000000  5515 10
98537.000000  5517 10
98539.000000  5517 10
98569.000000  5519 10
98571.000000  5519 10
98587.000000  5521 10
98601.000000  5522 10
98623.000000  5523 10
98627.000000  5524 10
98627.000000  5524 10
98627.000000  5524 10
98627.000000  5524 10
98627.000000  5524 10
98773.000000  5535 10
98785.000000  5536 10
98823.000000  5539 10
98897.000000  5545 10
98973.000000  5551 10
98975.000000  5552 10
99007.000000  5554 10
99029.000000  5556 10
99031.000000  5556 10
99049.000000  5557 10
99081.000000  5560 10
99083.000000  5560 10
99115.000000  5563 10
99139.000000  5565 10
99195.000000  5569 10
99227.000000  5571 10
99227.000000  5571 10
99253.000000  5573 10
99307.000000  5577 10
99341.000000  5580 10
99363.000000  5582 10
99373.000000  5583 10
99393.000000  5584 10
99413.000000  5586 10
99451.000000  5589 10
99453.000000  5589 10
99473.000000  5591 10
99483.000000  5591 10
99501.000000  5593 10
99533.000000  5595 10
99547.000000  5596 10
99547.000000  5596 10
99573.000000  5598 10
99599.000000  5600 10
99601.000000  5600 10
99615.000000  5601 10
99635.000000  5602 10
99665.000000  5605 10
99665.000000  5605 10
99707.000000  5608 10
99733.000000  5610 10
99789.000000  5615 10
99805.000000  5616 10
99839.000000  5619 10
99841.000000  5619 10
99891.000000  5623 10
99917.000000  5625 10
99973.000000  5629 10
99987.000000  5630 10
100025.000000  5633 10
100049.000000  5635 10
100051.000000  5635 10
100075.000000  5637 10
100095.000000  5639 10
100095.000000  5639 10
100125.000000  5641 10
100127.000000  5641 10
100155.000000  5644 10
100187.000000  5646 10
100201.000000  5647 10
100235.000000  5650 10
100247.000000  5651 10
100283.000000  5654 10
100303.000000  5655 10
100313.000000  5656 10
100333.000000  5658 10
100363.000000  5660 10
100397.000000  5663 10
100431.000000  5665 10
100455.000000  5667 10
100489.000000  5670 10
100511.000000  5671 10
100527.000000  5673 10
100591.000000  5678 10
100625.000000  5680 10
100647.000000  5682 10
100695.000000  5686 10
100707.000000  5687 10
100719.000000  5687 10
100745.000000  5689 10
100787.000000  5692 10
100803.000000  5693 10
100825.000000  5695 10
100899.000000  5701 10
100899.000000  5701 10
100921.000000  5703 10
100937.000000  5704 10
100987.000000  5708 10
101073.000000  5715 10
101103.000000  5717 10
101145.000000  5721 10
101197.000000  5725 10
101197.000000  5725 10
101225.000000  5727 10
101225.000000  5727 10
101239.000000  5728 10
101263.000000  5730 10
101295.000000  5733 10
101327.000000  5735 10
101367.000000  5738 10
101413.000000  5742 10
101435.000000  5744 10
101457.000000  5745 10
101505.000000  5749 10
101541.000000  5752 10
101553.000000  5753 10
101555.000000  5753 10
101581.000000  5755 10
101629.000000  5759 10
101653.000000  5761 10
101707.000000  5765 10
101763.000000  5769 10
101777.000000  5770 10
101881.000000  5778 10
101905.000000  5780 10
101905.000000  5780 10
101941.000000  5782 10
101995.000000  5787 10
102007.000000  5787 10
102007.000000  5787 10
102055.000000  5791 10
102097.000000  5795 10
102147.000000  5798 10
102187.000000  5802 10
102237.000000  5806 10
102295.000000  5810 10
102351.000000  5815 10
102385.000000  5817 10
102415.000000  5820 10
102471.000000  5824 10
102507.000000  5827 10
102509.000000  5827 10
102529.000000  5829 10
102561.000000  5832 10
102585.000000  5833 10
102587.000000  5834 10
102609.000000  5835 10
102745.000000  5845 10
102761.000000  5847 10
102833.000000  5853 10
102857.000000  5854 10
102875.000000  5856 10
102875.000000  5856 10
102887.000000  5857 10
102899.000000  5858 10
102923.000000  5860 10
102981.000000  5864 10
102983.000000  5864 10
103039.000000  5868 10
103041.000000  5868 10
103095.000000  5872 10
103097.000000  5872 10
103105.000000  5873 10
103119.000000  5874 10
103143.000000  5876 10
103185.000000  5879 10
103207.000000  5881 10
103223.000000  5882 10
103225.000000  5883 10
103253.000000  5885 10
103285.000000  5887 10
103317.000000  5890 10
103353.000000  5893 10
103367.000000  5894 10
103391.000000  5896 10
103439.000000  5899 10
103493.000000  5904 10
103531.000000  5907 10
103549.000000  5908 10
103577.000000  5911 10
103577.000000  5911 10
103603.000000  5913 10
103649.000000  5916 10
103679.000000  5919 10
103681.000000  5919 10
103707.000000  5921 10
103759.000000  5925 10
103767.000000  5926 10
103781.000000  5927 10
103791.000000  5928 10
103815.000000  5930 10
103873.000000  5934 10
103875.000000  5934 10
103887.000000  5935 10
103889.000000  5935 10
103911.000000  5937 10
103949.000000  5939 10
104023.000000  5945 10
104071.000000  5949 10
104107.000000  5952 10
104119.000000  5953 10
104119.000000  5953 10
104147.000000  5955 10
104155.000000  5956 10
104187.000000  5958 10
104187.000000  5958 10
104193.000000  5958 10
104215.000000  5960 10
104217.000000  5960 10
104231.000000  5961 10
104243.000000  5962 10
104267.000000  5964 10
104327.000000  5968 10
104329.000000  5969 10
104361.000000  5971 10
104389.000000  5973 10
104391.000000  5973 10
104425.000000  5976 10
104427.000000  5976 10
104441.000000  5977 10
104463.000000  5979 10
104471.000000  5980 10
104479.000000  5981 10
104499.000000  5982 10
104517.000000  5983 10
104561.000000  5987 10
104563.000000  5987 10
104569.000000  5988 10
104577.000000  5988 10
104591.000000  5989 10
104613.000000  5991 10
104657.000000  5995 10
104683.000000  5997 10
104881.000000  6013 10
104917.000000  6015 10
104919.000000  6016 10
104939.000000  6017 10
104953.000000  6018 10
104953.000000  6018 10
104985.000000  6021 10
105059.000000  6026 10
105059.000000  6026 10
105077.000000  6028 10
105135.000000  6032 10
105159.000000  6034 10
105169.000000  6035 10
105221.000000  6039 10
105249.000000  6041 10
105251.000000  6041 10
105273.000000  6043 10
105303.000000  6045 10
105317.000000  6046 10
105333.000000  6047 10
105385.000000  6051 10
105403.000000  6052 10
105423.000000  6054 10
105437.000000  6055 10
105475.000000  6058 10
105477.000000  6058 10
105503.000000  6060 10
105517.000000  6061 10
105571.000000  6066 10
105599.000000  6068 10
105601.000000  6068 10
105607.000000  6069 10
105641.000000  6071 10
105669.000000  6073 10
105683.000000  6075 10
105709.000000  6077 10
106665.000000  6151 10
106685.000000  6153 10
106707.000000  6154 10
106771.000000  6159 10
106835.000000  6165 10
106835.000000  6165 10
106853.000000  6166 10
106881.000000  6168 10
106907.000000  6170 10
106941.000000  6173 10
106943.000000  6173 10
106965.000000  6175 10
106977.000000  6176 10
107011.000000  6178 10
107013.000000  6179 10
107043.000000  6181 10
107065.000000  6183 10
107065.000000  6183 10
107097.000000  6185 10
107099.000000  6185 10
107115.000000  6187 10
107145.000000  6189 10
107171.000000  6191 10
107201.000000  6194 10
107203.000000  6194 10
107225.000000  6196 10
107269.000000  6199 10
107295.000000  6201 10
107313.000000  6202 10
107345.000000  6205 10
107345.000000  6205 10
107367.000000  6206 10
107397.000000  6209 10
107399.000000  6209 10
107407.000000  6209 10
107441.000000  6212 10
107517.000000  6218 10
107517.000000  6218 10
107517.000000  6218 10
107537.000000  6220 10
107589.000000  6224 10
107603.000000  6225 10
107621.000000  6226 10
107727.000000  6234 10
107753.000000  6236 10
107769.000000  6237 10
107789.000000  6239 10
107813.000000  6241 10
107833.000000  6242 10
107847.000000  6243 10
107871.000000  6245 10
107871.000000  6245 10
107921.000000  6249 10
107951.000000  6251 10
107999.000000  6255 10
108063.000000  6260 10
108065.000000  6261 10
108121.000000  6265 10
108155.000000  6268 10
108177.000000  6270 10
108211.000000  6272 10
108241.000000  6275 10
108255.000000  6276 10
108283.000000  6278 10
108285.000000  6278 10
108311.000000  6280 10
108359.000000  6284 10
108395.000000  6287 10
108395.000000  6287 10
108439.000000  6290 10
108441.000000  6291 10
108465.000000  6292 10
108513.000000  6296 10
108549.000000  6299 10
108577.000000  6301 10
108591.000000  6302 10
108619.000000  6304 10
108671.000000  6308 10
108705.000000  6311 10
108731.000000  6313 10
108787.000000  6317 10
108821.000000  6319 10
108849.000000  6321 10
108849.000000  6321 10
108849.000000  6321 10
108849.000000  6321 10
108849.000000  6321 10
108849.000000  6321 10
108849.000000  6321 10
108953.000000  6329 10
109007.000000  6334 10
109023.000000  6335 10
109059.000000  6338 10
109095.000000  6341 10
109123.000000  6343 10
109149.000000  6345 10
109163.000000  6346 10
109183.000000  6348 10
109215.000000  6350 10
109229.000000  6351 10
109239.000000  6352 10
109255.000000  6353 10
109279.000000  6355 10
109281.000000  6356 10
109309.000000  6358 10
109339.000000  6360 10
109341.000000  6361 10
109369.000000  6363 10
109371.000000  6363 10
109391.000000  6364 10
109423.000000  6367 10
109447.000000  6369 10
109455.000000  6369 10
109489.000000  6372 10
109491.000000  6372 10
109515.000000  6374 10
109529.000000  6375 10
109531.000000  6376 10
109547.000000  6377 10
109569.000000  6379 10
109603.000000  6381 10
109605.000000  6381 10
109627.000000  6383 10
109651.000000  6385 10
109703.000000  6389 10
109759.000000  6393 10
109759.000000  6393 10
109811.000000  6397 10
109835.000000  6399 10
109859.000000  6401 10
109923.000000  6406 10
109923.000000  6406 10
109931.000000  6406 10
109997.000000  6411 10
109999.000000  6411 10
110001.000000  6411 10
110025.000000  6413 10
110077.000000  6417 10
110101.000000  6419 10
110113.000000  6420 10
110113.000000  6420 10
110187.000000  6426 10
110189.000000  6426 10
110193.000000  6426 10
110217.000000  6428 10
110219.000000  6428 10
110241.000000  6430 10
110253.000000  6431 10
110253.000000  6431 10
110275.000000  6433 10
110277.000000  6433 10
110309.000000  6436 10
110323.000000  6437 10
110379.000000  6441 10
110381.000000  6441 10
110419.000000  6444 10
110441.000000  6446 10
110449.000000  6447 10
110483.000000  6449 10
110507.000000  6451 10
110521.000000  6453 10
110545.000000  6455 10
110547.000000  6455 10
110847.000000  6478 10
110861.000000  6479 10
110861.000000  6479 10
110895.000000  6482 10
110901.000000  6482 10
110931.000000  6485 10
110931.000000  6485 10
110963.000000  6487 10
110993.000000  6489 10
111007.000000  6491 10
111035.000000  6493 10
111061.000000  6495 10
111061.000000  6495 10
111089.000000  6497 10
111119.000000  6499 10
111121.000000  6499 10
111141.000000  6500 10
111141.000000  6500 10
111229.000000  6507 10
111229.000000  6507 10
111289.000000  6512 10
111349.000000  6517 10
111351.000000  6517 10
111401.000000  6521 10
111401.000000  6521 10
111437.000000  6524 10
111439.000000  6524 10
111493.000000  6528 10
111495.000000  6528 10
111523.000000  6531 10
111537.000000  6532 10
111555.000000  6533 10
111561.000000  6533 10
111581.000000  6535 10
111581.000000  6535 10
111603.000000  6537 10
111613.000000  6538 10
111635.000000  6539 10
111645.000000  6540 10
111645.000000  6540 10
111673.000000  6542 10
111725.000000  6547 10
111727.000000  6547 10
111737.000000  6548 10
111759.000000  6549 10
111773.000000  6551 10
111775.000000  6551 10
111803.000000  6553 10
111811.000000  6554 10
111837.000000  6556 10
111839.000000  6556 10
111869.000000  6558 10
111889.000000  6560 10
111901.000000  6561 10
111915.000000  6561 10
111977.000000  6566 10
112001.000000  6568 10
112017.000000  6569 10
112033.000000  6571 10
112059.000000  6573 10
112091.000000  6575 10
112145.000000  6579 10
112177.000000  6582 10
112179.000000  6582 10
112179.000000  6582 10
