43253.000000  3986
43253.000000  3986
43253.000000  3986
46401.000000  4009
46403.000000  4010
46405.000000  4010
46407.000000  4010
46409.000000  4011
46411.000000  4011
46413.000000  4011
46415.000000  4012
46417.000000  4012
46419.000000  4012
46421.000000  4013
46423.000000  4013
46425.000000  4013
46427.000000  4014
46429.000000  4014
46431.000000  4015
46433.000000  4015
46435.000000  4015
46437.000000  4016
46439.000000  4016
46441.000000  4017
46443.000000  4017
46445.000000  4017
46447.000000  4018
46449.000000  4018
46451.000000  4019
46453.000000  4019
46455.000000  4019
46457.000000  4020
46459.000000  4020
46461.000000  4021
46463.000000  4021
46465.000000  4022
46467.000000  4022
46469.000000  4023
46471.000000  4023
46473.000000  4023
46475.000000  4024
46477.000000  4024
46479.000000  4025
46481.000000  4025
46483.000000  4025
46485.000000  4026
46487.000000  4026
46489.000000  4027
46491.000000  4027
46493.000000  4028
46495.000000  4028
46497.000000  4029
46499.000000  4029
46501.000000  4030
46503.000000  4030
46505.000000  4031
46507.000000  4031
46509.000000  4031
46511.000000  4032
46513.000000  4032
46515.000000  4033
46517.000000  4033
46519.000000  4034
46521.000000  4034
46523.000000  4035
46525.000000  4035
46527.000000  4036
46529.000000  4036
46531.000000  4037
46533.000000  4037
46535.000000  4037
46537.000000  4038
46539.000000  4039
46541.000000  4039
46543.000000  4039
46545.000000  4040
46547.000000  4040
46549.000000  4041
46551.000000  4041
46553.000000  4042
46555.000000  4042
46557.000000  4043
46559.000000  4043
46561.000000  4044
46563.000000  4044
46565.000000  4045
46567.000000  4045
46569.000000  4046
46571.000000  4046
46573.000000  4047
46575.000000  4047
46577.000000  4047
46579.000000  4048
46581.000000  4049
46583.000000  4049
46585.000000  4049
46587.000000  4050
46589.000000  4050
46591.000000  4051
46593.000000  4051
46595.000000  4052
46597.000000  4052
46599.000000  4053
46601.000000  4053
46603.000000  4054
46605.000000  4054
46607.000000  4055
46609.000000  4055
46611.000000  4056
46613.000000  4056
46615.000000  4057
46617.000000  4057
46619.000000  4058
46621.000000  4058
46623.000000  4059
46625.000000  4059
46627.000000  4059
46629.000000  4060
46631.000000  4061
46633.000000  4061
46635.000000  4061
46637.000000  4062
46639.000000  4063
46641.000000  4063
46643.000000  4063
46645.000000  4064
46647.000000  4064
46649.000000  4065
46651.000000  4065
46653.000000  4066
46655.000000  4066
46657.000000  4067
46659.000000  4067
46661.000000  4068
46663.000000  4068
46665.000000  4069
46667.000000  4069
46669.000000  4070
46671.000000  4070
46673.000000  4071
46675.000000  4071
46677.000000  4072
46679.000000  4072
46681.000000  4073
46683.000000  4073
46685.000000  4073
46687.000000  4074
46689.000000  4074
46691.000000  4075
46693.000000  4075
46695.000000  4076
46697.000000  4076
46699.000000  4077
46701.000000  4077
46703.000000  4078
46705.000000  4078
46707.000000  4079
46709.000000  4079
46711.000000  4080
46713.000000  4080
46715.000000  4081
46717.000000  4081
46719.000000  4082
46721.000000  4082
46723.000000  4083
46725.000000  4083
46727.000000  4084
46729.000000  4084
46731.000000  4085
46733.000000  4085
46735.000000  4086
46737.000000  4086
46739.000000  4087
46741.000000  4087
46743.000000  4087
46745.000000  4088
46747.000000  4089
46749.000000  4089
46751.000000  4089
46753.000000  4090
46755.000000  4090
46757.000000  4091
46759.000000  4091
46761.000000  4092
46763.000000  4092
46765.000000  4093
46767.000000  4093
46769.000000  4094
46771.000000  4094
46773.000000  4095
46775.000000  4095
46777.000000  4096
46779.000000  4096
46781.000000  4097
46783.000000  4097
46785.000000  4097
46787.000000  4098
46789.000000  4098
46791.000000  4099
46793.000000  4099
46795.000000  4100
46797.000000  4100
46799.000000  4101
46801.000000  4101
46803.000000  4102
46805.000000  4102
46807.000000  4103
46809.000000  4103
46811.000000  4104
46813.000000  4104
46815.000000  4105
46817.000000  4105
46819.000000  4106
46821.000000  4106
46823.000000  4107
46825.000000  4107
46827.000000  4108
46829.000000  4108
46831.000000  4109
46833.000000  4109
46835.000000  4109
46837.000000  4110
46839.000000  4111
46841.000000  4111
46843.000000  4111
46845.000000  4112
46847.000000  4112
46849.000000  4113
46851.000000  4113
46853.000000  4114
46855.000000  4114
46857.000000  4115
46859.000000  4115
46861.000000  4116
46863.000000  4116
46865.000000  4117
46867.000000  4117
46869.000000  4118
46871.000000  4118
46873.000000  4119
46875.000000  4119
46877.000000  4119
46879.000000  4120
46881.000000  4120
46883.000000  4121
46885.000000  4121
46887.000000  4122
46889.000000  4122
46891.000000  4123
46893.000000  4123
46895.000000  4124
46897.000000  4124
46899.000000  4125
46901.000000  4125
46903.000000  4126
46905.000000  4126
46907.000000  4127
46909.000000  4127
46911.000000  4128
46913.000000  4128
46915.000000  4129
46917.000000  4129
46919.000000  4129
46921.000000  4130
46923.000000  4131
46925.000000  4131
46927.000000  4131
46929.000000  4132
46931.000000  4132
46933.000000  4133
46935.000000  4133
46937.000000  4134
46939.000000  4134
46941.000000  4135
46943.000000  4135
46945.000000  4136
46947.000000  4136
46949.000000  4137
46951.000000  4137
46953.000000  4138
46955.000000  4138
46957.000000  4139
46959.000000  4139
46961.000000  4140
46963.000000  4140
46965.000000  4141
46967.000000  4141
46969.000000  4142
46971.000000  4142
46973.000000  4143
46975.000000  4143
46977.000000  4143
46979.000000  4144
46981.000000  4144
46983.000000  4145
46985.000000  4145
46987.000000  4146
46989.000000  4146
46991.000000  4147
46993.000000  4147
46995.000000  4148
46997.000000  4148
46999.000000  4149
47001.000000  4149
47003.000000  4150
47005.000000  4150
47007.000000  4151
47009.000000  4151
47011.000000  4152
47013.000000  4152
47015.000000  4153
47017.000000  4153
47019.000000  4154
47021.000000  4154
47023.000000  4155
47025.000000  4155
47027.000000  4155
47029.000000  4156
47031.000000  4157
47033.000000  4157
47035.000000  4157
47037.000000  4158
47039.000000  4158
47041.000000  4159
47043.000000  4159
47045.000000  4160
47047.000000  4160
47049.000000  4161
47051.000000  4161
47053.000000  4162
47055.000000  4162
47057.000000  4163
47059.000000  4163
47061.000000  4164
47063.000000  4164
47065.000000  4165
47067.000000  4165
47069.000000  4166
47071.000000  4166
47073.000000  4167
47075.000000  4167
47077.000000  4168
47079.000000  4168
47081.000000  4169
47083.000000  4169
47085.000000  4169
47087.000000  4170
47089.000000  4170
47091.000000  4171
47093.000000  4171
47095.000000  4172
47097.000000  4172
47099.000000  4173
47101.000000  4173
47103.000000  4174
47105.000000  4174
47107.000000  4175
47109.000000  4175
47111.000000  4176
47113.000000  4176
47115.000000  4177
47117.000000  4177
47119.000000  4178
47121.000000  4178
47123.000000  4179
47125.000000  4179
47127.000000  4180
47129.000000  4180
47131.000000  4181
47133.000000  4181
47135.000000  4181
47137.000000  4182
47139.000000  4183
47141.000000  4183
47143.000000  4183
47145.000000  4184
47147.000000  4184
47149.000000  4185
47151.000000  4185
47153.000000  4186
47155.000000  4186
47157.000000  4187
47159.000000  4187
47161.000000  4188
47163.000000  4188
47165.000000  4189
47167.000000  4189
47169.000000  4190
47171.000000  4190
47173.000000  4191
47175.000000  4191
47177.000000  4192
47179.000000  4192
47181.000000  4193
47183.000000  4193
47185.000000  4193
47187.000000  4194
47189.000000  4195
47191.000000  4195
47193.000000  4195
47195.000000  4196
47197.000000  4196
47199.000000  4197
47201.000000  4197
47203.000000  4198
47205.000000  4198
47207.000000  4199
47209.000000  4199
47211.000000  4200
47213.000000  4200
47215.000000  4201
47217.000000  4201
47219.000000  4202
47221.000000  4202
47223.000000  4203
47225.000000  4203
47227.000000  4204
47229.000000  4204
47231.000000  4205
47233.000000  4205
47235.000000  4205
47237.000000  4206
47239.000000  4207
47241.000000  4207
47243.000000  4207
47245.000000  4208
47247.000000  4208
47249.000000  4209
47251.000000  4209
47253.000000  4210
47255.000000  4210
47257.000000  4211
47259.000000  4211
47261.000000  4212
47263.000000  4212
47265.000000  4213
47267.000000  4213
47269.000000  4214
47271.000000  4214
47273.000000  4215
47275.000000  4215
47277.000000  4215
47279.000000  4216
47281.000000  4217
47283.000000  4217
47285.000000  4217
47287.000000  4218
47289.000000  4218
47291.000000  4219
47293.000000  4219
47295.000000  4220
47297.000000  4220
47299.000000  4221
47301.000000  4221
47303.000000  4222
47305.000000  4222
47307.000000  4223
47309.000000  4223
47311.000000  4224
47313.000000  4224
47315.000000  4225
47317.000000  4225
47319.000000  4226
47321.000000  4226
47323.000000  4227
47325.000000  4227
47327.000000  4228
47329.000000  4228
47331.000000  4229
47333.000000  4229
47335.000000  4229
47337.000000  4230
47339.000000  4231
47341.000000  4231
47343.000000  4231
47345.000000  4232
47347.000000  4232
47349.000000  4233
47351.000000  4233
47353.000000  4234
47355.000000  4234
47357.000000  4235
47359.000000  4235
47361.000000  4236
47363.000000  4236
47365.000000  4237
47367.000000  4237
47369.000000  4238
47371.000000  4238
47373.000000  4239
47375.000000  4239
47377.000000  4240
47379.000000  4240
47381.000000  4241
47383.000000  4241
47385.000000  4241
47387.000000  4242
47389.000000  4243
47391.000000  4243
47393.000000  4243
47395.000000  4244
47397.000000  4244
47399.000000  4245
47401.000000  4245
47403.000000  4246
47405.000000  4246
47407.000000  4247
47409.000000  4247
47411.000000  4248
47413.000000  4248
47415.000000  4249
47417.000000  4249
47419.000000  4250
47421.000000  4250
47423.000000  4251
47425.000000  4251
47427.000000  4252
47429.000000  4252
47431.000000  4253
47433.000000  4253
47435.000000  4254
47437.000000  4254
47439.000000  4255
47441.000000  4255
47443.000000  4256
47445.000000  4256
47447.000000  4257
47449.000000  4257
47451.000000  4257
47453.000000  4258
47455.000000  4259
47457.000000  4259
47459.000000  4259
47461.000000  4260
47463.000000  4260
47465.000000  4261
47467.000000  4261
47469.000000  4262
47471.000000  4262
47473.000000  4263
47475.000000  4263
47477.000000  4264
47479.000000  4264
47481.000000  4265
47483.000000  4265
47485.000000  4266
47487.000000  4266
47489.000000  4267
47491.000000  4267
47493.000000  4267
47495.000000  4268
47497.000000  4268
47499.000000  4269
47501.000000  4269
47503.000000  4270
47505.000000  4270
47507.000000  4271
47509.000000  4271
47511.000000  4272
47513.000000  4272
47515.000000  4273
47517.000000  4273
47519.000000  4274
47521.000000  4274
47523.000000  4275
47525.000000  4275
47527.000000  4276
47529.000000  4276
47531.000000  4277
47533.000000  4277
47535.000000  4278
47537.000000  4278
47539.000000  4279
47541.000000  4279
47543.000000  4279
47545.000000  4280
47547.000000  4281
47549.000000  4281
47551.000000  4281
47553.000000  4282
47555.000000  4282
47557.000000  4283
47559.000000  4283
47561.000000  4284
47563.000000  4284
47565.000000  4285
47567.000000  4285
47569.000000  4286
47571.000000  4286
47573.000000  4287
47575.000000  4287
47577.000000  4288
47579.000000  4288
47581.000000  4289
47583.000000  4289
47585.000000  4290
47587.000000  4290
47589.000000  4291
47591.000000  4291
47593.000000  4291
47595.000000  4292
47597.000000  4292
47599.000000  4293
47601.000000  4293
47603.000000  4294
47605.000000  4294
47607.000000  4295
47609.000000  4295
47611.000000  4296
47613.000000  4296
47615.000000  4297
47617.000000  4297
47619.000000  4298
47621.000000  4298
47623.000000  4299
47625.000000  4299
47627.000000  4299
47629.000000  4300
47631.000000  4301
47633.000000  4301
47635.000000  4301
47637.000000  4302
47639.000000  4303
47641.000000  4303
47643.000000  4303
47645.000000  4304
47647.000000  4304
47649.000000  4305
47651.000000  4305
47653.000000  4306
47655.000000  4306
47657.000000  4307
47659.000000  4307
47661.000000  4308
47663.000000  4308
47665.000000  4309
47667.000000  4309
47669.000000  4310
47671.000000  4310
47673.000000  4311
47675.000000  4311
47677.000000  4311
47679.000000  4312
47681.000000  4313
47683.000000  4313
47685.000000  4313
47687.000000  4314
47689.000000  4314
47691.000000  4315
47693.000000  4315
47695.000000  4316
47697.000000  4316
47699.000000  4317
47701.000000  4317
47703.000000  4318
47705.000000  4318
47707.000000  4319
47709.000000  4319
47711.000000  4320
47713.000000  4320
47715.000000  4321
47717.000000  4321
47719.000000  4322
47721.000000  4322
47723.000000  4323
47725.000000  4323
47727.000000  4324
47729.000000  4324
47731.000000  4325
47733.000000  4325
47735.000000  4326
47737.000000  4326
47739.000000  4327
47741.000000  4327
47743.000000  4327
47745.000000  4328
47747.000000  4329
47749.000000  4329
47751.000000  4329
47753.000000  4330
47755.000000  4330
47757.000000  4331
47759.000000  4331
47761.000000  4332
47763.000000  4332
47765.000000  4333
47767.000000  4333
47769.000000  4334
47771.000000  4334
47773.000000  4335
47775.000000  4335
47777.000000  4336
47779.000000  4336
47781.000000  4337
47783.000000  4337
47785.000000  4337
47787.000000  4338
47789.000000  4339
47791.000000  4339
47793.000000  4339
47795.000000  4340
47797.000000  4341
47799.000000  4341
47801.000000  4341
47803.000000  4342
47805.000000  4342
47807.000000  4343
47809.000000  4343
47811.000000  4344
47813.000000  4344
47815.000000  4345
47817.000000  4345
47819.000000  4346
47821.000000  4346
47823.000000  4347
47825.000000  4347
47827.000000  4348
47829.000000  4348
47831.000000  4349
47833.000000  4349
47835.000000  4350
47837.000000  4350
47839.000000  4351
47841.000000  4351
47843.000000  4352
47845.000000  4352
47847.000000  4353
47849.000000  4353
47851.000000  4354
47853.000000  4354
47855.000000  4355
47857.000000  4355
47859.000000  4355
47861.000000  4356
47863.000000  4357
47865.000000  4357
47867.000000  4357
47869.000000  4358
47871.000000  4358
47873.000000  4359
47875.000000  4359
47877.000000  4360
47879.000000  4360
47881.000000  4361
47883.000000  4361
47885.000000  4362
47887.000000  4362
47889.000000  4363
47891.000000  4363
47893.000000  4363
47895.000000  4364
47897.000000  4365
47899.000000  4365
47901.000000  4365
47903.000000  4366
47905.000000  4366
47907.000000  4367
47909.000000  4367
47911.000000  4368
47913.000000  4368
47915.000000  4369
47917.000000  4369
47919.000000  4370
47921.000000  4370
47923.000000  4371
47925.000000  4371
47927.000000  4372
47929.000000  4372
47931.000000  4373
47933.000000  4373
47935.000000  4374
47937.000000  4374
47939.000000  4375
47941.000000  4375
47943.000000  4376
47945.000000  4376
47947.000000  4377
47949.000000  4377
47951.000000  4378
47953.000000  4378
47955.000000  4379
47957.000000  4379
47959.000000  4379
47961.000000  4380
47963.000000  4381
47965.000000  4381
47967.000000  4381
47969.000000  4382
47971.000000  4382
47973.000000  4383
47975.000000  4383
47977.000000  4384
47979.000000  4384
47981.000000  4385
47983.000000  4385
47985.000000  4386
47987.000000  4386
47989.000000  4387
47991.000000  4387
47993.000000  4387
47995.000000  4388
47997.000000  4389
47999.000000  4389
48001.000000  4389
48003.000000  4390
48005.000000  4390
48007.000000  4391
48009.000000  4391
48011.000000  4392
48013.000000  4392
48015.000000  4393
48017.000000  4393
48019.000000  4394
48021.000000  4394
48023.000000  4395
48025.000000  4395
48027.000000  4396
48029.000000  4396
48031.000000  4397
48033.000000  4397
48035.000000  4398
48037.000000  4398
48039.000000  4399
48041.000000  4399
48043.000000  4400
48045.000000  4400
48047.000000  4401
48049.000000  4401
48051.000000  4401
48053.000000  4402
48055.000000  4403
48057.000000  4403
48059.000000  4403
48061.000000  4404
48063.000000  4404
48065.000000  4405
48067.000000  4405
48069.000000  4406
48071.000000  4406
48073.000000  4407
48075.000000  4407
48077.000000  4408
48079.000000  4408
48081.000000  4409
48083.000000  4409
48085.000000  4410
48087.000000  4410
48089.000000  4411
48091.000000  4411
48093.000000  4411
48095.000000  4412
48097.000000  4413
48099.000000  4413
48101.000000  4413
48103.000000  4414
48105.000000  4414
48107.000000  4415
48109.000000  4415
48111.000000  4416
48113.000000  4416
48115.000000  4417
48117.000000  4417
48119.000000  4418
48121.000000  4418
48123.000000  4419
48125.000000  4419
48127.000000  4420
48129.000000  4420
48131.000000  4421
48133.000000  4421
48135.000000  4422
48137.000000  4422
48139.000000  4423
48141.000000  4423
48143.000000  4424
48145.000000  4424
48147.000000  4425
48149.000000  4425
48151.000000  4426
48153.000000  4426
48155.000000  4427
48157.000000  4427
48159.000000  4427
48161.000000  4428
48163.000000  4429
48165.000000  4429
48167.000000  4429
48169.000000  4430
48171.000000  4430
48173.000000  4431
48175.000000  4431
48177.000000  4432
48179.000000  4432
48181.000000  4433
48183.000000  4433
48185.000000  4434
48187.000000  4434
48189.000000  4435
48191.000000  4435
48193.000000  4436
48195.000000  4436
48197.000000  4437
48199.000000  4437
48201.000000  4437
48203.000000  4438
48205.000000  4439
48207.000000  4439
48209.000000  4439
48211.000000  4440
48213.000000  4441
48215.000000  4441
48217.000000  4441
48219.000000  4442
48221.000000  4442
48223.000000  4443
48225.000000  4443
48227.000000  4444
48229.000000  4444
48231.000000  4445
48233.000000  4445
48235.000000  4446
48237.000000  4446
48239.000000  4447
48241.000000  4447
48243.000000  4448
48245.000000  4448
48247.000000  4449
48249.000000  4449
48251.000000  4450
48253.000000  4450
48255.000000  4451
48257.000000  4451
48259.000000  4451
48261.000000  4452
48263.000000  4453
48265.000000  4453
48267.000000  4453
48269.000000  4454
48271.000000  4454
48273.000000  4455
48275.000000  4455
48277.000000  4456
48279.000000  4456
48281.000000  4457
48283.000000  4457
48285.000000  4458
48287.000000  4458
48289.000000  4459
48291.000000  4459
48293.000000  4460
48295.000000  4460
48297.000000  4461
48299.000000  4461
48301.000000  4461
48303.000000  4462
48305.000000  4463
48307.000000  4463
48309.000000  4463
48311.000000  4464
48313.000000  4464
48315.000000  4465
48317.000000  4465
48319.000000  4466
48321.000000  4466
48323.000000  4467
48325.000000  4467
48327.000000  4468
48329.000000  4468
48331.000000  4469
48333.000000  4469
48335.000000  4470
48337.000000  4470
48339.000000  4471
48341.000000  4471
48343.000000  4472
48345.000000  4472
48347.000000  4473
48349.000000  4473
48351.000000  4474
48353.000000  4474
48355.000000  4475
48357.000000  4475
48359.000000  4475
48361.000000  4476
48363.000000  4476
48365.000000  4477
48367.000000  4477
48369.000000  4478
48371.000000  4478
48373.000000  4479
48375.000000  4479
48377.000000  4480
48379.000000  4480
48381.000000  4481
48383.000000  4481
48385.000000  4482
48387.000000  4482
48389.000000  4483
48391.000000  4483
48393.000000  4483
48395.000000  4484
48397.000000  4485
48399.000000  4485
48401.000000  4485
48403.000000  4486
48405.000000  4486
48407.000000  4487
48409.000000  4487
48411.000000  4488
48413.000000  4488
48415.000000  4489
48417.000000  4489
48419.000000  4490
48421.000000  4490
48423.000000  4491
48425.000000  4491
48427.000000  4492
48429.000000  4492
48431.000000  4493
48433.000000  4493
48435.000000  4494
48437.000000  4494
48439.000000  4495
48441.000000  4495
48443.000000  4496
48445.000000  4496
48447.000000  4497
48449.000000  4497
48451.000000  4498
48453.000000  4498
48455.000000  4499
48457.000000  4499
48459.000000  4499
48461.000000  4500
48463.000000  4501
48465.000000  4501
48467.000000  4501
48469.000000  4502
48471.000000  4502
48473.000000  4503
48475.000000  4503
48477.000000  4504
48479.000000  4504
48481.000000  4505
48483.000000  4505
48485.000000  4506
48487.000000  4506
48489.000000  4507
48491.000000  4507
48493.000000  4508
48495.000000  4508
48497.000000  4509
48499.000000  4509
48501.000000  4509
48503.000000  4510
48505.000000  4511
48507.000000  4511
48509.000000  4511
48511.000000  4512
48513.000000  4513
48515.000000  4513
48517.000000  4513
48519.000000  4514
48521.000000  4514
48523.000000  4515
48525.000000  4515
48527.000000  4516
48529.000000  4516
48531.000000  4517
48533.000000  4517
48535.000000  4518
48537.000000  4518
48539.000000  4519
48541.000000  4519
48543.000000  4520
48545.000000  4520
48547.000000  4521
48549.000000  4521
48551.000000  4522
48553.000000  4522
48555.000000  4523
48557.000000  4523
48559.000000  4524
48561.000000  4524
48563.000000  4525
48565.000000  4525
48567.000000  4525
48569.000000  4526
48571.000000  4527
48573.000000  4527
48575.000000  4527
48577.000000  4528
48579.000000  4528
48581.000000  4529
48583.000000  4529
48585.000000  4530
48587.000000  4530
48589.000000  4531
48591.000000  4531
48593.000000  4532
48595.000000  4532
48597.000000  4533
48599.000000  4533
48601.000000  4534
48603.000000  4534
48605.000000  4535
48607.000000  4535
48609.000000  4536
48611.000000  4536
48613.000000  4537
48615.000000  4537
48617.000000  4537
48619.000000  4538
48621.000000  4539
48623.000000  4539
48625.000000  4539
48627.000000  4540
48629.000000  4541
48631.000000  4541
48633.000000  4541
48635.000000  4542
48637.000000  4542
48639.000000  4543
48641.000000  4543
48643.000000  4544
48645.000000  4544
48647.000000  4545
48649.000000  4545
48651.000000  4546
48653.000000  4546
48655.000000  4547
48657.000000  4547
48659.000000  4548
48661.000000  4548
48663.000000  4549
48665.000000  4549
48667.000000  4550
48669.000000  4550
48671.000000  4551
48673.000000  4551
48675.000000  4551
48677.000000  4552
48679.000000  4552
48681.000000  4553
48683.000000  4553
48685.000000  4554
48687.000000  4554
48689.000000  4555
48691.000000  4555
48693.000000  4556
48695.000000  4556
48697.000000  4557
48699.000000  4557
48701.000000  4558
48703.000000  4558
48705.000000  4559
48707.000000  4559
48709.000000  4560
48711.000000  4560
48713.000000  4561
48715.000000  4561
48717.000000  4561
48719.000000  4562
48721.000000  4563
48723.000000  4563
48725.000000  4563
48727.000000  4564
48729.000000  4564
48731.000000  4565
48733.000000  4565
48735.000000  4566
48737.000000  4566
48739.000000  4567
48741.000000  4567
48743.000000  4568
48745.000000  4568
48747.000000  4569
48749.000000  4569
48751.000000  4570
48753.000000  4570
48755.000000  4571
48757.000000  4571
48759.000000  4572
48761.000000  4572
48763.000000  4573
48765.000000  4573
48767.000000  4573
48769.000000  4574
48771.000000  4574
48773.000000  4575
48775.000000  4575
48777.000000  4576
48779.000000  4576
48781.000000  4577
48783.000000  4577
48785.000000  4578
48787.000000  4578
48789.000000  4579
48791.000000  4579
48793.000000  4580
48795.000000  4580
48797.000000  4581
48799.000000  4581
48801.000000  4581
48803.000000  4582
48805.000000  4583
48807.000000  4583
48809.000000  4583
48811.000000  4584
48813.000000  4584
48815.000000  4585
48817.000000  4585
48819.000000  4586
48821.000000  4586
48823.000000  4587
48825.000000  4587
48827.000000  4588
48829.000000  4588
48831.000000  4589
48833.000000  4589
48835.000000  4590
48837.000000  4590
48839.000000  4591
48841.000000  4591
48843.000000  4592
48845.000000  4592
48847.000000  4593
48849.000000  4593
48851.000000  4594
48853.000000  4594
48855.000000  4595
48857.000000  4595
48859.000000  4596
48861.000000  4596
48863.000000  4597
48865.000000  4597
48867.000000  4597
48869.000000  4598
48871.000000  4598
48873.000000  4599
48875.000000  4599
48877.000000  4600
48879.000000  4600
48881.000000  4601
48883.000000  4601
48885.000000  4602
48887.000000  4602
48889.000000  4603
48891.000000  4603
48893.000000  4604
48895.000000  4604
48897.000000  4605
48899.000000  4605
48901.000000  4606
48903.000000  4606
48905.000000  4607
48907.000000  4607
48909.000000  4607
48911.000000  4608
48913.000000  4609
48915.000000  4609
48917.000000  4609
48919.000000  4610
48921.000000  4610
48923.000000  4611
48925.000000  4611
48927.000000  4612
48929.000000  4612
48931.000000  4613
48933.000000  4613
48935.000000  4614
48937.000000  4614
48939.000000  4615
48941.000000  4615
48943.000000  4616
48945.000000  4616
48947.000000  4617
48949.000000  4617
48951.000000  4618
48953.000000  4618
48955.000000  4619
48957.000000  4619
48959.000000  4620
48961.000000  4620
48963.000000  4621
48965.000000  4621
48967.000000  4622
48969.000000  4622
48971.000000  4623
48973.000000  4623
48975.000000  4623
48977.000000  4624
48979.000000  4624
48981.000000  4625
48983.000000  4625
48985.000000  4626
48987.000000  4626
48989.000000  4627
48991.000000  4627
48993.000000  4628
48995.000000  4628
48997.000000  4629
48999.000000  4629
49001.000000  4630
49003.000000  4630
49005.000000  4631
49007.000000  4631
49009.000000  4632
49011.000000  4632
49013.000000  4633
49015.000000  4633
49017.000000  4633
49019.000000  4634
49021.000000  4635
49023.000000  4635
49025.000000  4635
49027.000000  4636
49029.000000  4636
49031.000000  4637
49033.000000  4637
49035.000000  4638
49037.000000  4638
49039.000000  4639
49041.000000  4639
49043.000000  4640
49045.000000  4640
49047.000000  4641
49049.000000  4641
49051.000000  4642
49053.000000  4642
49055.000000  4643
49057.000000  4643
49059.000000  4644
49061.000000  4644
49063.000000  4645
49065.000000  4645
49067.000000  4646
49069.000000  4646
49071.000000  4647
49073.000000  4647
49075.000000  4647
49077.000000  4648
49079.000000  4648
49081.000000  4649
49083.000000  4649
49085.000000  4650
49087.000000  4650
49089.000000  4651
49091.000000  4651
49093.000000  4652
49095.000000  4652
49097.000000  4653
49099.000000  4653
49101.000000  4654
49103.000000  4654
49105.000000  4655
49107.000000  4655
49109.000000  4655
49111.000000  4656
49113.000000  4657
49115.000000  4657
49117.000000  4657
49119.000000  4658
49121.000000  4658
49123.000000  4659
49125.000000  4659
49127.000000  4660
49129.000000  4660
49131.000000  4661
49133.000000  4661
49135.000000  4662
49137.000000  4662
49139.000000  4663
49141.000000  4663
49143.000000  4664
49145.000000  4664
49147.000000  4665
49149.000000  4665
49151.000000  4666
49153.000000  4666
49155.000000  4667
49157.000000  4667
49159.000000  4668
49161.000000  4668
49163.000000  4669
49165.000000  4669
49167.000000  4669
49169.000000  4670
49171.000000  4670
49173.000000  4671
49175.000000  4671
49177.000000  4672
49179.000000  4672
49181.000000  4673
49183.000000  4673
49185.000000  4674
49187.000000  4674
49189.000000  4675
49191.000000  4675
49193.000000  4676
49195.000000  4676
49197.000000  4677
49199.000000  4677
49201.000000  4678
49203.000000  4678
49205.000000  4679
49207.000000  4679
49209.000000  4679
49211.000000  4680
49213.000000  4681
49215.000000  4681
49217.000000  4681
49219.000000  4682
49221.000000  4682
49223.000000  4683
49225.000000  4683
49227.000000  4684
49229.000000  4684
49231.000000  4685
49233.000000  4685
49235.000000  4686
49237.000000  4686
49239.000000  4687
49241.000000  4687
49243.000000  4688
49245.000000  4688
49247.000000  4689
49249.000000  4689
49251.000000  4690
49253.000000  4690
49255.000000  4691
49257.000000  4691
49259.000000  4692
49261.000000  4692
49263.000000  4693
49265.000000  4693
49267.000000  4694
49269.000000  4694
49271.000000  4695
49273.000000  4695
49275.000000  4695
49277.000000  4696
49279.000000  4696
49281.000000  4697
49283.000000  4697
49285.000000  4698
49287.000000  4698
49289.000000  4699
49291.000000  4699
49293.000000  4700
49295.000000  4700
49297.000000  4701
49299.000000  4701
49301.000000  4702
49303.000000  4702
49305.000000  4703
49307.000000  4703
49309.000000  4704
49311.000000  4704
49313.000000  4705
49315.000000  4705
49317.000000  4706
49319.000000  4706
49321.000000  4707
49323.000000  4707
49325.000000  4707
49327.000000  4708
49329.000000  4709
49331.000000  4709
49333.000000  4709
49335.000000  4710
49337.000000  4711
49339.000000  4711
49341.000000  4711
49343.000000  4712
49345.000000  4712
49347.000000  4713
49349.000000  4713
49351.000000  4714
49353.000000  4714
49355.000000  4715
49357.000000  4715
49359.000000  4716
49361.000000  4716
49363.000000  4717
49365.000000  4717
49367.000000  4718
49369.000000  4718
49371.000000  4719
49373.000000  4719
49375.000000  4719
49377.000000  4720
49379.000000  4721
49381.000000  4721
49383.000000  4721
49385.000000  4722
49387.000000  4722
49389.000000  4723
49391.000000  4723
49393.000000  4724
49395.000000  4724
49397.000000  4725
49399.000000  4725
49401.000000  4726
49403.000000  4726
49405.000000  4727
49407.000000  4727
49409.000000  4728
49411.000000  4728
49413.000000  4729
49415.000000  4729
49417.000000  4730
49419.000000  4730
49421.000000  4731
49423.000000  4731
49425.000000  4731
49427.000000  4732
49429.000000  4733
49431.000000  4733
49433.000000  4733
49435.000000  4734
49437.000000  4734
49439.000000  4735
49441.000000  4735
49443.000000  4736
49445.000000  4736
49447.000000  4737
49449.000000  4737
49451.000000  4738
49453.000000  4738
49455.000000  4739
49457.000000  4739
49459.000000  4740
49461.000000  4740
49463.000000  4741
49465.000000  4741
49467.000000  4742
49469.000000  4742
49471.000000  4743
49473.000000  4743
49475.000000  4743
49477.000000  4744
49479.000000  4744
49481.000000  4745
49483.000000  4745
49485.000000  4746
49487.000000  4746
49489.000000  4747
49491.000000  4747
49493.000000  4748
49495.000000  4748
49497.000000  4749
49499.000000  4749
49501.000000  4750
49503.000000  4750
49505.000000  4751
49507.000000  4751
49509.000000  4752
49511.000000  4752
49513.000000  4753
49515.000000  4753
49517.000000  4753
49519.000000  4754
49521.000000  4755
49523.000000  4755
49525.000000  4755
49527.000000  4756
49529.000000  4756
49531.000000  4757
49533.000000  4757
49535.000000  4758
49537.000000  4758
49539.000000  4759
49541.000000  4759
49543.000000  4760
49545.000000  4760
49547.000000  4761
49549.000000  4761
49551.000000  4762
49553.000000  4762
49555.000000  4763
49557.000000  4763
49559.000000  4764
49561.000000  4764
49563.000000  4765
49565.000000  4765
49567.000000  4765
49569.000000  4766
49571.000000  4767
49573.000000  4767
49575.000000  4767
49577.000000  4768
49579.000000  4768
49581.000000  4769
49583.000000  4769
49585.000000  4770
49587.000000  4770
49589.000000  4771
49591.000000  4771
49593.000000  4772
49595.000000  4772
49597.000000  4773
49599.000000  4773
49601.000000  4774
49603.000000  4774
49603.000000  4774
49719.000000  4802
49721.000000  4803
49723.000000  4803
49725.000000  4804
49727.000000  4804
49729.000000  4805
49731.000000  4805
49733.000000  4806
49735.000000  4806
49737.000000  4807
49739.000000  4807
49741.000000  4807
49743.000000  4808
49745.000000  4809
49747.000000  4809
49749.000000  4809
49751.000000  4810
49753.000000  4810
49755.000000  4811
49757.000000  4811
49759.000000  4812
49761.000000  4812
49763.000000  4813
49765.000000  4813
49767.000000  4814
49769.000000  4814
49771.000000  4815
49773.000000  4815
49775.000000  4816
49777.000000  4816
49779.000000  4817
49781.000000  4817
49783.000000  4817
49785.000000  4818
49787.000000  4819
49789.000000  4819
49791.000000  4819
49793.000000  4820
49795.000000  4821
49797.000000  4821
49799.000000  4821
49801.000000  4822
49803.000000  4822
49805.000000  4823
49807.000000  4823
49809.000000  4824
49811.000000  4824
49813.000000  4825
49815.000000  4825
49817.000000  4826
49819.000000  4826
49821.000000  4827
49823.000000  4827
49825.000000  4828
49827.000000  4828
49829.000000  4829
49831.000000  4829
49833.000000  4830
49835.000000  4830
49837.000000  4831
49839.000000  4831
49841.000000  4832
49843.000000  4832
49845.000000  4833
49847.000000  4833
49849.000000  4833
49851.000000  4834
49853.000000  4834
49855.000000  4835
49857.000000  4835
49859.000000  4836
49861.000000  4836
49863.000000  4837
49865.000000  4837
49867.000000  4838
49869.000000  4838
49871.000000  4839
49873.000000  4839
49875.000000  4840
49877.000000  4840
49879.000000  4841
49881.000000  4841
49883.000000  4841
49885.000000  4842
49887.000000  4843
49889.000000  4843
49891.000000  4843
49893.000000  4844
49895.000000  4844
49897.000000  4845
49899.000000  4845
49901.000000  4846
49903.000000  4846
49905.000000  4847
49907.000000  4847
49909.000000  4848
49911.000000  4848
49913.000000  4849
49915.000000  4849
49917.000000  4850
49919.000000  4850
49921.000000  4851
49923.000000  4851
49925.000000  4852
49927.000000  4852
49929.000000  4853
49931.000000  4853
49933.000000  4854
49935.000000  4854
49937.000000  4855
49939.000000  4855
49941.000000  4855
49943.000000  4856
49945.000000  4857
49947.000000  4857
49949.000000  4857
49951.000000  4858
49953.000000  4858
49955.000000  4859
49957.000000  4859
49959.000000  4860
49961.000000  4860
49963.000000  4861
49965.000000  4861
49967.000000  4862
49969.000000  4862
49971.000000  4863
49973.000000  4863
49975.000000  4864
49977.000000  4864
49979.000000  4865
49981.000000  4865
49983.000000  4866
49985.000000  4866
49987.000000  4867
49989.000000  4867
49991.000000  4867
49993.000000  4868
49995.000000  4869
49997.000000  4869
49999.000000  4869
50001.000000  4870
50003.000000  4870
50005.000000  4871
50007.000000  4871
50009.000000  4872
50011.000000  4872
50013.000000  4873
50015.000000  4873
50017.000000  4874
50019.000000  4874
50021.000000  4875
50023.000000  4875
50025.000000  4876
50027.000000  4876
50029.000000  4877
50031.000000  4877
50033.000000  4878
50035.000000  4878
50037.000000  4879
50039.000000  4879
50041.000000  4880
50043.000000  4880
50045.000000  4881
50047.000000  4881
50049.000000  4882
50051.000000  4882
50053.000000  4883
50055.000000  4883
50057.000000  4883
50059.000000  4884
50061.000000  4884
50063.000000  4885
50065.000000  4885
50067.000000  4886
50069.000000  4886
50071.000000  4887
50073.000000  4887
50075.000000  4888
50077.000000  4888
50079.000000  4889
50081.000000  4889
50083.000000  4890
50085.000000  4890
50087.000000  4891
50089.000000  4891
50091.000000  4892
50093.000000  4892
50095.000000  4893
50097.000000  4893
50099.000000  4893
50101.000000  4894
50103.000000  4895
50105.000000  4895
50107.000000  4895
50109.000000  4896
50111.000000  4896
50113.000000  4897
50115.000000  4897
50117.000000  4898
50119.000000  4898
50121.000000  4899
50123.000000  4899
50125.000000  4900
50127.000000  4900
50129.000000  4901
50131.000000  4901
50133.000000  4902
50135.000000  4902
50137.000000  4903
50139.000000  4903
50141.000000  4904
50143.000000  4904
50145.000000  4905
50147.000000  4905
50149.000000  4906
50151.000000  4906
50153.000000  4907
50155.000000  4907
50157.000000  4907
50159.000000  4908
50161.000000  4909
50163.000000  4909
50165.000000  4909
50167.000000  4910
50169.000000  4910
50171.000000  4911
50173.000000  4911
50175.000000  4912
50177.000000  4912
50179.000000  4913
50181.000000  4913
50183.000000  4914
50185.000000  4914
50187.000000  4915
50189.000000  4915
50191.000000  4916
50193.000000  4916
50195.000000  4917
50197.000000  4917
50199.000000  4917
50201.000000  4918
50203.000000  4919
50205.000000  4919
50207.000000  4919
50209.000000  4920
50211.000000  4920
50213.000000  4921
50215.000000  4921
50217.000000  4922
50219.000000  4922
50221.000000  4923
50223.000000  4923
50225.000000  4924
50227.000000  4924
50229.000000  4925
50231.000000  4925
50233.000000  4926
50235.000000  4926
50237.000000  4927
50239.000000  4927
50241.000000  4928
50243.000000  4928
50245.000000  4929
50247.000000  4929
50249.000000  4929
50251.000000  4930
50253.000000  4931
50255.000000  4931
50257.000000  4931
50259.000000  4932
50261.000000  4932
50263.000000  4933
50265.000000  4933
50267.000000  4934
50269.000000  4934
50271.000000  4935
50273.000000  4935
50275.000000  4936
50277.000000  4936
50279.000000  4937
50281.000000  4937
50283.000000  4938
50285.000000  4938
50287.000000  4939
50289.000000  4939
50291.000000  4939
50293.000000  4940
50295.000000  4941
50297.000000  4941
50299.000000  4941
50301.000000  4942
50303.000000  4942
50305.000000  4943
50307.000000  4943
50309.000000  4944
50311.000000  4944
50313.000000  4945
50315.000000  4945
50317.000000  4946
50319.000000  4946
50321.000000  4947
50323.000000  4947
50325.000000  4948
50327.000000  4948
50329.000000  4949
50331.000000  4949
50333.000000  4950
50335.000000  4950
50337.000000  4951
50339.000000  4951
50341.000000  4952
50343.000000  4952
50345.000000  4953
50347.000000  4953
50349.000000  4954
50351.000000  4954
50353.000000  4955
50355.000000  4955
50357.000000  4955
50359.000000  4956
50361.000000  4957
50363.000000  4957
50365.000000  4957
50367.000000  4958
50369.000000  4958
50371.000000  4959
50373.000000  4959
50375.000000  4960
50377.000000  4960
50379.000000  4961
50381.000000  4961
50383.000000  4962
50385.000000  4962
50387.000000  4963
50389.000000  4963
50391.000000  4964
50393.000000  4964
50395.000000  4965
50397.000000  4965
50399.000000  4966
50401.000000  4966
50403.000000  4967
50405.000000  4967
50407.000000  4967
50409.000000  4968
50411.000000  4969
50413.000000  4969
50415.000000  4969
50417.000000  4970
50419.000000  4971
50421.000000  4971
50423.000000  4971
50425.000000  4972
50427.000000  4972
50429.000000  4973
50431.000000  4973
50433.000000  4974
50435.000000  4974
50437.000000  4975
50439.000000  4975
50441.000000  4976
50443.000000  4976
50445.000000  4977
50447.000000  4977
50449.000000  4978
50451.000000  4978
50453.000000  4979
50455.000000  4979
50457.000000  4980
50459.000000  4980
50461.000000  4981
50463.000000  4981
50465.000000  4982
50467.000000  4982
50469.000000  4983
50471.000000  4983
50473.000000  4983
50475.000000  4984
50477.000000  4985
50479.000000  4985
50481.000000  4985
50483.000000  4986
50485.000000  4986
50487.000000  4987
50489.000000  4987
50491.000000  4988
50493.000000  4988
50495.000000  4989
50497.000000  4989
50499.000000  4990
50501.000000  4990
50503.000000  4991
50505.000000  4991
50507.000000  4992
50509.000000  4992
50511.000000  4993
50513.000000  4993
50515.000000  4994
50517.000000  4994
50519.000000  4995
50521.000000  4995
50523.000000  4995
50525.000000  4996
50527.000000  4997
50529.000000  4997
50531.000000  4997
50533.000000  4998
50535.000000  4999
50537.000000  4999
50539.000000  4999
50541.000000  5000
50543.000000  5000
50545.000000  5001
50547.000000  5001
50549.000000  5002
50551.000000  5002
50553.000000  5003
50555.000000  5003
50557.000000  5004
50559.000000  5004
50561.000000  5005
50563.000000  5005
50565.000000  5006
50567.000000  5006
50569.000000  5007
50571.000000  5007
50573.000000  5007
50575.000000  5008
50577.000000  5009
50579.000000  5009
50581.000000  5009
50583.000000  5010
50585.000000  5010
50587.000000  5011
50589.000000  5011
50591.000000  5012
50593.000000  5012
50595.000000  5013
50597.000000  5013
50599.000000  5014
50601.000000  5014
50603.000000  5015
50605.000000  5015
50607.000000  5016
50609.000000  5016
50611.000000  5017
50613.000000  5017
50615.000000  5017
50617.000000  5018
50619.000000  5019
50621.000000  5019
50623.000000  5019
50625.000000  5020
50627.000000  5020
50629.000000  5021
50631.000000  5021
50633.000000  5022
50635.000000  5022
50637.000000  5023
50639.000000  5023
50641.000000  5024
50643.000000  5024
50645.000000  5025
50647.000000  5025
50649.000000  5026
50651.000000  5026
50653.000000  5027
50655.000000  5027
50657.000000  5028
50659.000000  5028
50661.000000  5029
50663.000000  5029
50665.000000  5029
50667.000000  5030
50669.000000  5031
50671.000000  5031
50673.000000  5031
50675.000000  5032
50677.000000  5032
50679.000000  5033
50681.000000  5033
50683.000000  5034
50685.000000  5034
50687.000000  5035
50689.000000  5035
50691.000000  5036
50693.000000  5036
50695.000000  5037
50697.000000  5037
50699.000000  5038
50701.000000  5038
50703.000000  5039
50705.000000  5039
50707.000000  5040
50709.000000  5040
50711.000000  5041
50713.000000  5041
50715.000000  5041
50717.000000  5042
50719.000000  5043
50721.000000  5043
50723.000000  5043
50725.000000  5044
50727.000000  5045
50729.000000  5045
50731.000000  5045
50733.000000  5046
50735.000000  5046
50737.000000  5047
50739.000000  5047
50741.000000  5048
50743.000000  5048
50745.000000  5049
50747.000000  5049
50749.000000  5050
50751.000000  5050
50753.000000  5051
50755.000000  5051
50757.000000  5052
50759.000000  5052
50761.000000  5053
50763.000000  5053
50765.000000  5054
50767.000000  5054
50769.000000  5055
50771.000000  5055
50773.000000  5055
50775.000000  5056
50777.000000  5057
50779.000000  5057
50781.000000  5057
50783.000000  5058
50785.000000  5058
50787.000000  5059
50789.000000  5059
50791.000000  5060
50793.000000  5060
50795.000000  5061
50797.000000  5061
50799.000000  5062
50801.000000  5062
50803.000000  5063
50805.000000  5063
50807.000000  5064
50809.000000  5064
50811.000000  5065
50813.000000  5065
50815.000000  5066
50817.000000  5066
50819.000000  5067
50821.000000  5067
50823.000000  5068
50825.000000  5068
50827.000000  5069
50829.000000  5069
50831.000000  5069
50833.000000  5070
50835.000000  5071
50837.000000  5071
50839.000000  5071
50841.000000  5072
50843.000000  5073
50845.000000  5073
50847.000000  5073
50849.000000  5074
50851.000000  5074
50853.000000  5075
50855.000000  5075
50857.000000  5076
50859.000000  5076
50861.000000  5077
50863.000000  5077
50865.000000  5078
50867.000000  5078
50869.000000  5079
50871.000000  5079
50873.000000  5080
50875.000000  5080
50877.000000  5081
50879.000000  5081
50881.000000  5081
50883.000000  5082
50885.000000  5083
50887.000000  5083
50889.000000  5083
50891.000000  5084
50893.000000  5084
50895.000000  5085
50897.000000  5085
50899.000000  5086
50901.000000  5086
50903.000000  5087
50905.000000  5087
50907.000000  5088
50909.000000  5088
50911.000000  5089
50913.000000  5089
50915.000000  5090
50917.000000  5090
50919.000000  5091
50921.000000  5091
50923.000000  5092
50925.000000  5092
50927.000000  5093
50929.000000  5093
50931.000000  5094
50933.000000  5094
50935.000000  5095
50937.000000  5095
50939.000000  5095
50941.000000  5096
50943.000000  5097
50945.000000  5097
50947.000000  5097
50949.000000  5098
50951.000000  5098
50953.000000  5099
50955.000000  5099
50957.000000  5100
50959.000000  5100
50961.000000  5101
50963.000000  5101
50965.000000  5102
50967.000000  5102
50969.000000  5103
50971.000000  5103
50973.000000  5104
50975.000000  5104
50977.000000  5105
50979.000000  5105
50981.000000  5105
50983.000000  5106
50985.000000  5107
50987.000000  5107
50989.000000  5107
50991.000000  5108
50993.000000  5108
50995.000000  5109
50997.000000  5109
50999.000000  5110
51001.000000  5110
51003.000000  5111
51005.000000  5111
51007.000000  5112
51009.000000  5112
51011.000000  5113
51013.000000  5113
51015.000000  5114
51017.000000  5114
51019.000000  5115
51021.000000  5115
51023.000000  5116
51025.000000  5116
51027.000000  5117
51029.000000  5117
51031.000000  5117
51033.000000  5118
51035.000000  5119
51037.000000  5119
51039.000000  5119
51041.000000  5120
51043.000000  5121
51045.000000  5121
51047.000000  5121
51049.000000  5122
51051.000000  5122
51053.000000  5123
51055.000000  5123
51057.000000  5124
51059.000000  5124
51061.000000  5125
51063.000000  5125
51065.000000  5126
51067.000000  5126
51069.000000  5127
51071.000000  5127
51073.000000  5128
51075.000000  5128
51077.000000  5129
51079.000000  5129
51081.000000  5130
51083.000000  5130
51085.000000  5131
51087.000000  5131
51089.000000  5131
51091.000000  5132
51093.000000  5133
51095.000000  5133
51097.000000  5133
51099.000000  5134
51101.000000  5134
51103.000000  5135
51105.000000  5135
51107.000000  5136
51109.000000  5136
51111.000000  5137
51113.000000  5137
51115.000000  5138
51117.000000  5138
51119.000000  5139
51121.000000  5139
51123.000000  5140
51125.000000  5140
51127.000000  5141
51129.000000  5141
51131.000000  5142
51133.000000  5142
51135.000000  5143
51137.000000  5143
51139.000000  5144
51141.000000  5144
51143.000000  5145
51145.000000  5145
51147.000000  5146
51149.000000  5146
51151.000000  5147
51153.000000  5147
51155.000000  5147
51157.000000  5148
51159.000000  5149
51161.000000  5149
51163.000000  5149
51165.000000  5150
51167.000000  5150
51169.000000  5151
51171.000000  5151
51173.000000  5152
51175.000000  5152
51177.000000  5153
51179.000000  5153
51181.000000  5154
51183.000000  5154
51185.000000  5155
51187.000000  5155
51189.000000  5156
51191.000000  5156
51193.000000  5157
51195.000000  5157
51197.000000  5158
51199.000000  5158
51201.000000  5159
51203.000000  5159
51205.000000  5160
51207.000000  5160
51209.000000  5161
51211.000000  5161
51213.000000  5161
51215.000000  5162
51217.000000  5163
51219.000000  5163
51221.000000  5163
51223.000000  5164
51225.000000  5164
51227.000000  5165
51229.000000  5165
51231.000000  5166
51233.000000  5166
51235.000000  5167
51237.000000  5167
51239.000000  5168
51241.000000  5168
51243.000000  5169
51245.000000  5169
51247.000000  5170
51249.000000  5170
51251.000000  5171
51253.000000  5171
51255.000000  5172
51257.000000  5172
51259.000000  5173
51261.000000  5173
51263.000000  5173
51265.000000  5174
51267.000000  5175
51269.000000  5175
51271.000000  5175
51273.000000  5176
51275.000000  5176
51277.000000  5177
51279.000000  5177
51281.000000  5178
51283.000000  5178
51285.000000  5179
51287.000000  5179
51289.000000  5180
51291.000000  5180
51293.000000  5181
51295.000000  5181
51297.000000  5182
51299.000000  5182
51301.000000  5183
51303.000000  5183
51305.000000  5184
51307.000000  5184
51309.000000  5185
51311.000000  5185
51313.000000  5185
51315.000000  5186
51317.000000  5187
51319.000000  5187
51321.000000  5187
51323.000000  5188
51325.000000  5188
51327.000000  5189
51329.000000  5189
51331.000000  5190
51333.000000  5190
51335.000000  5191
51337.000000  5191
51339.000000  5192
51341.000000  5192
51343.000000  5193
51345.000000  5193
51347.000000  5194
51349.000000  5194
51351.000000  5195
51353.000000  5195
51355.000000  5196
51357.000000  5196
51359.000000  5197
51361.000000  5197
51363.000000  5197
51365.000000  5198
51367.000000  5198
51369.000000  5199
51371.000000  5199
51373.000000  5200
51375.000000  5200
51377.000000  5201
51379.000000  5201
51381.000000  5202
51383.000000  5202
51385.000000  5203
51387.000000  5203
51389.000000  5204
51391.000000  5204
51393.000000  5205
51395.000000  5205
51397.000000  5205
51399.000000  5206
51401.000000  5207
51403.000000  5207
51405.000000  5207
51407.000000  5208
51409.000000  5209
51411.000000  5209
51413.000000  5209
51415.000000  5210
51417.000000  5210
51419.000000  5211
51421.000000  5211
51423.000000  5212
51425.000000  5212
51427.000000  5213
51429.000000  5213
51431.000000  5214
51433.000000  5214
51435.000000  5215
51437.000000  5215
51439.000000  5216
51441.000000  5216
51443.000000  5217
51445.000000  5217
51447.000000  5218
51449.000000  5218
51451.000000  5219
51453.000000  5219
51455.000000  5220
51457.000000  5220
51459.000000  5221
51461.000000  5221
51463.000000  5221
51465.000000  5222
51467.000000  5222
51469.000000  5223
51471.000000  5223
51473.000000  5224
51475.000000  5224
51477.000000  5225
51479.000000  5225
51481.000000  5226
51483.000000  5226
51485.000000  5227
51487.000000  5227
51489.000000  5228
51491.000000  5228
51493.000000  5229
51495.000000  5229
51497.000000  5230
51499.000000  5230
51501.000000  5231
51503.000000  5231
51505.000000  5232
51507.000000  5232
51509.000000  5233
51511.000000  5233
51513.000000  5233
51515.000000  5234
51517.000000  5235
51519.000000  5235
51521.000000  5235
51523.000000  5236
51525.000000  5236
51527.000000  5237
51529.000000  5237
51531.000000  5238
51533.000000  5238
51535.000000  5239
51537.000000  5239
51539.000000  5240
51541.000000  5240
51543.000000  5241
51545.000000  5241
51547.000000  5242
51549.000000  5242
51551.000000  5243
51553.000000  5243
51555.000000  5244
51557.000000  5244
51559.000000  5245
51561.000000  5245
51563.000000  5246
51565.000000  5246
51567.000000  5247
51569.000000  5247
51571.000000  5247
51573.000000  5248
51575.000000  5249
51577.000000  5249
51579.000000  5249
51581.000000  5250
51583.000000  5250
51585.000000  5251
51587.000000  5251
51589.000000  5252
51591.000000  5252
51593.000000  5253
51595.000000  5253
51597.000000  5254
51599.000000  5254
51601.000000  5255
51603.000000  5255
51605.000000  5256
51607.000000  5256
51609.000000  5257
51611.000000  5257
51613.000000  5258
51615.000000  5258
51617.000000  5259
51619.000000  5259
51621.000000  5260
51623.000000  5260
51625.000000  5261
51627.000000  5261
51629.000000  5261
51631.000000  5262
51633.000000  5263
51635.000000  5263
51637.000000  5263
51639.000000  5264
51641.000000  5264
51643.000000  5265
51645.000000  5265
51647.000000  5266
51649.000000  5266
51651.000000  5267
51653.000000  5267
51655.000000  5268
51657.000000  5268
51659.000000  5269
51661.000000  5269
51663.000000  5270
51665.000000  5270
51667.000000  5271
51669.000000  5271
51671.000000  5272
51673.000000  5272
51675.000000  5273
51677.000000  5273
51679.000000  5273
51681.000000  5274
51683.000000  5275
51685.000000  5275
51687.000000  5275
51689.000000  5276
51691.000000  5276
51693.000000  5277
51695.000000  5277
51697.000000  5278
51699.000000  5278
51701.000000  5279
51703.000000  5279
51705.000000  5280
51707.000000  5280
51709.000000  5281
51711.000000  5281
51713.000000  5282
51715.000000  5282
51717.000000  5283
51719.000000  5283
51721.000000  5284
51723.000000  5284
51725.000000  5285
51727.000000  5285
51729.000000  5285
51731.000000  5286
51733.000000  5287
51735.000000  5287
51737.000000  5287
51739.000000  5288
51741.000000  5288
51743.000000  5289
51745.000000  5289
51747.000000  5290
51749.000000  5290
51751.000000  5291
51753.000000  5291
51755.000000  5292
51757.000000  5292
51759.000000  5293
51761.000000  5293
51763.000000  5294
51765.000000  5294
51767.000000  5295
51769.000000  5295
51771.000000  5296
51773.000000  5296
51775.000000  5297
51777.000000  5297
51779.000000  5297
51781.000000  5298
51783.000000  5298
51785.000000  5299
51787.000000  5299
51789.000000  5300
51791.000000  5300
51793.000000  5301
51795.000000  5301
51797.000000  5302
51799.000000  5302
51801.000000  5303
51803.000000  5303
51805.000000  5304
51807.000000  5304
51809.000000  5305
51811.000000  5305
51813.000000  5306
51815.000000  5306
51817.000000  5307
51819.000000  5307
51821.000000  5308
51823.000000  5308
51825.000000  5309
51827.000000  5309
51829.000000  5310
51831.000000  5310
51833.000000  5311
51835.000000  5311
51837.000000  5311
51839.000000  5312
51841.000000  5313
51843.000000  5313
51845.000000  5313
51847.000000  5314
51849.000000  5314
51851.000000  5315
51853.000000  5315
51855.000000  5316
51857.000000  5316
51859.000000  5317
51861.000000  5317
51863.000000  5318
51865.000000  5318
51867.000000  5319
51869.000000  5319
51871.000000  5320
51873.000000  5320
51875.000000  5321
51877.000000  5321
51879.000000  5322
51881.000000  5322
51883.000000  5323
51885.000000  5323
51887.000000  5323
51889.000000  5324
51891.000000  5325
51893.000000  5325
51895.000000  5325
51897.000000  5326
51899.000000  5326
51901.000000  5327
51903.000000  5327
51905.000000  5328
51907.000000  5328
51909.000000  5329
51911.000000  5329
51913.000000  5330
51915.000000  5330
51917.000000  5331
51919.000000  5331
51921.000000  5332
51923.000000  5332
51925.000000  5333
51927.000000  5333
51929.000000  5334
51931.000000  5334
51933.000000  5335
51935.000000  5335
51937.000000  5336
51939.000000  5336
51941.000000  5337
51943.000000  5337
51945.000000  5338
51947.000000  5338
51949.000000  5339
51951.000000  5339
51953.000000  5339
51955.000000  5340
51957.000000  5341
51959.000000  5341
51961.000000  5341
51963.000000  5342
51965.000000  5342
51967.000000  5343
51969.000000  5343
51971.000000  5344
51973.000000  5344
51975.000000  5345
51977.000000  5345
51979.000000  5346
51981.000000  5346
51983.000000  5347
51985.000000  5347
51987.000000  5348
51989.000000  5348
51991.000000  5349
51993.000000  5349
51995.000000  5349
51997.000000  5350
51999.000000  5351
52001.000000  5351
52003.000000  5351
52005.000000  5352
52007.000000  5352
52009.000000  5353
52011.000000  5353
52013.000000  5354
52015.000000  5354
52017.000000  5355
52019.000000  5355
52021.000000  5356
52023.000000  5356
52025.000000  5357
52027.000000  5357
52029.000000  5358
52031.000000  5358
52033.000000  5359
52035.000000  5359
52037.000000  5360
52039.000000  5360
52041.000000  5361
52043.000000  5361
52045.000000  5362
52047.000000  5362
52049.000000  5363
52051.000000  5363
52053.000000  5363
52055.000000  5364
52057.000000  5365
52059.000000  5365
52061.000000  5365
52063.000000  5366
52065.000000  5366
52067.000000  5367
52069.000000  5367
52071.000000  5368
52073.000000  5368
52075.000000  5369
52077.000000  5369
52079.000000  5370
52081.000000  5370
52083.000000  5371
52085.000000  5371
52087.000000  5371
52089.000000  5372
52091.000000  5373
52093.000000  5373
52095.000000  5373
52097.000000  5374
52099.000000  5374
52101.000000  5375
52103.000000  5375
52105.000000  5376
52107.000000  5376
52109.000000  5377
52111.000000  5377
52113.000000  5378
52115.000000  5378
52117.000000  5379
52119.000000  5379
52121.000000  5380
52123.000000  5380
52125.000000  5381
52127.000000  5381
52129.000000  5382
52131.000000  5382
52133.000000  5383
52135.000000  5383
52137.000000  5384
52139.000000  5384
52141.000000  5385
52143.000000  5385
52145.000000  5385
52147.000000  5386
52149.000000  5386
52151.000000  5387
52153.000000  5387
52155.000000  5388
52157.000000  5388
52159.000000  5389
52161.000000  5389
52163.000000  5390
52165.000000  5390
52167.000000  5391
52169.000000  5391
52171.000000  5392
52173.000000  5392
52175.000000  5393
52177.000000  5393
52179.000000  5394
52181.000000  5394
52183.000000  5395
52185.000000  5395
52187.000000  5395
52189.000000  5396
52191.000000  5397
52193.000000  5397
52195.000000  5397
52197.000000  5398
52199.000000  5398
52201.000000  5399
52203.000000  5399
52205.000000  5400
52207.000000  5400
52209.000000  5401
52211.000000  5401
52213.000000  5402
52215.000000  5402
52217.000000  5403
52219.000000  5403
52221.000000  5404
52223.000000  5404
52225.000000  5405
52227.000000  5405
52229.000000  5406
52231.000000  5406
52233.000000  5407
52235.000000  5407
52237.000000  5408
52239.000000  5408
52241.000000  5409
52243.000000  5409
52245.000000  5410
52247.000000  5410
52249.000000  5411
52251.000000  5411
52253.000000  5411
52255.000000  5412
52257.000000  5413
52259.000000  5413
52261.000000  5413
52263.000000  5414
52265.000000  5414
52267.000000  5415
52269.000000  5415
52271.000000  5416
52273.000000  5416
52275.000000  5417
52277.000000  5417
52279.000000  5418
52281.000000  5418
52283.000000  5419
52285.000000  5419
52287.000000  5420
52289.000000  5420
52291.000000  5421
52293.000000  5421
52295.000000  5422
52297.000000  5422
52299.000000  5423
52301.000000  5423
52303.000000  5423
52305.000000  5424
52307.000000  5425
52309.000000  5425
52311.000000  5425
52313.000000  5426
52315.000000  5427
52317.000000  5427
52319.000000  5427
52321.000000  5428
52323.000000  5428
52325.000000  5429
52327.000000  5429
52329.000000  5430
52331.000000  5430
52333.000000  5431
52335.000000  5431
52337.000000  5432
52339.000000  5432
52341.000000  5433
52343.000000  5433
52345.000000  5434
52347.000000  5434
52349.000000  5435
52351.000000  5435
52353.000000  5436
52355.000000  5436
52357.000000  5437
52359.000000  5437
52361.000000  5438
52363.000000  5438
52365.000000  5439
52367.000000  5439
52369.000000  5439
52371.000000  5440
52373.000000  5440
52375.000000  5441
52377.000000  5441
52379.000000  5442
52381.000000  5442
52383.000000  5443
52385.000000  5443
52387.000000  5444
52389.000000  5444
52391.000000  5445
