80235.000000  13452
80235.000000  13452
80235.000000  13452
80235.000000  13452
80235.000000  13452
83391.000000  16047
83393.000000  16048
83395.000000  16050
83397.000000  16051
83399.000000  16053
83401.000000  16054
83403.000000  16056
83405.000000  16057
83407.000000  16059
83409.000000  16060
83411.000000  16061
83413.000000  16063
83415.000000  16064
83417.000000  16065
83419.000000  16067
83421.000000  16068
83423.000000  16070
83425.000000  16071
83427.000000  16072
83429.000000  16073
83431.000000  16075
83433.000000  16076
83435.000000  16077
83437.000000  16079
83439.000000  16080
83441.000000  16081
83443.000000  16083
83445.000000  16084
83447.000000  16085
83449.000000  16087
83451.000000  16088
83453.000000  16089
83455.000000  16091
83457.000000  16092
83459.000000  16093
83461.000000  16094
83463.000000  16095
83465.000000  16097
83467.000000  16098
83469.000000  16099
83471.000000  16100
83473.000000  16102
83475.000000  16103
83477.000000  16104
83479.000000  16105
83481.000000  16107
83483.000000  16108
83485.000000  16109
83487.000000  16110
83489.000000  16111
83491.000000  16113
83493.000000  16114
83495.000000  16115
83497.000000  16116
83499.000000  16117
83501.000000  16119
83503.000000  16120
83505.000000  16121
83507.000000  16122
83509.000000  16123
83511.000000  16125
83513.000000  16126
83515.000000  16127
83517.000000  16128
83519.000000  16129
83521.000000  16131
83523.000000  16132
83525.000000  16133
83527.000000  16134
83529.000000  16135
83531.000000  16137
83533.000000  16138
83535.000000  16139
83537.000000  16140
83539.000000  16141
83541.000000  16143
83543.000000  16144
83545.000000  16145
83547.000000  16146
83549.000000  16147
83551.000000  16149
83553.000000  16150
83555.000000  16151
83557.000000  16152
83559.000000  16153
83561.000000  16154
83563.000000  16156
83565.000000  16157
83567.000000  16158
83569.000000  16159
83571.000000  16160
83573.000000  16161
83575.000000  16163
83577.000000  16164
83579.000000  16165
83581.000000  16166
83583.000000  16167
83585.000000  16168
83587.000000  16170
83589.000000  16171
83591.000000  16172
83593.000000  16173
83595.000000  16174
83597.000000  16175
83599.000000  16177
83601.000000  16178
83603.000000  16179
83605.000000  16180
83607.000000  16181
83609.000000  16183
83611.000000  16184
83613.000000  16185
83615.000000  16186
83617.000000  16187
83619.000000  16188
83621.000000  16189
83623.000000  16191
83625.000000  16192
83627.000000  16193
83629.000000  16194
83631.000000  16195
83633.000000  16196
83635.000000  16197
83637.000000  16199
83639.000000  16200
83641.000000  16201
83643.000000  16202
83645.000000  16203
83647.000000  16205
83649.000000  16206
83651.000000  16207
83653.000000  16208
83655.000000  16209
83657.000000  16210
83659.000000  16211
83661.000000  16213
83663.000000  16214
83665.000000  16215
83667.000000  16216
83669.000000  16217
83671.000000  16218
83673.000000  16220
83675.000000  16221
83677.000000  16222
83679.000000  16223
83681.000000  16224
83683.000000  16225
83685.000000  16227
83687.000000  16228
83689.000000  16229
83691.000000  16230
83693.000000  16231
83695.000000  16233
83697.000000  16234
83699.000000  16235
83701.000000  16236
83703.000000  16237
83705.000000  16238
83707.000000  16239
83709.000000  16241
83711.000000  16242
83713.000000  16243
83715.000000  16244
83717.000000  16245
83719.000000  16246
83721.000000  16247
83723.000000  16249
83725.000000  16250
83727.000000  16251
83729.000000  16252
83731.000000  16253
83733.000000  16255
83735.000000  16256
83737.000000  16257
83739.000000  16258
83741.000000  16259
83743.000000  16260
83745.000000  16261
83747.000000  16263
83749.000000  16264
83751.000000  16265
83753.000000  16266
83755.000000  16267
83757.000000  16268
83759.000000  16269
83761.000000  16271
83763.000000  16272
83765.000000  16273
83767.000000  16274
83769.000000  16275
83771.000000  16277
83773.000000  16278
83775.000000  16279
83777.000000  16280
83779.000000  16281
83781.000000  16282
83783.000000  16283
83785.000000  16285
83787.000000  16286
83789.000000  16287
83791.000000  16288
83793.000000  16289
83795.000000  16290
83797.000000  16291
83799.000000  16293
83801.000000  16294
83803.000000  16295
83805.000000  16296
83807.000000  16297
83809.000000  16299
83811.000000  16300
83813.000000  16301
83815.000000  16302
83817.000000  16303
83819.000000  16304
83821.000000  16305
83823.000000  16307
83825.000000  16308
83827.000000  16309
83829.000000  16310
83831.000000  16311
83833.000000  16312
83835.000000  16313
83837.000000  16315
83839.000000  16316
83841.000000  16317
83843.000000  16318
83845.000000  16319
83847.000000  16321
83849.000000  16322
83851.000000  16323
83853.000000  16324
83855.000000  16325
83857.000000  16326
83859.000000  16327
83861.000000  16329
83863.000000  16330
83865.000000  16331
83867.000000  16332
83869.000000  16333
83871.000000  16334
83873.000000  16335
83875.000000  16337
83877.000000  16338
83879.000000  16339
83881.000000  16340
83883.000000  16341
83885.000000  16343
83887.000000  16344
83889.000000  16345
83891.000000  16346
83893.000000  16347
83895.000000  16348
83897.000000  16349
83899.000000  16351
83901.000000  16352
83903.000000  16353
83905.000000  16354
83907.000000  16355
83909.000000  16356
83911.000000  16357
83913.000000  16359
83915.000000  16360
83917.000000  16361
83919.000000  16362
83921.000000  16363
83923.000000  16364
83925.000000  16366
83927.000000  16367
83929.000000  16368
83931.000000  16369
83933.000000  16370
83935.000000  16371
83937.000000  16373
83939.000000  16374
83941.000000  16375
83943.000000  16376
83945.000000  16377
83947.000000  16378
83949.000000  16379
83951.000000  16381
83953.000000  16382
83955.000000  16383
83957.000000  16384
83959.000000  16385
83961.000000  16386
83963.000000  16387
83965.000000  16389
83967.000000  16390
83969.000000  16391
83971.000000  16392
83973.000000  16393
83975.000000  16395
83977.000000  16396
83979.000000  16397
83981.000000  16398
83983.000000  16399
83985.000000  16400
83987.000000  16401
83989.000000  16403
83991.000000  16404
83993.000000  16405
83995.000000  16406
83997.000000  16407
83999.000000  16408
84001.000000  16409
84003.000000  16411
84005.000000  16412
84007.000000  16413
84009.000000  16414
84011.000000  16415
84013.000000  16417
84015.000000  16418
84017.000000  16419
84019.000000  16420
84021.000000  16421
84023.000000  16422
84025.000000  16423
84027.000000  16425
84029.000000  16426
84031.000000  16427
84033.000000  16428
84035.000000  16429
84037.000000  16430
84039.000000  16431
84041.000000  16433
84043.000000  16434
84045.000000  16435
84047.000000  16436
84049.000000  16437
84051.000000  16439
84053.000000  16440
84055.000000  16441
84057.000000  16442
84059.000000  16443
84061.000000  16444
84063.000000  16445
84065.000000  16447
84067.000000  16448
84069.000000  16449
84071.000000  16450
84073.000000  16451
84075.000000  16452
84077.000000  16453
84079.000000  16455
84081.000000  16456
84083.000000  16457
84085.000000  16458
84087.000000  16459
84089.000000  16460
84091.000000  16461
84093.000000  16463
84095.000000  16464
84097.000000  16465
84099.000000  16466
84101.000000  16467
84103.000000  16469
84105.000000  16470
84107.000000  16471
84109.000000  16472
84111.000000  16473
84113.000000  16474
84115.000000  16475
84117.000000  16477
84119.000000  16478
84121.000000  16479
84123.000000  16480
84125.000000  16481
84127.000000  16482
84129.000000  16483
84131.000000  16485
84133.000000  16486
84135.000000  16487
84137.000000  16488
84139.000000  16489
84141.000000  16491
84143.000000  16492
84145.000000  16493
84147.000000  16494
84149.000000  16495
84151.000000  16496
84153.000000  16497
84155.000000  16499
84157.000000  16500
84159.000000  16501
84161.000000  16502
84163.000000  16503
84165.000000  16504
84167.000000  16505
84169.000000  16507
84171.000000  16508
84173.000000  16509
84175.000000  16510
84177.000000  16511
84179.000000  16513
84181.000000  16514
84183.000000  16515
84185.000000  16516
84187.000000  16517
84189.000000  16518
84191.000000  16519
84193.000000  16521
84195.000000  16522
84197.000000  16523
84199.000000  16524
84201.000000  16525
84203.000000  16526
84205.000000  16528
84207.000000  16529
84209.000000  16530
84211.000000  16531
84213.000000  16532
84215.000000  16533
84217.000000  16535
84219.000000  16536
84221.000000  16537
84223.000000  16538
84225.000000  16539
84227.000000  16540
84229.000000  16541
84231.000000  16543
84233.000000  16544
84235.000000  16545
84237.000000  16546
84239.000000  16547
84241.000000  16548
84243.000000  16549
84245.000000  16551
84247.000000  16552
84249.000000  16553
84251.000000  16554
84253.000000  16555
84255.000000  16557
84257.000000  16558
84259.000000  16559
84261.000000  16560
84263.000000  16561
84265.000000  16562
84267.000000  16563
84269.000000  16565
84271.000000  16566
84273.000000  16567
84275.000000  16568
84277.000000  16569
84279.000000  16570
84281.000000  16572
84283.000000  16573
84285.000000  16574
84287.000000  16575
84289.000000  16576
84291.000000  16577
84293.000000  16579
84295.000000  16580
84297.000000  16581
84299.000000  16582
84301.000000  16583
84303.000000  16584
84305.000000  16585
84307.000000  16587
84309.000000  16588
84311.000000  16589
84313.000000  16590
84315.000000  16591
84317.000000  16593
84319.000000  16594
84321.000000  16595
84323.000000  16596
84325.000000  16597
84327.000000  16598
84329.000000  16599
84331.000000  16601
84333.000000  16602
84335.000000  16603
84337.000000  16604
84339.000000  16605
84341.000000  16606
84343.000000  16607
84345.000000  16609
84347.000000  16610
84349.000000  16611
84351.000000  16612
84353.000000  16613
84355.000000  16615
84357.000000  16616
84359.000000  16617
84361.000000  16618
84363.000000  16619
84365.000000  16620
84367.000000  16621
84369.000000  16623
84371.000000  16624
84373.000000  16625
84375.000000  16626
84377.000000  16627
84379.000000  16628
84381.000000  16629
84383.000000  16631
84385.000000  16632
84387.000000  16633
84389.000000  16634
84391.000000  16635
84393.000000  16637
84395.000000  16638
84397.000000  16639
84399.000000  16640
84401.000000  16641
84403.000000  16642
84405.000000  16643
84407.000000  16645
84409.000000  16646
84411.000000  16647
84413.000000  16648
84415.000000  16649
84417.000000  16650
84419.000000  16651
84421.000000  16653
84423.000000  16654
84425.000000  16655
84427.000000  16656
84429.000000  16657
84431.000000  16659
84433.000000  16660
84435.000000  16661
84437.000000  16662
84439.000000  16663
84441.000000  16664
84443.000000  16665
84445.000000  16667
84447.000000  16668
84449.000000  16669
84451.000000  16670
84453.000000  16671
84455.000000  16672
84457.000000  16673
84459.000000  16675
84461.000000  16676
84463.000000  16677
84465.000000  16678
84467.000000  16679
84469.000000  16681
84471.000000  16682
84473.000000  16683
84475.000000  16684
84477.000000  16685
84479.000000  16686
84481.000000  16687
84483.000000  16689
84485.000000  16690
84487.000000  16691
84489.000000  16692
84491.000000  16693
84493.000000  16694
84495.000000  16695
84497.000000  16697
84499.000000  16698
84501.000000  16699
84503.000000  16700
84505.000000  16701
84507.000000  16702
84509.000000  16704
84511.000000  16705
84513.000000  16706
84515.000000  16707
84517.000000  16708
84519.000000  16709
84521.000000  16711
84523.000000  16712
84525.000000  16713
84527.000000  16714
84529.000000  16715
84531.000000  16716
84533.000000  16717
84535.000000  16719
84537.000000  16720
84539.000000  16721
84541.000000  16722
84543.000000  16723
84545.000000  16724
84547.000000  16725
84549.000000  16727
84551.000000  16728
84553.000000  16729
84555.000000  16730
84557.000000  16731
84559.000000  16733
84561.000000  16734
84563.000000  16735
84565.000000  16736
84567.000000  16737
84569.000000  16738
84571.000000  16739
84573.000000  16741
84575.000000  16742
84577.000000  16743
84579.000000  16744
84581.000000  16745
84583.000000  16746
84585.000000  16747
84587.000000  16749
84589.000000  16750
84591.000000  16751
84593.000000  16752
84595.000000  16753
84597.000000  16755
84599.000000  16756
84601.000000  16757
84603.000000  16758
84605.000000  16759
84607.000000  16760
84609.000000  16761
84611.000000  16763
84613.000000  16764
84615.000000  16765
84617.000000  16766
84619.000000  16767
84621.000000  16768
84623.000000  16769
84625.000000  16771
84627.000000  16772
84629.000000  16773
84631.000000  16774
84633.000000  16775
84635.000000  16777
84637.000000  16778
84639.000000  16779
84641.000000  16780
84643.000000  16781
84645.000000  16782
84647.000000  16783
84649.000000  16785
84651.000000  16786
84653.000000  16787
84655.000000  16788
84657.000000  16789
84659.000000  16790
84661.000000  16791
84663.000000  16793
84665.000000  16794
84667.000000  16795
84669.000000  16796
84671.000000  16797
84673.000000  16798
84675.000000  16800
84677.000000  16801
84679.000000  16802
84681.000000  16803
84683.000000  16804
84685.000000  16805
84687.000000  16807
84689.000000  16808
84691.000000  16809
84693.000000  16810
84695.000000  16811
84697.000000  16812
84699.000000  16813
84701.000000  16815
84703.000000  16816
84705.000000  16817
84707.000000  16818
84709.000000  16819
84711.000000  16820
84713.000000  16821
84715.000000  16823
84717.000000  16824
84719.000000  16825
84721.000000  16826
84723.000000  16827
84725.000000  16829
84727.000000  16830
84729.000000  16831
84731.000000  16832
84733.000000  16833
84735.000000  16834
84737.000000  16835
84739.000000  16837
84741.000000  16838
84743.000000  16839
84745.000000  16840
84747.000000  16841
84749.000000  16842
84751.000000  16843
84753.000000  16845
84755.000000  16846
84757.000000  16847
84759.000000  16848
84761.000000  16849
84763.000000  16851
84765.000000  16852
84767.000000  16853
84769.000000  16854
84771.000000  16855
84773.000000  16856
84775.000000  16857
84777.000000  16859
84779.000000  16860
84781.000000  16861
84783.000000  16862
84785.000000  16863
84787.000000  16864
84789.000000  16865
84791.000000  16867
84793.000000  16868
84795.000000  16869
84797.000000  16870
84799.000000  16871
84801.000000  16873
84803.000000  16874
84805.000000  16875
84807.000000  16876
84809.000000  16877
84811.000000  16878
84813.000000  16879
84815.000000  16881
84817.000000  16882
84819.000000  16883
84821.000000  16884
84823.000000  16885
84825.000000  16886
84827.000000  16887
84829.000000  16889
84831.000000  16890
84833.000000  16891
84835.000000  16892
84837.000000  16893
84839.000000  16894
84841.000000  16896
84843.000000  16897
84845.000000  16898
84847.000000  16899
84849.000000  16900
84851.000000  16901
84853.000000  16903
84855.000000  16904
84857.000000  16905
84859.000000  16906
84861.000000  16907
84863.000000  16908
84865.000000  16909
84867.000000  16911
84869.000000  16912
84871.000000  16913
84873.000000  16914
84875.000000  16915
84877.000000  16916
84879.000000  16917
84881.000000  16919
84883.000000  16920
84885.000000  16921
84887.000000  16922
84889.000000  16923
84891.000000  16925
84893.000000  16926
84895.000000  16927
84897.000000  16928
84899.000000  16929
84901.000000  16930
84903.000000  16931
84905.000000  16933
84907.000000  16934
84909.000000  16935
84911.000000  16936
84913.000000  16937
84915.000000  16938
84917.000000  16939
84919.000000  16941
84921.000000  16942
84923.000000  16943
84925.000000  16944
84927.000000  16945
84929.000000  16947
84931.000000  16948
84933.000000  16949
84935.000000  16950
84937.000000  16951
84939.000000  16952
84941.000000  16954
84943.000000  16955
84945.000000  16956
84947.000000  16957
84949.000000  16958
84951.000000  16959
84953.000000  16961
84955.000000  16962
84957.000000  16963
84959.000000  16964
84961.000000  16965
84963.000000  16966
84965.000000  16967
84967.000000  16969
84969.000000  16970
84971.000000  16971
84973.000000  16972
84975.000000  16973
84977.000000  16974
84979.000000  16976
84981.000000  16977
84983.000000  16978
84985.000000  16979
84987.000000  16980
84989.000000  16981
84991.000000  16983
84993.000000  16984
84995.000000  16985
84997.000000  16986
84999.000000  16987
85001.000000  16988
85003.000000  16989
85005.000000  16991
85007.000000  16992
85009.000000  16993
85011.000000  16994
85013.000000  16995
85015.000000  16996
85017.000000  16997
85019.000000  16999
85021.000000  17000
85023.000000  17001
85025.000000  17002
85027.000000  17003
85029.000000  17005
85031.000000  17006
85033.000000  17007
85035.000000  17008
85037.000000  17009
85039.000000  17010
85041.000000  17011
85043.000000  17013
85045.000000  17014
85047.000000  17015
85049.000000  17016
85051.000000  17017
85053.000000  17018
85055.000000  17019
85057.000000  17021
85059.000000  17022
85061.000000  17023
85063.000000  17024
85065.000000  17025
85067.000000  17027
85069.000000  17028
85071.000000  17029
85073.000000  17030
85075.000000  17031
85077.000000  17032
85079.000000  17033
85081.000000  17035
85083.000000  17036
85085.000000  17037
85087.000000  17038
85089.000000  17039
85091.000000  17040
85093.000000  17041
85095.000000  17043
85097.000000  17044
85099.000000  17045
85101.000000  17046
85103.000000  17047
85105.000000  17049
85107.000000  17050
85109.000000  17051
85111.000000  17052
85113.000000  17053
85115.000000  17054
85117.000000  17055
85119.000000  17057
85121.000000  17058
85123.000000  17059
85125.000000  17060
85127.000000  17061
85129.000000  17062
85131.000000  17063
85133.000000  17065
85135.000000  17066
85137.000000  17067
85139.000000  17068
85141.000000  17069
85143.000000  17071
85145.000000  17072
85147.000000  17073
85149.000000  17074
85151.000000  17075
85153.000000  17076
85155.000000  17077
85157.000000  17079
85159.000000  17080
85161.000000  17081
85163.000000  17082
85165.000000  17083
85167.000000  17084
85169.000000  17085
85171.000000  17087
85173.000000  17088
85175.000000  17089
85177.000000  17090
85179.000000  17091
85181.000000  17093
85183.000000  17094
85185.000000  17095
85187.000000  17096
85189.000000  17097
85191.000000  17098
85193.000000  17099
85195.000000  17101
85197.000000  17102
85199.000000  17103
85201.000000  17104
85203.000000  17105
85205.000000  17106
85207.000000  17107
85209.000000  17109
85211.000000  17110
85213.000000  17111
85215.000000  17112
85217.000000  17113
85219.000000  17114
85221.000000  17116
85223.000000  17117
85225.000000  17118
85227.000000  17119
85229.000000  17120
85231.000000  17121
85233.000000  17123
85235.000000  17124
85237.000000  17125
85239.000000  17126
85241.000000  17127
85243.000000  17128
85245.000000  17129
85247.000000  17131
85249.000000  17132
85251.000000  17133
85253.000000  17134
85255.000000  17135
85257.000000  17136
85259.000000  17138
85261.000000  17139
85263.000000  17140
85265.000000  17141
85267.000000  17142
85269.000000  17143
85271.000000  17145
85273.000000  17146
85275.000000  17147
85277.000000  17148
85279.000000  17149
85281.000000  17150
85283.000000  17151
85285.000000  17153
85287.000000  17154
85289.000000  17155
85291.000000  17156
85293.000000  17157
85295.000000  17158
85297.000000  17159
85299.000000  17161
85301.000000  17162
85303.000000  17163
85305.000000  17164
85307.000000  17165
85309.000000  17167
85311.000000  17168
85313.000000  17169
85315.000000  17170
85317.000000  17171
85319.000000  17172
85321.000000  17173
85323.000000  17175
85325.000000  17176
85327.000000  17177
85329.000000  17178
85331.000000  17179
85333.000000  17180
85335.000000  17181
85337.000000  17183
85339.000000  17184
85341.000000  17185
85343.000000  17186
85345.000000  17187
85347.000000  17189
85349.000000  17190
85351.000000  17191
85353.000000  17192
85355.000000  17193
85357.000000  17194
85359.000000  17195
85361.000000  17197
85363.000000  17198
85365.000000  17199
85367.000000  17200
85369.000000  17201
85371.000000  17202
85373.000000  17203
85375.000000  17205
85377.000000  17206
85379.000000  17207
85381.000000  17208
85383.000000  17209
85385.000000  17211
85387.000000  17212
85389.000000  17213
85391.000000  17214
85393.000000  17215
85395.000000  17216
85397.000000  17217
85399.000000  17219
85401.000000  17220
85403.000000  17221
85405.000000  17222
85407.000000  17223
85409.000000  17224
85411.000000  17225
85413.000000  17227
85415.000000  17228
85417.000000  17229
85419.000000  17230
85421.000000  17231
85423.000000  17233
85425.000000  17234
85427.000000  17235
85429.000000  17236
85431.000000  17237
85433.000000  17238
85435.000000  17239
85437.000000  17241
85439.000000  17242
85441.000000  17243
85443.000000  17244
85445.000000  17245
85447.000000  17246
85449.000000  17247
85451.000000  17249
85453.000000  17250
85455.000000  17251
85457.000000  17252
85459.000000  17253
85461.000000  17254
85463.000000  17256
85465.000000  17257
85467.000000  17258
85469.000000  17259
85471.000000  17260
85473.000000  17261
85475.000000  17263
85477.000000  17264
85479.000000  17265
85481.000000  17266
85483.000000  17267
85485.000000  17268
85487.000000  17269
85489.000000  17271
85491.000000  17272
85493.000000  17273
85495.000000  17274
85497.000000  17275
85499.000000  17276
85501.000000  17277
85503.000000  17279
85505.000000  17280
85507.000000  17281
85509.000000  17282
85511.000000  17283
85513.000000  17285
85515.000000  17286
85517.000000  17287
85519.000000  17288
85521.000000  17289
85523.000000  17290
85525.000000  17291
85527.000000  17293
85529.000000  17294
85531.000000  17295
85533.000000  17296
85535.000000  17297
85537.000000  17298
85539.000000  17299
85541.000000  17301
85543.000000  17302
85545.000000  17303
85547.000000  17304
85549.000000  17305
85551.000000  17307
85553.000000  17308
85555.000000  17309
85557.000000  17310
85559.000000  17311
85561.000000  17312
85563.000000  17314
85565.000000  17315
85567.000000  17316
85569.000000  17317
85571.000000  17318
85573.000000  17319
85575.000000  17321
85577.000000  17322
85579.000000  17323
85581.000000  17324
85583.000000  17325
85585.000000  17326
85587.000000  17327
85589.000000  17329
85591.000000  17330
85593.000000  17331
85595.000000  17332
85597.000000  17333
85599.000000  17334
85601.000000  17336
85603.000000  17337
85605.000000  17338
85607.000000  17339
85609.000000  17340
85611.000000  17341
85613.000000  17343
85615.000000  17344
85617.000000  17345
85619.000000  17346
85621.000000  17347
85623.000000  17348
85625.000000  17349
85627.000000  17351
85629.000000  17352
85631.000000  17353
85633.000000  17354
85635.000000  17355
85637.000000  17356
85639.000000  17357
85641.000000  17359
85643.000000  17360
85645.000000  17361
85647.000000  17362
85649.000000  17363
85651.000000  17365
85653.000000  17366
85655.000000  17367
85657.000000  17368
85659.000000  17369
85661.000000  17370
85663.000000  17371
85665.000000  17373
85667.000000  17374
85669.000000  17375
85671.000000  17376
85673.000000  17377
85675.000000  17379
85677.000000  17380
85679.000000  17381
85681.000000  17382
85683.000000  17383
85685.000000  17384
85687.000000  17385
85689.000000  17387
85691.000000  17388
85693.000000  17389
85695.000000  17390
85697.000000  17391
85699.000000  17392
85701.000000  17393
85703.000000  17395
85705.000000  17396
85707.000000  17397
85709.000000  17398
85711.000000  17399
85713.000000  17401
85715.000000  17402
85717.000000  17403
85719.000000  17404
85721.000000  17405
85723.000000  17406
85725.000000  17407
85727.000000  17409
85729.000000  17410
85731.000000  17411
85733.000000  17412
85735.000000  17413
85737.000000  17414
85739.000000  17415
85741.000000  17417
85743.000000  17418
85745.000000  17419
85747.000000  17420
85749.000000  17421
85751.000000  17423
85753.000000  17424
85755.000000  17425
85757.000000  17426
85759.000000  17427
85761.000000  17428
85763.000000  17429
85765.000000  17431
85767.000000  17432
85769.000000  17433
85771.000000  17434
85773.000000  17435
85775.000000  17436
85777.000000  17437
85779.000000  17439
85781.000000  17440
85783.000000  17441
85785.000000  17442
85787.000000  17443
85789.000000  17444
85791.000000  17446
85793.000000  17447
85795.000000  17448
85797.000000  17449
85799.000000  17450
85801.000000  17451
85803.000000  17453
85805.000000  17454
85807.000000  17455
85809.000000  17456
85811.000000  17457
85813.000000  17458
85815.000000  17459
85817.000000  17461
85819.000000  17462
85821.000000  17463
85823.000000  17464
85825.000000  17465
85827.000000  17466
85829.000000  17467
85831.000000  17469
85833.000000  17470
85835.000000  17471
85837.000000  17472
85839.000000  17473
85841.000000  17475
85843.000000  17476
85845.000000  17477
85847.000000  17478
85849.000000  17479
85851.000000  17480
85853.000000  17482
85855.000000  17483
85857.000000  17484
85859.000000  17485
85861.000000  17486
85863.000000  17487
85865.000000  17489
85867.000000  17490
85869.000000  17491
85871.000000  17492
85873.000000  17493
85875.000000  17494
85877.000000  17495
85879.000000  17497
85881.000000  17498
85883.000000  17499
85885.000000  17500
85887.000000  17501
85889.000000  17502
85891.000000  17504
85893.000000  17505
85895.000000  17506
85897.000000  17507
85899.000000  17508
85901.000000  17509
85903.000000  17511
85905.000000  17512
85907.000000  17513
85909.000000  17514
85911.000000  17515
85913.000000  17516
85915.000000  17517
85917.000000  17519
85919.000000  17520
85921.000000  17521
85923.000000  17522
85925.000000  17523
85927.000000  17524
85929.000000  17525
85931.000000  17527
85933.000000  17528
85935.000000  17529
85937.000000  17530
85939.000000  17531
85941.000000  17533
85943.000000  17534
85945.000000  17535
85947.000000  17536
85949.000000  17537
85951.000000  17538
85953.000000  17539
85955.000000  17541
85957.000000  17542
85959.000000  17543
85961.000000  17544
85963.000000  17545
85965.000000  17546
85967.000000  17547
85969.000000  17549
85971.000000  17550
85973.000000  17551
85975.000000  17552
85977.000000  17553
85979.000000  17554
85981.000000  17556
85983.000000  17557
85985.000000  17558
85987.000000  17559
85989.000000  17560
85991.000000  17561
85993.000000  17563
85995.000000  17564
85997.000000  17565
85999.000000  17566
86001.000000  17567
86003.000000  17568
86005.000000  17569
86007.000000  17571
86009.000000  17572
86011.000000  17573
86013.000000  17574
86015.000000  17575
86017.000000  17576
86019.000000  17578
86021.000000  17579
86023.000000  17580
86025.000000  17581
86027.000000  17582
86029.000000  17583
86031.000000  17585
86033.000000  17586
86035.000000  17587
86037.000000  17588
86039.000000  17589
86041.000000  17590
86043.000000  17591
86045.000000  17593
86047.000000  17594
86049.000000  17595
86051.000000  17596
86053.000000  17597
86055.000000  17598
86057.000000  17600
86059.000000  17601
86061.000000  17602
86063.000000  17603
86065.000000  17604
86067.000000  17605
86069.000000  17607
86071.000000  17608
86073.000000  17609
86075.000000  17610
86077.000000  17611
86079.000000  17612
86081.000000  17613
86083.000000  17615
86085.000000  17616
86087.000000  17617
86089.000000  17618
86091.000000  17619
86093.000000  17620
86095.000000  17621
86097.000000  17623
86099.000000  17624
86101.000000  17625
86103.000000  17626
86105.000000  17627
86107.000000  17629
86109.000000  17630
86111.000000  17631
86113.000000  17632
86115.000000  17633
86117.000000  17634
86119.000000  17635
86121.000000  17637
86123.000000  17638
86125.000000  17639
86127.000000  17640
86129.000000  17641
86131.000000  17642
86133.000000  17643
86135.000000  17645
86137.000000  17646
86139.000000  17647
86141.000000  17648
86143.000000  17649
86145.000000  17651
86147.000000  17652
86149.000000  17653
86151.000000  17654
86153.000000  17655
86155.000000  17656
86157.000000  17657
86159.000000  17659
86161.000000  17660
86163.000000  17661
86165.000000  17662
86167.000000  17663
86169.000000  17664
86171.000000  17665
86173.000000  17667
86175.000000  17668
86177.000000  17669
86179.000000  17670
86181.000000  17671
86183.000000  17673
86185.000000  17674
86187.000000  17675
86189.000000  17676
86191.000000  17677
86193.000000  17678
86195.000000  17679
86197.000000  17681
86199.000000  17682
86201.000000  17683
86203.000000  17684
86205.000000  17685
86207.000000  17686
86209.000000  17687
86211.000000  17689
86213.000000  17690
86215.000000  17691
86217.000000  17692
86219.000000  17693
86221.000000  17695
86223.000000  17696
86225.000000  17697
86227.000000  17698
86229.000000  17699
86231.000000  17700
86233.000000  17701
86235.000000  17703
86237.000000  17704
86239.000000  17705
86241.000000  17706
86243.000000  17707
86245.000000  17708
86247.000000  17709
86249.000000  17711
86251.000000  17712
86253.000000  17713
86255.000000  17714
86257.000000  17715
86259.000000  17717
86261.000000  17718
86263.000000  17719
86265.000000  17720
86267.000000  17721
86269.000000  17722
86271.000000  17723
86273.000000  17725
86275.000000  17726
86277.000000  17727
86279.000000  17728
86281.000000  17729
86283.000000  17730
86285.000000  17731
86287.000000  17733
86289.000000  17734
86291.000000  17735
86293.000000  17736
86295.000000  17737
86297.000000  17739
86299.000000  17740
86301.000000  17741
86303.000000  17742
86305.000000  17743
86307.000000  17744
86309.000000  17745
86311.000000  17747
86313.000000  17748
86315.000000  17749
86317.000000  17750
86319.000000  17751
86321.000000  17752
86323.000000  17753
86325.000000  17755
86327.000000  17756
86329.000000  17757
86331.000000  17758
86333.000000  17759
86335.000000  17761
86337.000000  17762
86339.000000  17763
86341.000000  17764
86343.000000  17765
86345.000000  17766
86347.000000  17767
86349.000000  17769
86351.000000  17770
86353.000000  17771
86355.000000  17772
86357.000000  17773
86359.000000  17775
86361.000000  17776
86363.000000  17777
86365.000000  17778
86367.000000  17779
86369.000000  17780
86371.000000  17781
86373.000000  17783
86375.000000  17784
86377.000000  17785
86379.000000  17786
86381.000000  17787
86383.000000  17788
86385.000000  17789
86387.000000  17791
86389.000000  17792
86391.000000  17793
86393.000000  17794
86395.000000  17795
86397.000000  17797
86399.000000  17798
86401.000000  17799
86403.000000  17800
86405.000000  17801
86407.000000  17802
86409.000000  17803
86411.000000  17805
86413.000000  17806
86415.000000  17807
86417.000000  17808
86419.000000  17809
86421.000000  17810
86423.000000  17811
86425.000000  17813
86427.000000  17814
86429.000000  17815
86431.000000  17816
86433.000000  17817
86435.000000  17819
86437.000000  17820
86439.000000  17821
86441.000000  17822
86443.000000  17823
86445.000000  17824
86447.000000  17825
86449.000000  17827
86451.000000  17828
86453.000000  17829
86455.000000  17830
86457.000000  17831
86459.000000  17832
86461.000000  17833
86463.000000  17835
86465.000000  17836
86467.000000  17837
86469.000000  17838
86471.000000  17839
86473.000000  17841
86475.000000  17842
86477.000000  17843
86479.000000  17844
86481.000000  17845
86483.000000  17846
86485.000000  17847
86487.000000  17849
86489.000000  17850
86491.000000  17851
86493.000000  17852
86495.000000  17853
86497.000000  17854
86499.000000  17855
86501.000000  17857
86503.000000  17858
86505.000000  17859
86507.000000  17860
86509.000000  17861
86511.000000  17863
86513.000000  17864
86515.000000  17865
86517.000000  17866
86519.000000  17867
86521.000000  17868
86523.000000  17869
86525.000000  17871
86527.000000  17872
86529.000000  17873
86531.000000  17874
86533.000000  17875
86535.000000  17876
86537.000000  17877
86539.000000  17879
86541.000000  17880
86543.000000  17881
86545.000000  17882
86547.000000  17883
86549.000000  17885
86551.000000  17886
86553.000000  17887
86555.000000  17888
86557.000000  17889
86559.000000  17890
86561.000000  17891
86563.000000  17893
86565.000000  17894
86567.000000  17895
86569.000000  17896
86571.000000  17897
86573.000000  17898
86575.000000  17899
86577.000000  17901
86579.000000  17902
86581.000000  17903
86583.000000  17904
86585.000000  17905
86587.000000  17906
86589.000000  17907
86591.000000  17909
86593.000000  17910
86595.000000  17911
86597.000000  17912
86599.000000  17913
86601.000000  17915
86603.000000  17916
86605.000000  17917
86607.000000  17918
86609.000000  17919
86611.000000  17920
86613.000000  17921
86615.000000  17923
86617.000000  17924
86619.000000  17925
86621.000000  17926
86623.000000  17927
86625.000000  17928
86627.000000  17929
86629.000000  17931
86631.000000  17932
86633.000000  17933
86635.000000  17934
86637.000000  17935
86639.000000  17937
86641.000000  17938
86643.000000  17939
86645.000000  17940
86647.000000  17941
86649.000000  17942
86651.000000  17943
86653.000000  17945
86655.000000  17946
86657.000000  17947
86659.000000  17948
86661.000000  17949
86663.000000  17950
86665.000000  17951
86667.000000  17953
86669.000000  17954
86671.000000  17955
86673.000000  17956
86675.000000  17957
86677.000000  17959
86679.000000  17960
86681.000000  17961
86683.000000  17962
86685.000000  17963
86687.000000  17964
86689.000000  17965
86691.000000  17967
86693.000000  17968
86695.000000  17969
86697.000000  17970
86699.000000  17971
86701.000000  17972
86703.000000  17973
86705.000000  17975
86707.000000  17976
86709.000000  17977
86711.000000  17978
86713.000000  17979
86715.000000  17981
86717.000000  17982
86719.000000  17983
86721.000000  17984
86723.000000  17985
86725.000000  17986
86727.000000  17987
86729.000000  17989
86731.000000  17990
86733.000000  17991
86735.000000  17992
86737.000000  17993
86739.000000  17994
86741.000000  17995
86743.000000  17997
86745.000000  17998
86747.000000  17999
86749.000000  18000
86751.000000  18001
86753.000000  18002
86755.000000  18004
86757.000000  18005
86759.000000  18006
86761.000000  18007
86763.000000  18008
86765.000000  18009
86767.000000  18011
86769.000000  18012
86771.000000  18013
86773.000000  18014
86775.000000  18015
86777.000000  18016
86779.000000  18017
86781.000000  18019
86783.000000  18020
86785.000000  18021
86787.000000  18022
86789.000000  18023
86791.000000  18024
86793.000000  18026
86795.000000  18027
86797.000000  18028
86799.000000  18029
86801.000000  18030
86803.000000  18031
86805.000000  18033
86807.000000  18034
86809.000000  18035
86811.000000  18036
86813.000000  18037
86815.000000  18038
86817.000000  18039
86819.000000  18041
86821.000000  18042
86823.000000  18043
86825.000000  18044
86827.000000  18045
86829.000000  18046
86831.000000  18048
86833.000000  18049
86835.000000  18050
86837.000000  18051
86839.000000  18052
86841.000000  18053
86843.000000  18055
86845.000000  18056
86847.000000  18057
86849.000000  18058
86851.000000  18059
86853.000000  18060
86855.000000  18061
86857.000000  18063
86859.000000  18064
86861.000000  18065
86863.000000  18066
86865.000000  18067
86867.000000  18068
86869.000000  18069
86871.000000  18071
86873.000000  18072
86875.000000  18073
86877.000000  18074
86879.000000  18075
86881.000000  18077
86883.000000  18078
86885.000000  18079
86887.000000  18080
86889.000000  18081
86891.000000  18082
86893.000000  18083
86895.000000  18085
86897.000000  18086
86899.000000  18087
86901.000000  18088
86903.000000  18089
86905.000000  18090
86907.000000  18092
86909.000000  18093
86911.000000  18094
86913.000000  18095
86915.000000  18096
86917.000000  18097
86919.000000  18099
86921.000000  18100
86923.000000  18101
86925.000000  18102
86927.000000  18103
86929.000000  18104
86931.000000  18106
86933.000000  18107
86935.000000  18108
86937.000000  18109
86939.000000  18110
86941.000000  18111
86943.000000  18113
86945.000000  18114
86947.000000  18115
86949.000000  18116
86951.000000  18117
86953.000000  18118
86955.000000  18119
86957.000000  18121
86959.000000  18122
86961.000000  18123
86963.000000  18124
86965.000000  18125
86967.000000  18127
86969.000000  18128
86971.000000  18129
86973.000000  18130
86975.000000  18131
86977.000000  18132
86979.000000  18133
86981.000000  18135
86983.000000  18136
86985.000000  18137
86987.000000  18138
86989.000000  18139
86991.000000  18140
86993.000000  18141
86995.000000  18143
86997.000000  18144
86999.000000  18145
87001.000000  18146
87003.000000  18147
87005.000000  18149
87007.000000  18150
87009.000000  18151
87011.000000  18152
87013.000000  18153
87015.000000  18154
87017.000000  18155
87019.000000  18157
87021.000000  18158
87023.000000  18159
87025.000000  18160
87027.000000  18161
87029.000000  18162
87031.000000  18163
87033.000000  18165
87035.000000  18166
87037.000000  18167
87039.000000  18168
87041.000000  18169
87043.000000  18170
87045.000000  18172
87047.000000  18173
87049.000000  18174
87051.000000  18175
87053.000000  18176
87055.000000  18177
87057.000000  18179
87059.000000  18180
87061.000000  18181
87063.000000  18182
87065.000000  18183
87067.000000  18184
87069.000000  18185
87071.000000  18187
87073.000000  18188
87075.000000  18189
87077.000000  18190
87079.000000  18191
87081.000000  18192
87083.000000  18194
87085.000000  18195
87087.000000  18196
87089.000000  18197
87091.000000  18198
87093.000000  18199
87095.000000  18201
87097.000000  18202
87099.000000  18203
87101.000000  18204
87103.000000  18205
87105.000000  18206
87107.000000  18207
87109.000000  18209
87111.000000  18210
87113.000000  18211
87115.000000  18212
87117.000000  18213
87119.000000  18214
87121.000000  18216
87123.000000  18217
87125.000000  18218
87127.000000  18219
87129.000000  18220
87131.000000  18221
87133.000000  18223
87135.000000  18224
87137.000000  18225
87139.000000  18226
87141.000000  18227
87143.000000  18228
87145.000000  18229
87147.000000  18231
87149.000000  18232
87151.000000  18233
87153.000000  18234
87155.000000  18235
87157.000000  18236
87159.000000  18237
87161.000000  18239
87163.000000  18240
87165.000000  18241
87167.000000  18242
87169.000000  18243
87171.000000  18245
87173.000000  18246
87175.000000  18247
87177.000000  18248
87179.000000  18249
87181.000000  18250
87183.000000  18251
87185.000000  18253
87187.000000  18254
87189.000000  18255
87191.000000  18256
87193.000000  18257
87195.000000  18258
87197.000000  18259
87199.000000  18261
87201.000000  18262
87203.000000  18263
87205.000000  18264
87207.000000  18265
87209.000000  18267
87211.000000  18268
87213.000000  18269
87215.000000  18270
87217.000000  18271
87219.000000  18272
87221.000000  18273
87223.000000  18275
87225.000000  18276
87227.000000  18277
87229.000000  18278
87231.000000  18279
87233.000000  18280
87235.000000  18281
87237.000000  18283
87239.000000  18284
87241.000000  18285
87243.000000  18286
87245.000000  18287
87247.000000  18289
87249.000000  18290
87251.000000  18291
87253.000000  18292
87255.000000  18293
87257.000000  18294
87259.000000  18295
87261.000000  18297
87263.000000  18298
87265.000000  18299
87267.000000  18300
87269.000000  18301
87271.000000  18302
87273.000000  18303
87275.000000  18305
87277.000000  18306
87279.000000  18307
87281.000000  18308
87283.000000  18309
87285.000000  18311
87287.000000  18312
87289.000000  18313
87291.000000  18314
87293.000000  18315
87295.000000  18316
87297.000000  18317
87299.000000  18319
87301.000000  18320
87303.000000  18321
87305.000000  18322
87307.000000  18323
87309.000000  18325
87311.000000  18326
87313.000000  18327
87315.000000  18328
87317.000000  18329
87319.000000  18330
87321.000000  18331
87323.000000  18333
87325.000000  18334
87327.000000  18335
87329.000000  18336
87331.000000  18337
87333.000000  18338
87335.000000  18339
87337.000000  18341
87339.000000  18342
87341.000000  18343
87343.000000  18344
87345.000000  18345
87347.000000  18346
87349.000000  18348
87351.000000  18349
87353.000000  18350
87355.000000  18351
87357.000000  18352
87359.000000  18353
87361.000000  18355
87363.000000  18356
87365.000000  18357
87367.000000  18358
87369.000000  18359
87371.000000  18360
87373.000000  18361
87375.000000  18363
87377.000000  18364
87379.000000  18365
87381.000000  18366
87383.000000  18367
87385.000000  18369
87387.000000  18370
87389.000000  18371
87391.000000  18372
87393.000000  18373
87395.000000  18374
87397.000000  18375
87399.000000  18377
87401.000000  18378
87403.000000  18379
87405.000000  18380
87407.000000  18381
87409.000000  18382
87411.000000  18383
87413.000000  18385
87415.000000  18386
87417.000000  18387
87419.000000  18388
87421.000000  18389
87423.000000  18391
87425.000000  18392
87427.000000  18393
87429.000000  18394
87431.000000  18395
87433.000000  18396
87435.000000  18397
87437.000000  18399
87439.000000  18400
87441.000000  18401
87443.000000  18402
87445.000000  18403
87447.000000  18404
87449.000000  18405
87451.000000  18407
87453.000000  18408
87455.000000  18409
87457.000000  18410
87459.000000  18411
87461.000000  18413
87463.000000  18414
87465.000000  18415
87467.000000  18416
87469.000000  18417
87471.000000  18418
87473.000000  18419
87475.000000  18421
87477.000000  18422
87479.000000  18423
87481.000000  18424
87483.000000  18425
87485.000000  18426
87487.000000  18427
87489.000000  18429
87491.000000  18430
87493.000000  18431
87495.000000  18432
87497.000000  18433
87499.000000  18435
87501.000000  18436
87503.000000  18437
87505.000000  18438
87507.000000  18439
87509.000000  18440
87511.000000  18441
87513.000000  18443
87515.000000  18444
87517.000000  18445
87519.000000  18446
87521.000000  18447
87523.000000  18448
87525.000000  18449
87527.000000  18451
87529.000000  18452
87531.000000  18453
87533.000000  18454
87535.000000  18455
87537.000000  18457
87539.000000  18458
87541.000000  18459
87543.000000  18460
87545.000000  18461
87547.000000  18462
87549.000000  18463
87551.000000  18465
87553.000000  18466
87555.000000  18467
87557.000000  18468
87559.000000  18469
87561.000000  18471
87563.000000  18472
87565.000000  18473
87567.000000  18474
87569.000000  18475
87571.000000  18476
87573.000000  18477
87575.000000  18479
87577.000000  18480
87579.000000  18481
87581.000000  18482
87583.000000  18483
87585.000000  18485
87587.000000  18486
87589.000000  18487
87591.000000  18488
87593.000000  18489
87595.000000  18490
87597.000000  18491
87599.000000  18493
87601.000000  18494
87603.000000  18495
87605.000000  18496
87607.000000  18497
87609.000000  18498
87611.000000  18499
87613.000000  18501
87615.000000  18502
87617.000000  18503
87619.000000  18504
87621.000000  18505
87623.000000  18507
87625.000000  18508
87627.000000  18509
87629.000000  18510
87631.000000  18511
87633.000000  18512
87635.000000  18513
87637.000000  18515
87639.000000  18516
87641.000000  18517
87643.000000  18518
87645.000000  18519
87647.000000  18520
87649.000000  18521
87651.000000  18523
87653.000000  18524
87655.000000  18525
87657.000000  18526
87659.000000  18527
87661.000000  18528
87663.000000  18530
87665.000000  18531
87667.000000  18532
87669.000000  18533
87671.000000  18534
87673.000000  18535
87675.000000  18537
87677.000000  18538
87679.000000  18539
87681.000000  18540
87683.000000  18541
87685.000000  18542
87687.000000  18543
87689.000000  18545
87691.000000  18546
87693.000000  18547
87695.000000  18548
87697.000000  18549
87699.000000  18550
87701.000000  18551
87703.000000  18553
87705.000000  18554
87707.000000  18555
87709.000000  18556
87711.000000  18557
87713.000000  18559
87715.000000  18560
87717.000000  18561
87719.000000  18562
87721.000000  18563
87723.000000  18564
87725.000000  18565
87727.000000  18567
87729.000000  18568
87731.000000  18569
87733.000000  18570
87735.000000  18571
87737.000000  18572
87739.000000  18574
87741.000000  18575
87743.000000  18576
87745.000000  18577
87747.000000  18578
87749.000000  18579
87751.000000  18581
87753.000000  18582
87755.000000  18583
87757.000000  18584
87759.000000  18585
87761.000000  18586
87763.000000  18587
87765.000000  18589
87767.000000  18590
87769.000000  18591
87771.000000  18592
87773.000000  18593
87775.000000  18594
87777.000000  18595
87779.000000  18597
87781.000000  18598
87783.000000  18599
87785.000000  18600
87787.000000  18601
87789.000000  18603
87791.000000  18604
87793.000000  18605
87795.000000  18606
87797.000000  18607
87799.000000  18608
87801.000000  18609
87803.000000  18611
87805.000000  18612
87807.000000  18613
87809.000000  18614
87811.000000  18615
87813.000000  18616
87815.000000  18617
87817.000000  18619
87819.000000  18620
87821.000000  18621
87823.000000  18622
87825.000000  18623
87827.000000  18625
87829.000000  18626
87831.000000  18627
87833.000000  18628
87835.000000  18629
87837.000000  18630
87839.000000  18631
87841.000000  18633
87843.000000  18634
87845.000000  18635
87847.000000  18636
87849.000000  18637
87851.000000  18638
87853.000000  18640
87855.000000  18641
87857.000000  18642
87859.000000  18643
87861.000000  18644
87863.000000  18645
87865.000000  18647
87867.000000  18648
87869.000000  18649
87871.000000  18650
87873.000000  18651
87875.000000  18652
87877.000000  18653
87879.000000  18655
87881.000000  18656
87883.000000  18657
87885.000000  18658
87887.000000  18659
87889.000000  18661
87891.000000  18662
87893.000000  18663
87895.000000  18664
87897.000000  18665
87899.000000  18666
87901.000000  18667
87903.000000  18669
87905.000000  18670
87907.000000  18671
87909.000000  18672
87911.000000  18673
87913.000000  18674
87915.000000  18675
87917.000000  18677
87919.000000  18678
87921.000000  18679
87923.000000  18680
87925.000000  18681
87927.000000  18683
87929.000000  18684
87931.000000  18685
87933.000000  18686
87935.000000  18687
87937.000000  18688
87939.000000  18689
87941.000000  18691
87943.000000  18692
87945.000000  18693
87947.000000  18694
87949.000000  18695
87951.000000  18696
87953.000000  18697
87955.000000  18699
87957.000000  18700
87959.000000  18701
87961.000000  18702
87963.000000  18703
87965.000000  18705
87967.000000  18706
87969.000000  18707
87971.000000  18708
87973.000000  18709
87975.000000  18710
87977.000000  18711
87979.000000  18713
87981.000000  18714
87983.000000  18715
87985.000000  18716
87987.000000  18717
87989.000000  18718
87991.000000  18719
87993.000000  18721
87995.000000  18722
87997.000000  18723
87999.000000  18724
88001.000000  18725
88003.000000  18727
88005.000000  18728
88007.000000  18729
88009.000000  18730
88011.000000  18731
88013.000000  18732
88015.000000  18733
88017.000000  18735
88019.000000  18736
88021.000000  18737
88023.000000  18738
88025.000000  18739
88027.000000  18740
88029.000000  18741
88031.000000  18743
88033.000000  18744
88035.000000  18745
88037.000000  18746
88039.000000  18747
88041.000000  18749
88043.000000  18750
88045.000000  18751
88047.000000  18752
88049.000000  18753
88051.000000  18754
88053.000000  18755
88055.000000  18757
88057.000000  18758
88059.000000  18759
88061.000000  18760
88063.000000  18761
88065.000000  18762
88067.000000  18763
88069.000000  18765
88071.000000  18766
88073.000000  18767
88075.000000  18768
88077.000000  18769
88079.000000  18771
88081.000000  18772
88083.000000  18773
88085.000000  18774
88087.000000  18775
88089.000000  18776
88091.000000  18777
88093.000000  18779
88095.000000  18780
88097.000000  18781
88099.000000  18782
88101.000000  18783
88103.000000  18784
88105.000000  18786
88107.000000  18787
88109.000000  18788
88111.000000  18789
88113.000000  18790
88115.000000  18791
88117.000000  18793
88119.000000  18794
88121.000000  18795
88123.000000  18796
88125.000000  18797
88127.000000  18798
88129.000000  18799
88131.000000  18801
88133.000000  18802
88135.000000  18803
88137.000000  18804
88139.000000  18805
88141.000000  18807
88143.000000  18808
88145.000000  18809
88147.000000  18810
88149.000000  18811
88151.000000  18812
88153.000000  18813
88155.000000  18815
88157.000000  18816
88159.000000  18817
88161.000000  18818
88163.000000  18819
88165.000000  18820
88167.000000  18821
88169.000000  18823
88171.000000  18824
88173.000000  18825
88175.000000  18826
88177.000000  18827
88179.000000  18829
88181.000000  18830
88183.000000  18831
88185.000000  18832
88187.000000  18833
88189.000000  18834
88191.000000  18835
88193.000000  18837
88195.000000  18838
88197.000000  18839
88199.000000  18840
88201.000000  18841
88203.000000  18843
88205.000000  18844
88207.000000  18845
88209.000000  18846
88211.000000  18847
88213.000000  18848
88215.000000  18849
88217.000000  18851
88219.000000  18852
88221.000000  18853
88223.000000  18854
88225.000000  18855
88227.000000  18856
88229.000000  18857
88231.000000  18859
88233.000000  18860
88235.000000  18861
88237.000000  18862
88239.000000  18863
88241.000000  18865
88243.000000  18866
88245.000000  18867
88247.000000  18868
88249.000000  18869
88251.000000  18870
88253.000000  18871
88255.000000  18873
88257.000000  18874
88259.000000  18875
88261.000000  18876
88263.000000  18877
88265.000000  18878
88267.000000  18879
88269.000000  18881
88271.000000  18882
88273.000000  18883
88275.000000  18884
88277.000000  18885
88279.000000  18886
88281.000000  18888
88283.000000  18889
88285.000000  18890
88287.000000  18891
88289.000000  18892
88291.000000  18893
88293.000000  18895
88295.000000  18896
88297.000000  18897
88299.000000  18898
88301.000000  18899
88303.000000  18900
88305.000000  18902
88307.000000  18903
88309.000000  18904
88311.000000  18905
88313.000000  18906
88315.000000  18907
88317.000000  18909
88319.000000  18910
88321.000000  18911
88323.000000  18912
88325.000000  18913
88327.000000  18914
88329.000000  18915
88331.000000  18917
88333.000000  18918
88335.000000  18919
88337.000000  18920
88339.000000  18921
88341.000000  18923
88343.000000  18924
88345.000000  18925
88347.000000  18926
88349.000000  18927
88351.000000  18928
88353.000000  18929
88355.000000  18931
88357.000000  18932
88359.000000  18933
88361.000000  18934
88363.000000  18935
88365.000000  18936
88367.000000  18937
88369.000000  18939
88371.000000  18940
88373.000000  18941
88375.000000  18942
88377.000000  18943
88379.000000  18945
88381.000000  18946
88383.000000  18947
88385.000000  18948
88387.000000  18949
88389.000000  18950
88391.000000  18951
88393.000000  18953
88395.000000  18954
88397.000000  18955
88399.000000  18956
88401.000000  18957
88403.000000  18958
88405.000000  18959
88407.000000  18961
88409.000000  18962
88411.000000  18963
88413.000000  18964
88415.000000  18965
88417.000000  18967
88419.000000  18968
88421.000000  18969
88423.000000  18970
88425.000000  18971
88427.000000  18972
88429.000000  18973
88431.000000  18975
88433.000000  18976
88435.000000  18977
88437.000000  18978
88439.000000  18979
88441.000000  18980
88443.000000  18981
88445.000000  18983
88447.000000  18984
88449.000000  18985
88451.000000  18986
88453.000000  18987
88455.000000  18989
88457.000000  18990
88459.000000  18991
88461.000000  18992
88463.000000  18993
88465.000000  18994
88467.000000  18995
88469.000000  18997
88471.000000  18998
88473.000000  18999
88475.000000  19000
88477.000000  19001
88479.000000  19002
88481.000000  19003
88483.000000  19005
88485.000000  19006
88487.000000  19007
88489.000000  19008
88491.000000  19009
88493.000000  19011
88495.000000  19012
88497.000000  19013
88499.000000  19014
88501.000000  19015
88503.000000  19016
88505.000000  19017
88507.000000  19019
88509.000000  19020
88511.000000  19021
88513.000000  19022
88515.000000  19023
88517.000000  19024
88519.000000  19025
88521.000000  19027
88523.000000  19028
88525.000000  19029
88527.000000  19030
88529.000000  19031
88531.000000  19033
88533.000000  19034
88535.000000  19035
88537.000000  19036
88539.000000  19037
88541.000000  19038
88543.000000  19039
88545.000000  19041
88547.000000  19042
88549.000000  19043
88551.000000  19044
88553.000000  19045
88555.000000  19046
88557.000000  19047
88559.000000  19049
88561.000000  19050
88563.000000  19051
88565.000000  19052
88567.000000  19053
88569.000000  19054
88571.000000  19056
88573.000000  19057
88575.000000  19058
88577.000000  19059
88579.000000  19060
88581.000000  19061
88583.000000  19063
88585.000000  19064
88587.000000  19065
88589.000000  19066
88591.000000  19067
88593.000000  19068
88595.000000  19069
88597.000000  19071
88599.000000  19072
88601.000000  19073
88603.000000  19074
88605.000000  19075
88607.000000  19076
88609.000000  19077
88611.000000  19079
88613.000000  19080
88615.000000  19081
88617.000000  19082
88619.000000  19083
88621.000000  19085
88623.000000  19086
88625.000000  19087
88627.000000  19088
88629.000000  19089
88631.000000  19090
88633.000000  19091
88635.000000  19093
88637.000000  19094
88639.000000  19095
88641.000000  19096
88643.000000  19097
88645.000000  19098
88647.000000  19100
88649.000000  19101
88651.000000  19102
88653.000000  19103
88655.000000  19104
88657.000000  19105
88659.000000  19107
88661.000000  19108
88663.000000  19109
88665.000000  19110
88667.000000  19111
88669.000000  19112
88671.000000  19114
88673.000000  19115
88675.000000  19116
88677.000000  19117
88679.000000  19118
88681.000000  19119
88683.000000  19121
88685.000000  19122
88687.000000  19123
88689.000000  19124
88691.000000  19125
88693.000000  19126
88695.000000  19127
88697.000000  19129
88699.000000  19130
88701.000000  19131
88703.000000  19132
88705.000000  19133
88707.000000  19134
88709.000000  19136
88711.000000  19137
88713.000000  19138
88715.000000  19139
88717.000000  19140
88719.000000  19141
88721.000000  19143
88723.000000  19144
88725.000000  19145
88727.000000  19146
88729.000000  19147
88731.000000  19148
88733.000000  19149
88735.000000  19151
88737.000000  19152
88739.000000  19153
88741.000000  19154
88743.000000  19155
88745.000000  19157
88747.000000  19158
88749.000000  19159
88751.000000  19160
88753.000000  19161
88755.000000  19162
88757.000000  19163
88759.000000  19165
88761.000000  19166
88763.000000  19167
88765.000000  19168
88767.000000  19169
88769.000000  19170
88771.000000  19171
88773.000000  19173
88775.000000  19174
88777.000000  19175
88779.000000  19176
88781.000000  19177
88783.000000  19179
88785.000000  19180
88787.000000  19181
88789.000000  19182
88791.000000  19183
88793.000000  19184
88795.000000  19185
88797.000000  19187
88799.000000  19188
88801.000000  19189
88803.000000  19190
88805.000000  19191
88807.000000  19192
88809.000000  19193
88811.000000  19195
88813.000000  19196
88815.000000  19197
88817.000000  19198
88819.000000  19199
88821.000000  19201
88823.000000  19202
88825.000000  19203
88827.000000  19204
88829.000000  19205
88831.000000  19206
88833.000000  19207
88835.000000  19209
88837.000000  19210
88839.000000  19211
88841.000000  19212
88843.000000  19213
88845.000000  19215
88847.000000  19216
88849.000000  19217
88851.000000  19218
88853.000000  19219
88855.000000  19220
88857.000000  19221
88859.000000  19223
88861.000000  19224
88863.000000  19225
88865.000000  19226
88867.000000  19227
88869.000000  19229
88871.000000  19230
88873.000000  19231
88875.000000  19232
88877.000000  19233
88879.000000  19234
88881.000000  19235
88883.000000  19237
88885.000000  19238
88887.000000  19239
88889.000000  19240
88891.000000  19241
88893.000000  19242
88895.000000  19243
88897.000000  19245
88899.000000  19246
88901.000000  19247
88903.000000  19248
88905.000000  19249
88907.000000  19250
88909.000000  19252
88911.000000  19253
88913.000000  19254
88915.000000  19255
88917.000000  19256
88919.000000  19257
88921.000000  19259
88923.000000  19260
88925.000000  19261
88927.000000  19262
88929.000000  19263
88931.000000  19264
88933.000000  19265
88935.000000  19267
88937.000000  19268
88939.000000  19269
88941.000000  19270
88943.000000  19271
88945.000000  19272
88947.000000  19274
88949.000000  19275
88951.000000  19276
88953.000000  19277
88955.000000  19278
88957.000000  19279
88959.000000  19281
88961.000000  19282
88963.000000  19283
88965.000000  19284
88967.000000  19285
88969.000000  19286
88971.000000  19287
88973.000000  19289
88975.000000  19290
88977.000000  19291
88979.000000  19292
88981.000000  19293
88983.000000  19295
88985.000000  19296
88987.000000  19297
88989.000000  19298
88991.000000  19299
88993.000000  19300
88995.000000  19301
88997.000000  19303
88999.000000  19304
89001.000000  19305
89003.000000  19306
89005.000000  19307
89007.000000  19308
89009.000000  19309
89011.000000  19311
89013.000000  19312
89015.000000  19313
89017.000000  19314
89019.000000  19315
89021.000000  19317
89023.000000  19318
89025.000000  19319
89027.000000  19320
89029.000000  19321
89031.000000  19322
89033.000000  19323
89035.000000  19325
89037.000000  19326
89039.000000  19327
89041.000000  19328
89043.000000  19329
89045.000000  19330
89047.000000  19331
89049.000000  19333
89051.000000  19334
89053.000000  19335
89055.000000  19336
89057.000000  19337
89059.000000  19338
89061.000000  19340
89063.000000  19341
89065.000000  19342
89067.000000  19343
89069.000000  19344
89071.000000  19345
89073.000000  19347
89075.000000  19348
89077.000000  19349
89079.000000  19350
89081.000000  19351
89083.000000  19352
89085.000000  19354
89087.000000  19355
89089.000000  19356
89091.000000  19357
89093.000000  19358
89095.000000  19359
89097.000000  19360
89099.000000  19362
89101.000000  19363
89103.000000  19364
89105.000000  19365
89107.000000  19366
89109.000000  19367
89111.000000  19369
89113.000000  19370
89115.000000  19371
89117.000000  19372
89119.000000  19373
89121.000000  19374
89123.000000  19375
89125.000000  19377
89127.000000  19378
89129.000000  19379
89131.000000  19380
89133.000000  19381
89135.000000  19383
89137.000000  19384
89139.000000  19385
89141.000000  19386
89143.000000  19387
89145.000000  19388
89147.000000  19389
89149.000000  19391
89151.000000  19392
89153.000000  19393
89155.000000  19394
89157.000000  19395
89159.000000  19396
89161.000000  19397
89163.000000  19399
89165.000000  19400
89167.000000  19401
89169.000000  19402
89171.000000  19403
89173.000000  19405
89175.000000  19406
89177.000000  19407
89179.000000  19408
89181.000000  19409
89183.000000  19410
89185.000000  19411
89187.000000  19413
89189.000000  19414
89191.000000  19415
89193.000000  19416
89195.000000  19417
89197.000000  19418
89199.000000  19419
89201.000000  19421
89203.000000  19422
89205.000000  19423
89207.000000  19424
89209.000000  19425
89211.000000  19427
89213.000000  19428
89215.000000  19429
89217.000000  19430
89219.000000  19431
89221.000000  19432
89223.000000  19433
89225.000000  19435
89227.000000  19436
89229.000000  19437
89231.000000  19438
89233.000000  19439
89235.000000  19440
89237.000000  19441
89239.000000  19443
89241.000000  19444
89243.000000  19445
89245.000000  19446
89247.000000  19447
89249.000000  19449
89251.000000  19450
89253.000000  19451
89255.000000  19452
89257.000000  19453
89259.000000  19454
89261.000000  19455
89263.000000  19457
89265.000000  19458
89267.000000  19459
89269.000000  19460
89271.000000  19461
89273.000000  19462
89275.000000  19463
89277.000000  19465
89279.000000  19466
89281.000000  19467
89283.000000  19468
89285.000000  19469
89287.000000  19471
89289.000000  19472
89291.000000  19473
89293.000000  19474
89295.000000  19475
89297.000000  19476
89299.000000  19477
89301.000000  19479
89303.000000  19480
89305.000000  19481
89307.000000  19482
89309.000000  19483
89311.000000  19484
89313.000000  19485
89315.000000  19487
89317.000000  19488
89319.000000  19489
89321.000000  19490
89323.000000  19491
89325.000000  19493
89327.000000  19494
89329.000000  19495
89331.000000  19496
89333.000000  19497
89335.000000  19498
89337.000000  19499
89339.000000  19501
89341.000000  19502
89343.000000  19503
89345.000000  19504
89347.000000  19505
89349.000000  19506
89351.000000  19507
89353.000000  19509
89355.000000  19510
89357.000000  19511
89359.000000  19512
89361.000000  19513
89363.000000  19515
89365.000000  19516
89367.000000  19517
89369.000000  19518
89371.000000  19519
89373.000000  19520
89375.000000  19521
89377.000000  19523
89379.000000  19524
