28025.000000  7
28027.000000  7
28029.000000  7
28031.000000  8
28033.000000  8
28035.000000  8
28037.000000  8
28039.000000  8
28041.000000  8
28043.000000  9
28045.000000  9
28047.000000  9
28049.000000  9
28051.000000  9
28053.000000  9
28055.000000  9
28057.000000  10
28059.000000  10
28061.000000  10
28063.000000  10
28065.000000  10
28067.000000  10
28069.000000  11
28071.000000  11
28073.000000  11
28075.000000  11
28077.000000  11
28079.000000  11
28081.000000  11
28083.000000  12
28085.000000  12
28087.000000  12
28089.000000  12
28091.000000  12
28093.000000  12
28095.000000  13
28097.000000  13
28099.000000  13
28101.000000  13
28103.000000  13
28105.000000  13
28107.000000  13
28109.000000  14
28111.000000  14
28113.000000  14
28115.000000  14
28117.000000  14
28119.000000  14
28121.000000  15
28123.000000  15
28125.000000  15
28127.000000  15
28129.000000  15
28131.000000  15
28133.000000  15
28135.000000  16
28137.000000  16
28139.000000  16
28141.000000  16
28143.000000  16
28145.000000  16
28147.000000  17
28149.000000  17
28151.000000  17
28153.000000  17
28155.000000  17
28157.000000  17
28159.000000  17
28161.000000  18
28163.000000  18
28165.000000  18
28167.000000  18
28169.000000  18
28171.000000  18
28173.000000  19
28175.000000  19
28177.000000  19
28179.000000  19
28181.000000  19
28183.000000  19
28185.000000  19
28187.000000  20
28189.000000  20
28191.000000  20
28193.000000  20
28195.000000  20
28197.000000  21
28199.000000  21
28201.000000  21
28203.000000  21
28205.000000  21
28207.000000  21
28209.000000  21
28211.000000  22
28213.000000  22
28215.000000  22
28217.000000  22
28219.000000  22
28221.000000  22
28223.000000  23
28225.000000  23
28227.000000  23
28229.000000  23
28231.000000  23
28233.000000  23
28235.000000  23
28237.000000  24
28239.000000  24
28241.000000  24
28243.000000  24
28245.000000  24
28247.000000  24
28249.000000  25
28251.000000  25
28253.000000  25
28255.000000  25
28257.000000  25
28259.000000  25
28261.000000  25
28263.000000  26
28265.000000  26
28267.000000  26
28269.000000  26
28271.000000  26
28273.000000  27
28275.000000  27
28277.000000  27
28279.000000  27
28281.000000  27
28283.000000  27
28285.000000  27
28287.000000  28
28289.000000  28
28291.000000  28
28293.000000  28
28295.000000  28
28297.000000  28
28299.000000  29
28301.000000  29
28303.000000  29
28305.000000  29
28307.000000  29
28309.000000  29
28311.000000  29
28313.000000  30
28315.000000  30
28317.000000  30
28319.000000  30
28321.000000  30
28323.000000  31
28325.000000  31
28327.000000  31
28329.000000  31
28331.000000  31
28333.000000  31
28335.000000  31
28337.000000  32
28339.000000  32
28341.000000  32
28343.000000  32
28345.000000  32
28347.000000  32
28349.000000  33
28351.000000  33
28353.000000  33
28355.000000  33
28357.000000  33
28359.000000  33
28361.000000  33
28363.000000  34
28365.000000  34
28367.000000  34
28369.000000  34
28371.000000  34
28373.000000  34
28375.000000  35
28377.000000  35
28379.000000  35
28381.000000  35
28383.000000  35
28385.000000  35
28387.000000  35
28389.000000  35
28391.000000  36
28393.000000  36
28395.000000  36
28397.000000  36
28399.000000  36
28401.000000  36
28403.000000  37
28405.000000  37
28407.000000  37
28409.000000  37
28411.000000  37
28413.000000  37
28415.000000  37
28417.000000  37
28419.000000  38
28421.000000  38
28423.000000  38
28425.000000  38
28427.000000  38
28429.000000  38
28431.000000  39
28433.000000  39
28435.000000  39
28437.000000  39
28439.000000  39
28441.000000  39
28443.000000  39
28445.000000  39
28447.000000  40
28449.000000  40
28451.000000  40
28453.000000  40
28455.000000  40
28457.000000  40
28459.000000  41
28461.000000  41
28463.000000  41
28465.000000  41
28467.000000  41
28469.000000  41
28471.000000  41
28473.000000  42
28475.000000  42
28477.000000  42
28479.000000  42
28481.000000  42
28483.000000  42
28485.000000  43
28487.000000  43
28489.000000  43
28491.000000  43
28493.000000  43
28495.000000  43
28497.000000  43
28499.000000  44
28501.000000  44
28503.000000  44
28505.000000  44
28507.000000  44
28509.000000  44
28511.000000  45
28513.000000  45
28515.000000  45
28517.000000  45
28519.000000  45
28521.000000  45
28523.000000  45
28525.000000  46
28527.000000  46
28529.000000  46
28531.000000  46
28533.000000  46
28535.000000  47
28537.000000  47
28539.000000  47
28541.000000  47
28543.000000  47
28545.000000  47
28547.000000  47
28549.000000  48
28551.000000  48
28553.000000  48
28555.000000  48
28557.000000  48
28559.000000  48
28561.000000  49
28563.000000  49
28565.000000  49
28567.000000  49
28569.000000  49
28571.000000  49
28573.000000  49
28575.000000  50
28577.000000  50
28579.000000  50
28581.000000  50
28583.000000  50
28585.000000  51
28587.000000  51
28589.000000  51
28591.000000  51
28593.000000  51
28595.000000  51
28597.000000  51
28599.000000  52
28601.000000  52
28603.000000  52
28605.000000  52
28607.000000  52
28609.000000  52
28611.000000  53
28613.000000  53
28615.000000  53
28617.000000  53
28619.000000  53
28621.000000  53
28623.000000  53
28625.000000  54
28627.000000  54
28629.000000  54
28631.000000  54
28633.000000  54
28635.000000  55
28637.000000  55
28639.000000  55
28641.000000  55
28643.000000  55
28645.000000  55
28647.000000  55
28649.000000  56
28651.000000  56
28653.000000  56
28655.000000  56
28657.000000  56
28659.000000  56
28661.000000  57
28663.000000  57
28665.000000  57
28667.000000  57
28669.000000  57
28671.000000  57
28673.000000  57
28675.000000  58
28677.000000  58
28679.000000  58
28681.000000  58
28683.000000  58
28685.000000  58
28687.000000  59
28689.000000  59
28691.000000  59
28693.000000  59
28695.000000  59
28697.000000  59
28699.000000  59
28701.000000  60
28703.000000  60
28705.000000  60
28707.000000  60
28709.000000  60
28711.000000  60
28713.000000  60
28715.000000  61
28717.000000  61
28719.000000  61
28721.000000  61
28723.000000  61
28725.000000  61
28727.000000  61
28729.000000  61
28731.000000  62
28733.000000  62
28735.000000  62
28737.000000  62
28739.000000  62
28741.000000  62
28743.000000  62
28745.000000  63
28747.000000  63
28749.000000  63
28751.000000  63
28753.000000  63
28755.000000  63
28757.000000  63
28759.000000  63
28761.000000  64
28763.000000  64
28765.000000  64
28767.000000  64
28769.000000  64
28771.000000  64
28773.000000  65
28775.000000  65
28777.000000  65
28779.000000  65
28781.000000  65
28783.000000  65
28785.000000  65
28787.000000  65
28789.000000  66
28791.000000  66
28793.000000  66
28795.000000  66
28797.000000  66
28799.000000  67
28801.000000  67
28803.000000  67
28805.000000  67
28807.000000  67
28809.000000  67
28811.000000  67
28813.000000  67
28815.000000  68
28817.000000  68
28819.000000  68
28821.000000  68
28823.000000  68
28825.000000  69
28827.000000  69
28829.000000  69
28831.000000  69
28833.000000  69
28835.000000  69
28837.000000  69
28839.000000  69
28841.000000  70
28843.000000  70
28845.000000  70
28847.000000  70
28849.000000  70
28851.000000  71
28853.000000  71
28855.000000  71
28857.000000  71
28859.000000  71
28861.000000  71
28863.000000  71
28865.000000  72
28867.000000  72
28869.000000  72
28871.000000  72
28873.000000  72
28875.000000  72
28877.000000  73
28879.000000  73
28881.000000  73
28883.000000  73
28885.000000  73
28887.000000  73
28889.000000  73
28891.000000  74
28893.000000  74
28895.000000  74
28897.000000  74
28899.000000  74
28901.000000  75
28903.000000  75
28905.000000  75
28907.000000  75
28909.000000  75
28911.000000  75
28913.000000  75
28915.000000  76
28917.000000  76
28919.000000  76
28921.000000  76
28923.000000  76
28925.000000  76
28927.000000  77
28929.000000  77
28931.000000  77
28933.000000  77
28935.000000  77
28937.000000  77
28939.000000  77
28941.000000  78
28943.000000  78
28945.000000  78
28947.000000  78
28949.000000  78
28951.000000  79
28953.000000  79
28955.000000  79
28957.000000  79
28959.000000  79
28961.000000  79
28963.000000  79
28965.000000  80
28967.000000  80
28969.000000  80
28971.000000  80
28973.000000  80
28975.000000  81
28977.000000  81
28979.000000  81
28981.000000  81
28983.000000  81
28985.000000  81
28987.000000  81
28989.000000  81
28991.000000  82
28993.000000  82
28995.000000  82
28997.000000  82
28999.000000  82
29001.000000  83
29003.000000  83
29005.000000  83
29007.000000  83
29009.000000  83
29011.000000  83
29013.000000  83
29015.000000  84
29017.000000  84
29019.000000  84
29021.000000  84
29023.000000  84
29025.000000  84
29027.000000  85
29029.000000  85
29031.000000  85
29033.000000  85
29035.000000  85
29037.000000  85
29039.000000  85
29041.000000  86
29043.000000  86
29045.000000  86
29047.000000  86
29049.000000  86
29051.000000  86
29053.000000  87
29055.000000  87
29057.000000  87
29059.000000  87
29061.000000  87
29063.000000  87
29065.000000  87
29067.000000  88
29069.000000  88
29071.000000  88
29073.000000  88
29075.000000  88
29077.000000  89
29079.000000  89
29081.000000  89
29083.000000  89
29085.000000  89
29087.000000  89
29089.000000  89
29091.000000  89
29093.000000  90
29095.000000  90
29097.000000  90
29099.000000  90
29101.000000  90
29103.000000  91
29105.000000  91
29107.000000  91
29109.000000  91
29111.000000  91
29113.000000  91
29115.000000  91
29117.000000  92
29119.000000  92
29121.000000  92
29123.000000  92
29125.000000  92
29127.000000  92
29129.000000  93
29131.000000  93
29133.000000  93
29135.000000  93
29137.000000  93
29139.000000  93
29141.000000  93
29143.000000  94
29145.000000  94
29147.000000  94
29149.000000  94
29151.000000  94
29153.000000  95
29155.000000  95
29157.000000  95
29159.000000  95
29161.000000  95
29163.000000  95
29165.000000  95
29167.000000  96
29169.000000  96
29171.000000  96
29173.000000  96
29175.000000  96
29177.000000  96
29179.000000  97
29181.000000  97
29183.000000  97
29185.000000  97
29187.000000  97
29189.000000  97
29191.000000  97
29193.000000  98
29195.000000  98
29197.000000  98
29199.000000  98
29201.000000  98
29203.000000  99
29205.000000  99
29207.000000  99
29209.000000  99
29211.000000  99
29213.000000  99
29215.000000  99
29217.000000  100
29219.000000  100
29221.000000  100
29223.000000  100
29225.000000  100
29227.000000  100
29229.000000  101
29231.000000  101
29233.000000  101
29235.000000  101
29237.000000  101
29239.000000  101
29241.000000  101
29243.000000  102
29245.000000  102
29247.000000  102
29249.000000  102
29251.000000  102
29253.000000  103
29255.000000  103
29257.000000  103
29259.000000  103
29261.000000  103
29263.000000  103
29265.000000  103
29267.000000  104
29269.000000  104
29271.000000  104
29273.000000  104
29275.000000  104
29277.000000  104
29279.000000  105
29281.000000  105
29283.000000  105
29285.000000  105
29287.000000  105
29289.000000  105
29291.000000  106
29293.000000  106
29295.000000  106
29297.000000  106
29299.000000  106
29301.000000  106
29303.000000  107
29305.000000  107
29307.000000  107
29309.000000  107
29311.000000  107
29313.000000  107
29315.000000  107
29317.000000  108
29319.000000  108
29321.000000  108
29323.000000  108
29325.000000  108
29327.000000  108
29329.000000  109
29331.000000  109
29333.000000  109
29335.000000  109
29337.000000  109
29339.000000  109
29341.000000  109
29343.000000  110
29345.000000  110
29347.000000  110
29349.000000  110
29351.000000  110
29353.000000  111
29355.000000  111
29357.000000  111
29359.000000  111
29361.000000  111
29363.000000  111
29365.000000  111
29367.000000  111
29369.000000  112
29371.000000  112
29373.000000  112
29375.000000  112
29377.000000  112
29379.000000  113
29381.000000  113
29383.000000  113
29385.000000  113
29387.000000  113
29389.000000  113
29391.000000  113
29393.000000  114
29395.000000  114
29397.000000  114
29399.000000  114
29401.000000  114
29403.000000  114
29405.000000  115
29407.000000  115
29409.000000  115
29411.000000  115
29413.000000  115
29415.000000  115
29417.000000  115
29419.000000  116
29421.000000  116
29423.000000  116
29425.000000  116
29427.000000  116
29429.000000  117
29431.000000  117
29433.000000  117
29435.000000  117
29437.000000  117
29439.000000  117
29441.000000  117
29443.000000  118
29445.000000  118
29447.000000  118
29449.000000  118
29451.000000  118
29453.000000  118
29455.000000  119
29457.000000  119
29459.000000  119
29461.000000  119
29463.000000  119
29465.000000  119
29467.000000  119
29469.000000  120
29471.000000  120
29473.000000  120
29475.000000  120
29477.000000  120
29479.000000  121
29481.000000  121
29483.000000  121
29485.000000  121
29487.000000  121
29489.000000  121
29491.000000  121
29493.000000  122
29495.000000  122
29497.000000  122
29499.000000  122
29501.000000  122
29503.000000  122
29505.000000  123
29507.000000  123
29509.000000  123
29511.000000  123
29513.000000  123
29515.000000  123
29517.000000  123
29519.000000  124
29521.000000  124
29523.000000  124
29525.000000  124
29527.000000  124
29529.000000  124
29531.000000  125
29533.000000  125
29535.000000  125
29537.000000  125
29539.000000  125
29541.000000  125
29543.000000  125
29545.000000  126
29547.000000  126
29549.000000  126
29551.000000  126
29553.000000  126
29555.000000  126
29557.000000  127
29559.000000  127
29561.000000  127
29563.000000  127
29565.000000  127
29567.000000  127
29569.000000  127
29571.000000  127
29573.000000  128
29575.000000  128
29577.000000  128
29579.000000  128
29581.000000  128
29583.000000  128
29585.000000  129
29587.000000  129
29589.000000  129
29591.000000  129
29593.000000  129
29595.000000  129
29597.000000  129
29599.000000  130
29601.000000  130
29603.000000  130
29605.000000  130
29607.000000  130
29609.000000  130
29611.000000  131
29613.000000  131
29615.000000  131
29617.000000  131
29619.000000  131
29621.000000  131
29623.000000  131
29625.000000  132
29627.000000  132
29629.000000  132
29631.000000  132
29633.000000  132
29635.000000  132
29637.000000  133
29639.000000  133
29641.000000  133
29643.000000  133
29645.000000  133
29647.000000  133
29649.000000  133
29651.000000  134
29653.000000  134
29655.000000  134
29657.000000  134
29659.000000  134
29661.000000  134
29663.000000  135
29665.000000  135
29667.000000  135
29669.000000  135
29671.000000  135
29673.000000  135
29675.000000  135
29677.000000  136
29679.000000  136
29681.000000  136
29683.000000  136
29685.000000  136
29687.000000  136
29689.000000  137
29691.000000  137
29693.000000  137
29695.000000  137
29697.000000  137
29699.000000  137
29701.000000  137
29703.000000  138
29705.000000  138
29707.000000  138
29709.000000  138
29711.000000  138
29713.000000  139
29715.000000  139
29717.000000  139
29719.000000  139
29721.000000  139
29723.000000  139
29725.000000  139
29727.000000  140
29729.000000  140
29731.000000  140
29733.000000  140
29735.000000  140
29737.000000  140
29739.000000  141
29741.000000  141
29743.000000  141
29745.000000  141
29747.000000  141
29749.000000  141
29751.000000  141
29753.000000  142
29755.000000  142
29757.000000  142
29759.000000  142
29761.000000  142
29763.000000  142
29765.000000  143
29767.000000  143
29769.000000  143
29771.000000  143
29773.000000  143
29775.000000  143
29777.000000  144
29779.000000  144
29781.000000  144
29783.000000  144
29785.000000  144
29787.000000  144
29789.000000  145
29791.000000  145
29793.000000  145
29795.000000  145
29797.000000  145
29799.000000  145
29801.000000  145
29803.000000  146
29805.000000  146
29807.000000  146
29809.000000  146
29811.000000  146
29813.000000  146
29815.000000  147
29817.000000  147
29819.000000  147
29821.000000  147
29823.000000  147
29825.000000  147
29827.000000  147
29829.000000  148
29831.000000  148
29833.000000  148
29835.000000  148
29837.000000  148
29839.000000  149
29841.000000  149
29843.000000  149
29845.000000  149
29847.000000  149
29849.000000  149
29851.000000  149
29853.000000  149
29855.000000  150
29857.000000  150
29859.000000  150
29861.000000  150
29863.000000  150
29865.000000  150
29867.000000  151
29869.000000  151
29871.000000  151
29873.000000  151
29875.000000  151
29877.000000  151
29879.000000  151
29881.000000  151
29883.000000  152
29885.000000  152
29887.000000  152
29889.000000  152
29891.000000  152
29893.000000  152
29895.000000  152
29897.000000  153
29899.000000  153
29901.000000  153
29903.000000  153
29905.000000  153
29907.000000  153
29909.000000  153
29911.000000  153
29913.000000  154
29915.000000  154
29917.000000  154
29919.000000  154
29921.000000  154
29923.000000  154
29925.000000  155
29927.000000  155
29929.000000  155
29931.000000  155
29933.000000  155
29935.000000  155
29937.000000  155
29939.000000  156
29941.000000  156
29943.000000  156
29945.000000  156
29947.000000  156
29949.000000  156
29951.000000  157
29953.000000  157
29955.000000  157
29957.000000  157
29959.000000  157
29961.000000  157
29963.000000  157
29965.000000  158
29967.000000  158
29969.000000  158
29971.000000  158
29973.000000  158
29975.000000  158
29977.000000  159
29979.000000  159
29981.000000  159
29983.000000  159
29985.000000  159
29987.000000  159
29989.000000  159
29991.000000  159
29993.000000  160
29995.000000  160
29997.000000  160
29999.000000  160
30001.000000  160
30003.000000  161
30005.000000  161
30007.000000  161
30009.000000  161
30011.000000  161
30013.000000  161
30015.000000  161
30017.000000  162
30019.000000  162
30021.000000  162
30023.000000  162
30025.000000  162
30027.000000  162
30029.000000  163
30031.000000  163
30033.000000  163
30035.000000  163
30037.000000  163
30039.000000  163
30041.000000  163
30043.000000  164
30045.000000  164
30047.000000  164
30049.000000  164
30051.000000  164
30053.000000  164
30055.000000  165
30057.000000  165
30059.000000  165
30061.000000  165
30063.000000  165
30065.000000  165
30067.000000  165
30069.000000  166
30071.000000  166
30073.000000  166
30075.000000  166
30077.000000  166
30079.000000  167
30081.000000  167
30083.000000  167
30085.000000  167
30087.000000  167
30089.000000  167
30091.000000  167
30093.000000  168
30095.000000  168
30097.000000  168
30099.000000  168
30101.000000  168
30103.000000  168
30105.000000  169
30107.000000  169
30109.000000  169
30111.000000  169
30113.000000  169
30115.000000  169
30117.000000  169
30119.000000  170
30121.000000  170
30123.000000  170
30125.000000  170
30127.000000  170
30129.000000  171
30131.000000  171
30133.000000  171
30135.000000  171
30137.000000  171
30139.000000  171
30141.000000  171
30143.000000  172
30145.000000  172
30147.000000  172
30149.000000  172
30151.000000  172
30153.000000  172
30155.000000  173
30157.000000  173
30159.000000  173
30161.000000  173
30163.000000  173
30165.000000  173
30167.000000  173
30169.000000  174
30171.000000  174
30173.000000  174
30175.000000  174
30177.000000  174
30179.000000  175
30181.000000  175
30183.000000  175
30185.000000  175
30187.000000  175
30189.000000  175
30191.000000  175
30193.000000  176
30195.000000  176
30197.000000  176
30199.000000  176
30201.000000  176
30203.000000  177
30205.000000  177
30207.000000  177
30209.000000  177
30211.000000  177
30213.000000  177
30215.000000  177
30217.000000  178
30219.000000  178
30221.000000  178
30223.000000  178
30225.000000  178
30227.000000  178
30229.000000  179
30231.000000  179
30233.000000  179
30235.000000  179
30237.000000  179
30239.000000  179
30241.000000  179
30243.000000  180
30245.000000  180
30247.000000  180
30249.000000  180
30251.000000  180
30253.000000  180
30255.000000  181
30257.000000  181
30259.000000  181
30261.000000  181
30263.000000  181
30265.000000  181
30267.000000  181
30269.000000  182
30271.000000  182
30273.000000  182
30275.000000  182
30277.000000  182
30279.000000  182
30281.000000  183
30283.000000  183
30285.000000  183
30287.000000  183
30289.000000  183
30291.000000  183
30293.000000  183
30295.000000  184
30297.000000  184
30299.000000  184
30301.000000  184
30303.000000  184
30305.000000  185
30307.000000  185
30309.000000  185
30311.000000  185
30313.000000  185
30315.000000  185
30317.000000  185
30319.000000  186
30321.000000  186
30323.000000  186
30325.000000  186
30327.000000  186
30329.000000  186
30331.000000  187
30333.000000  187
30335.000000  187
30337.000000  187
30339.000000  187
30341.000000  187
30343.000000  187
30345.000000  188
30347.000000  188
30349.000000  188
30351.000000  188
30353.000000  188
30355.000000  188
30357.000000  189
30359.000000  189
30361.000000  189
30363.000000  189
30365.000000  189
30367.000000  189
30369.000000  189
30371.000000  190
30373.000000  190
30375.000000  190
30377.000000  190
30379.000000  190
30381.000000  191
30383.000000  191
30385.000000  191
30387.000000  191
30389.000000  191
30391.000000  191
30393.000000  191
30395.000000  192
30397.000000  192
30399.000000  192
30401.000000  192
30403.000000  192
30405.000000  192
30407.000000  193
30409.000000  193
30411.000000  193
30413.000000  193
30415.000000  193
30417.000000  193
30419.000000  193
30421.000000  194
30423.000000  194
30425.000000  194
30427.000000  194
30429.000000  194
30431.000000  195
30433.000000  195
30435.000000  195
30437.000000  195
30439.000000  195
30441.000000  195
30443.000000  195
30445.000000  196
30447.000000  196
30449.000000  196
30451.000000  196
30453.000000  196
30455.000000  196
30457.000000  197
30459.000000  197
30461.000000  197
30463.000000  197
30465.000000  197
30467.000000  197
30469.000000  197
30471.000000  198
30473.000000  198
30475.000000  198
30477.000000  198
30479.000000  198
30481.000000  199
30483.000000  199
30485.000000  199
30487.000000  199
30489.000000  199
30491.000000  199
30493.000000  199
30495.000000  200
30497.000000  200
30499.000000  200
30501.000000  200
30503.000000  200
30505.000000  201
30507.000000  201
30509.000000  201
30511.000000  201
30513.000000  201
30515.000000  201
30517.000000  201
30519.000000  202
30521.000000  202
30523.000000  202
30525.000000  202
30527.000000  202
30529.000000  202
30531.000000  203
30533.000000  203
30535.000000  203
30537.000000  203
30539.000000  203
30541.000000  203
30543.000000  203
30545.000000  204
30547.000000  204
30549.000000  204
30551.000000  204
30553.000000  204
30555.000000  204
30557.000000  205
30559.000000  205
30561.000000  205
30563.000000  205
30565.000000  205
30567.000000  205
30569.000000  205
30571.000000  206
30573.000000  206
30575.000000  206
30577.000000  206
30579.000000  206
30581.000000  207
30583.000000  207
30585.000000  207
30587.000000  207
30589.000000  207
30591.000000  207
30593.000000  207
30595.000000  208
30597.000000  208
30599.000000  208
30601.000000  208
30603.000000  208
30605.000000  208
30607.000000  209
30609.000000  209
30611.000000  209
30613.000000  209
30615.000000  209
30617.000000  209
30619.000000  209
30621.000000  210
30623.000000  210
30625.000000  210
30627.000000  210
30629.000000  210
30631.000000  210
30633.000000  211
30635.000000  211
30637.000000  211
30639.000000  211
30641.000000  211
30643.000000  211
30645.000000  211
30647.000000  212
30649.000000  212
30651.000000  212
30653.000000  212
30655.000000  212
30657.000000  213
30659.000000  213
30661.000000  213
30663.000000  213
30665.000000  213
30667.000000  213
30669.000000  213
30671.000000  213
30673.000000  214
30675.000000  214
30677.000000  214
30679.000000  214
30681.000000  214
30683.000000  215
30685.000000  215
30687.000000  215
30689.000000  215
30691.000000  215
30693.000000  215
30695.000000  215
30697.000000  215
30699.000000  216
30701.000000  216
30703.000000  216
30705.000000  216
30707.000000  216
30709.000000  216
30711.000000  217
30713.000000  217
30715.000000  217
30717.000000  217
30719.000000  217
30721.000000  217
30723.000000  217
30725.000000  217
30727.000000  218
30729.000000  218
30731.000000  218
30733.000000  218
30735.000000  218
30737.000000  218
30739.000000  219
30741.000000  219
30743.000000  219
30745.000000  219
30747.000000  219
30749.000000  219
30751.000000  219
30753.000000  220
30755.000000  220
30757.000000  220
30759.000000  220
30761.000000  220
30763.000000  220
30765.000000  221
30767.000000  221
30769.000000  221
30771.000000  221
30773.000000  221
30775.000000  221
30777.000000  222
30779.000000  222
30781.000000  222
30783.000000  222
30785.000000  222
30787.000000  222
30789.000000  223
30791.000000  223
30793.000000  223
30795.000000  223
30797.000000  223
30799.000000  223
30801.000000  223
30803.000000  224
30805.000000  224
30807.000000  224
30809.000000  224
30811.000000  224
30813.000000  224
30815.000000  225
30817.000000  225
30819.000000  225
30821.000000  225
30823.000000  225
30825.000000  225
30827.000000  225
30829.000000  226
30831.000000  226
30833.000000  226
30835.000000  226
30837.000000  226
30839.000000  227
30841.000000  227
30843.000000  227
30845.000000  227
30847.000000  227
30849.000000  227
30851.000000  227
30853.000000  228
30855.000000  228
30857.000000  228
30859.000000  228
30861.000000  228
30863.000000  228
30865.000000  229
30867.000000  229
30869.000000  229
30871.000000  229
30873.000000  229
30875.000000  229
30877.000000  229
30879.000000  230
30881.000000  230
30883.000000  230
30885.000000  230
30887.000000  230
30889.000000  230
30891.000000  231
30893.000000  231
30895.000000  231
30897.000000  231
30899.000000  231
30901.000000  231
30903.000000  231
30905.000000  232
30907.000000  232
30909.000000  232
30911.000000  232
30913.000000  232
30915.000000  232
30917.000000  233
30919.000000  233
30921.000000  233
30923.000000  233
30925.000000  233
30927.000000  233
30929.000000  233
30931.000000  234
30933.000000  234
30935.000000  234
30937.000000  234
30939.000000  234
30941.000000  235
30943.000000  235
30945.000000  235
30947.000000  235
30949.000000  235
30951.000000  235
30953.000000  235
30955.000000  236
30957.000000  236
30959.000000  236
30961.000000  236
30963.000000  236
30965.000000  236
30967.000000  237
30969.000000  237
30971.000000  237
30973.000000  237
30975.000000  237
30977.000000  237
30979.000000  237
30981.000000  238
30983.000000  238
30985.000000  238
30987.000000  238
30989.000000  238
30991.000000  238
30993.000000  239
30995.000000  239
30997.000000  239
30999.000000  239
31001.000000  239
31003.000000  239
31005.000000  239
31007.000000  239
31009.000000  240
31011.000000  240
31013.000000  240
31015.000000  240
31017.000000  240
31019.000000  240
31021.000000  241
31023.000000  241
31025.000000  241
31027.000000  241
31029.000000  241
31031.000000  241
31033.000000  241
31035.000000  241
31037.000000  242
31039.000000  242
31041.000000  242
31043.000000  242
31045.000000  242
31047.000000  242
31049.000000  243
31051.000000  243
31053.000000  243
31055.000000  243
31057.000000  243
31059.000000  243
31061.000000  243
31063.000000  243
31065.000000  244
31067.000000  244
31069.000000  244
31071.000000  244
31073.000000  244
31075.000000  244
31077.000000  245
31079.000000  245
31081.000000  245
31083.000000  245
31085.000000  245
31087.000000  245
31089.000000  245
31091.000000  246
31093.000000  246
31095.000000  246
31097.000000  246
31099.000000  246
31101.000000  246
31103.000000  247
31105.000000  247
31107.000000  247
31109.000000  247
31111.000000  247
31113.000000  247
31115.000000  247
31117.000000  248
31119.000000  248
31121.000000  248
31123.000000  248
31125.000000  248
31127.000000  248
31129.000000  249
31131.000000  249
31133.000000  249
31135.000000  249
31137.000000  249
31139.000000  249
31141.000000  249
31143.000000  250
31145.000000  250
31147.000000  250
31149.000000  250
31151.000000  250
31153.000000  251
31155.000000  251
31157.000000  251
31159.000000  251
31161.000000  251
31163.000000  251
31165.000000  251
31167.000000  252
31169.000000  252
31171.000000  252
31173.000000  252
31175.000000  252
31177.000000  252
31179.000000  253
31181.000000  253
31183.000000  253
31185.000000  253
31187.000000  253
31189.000000  253
31191.000000  253
31193.000000  254
31195.000000  254
31197.000000  254
31199.000000  254
31201.000000  254
31203.000000  254
31205.000000  255
31207.000000  255
31209.000000  255
31211.000000  255
31213.000000  255
31215.000000  255
31217.000000  255
31219.000000  256
31221.000000  256
31223.000000  256
31225.000000  256
31227.000000  256
31229.000000  256
31231.000000  257
31233.000000  257
31235.000000  257
31237.000000  257
31239.000000  257
31241.000000  257
31243.000000  257
31245.000000  258
31247.000000  258
31249.000000  258
31251.000000  258
31253.000000  258
31255.000000  258
31257.000000  259
31259.000000  259
31261.000000  259
31263.000000  259
31265.000000  259
31267.000000  259
31269.000000  259
31271.000000  260
31273.000000  260
31275.000000  260
31277.000000  260
31279.000000  260
31281.000000  261
31283.000000  261
31285.000000  261
31287.000000  261
31289.000000  261
31291.000000  261
31293.000000  261
31295.000000  262
31297.000000  262
31299.000000  262
31301.000000  262
31303.000000  262
31305.000000  262
31307.000000  263
31309.000000  263
31311.000000  263
31313.000000  263
31315.000000  263
31317.000000  263
31319.000000  263
31321.000000  264
31323.000000  264
31325.000000  264
31327.000000  264
31329.000000  264
31331.000000  265
31333.000000  265
31335.000000  265
31337.000000  265
31339.000000  265
31341.000000  265
31343.000000  265
31345.000000  266
31347.000000  266
31349.000000  266
31351.000000  266
31353.000000  266
31355.000000  266
31357.000000  267
31359.000000  267
31361.000000  267
31363.000000  267
31365.000000  267
31367.000000  267
31369.000000  267
31371.000000  268
31373.000000  268
31375.000000  268
31377.000000  268
31379.000000  268
31381.000000  269
31383.000000  269
31385.000000  269
31387.000000  269
31389.000000  269
31391.000000  269
31393.000000  269
31395.000000  270
31397.000000  270
31399.000000  270
31401.000000  270
31403.000000  270
31405.000000  271
31407.000000  271
31409.000000  271
31411.000000  271
31413.000000  271
31415.000000  271
31417.000000  271
31419.000000  272
31421.000000  272
31423.000000  272
31425.000000  272
31427.000000  272
31429.000000  272
31431.000000  273
31433.000000  273
31435.000000  273
31437.000000  273
31439.000000  273
31441.000000  273
31443.000000  273
31445.000000  274
31447.000000  274
31449.000000  274
31451.000000  274
31453.000000  274
31455.000000  275
31457.000000  275
31459.000000  275
31461.000000  275
31463.000000  275
31465.000000  275
31467.000000  275
31469.000000  276
31471.000000  276
31473.000000  276
31475.000000  276
31477.000000  276
31479.000000  276
31481.000000  277
31483.000000  277
31485.000000  277
31487.000000  277
31489.000000  277
31491.000000  277
31493.000000  277
31495.000000  278
31497.000000  278
31499.000000  278
31501.000000  278
31503.000000  278
31505.000000  278
31507.000000  279
31509.000000  279
31511.000000  279
31513.000000  279
31515.000000  279
31517.000000  279
31519.000000  279
31521.000000  280
31523.000000  280
31525.000000  280
31527.000000  280
31529.000000  280
31531.000000  280
31533.000000  281
31535.000000  281
31537.000000  281
31539.000000  281
31541.000000  281
31543.000000  281
31545.000000  281
31547.000000  282
31549.000000  282
31551.000000  282
31553.000000  282
31555.000000  282
31557.000000  282
31559.000000  283
31561.000000  283
31563.000000  283
31565.000000  283
31567.000000  283
31569.000000  283
31571.000000  283
31573.000000  284
31575.000000  284
31577.000000  284
31579.000000  284
31581.000000  284
31583.000000  285
31585.000000  285
31587.000000  285
31589.000000  285
31591.000000  285
31593.000000  285
31595.000000  285
31597.000000  286
31599.000000  286
31601.000000  286
31603.000000  286
31605.000000  286
31607.000000  286
31609.000000  287
31611.000000  287
31613.000000  287
31615.000000  287
31617.000000  287
31619.000000  287
31621.000000  287
31623.000000  288
31625.000000  288
31627.000000  288
31629.000000  288
31631.000000  288
31633.000000  289
31635.000000  289
31637.000000  289
31639.000000  289
31641.000000  289
31643.000000  289
31645.000000  289
31647.000000  290
31649.000000  290
31651.000000  290
31653.000000  290
31655.000000  290
31657.000000  290
31659.000000  291
31661.000000  291
31663.000000  291
31665.000000  291
31667.000000  291
31669.000000  291
31671.000000  291
31673.000000  292
31675.000000  292
31677.000000  292
31679.000000  292
31681.000000  292
31683.000000  293
31685.000000  293
31687.000000  293
31689.000000  293
31691.000000  293
31693.000000  293
31695.000000  293
31697.000000  294
31699.000000  294
31701.000000  294
31703.000000  294
31705.000000  294
31707.000000  294
31709.000000  295
31711.000000  295
31713.000000  295
31715.000000  295
31717.000000  295
31719.000000  295
31721.000000  296
31723.000000  296
31725.000000  296
31727.000000  296
31729.000000  296
31731.000000  296
31733.000000  297
31735.000000  297
31737.000000  297
31739.000000  297
31741.000000  297
31743.000000  297
31745.000000  297
31747.000000  298
31749.000000  298
31751.000000  298
31753.000000  298
31755.000000  298
31757.000000  299
31759.000000  299
31761.000000  299
31763.000000  299
31765.000000  299
31767.000000  299
31769.000000  299
31771.000000  300
31773.000000  300
31775.000000  300
31777.000000  300
31779.000000  300
31781.000000  300
31783.000000  301
31785.000000  301
31787.000000  301
31789.000000  301
31791.000000  301
31793.000000  301
31795.000000  301
31797.000000  302
31799.000000  302
31801.000000  302
31803.000000  302
31805.000000  302
31807.000000  302
31809.000000  303
31811.000000  303
31813.000000  303
31815.000000  303
31817.000000  303
31819.000000  303
31821.000000  303
31823.000000  303
31825.000000  304
31827.000000  304
31829.000000  304
31831.000000  304
31833.000000  304
31835.000000  304
31837.000000  305
31839.000000  305
31841.000000  305
31843.000000  305
31845.000000  305
31847.000000  305
31849.000000  305
31851.000000  306
31853.000000  306
31855.000000  306
31857.000000  306
31859.000000  306
31861.000000  306
31863.000000  306
31865.000000  307
31867.000000  307
31869.000000  307
31871.000000  307
31873.000000  307
31875.000000  307
31877.000000  307
31879.000000  308
31881.000000  308
31883.000000  308
31885.000000  308
31887.000000  308
31889.000000  308
31891.000000  309
31893.000000  309
31895.000000  309
31897.000000  309
31899.000000  309
31901.000000  309
31903.000000  309
31905.000000  310
31907.000000  310
31909.000000  310
31911.000000  310
31913.000000  310
31915.000000  310
31917.000000  311
31919.000000  311
31921.000000  311
31923.000000  311
31925.000000  311
31927.000000  311
31929.000000  311
31931.000000  312
31933.000000  312
31935.000000  312
31937.000000  312
31939.000000  312
31941.000000  312
31943.000000  313
31945.000000  313
31947.000000  313
31949.000000  313
31951.000000  313
31953.000000  313
31955.000000  313
31957.000000  314
31959.000000  314
31961.000000  314
31963.000000  314
31965.000000  314
31967.000000  315
31969.000000  315
31971.000000  315
31973.000000  315
31975.000000  315
31977.000000  315
31979.000000  315
31981.000000  316
31983.000000  316
31985.000000  316
31987.000000  316
31989.000000  316
31991.000000  316
31993.000000  317
31995.000000  317
31997.000000  317
31999.000000  317
32001.000000  317
32003.000000  317
32005.000000  317
32007.000000  318
32009.000000  318
32011.000000  318
32013.000000  318
32015.000000  318
32017.000000  319
32019.000000  319
32021.000000  319
32023.000000  319
32025.000000  319
32027.000000  319
32029.000000  319
32031.000000  320
32033.000000  320
32035.000000  320
32037.000000  320
32039.000000  320
32041.000000  321
32043.000000  321
32045.000000  321
32047.000000  321
32049.000000  321
32051.000000  321
32053.000000  321
32055.000000  322
32057.000000  322
32059.000000  322
32061.000000  322
32063.000000  322
32065.000000  322
32067.000000  323
32069.000000  323
32071.000000  323
32073.000000  323
32075.000000  323
32077.000000  323
32079.000000  323
32081.000000  324
32083.000000  324
32085.000000  324
32087.000000  324
32089.000000  324
32091.000000  324
32093.000000  325
32095.000000  325
32097.000000  325
32099.000000  325
32101.000000  325
32103.000000  325
32105.000000  325
32107.000000  326
32109.000000  326
32111.000000  326
32113.000000  326
32115.000000  326
32117.000000  326
32119.000000  327
32121.000000  327
32123.000000  327
32125.000000  327
32127.000000  327
32129.000000  327
32131.000000  327
32133.000000  328
32135.000000  328
32137.000000  328
32139.000000  328
32141.000000  328
32143.000000  328
32145.000000  329
32147.000000  329
32149.000000  329
32151.000000  329
32153.000000  329
32155.000000  329
32157.000000  329
32159.000000  329
32161.000000  330
32163.000000  330
32165.000000  330
32167.000000  330
32169.000000  330
32171.000000  330
32173.000000  331
32175.000000  331
32177.000000  331
32179.000000  331
32181.000000  331
32183.000000  331
32185.000000  331
32187.000000  331
32189.000000  331
32191.000000  332
32193.000000  332
32195.000000  332
32197.000000  332
32199.000000  332
32201.000000  332
32203.000000  333
32205.000000  333
32207.000000  333
32209.000000  333
32211.000000  333
32213.000000  333
32215.000000  333
32217.000000  333
32219.000000  334
32221.000000  334
32223.000000  334
32225.000000  334
32227.000000  334
32229.000000  334
32231.000000  335
32233.000000  335
32235.000000  335
32237.000000  335
32239.000000  335
32241.000000  335
32243.000000  335
32245.000000  336
32247.000000  336
32249.000000  336
32251.000000  336
32253.000000  336
32255.000000  336
32257.000000  337
32259.000000  337
32261.000000  337
32263.000000  337
32265.000000  337
32267.000000  337
32269.000000  337
32271.000000  338
32273.000000  338
32275.000000  338
32277.000000  338
32279.000000  338
32281.000000  338
32283.000000  339
32285.000000  339
32287.000000  339
32289.000000  339
32291.000000  339
32293.000000  339
32295.000000  339
32297.000000  340
32299.000000  340
32301.000000  340
32303.000000  340
32305.000000  340
32307.000000  341
32309.000000  341
32311.000000  341
32313.000000  341
32315.000000  341
32317.000000  341
32319.000000  341
32321.000000  342
32323.000000  342
32325.000000  342
32327.000000  342
32329.000000  342
32331.000000  342
32333.000000  343
32335.000000  343
32337.000000  343
32339.000000  343
32341.000000  343
32343.000000  343
32345.000000  343
32347.000000  344
32349.000000  344
32351.000000  344
32353.000000  344
32355.000000  344
32357.000000  345
32359.000000  345
32361.000000  345
32363.000000  345
32365.000000  345
32367.000000  345
32369.000000  345
32371.000000  346
32373.000000  346
32375.000000  346
32377.000000  346
32379.000000  346
32381.000000  346
32383.000000  347
32385.000000  347
32387.000000  347
32389.000000  347
32391.000000  347
32393.000000  347
32395.000000  347
32397.000000  348
32399.000000  348
32401.000000  348
32403.000000  348
32405.000000  348
32407.000000  349
32409.000000  349
32411.000000  349
32413.000000  349
32415.000000  349
32417.000000  349
32419.000000  349
32421.000000  350
32423.000000  350
32425.000000  350
32427.000000  350
32429.000000  350
32431.000000  350
32433.000000  351
32435.000000  351
32437.000000  351
32439.000000  351
32441.000000  351
32443.000000  351
32445.000000  351
32447.000000  352
32449.000000  352
32451.000000  352
32453.000000  352
32455.000000  352
32457.000000  352
32459.000000  353
32461.000000  353
32463.000000  353
32465.000000  353
32467.000000  353
32469.000000  353
32471.000000  353
32473.000000  354
32475.000000  354
32477.000000  354
32479.000000  354
32481.000000  354
32483.000000  354
32485.000000  355
32487.000000  355
32489.000000  355
32491.000000  355
32493.000000  355
32495.000000  355
32497.000000  355
32499.000000  356
32501.000000  356
32503.000000  356
32505.000000  356
32507.000000  356
32509.000000  357
32511.000000  357
32513.000000  357
32515.000000  357
32517.000000  357
32519.000000  357
32521.000000  357
32523.000000  358
32525.000000  358
32527.000000  358
32529.000000  358
32531.000000  358
32533.000000  358
32535.000000  359
32537.000000  359
32539.000000  359
32541.000000  359
32543.000000  359
32545.000000  359
32547.000000  360
32549.000000  360
32551.000000  360
32553.000000  360
32555.000000  360
32557.000000  360
32559.000000  361
32561.000000  361
32563.000000  361
32565.000000  361
32567.000000  361
32569.000000  361
32571.000000  361
32573.000000  362
32575.000000  362
32577.000000  362
32579.000000  362
32581.000000  362
32583.000000  362
32585.000000  363
32587.000000  363
32589.000000  363
32591.000000  363
32593.000000  363
32595.000000  363
32597.000000  364
32599.000000  364
32601.000000  364
32603.000000  364
32605.000000  364
32607.000000  364
32609.000000  365
32611.000000  365
32613.000000  365
32615.000000  365
32617.000000  365
32619.000000  365
32621.000000  365
32623.000000  366
32625.000000  366
32627.000000  366
32629.000000  366
32631.000000  366
32633.000000  367
32635.000000  367
32637.000000  367
32639.000000  367
32641.000000  367
32643.000000  367
32645.000000  367
32647.000000  368
32649.000000  368
32651.000000  368
32653.000000  368
32655.000000  368
32657.000000  368
32659.000000  369
32661.000000  369
32663.000000  369
32665.000000  369
32667.000000  369
32669.000000  369
32671.000000  369
32673.000000  370
32675.000000  370
32677.000000  370
32679.000000  370
32681.000000  370
32683.000000  371
32685.000000  371
32687.000000  371
32689.000000  371
32691.000000  371
32693.000000  371
32695.000000  371
32697.000000  372
32699.000000  372
32701.000000  372
32703.000000  372
32705.000000  372
32707.000000  372
32709.000000  373
32711.000000  373
32713.000000  373
32715.000000  373
32717.000000  373
32719.000000  373
32721.000000  373
32723.000000  374
32725.000000  374
32727.000000  374
32729.000000  374
32731.000000  374
32733.000000  374
32735.000000  375
32737.000000  375
32739.000000  375
32741.000000  375
32743.000000  375
32745.000000  375
32747.000000  375
32749.000000  376
32751.000000  376
32753.000000  376
32755.000000  376
32757.000000  376
32759.000000  376
32761.000000  377
32763.000000  377
32765.000000  377
32767.000000  377
32769.000000  377
32771.000000  377
32773.000000  377
32775.000000  378
32777.000000  378
32779.000000  378
32781.000000  378
32783.000000  378
32785.000000  379
32787.000000  379
32789.000000  379
32791.000000  379
32793.000000  379
32795.000000  379
32797.000000  379
32799.000000  380
32801.000000  380
32803.000000  380
32805.000000  380
32807.000000  380
32809.000000  380
32811.000000  381
32813.000000  381
32815.000000  381
32817.000000  381
32819.000000  381
32821.000000  381
32823.000000  381
32825.000000  382
32827.000000  382
32829.000000  382
32831.000000  382
32833.000000  382
32835.000000  383
32837.000000  383
32839.000000  383
32841.000000  383
32843.000000  383
32845.000000  383
32847.000000  383
32849.000000  384
32851.000000  384
32853.000000  384
32855.000000  384
32857.000000  384
32859.000000  384
32861.000000  385
32863.000000  385
32865.000000  385
32867.000000  385
32869.000000  385
32871.000000  385
32873.000000  385
32875.000000  386
32877.000000  386
32879.000000  386
32881.000000  386
32883.000000  386
32885.000000  387
32887.000000  387
32889.000000  387
32891.000000  387
32893.000000  387
32895.000000  387
32897.000000  387
32899.000000  388
32901.000000  388
32903.000000  388
32905.000000  388
32907.000000  388
32909.000000  389
32911.000000  389
32913.000000  389
32915.000000  389
32917.000000  389
32919.000000  389
32921.000000  389
32923.000000  390
32925.000000  390
32927.000000  390
32929.000000  390
32931.000000  390
32933.000000  390
32935.000000  391
32937.000000  391
32939.000000  391
32941.000000  391
32943.000000  391
32945.000000  391
32947.000000  391
32949.000000  392
32951.000000  392
32953.000000  392
32955.000000  392
32957.000000  392
32959.000000  393
32961.000000  393
32963.000000  393
32965.000000  393
32967.000000  393
32969.000000  393
32971.000000  393
32973.000000  393
32975.000000  394
32977.000000  394
32979.000000  394
32981.000000  394
32983.000000  394
32985.000000  395
32987.000000  395
32989.000000  395
32991.000000  395
32993.000000  395
32995.000000  395
32997.000000  395
32999.000000  395
33001.000000  396
33003.000000  396
33005.000000  396
33007.000000  396
33009.000000  396
33011.000000  396
33013.000000  397
33015.000000  397
33017.000000  397
33019.000000  397
33021.000000  397
33023.000000  397
33025.000000  397
33027.000000  397
33029.000000  398
33031.000000  398
33033.000000  398
33035.000000  398
33037.000000  398
33039.000000  398
33041.000000  399
33043.000000  399
33045.000000  399
33047.000000  399
33049.000000  399
33051.000000  399
33053.000000  399
33055.000000  399
33057.000000  400
33059.000000  400
33061.000000  400
33063.000000  400
33065.000000  400
33067.000000  400
33069.000000  401
33071.000000  401
33073.000000  401
33075.000000  401
33077.000000  401
33079.000000  401
33081.000000  401
33083.000000  402
33085.000000  402
33087.000000  402
33089.000000  402
33091.000000  402
33093.000000  402
33095.000000  403
33097.000000  403
33099.000000  403
33101.000000  403
33103.000000  403
33105.000000  403
33107.000000  403
33109.000000  404
33111.000000  404
33113.000000  404
33115.000000  404
33117.000000  404
33119.000000  405
33121.000000  405
33123.000000  405
33125.000000  405
33127.000000  405
33129.000000  405
33131.000000  405
33133.000000  406
33135.000000  406
33137.000000  406
33139.000000  406
33141.000000  406
33143.000000  406
33145.000000  407
33147.000000  407
33149.000000  407
33151.000000  407
33153.000000  407
33155.000000  407
33157.000000  407
33159.000000  408
33161.000000  408
33163.000000  408
33165.000000  408
33167.000000  408
33169.000000  409
33171.000000  409
33173.000000  409
33175.000000  409
33177.000000  409
33179.000000  409
33181.000000  409
33183.000000  410
33185.000000  410
33187.000000  410
33189.000000  410
33191.000000  410
33193.000000  410
33195.000000  411
33197.000000  411
33199.000000  411
33201.000000  411
33203.000000  411
33205.000000  411
33207.000000  411
33209.000000  412
33211.000000  412
33213.000000  412
33215.000000  412
33217.000000  412
33219.000000  413
33221.000000  413
33223.000000  413
33225.000000  413
33227.000000  413
33229.000000  413
33231.000000  413
33233.000000  414
33235.000000  414
33237.000000  414
33239.000000  414
33241.000000  414
33243.000000  414
33245.000000  415
33247.000000  415
33249.000000  415
33251.000000  415
33253.000000  415
33255.000000  415
33257.000000  416
33259.000000  416
33261.000000  416
33263.000000  416
33265.000000  416
33267.000000  416
33269.000000  417
33271.000000  417
33273.000000  417
33275.000000  417
33277.000000  417
33279.000000  417
33281.000000  417
33283.000000  418
33285.000000  418
33287.000000  418
33289.000000  418
33291.000000  418
33293.000000  418
33295.000000  419
33297.000000  419
33299.000000  419
33301.000000  419
33303.000000  419
33305.000000  419
33307.000000  419
33309.000000  419
33311.000000  420
33313.000000  420
33315.000000  420
33317.000000  420
33319.000000  420
33321.000000  420
33323.000000  421
33325.000000  421
33327.000000  421
33329.000000  421
33331.000000  421
33333.000000  421
33335.000000  421
33337.000000  421
33339.000000  422
33341.000000  422
33343.000000  422
33345.000000  422
33347.000000  422
33349.000000  422
33351.000000  422
33353.000000  423
33355.000000  423
33357.000000  423
33359.000000  423
33361.000000  423
33363.000000  423
33365.000000  423
33367.000000  423
33369.000000  424
33371.000000  424
33373.000000  424
33375.000000  424
33377.000000  424
33379.000000  424
33381.000000  425
33383.000000  425
33385.000000  425
33387.000000  425
33389.000000  425
33391.000000  425
33393.000000  425
33395.000000  426
33397.000000  426
33399.000000  426
33401.000000  426
33403.000000  426
33405.000000  426
33407.000000  427
33409.000000  427
33411.000000  427
33413.000000  427
33415.000000  427
33417.000000  427
33419.000000  427
33421.000000  428
33423.000000  428
33425.000000  428
33427.000000  428
33429.000000  428
33431.000000  428
33433.000000  429
33435.000000  429
33437.000000  429
33439.000000  429
33441.000000  429
33443.000000  429
33445.000000  429
33447.000000  430
33449.000000  430
33451.000000  430
33453.000000  430
33455.000000  430
33457.000000  430
33459.000000  431
33461.000000  431
33463.000000  431
33465.000000  431
33467.000000  431
33469.000000  431
33471.000000  432
33473.000000  432
33475.000000  432
33477.000000  432
33479.000000  432
33481.000000  432
33483.000000  433
33485.000000  433
33487.000000  433
33489.000000  433
33491.000000  433
33493.000000  433
33495.000000  433
33497.000000  434
33499.000000  434
33501.000000  434
33503.000000  434
33505.000000  434
33507.000000  434
33509.000000  435
33511.000000  435
33513.000000  435
33515.000000  435
33517.000000  435
33519.000000  435
33521.000000  435
33523.000000  436
33525.000000  436
33527.000000  436
33529.000000  436
33531.000000  436
33533.000000  437
33535.000000  437
33537.000000  437
33539.000000  437
33541.000000  437
33543.000000  437
33545.000000  437
33547.000000  438
33549.000000  438
33551.000000  438
33553.000000  438
33555.000000  438
33557.000000  439
33559.000000  439
33561.000000  439
33563.000000  439
33565.000000  439
33567.000000  439
33569.000000  439
33571.000000  440
33573.000000  440
33575.000000  440
33577.000000  440
33579.000000  440
33581.000000  440
33583.000000  441
33585.000000  441
33587.000000  441
33589.000000  441
33591.000000  441
33593.000000  441
33595.000000  441
33597.000000  442
33599.000000  442
33601.000000  442
33603.000000  442
33605.000000  442
33607.000000  443
33609.000000  443
33611.000000  443
33613.000000  443
33615.000000  443
33617.000000  443
33619.000000  443
33621.000000  444
33623.000000  444
33625.000000  444
33627.000000  444
33629.000000  444
33631.000000  444
33633.000000  445
33635.000000  445
33637.000000  445
33639.000000  445
33641.000000  445
33643.000000  445
33645.000000  445
33647.000000  446
33649.000000  446
33651.000000  446
33653.000000  446
33655.000000  446
33657.000000  446
33659.000000  447
33661.000000  447
33663.000000  447
33665.000000  447
33667.000000  447
33669.000000  447
33671.000000  447
33673.000000  448
33675.000000  448
33677.000000  448
33679.000000  448
33681.000000  448
33683.000000  449
33685.000000  449
33687.000000  449
33689.000000  449
33691.000000  449
33693.000000  449
33695.000000  449
33697.000000  450
33699.000000  450
33701.000000  450
33703.000000  450
33705.000000  450
33707.000000  450
33709.000000  451
33711.000000  451
33713.000000  451
33715.000000  451
33717.000000  451
33719.000000  451
33721.000000  451
33723.000000  452
33725.000000  452
33727.000000  452
33729.000000  452
33731.000000  452
33733.000000  452
33735.000000  453
33737.000000  453
33739.000000  453
33741.000000  453
33743.000000  453
33745.000000  453
33747.000000  454
33749.000000  454
33751.000000  454
33753.000000  454
33755.000000  454
33757.000000  454
33759.000000  455
33761.000000  455
33763.000000  455
33765.000000  455
33767.000000  455
33769.000000  455
33771.000000  455
33773.000000  456
33775.000000  456
33777.000000  456
33779.000000  456
33781.000000  456
33783.000000  457
33785.000000  457
33787.000000  457
33789.000000  457
33791.000000  457
33793.000000  457
33795.000000  457
33797.000000  458
33799.000000  458
33801.000000  458
33803.000000  458
33805.000000  458
33807.000000  458
33809.000000  459
33811.000000  459
33813.000000  459
33815.000000  459
33817.000000  459
33819.000000  459
33821.000000  459
33823.000000  460
33825.000000  460
33827.000000  460
33829.000000  460
33831.000000  460
33833.000000  461
33835.000000  461
33837.000000  461
33839.000000  461
33841.000000  461
33843.000000  461
33845.000000  461
33847.000000  462
33849.000000  462
33851.000000  462
33853.000000  462
33855.000000  462
33857.000000  462
33859.000000  463
33861.000000  463
33863.000000  463
33865.000000  463
33867.000000  463
33869.000000  463
33871.000000  464
33873.000000  464
33875.000000  464
33877.000000  464
33879.000000  464
33881.000000  464
33883.000000  465
33885.000000  465
33887.000000  465
33889.000000  465
33891.000000  465
33893.000000  465
33895.000000  465
33897.000000  466
33899.000000  466
33901.000000  466
33903.000000  466
33905.000000  466
33907.000000  466
33909.000000  467
33911.000000  467
33913.000000  467
33915.000000  467
33917.000000  467
33919.000000  467
33921.000000  467
33923.000000  468
33925.000000  468
33927.000000  468
33929.000000  468
33931.000000  468
33933.000000  469
33935.000000  469
33937.000000  469
33939.000000  469
33941.000000  469
33943.000000  469
33945.000000  469
33947.000000  470
33949.000000  470
33951.000000  470
33953.000000  470
33955.000000  470
33957.000000  470
33959.000000  471
33961.000000  471
33963.000000  471
33965.000000  471
33967.000000  471
33969.000000  471
33971.000000  471
33973.000000  472
33975.000000  472
33977.000000  472
33979.000000  472
33981.000000  472
33983.000000  472
33985.000000  473
33987.000000  473
33989.000000  473
33991.000000  473
33993.000000  473
33995.000000  473
33997.000000  473
33999.000000  474
34001.000000  474
34003.000000  474
34005.000000  474
34007.000000  474
34009.000000  475
34011.000000  475
34013.000000  475
34015.000000  475
34017.000000  475
34019.000000  475
34021.000000  475
34023.000000  476
