20602.000000  7 20
20676.000000  19 20
20730.000000  28 20
20782.000000  37 20
20838.000000  47 20
20930.000000  64 20
20970.000000  71 20
21012.000000  78 20
21056.000000  86 20
21166.000000  105 20
21218.000000  114 20
21218.000000  114 20
21272.000000  124 20
21296.000000  128 20
21354.000000  138 20
21410.000000  148 20
21410.000000  148 20
21426.000000  151 20
21478.000000  160 20
21500.000000  164 20
21500.000000  164 20
21528.000000  169 20
21576.000000  178 20
21628.000000  187 20
21650.000000  191 20
21724.000000  204 20
21724.000000  204 20
21760.000000  210 20
21794.000000  216 20
21860.000000  228 20
21862.000000  228 20
21872.000000  230 20
21930.000000  240 20
21930.000000  240 20
21966.000000  247 20
21968.000000  247 20
21992.000000  251 20
22084.000000  267 20
22084.000000  267 20
22164.000000  281 20
22196.000000  287 20
22212.000000  290 20
22262.000000  298 20
22312.000000  307 20
22370.000000  318 20
22506.000000  342 20
22540.000000  348 20
22564.000000  352 20
22578.000000  355 20
22818.000000  396 20
22894.000000  410 20
22896.000000  410 20
23032.000000  435 20
23056.000000  439 20
23252.000000  473 20
23326.000000  486 20
23342.000000  489 20
23478.000000  513 20
23532.000000  523 20
23554.000000  527 20
23580.000000  531 20
23582.000000  531 20
23634.000000  540 20
23646.000000  543 20
23724.000000  556 20
23730.000000  557 20
23878.000000  583 20
23932.000000  593 20
23960.000000  598 20
23960.000000  598 20
23960.000000  598 20
24088.000000  621 20
24124.000000  627 20
24136.000000  629 20
24160.000000  633 20
24216.000000  643 20
24276.000000  653 20
24294.000000  657 20
24326.000000  662 20
24402.000000  676 20
24480.000000  689 20
24534.000000  699 20
24570.000000  705 20
24594.000000  710 20
24632.000000  716 20
24634.000000  717 20
24650.000000  719 20
24698.000000  728 20
24972.000000  776 20
25006.000000  782 20
25092.000000  797 20
25202.000000  817 20
25204.000000  817 20
25226.000000  821 20
25262.000000  827 20
25264.000000  827 20
25284.000000  831 20
25358.000000  844 20
25378.000000  847 20
25410.000000  853 20
25424.000000  855 20
25424.000000  855 20
25444.000000  859 20
25502.000000  869 20
25558.000000  879 20
25620.000000  890 20
25652.000000  896 20
25654.000000  896 20
25728.000000  909 20
25736.000000  911 20
25770.000000  917 20
25794.000000  921 20
25826.000000  926 20
25850.000000  930 20
25882.000000  936 20
25884.000000  936 20
25950.000000  948 20
25990.000000  955 20
26026.000000  962 20
26054.000000  967 20
26068.000000  969 20
26084.000000  972 20
26132.000000  980 20
26144.000000  983 20
26164.000000  986 20
26264.000000  1003 20
26264.000000  1003 20
26280.000000  1006 20
26336.000000  1016 20
26336.000000  1016 20
26370.000000  1022 20
26432.000000  1033 20
26486.000000  1042 20
26510.000000  1047 20
26548.000000  1053 20
26570.000000  1057 20
26594.000000  1062 20
26620.000000  1066 20
26638.000000  1069 20
26638.000000  1069 20
26662.000000  1074 20
26678.000000  1076 20
26694.000000  1079 20
26714.000000  1083 20
26744.000000  1088 20
26778.000000  1094 20
26814.000000  1100 20
26848.000000  1106 20
26904.000000  1116 20
26912.000000  1117 20
26926.000000  1120 20
27098.000000  1150 20
27098.000000  1150 20
27098.000000  1150 20
27104.000000  1151 20
27132.000000  1156 20
27186.000000  1166 20
27214.000000  1171 20
27236.000000  1174 20
27282.000000  1183 20
27294.000000  1185 20
27314.000000  1188 20
27408.000000  1205 20
27446.000000  1211 20
27520.000000  1224 20
27552.000000  1230 20
27554.000000  1230 20
27568.000000  1233 20
27700.000000  1256 20
27736.000000  1262 20
27810.000000  1275 20
27858.000000  1284 20
28062.000000  1320 20
28078.000000  1323 20
28120.000000  1330 20
28154.000000  1336 20
28156.000000  1336 20
28176.000000  1340 20
28190.000000  1342 20
28226.000000  1349 20
28290.000000  1360 20
28292.000000  1360 20
28324.000000  1366 20
28352.000000  1371 20
28354.000000  1371 20
28386.000000  1376 20
28408.000000  1380 20
28442.000000  1386 20
28460.000000  1389 20
28578.000000  1410 20
28580.000000  1411 20
28588.000000  1412 20
28588.000000  1412 20
28616.000000  1417 20
28650.000000  1423 20
28684.000000  1429 20
28742.000000  1439 20
28744.000000  1440 20
28870.000000  1462 20
28908.000000  1468 20
28910.000000  1469 20
28960.000000  1477 20
29064.000000  1496 20
29076.000000  1498 20
29106.000000  1503 20
29210.000000  1522 20
29262.000000  1531 20
29364.000000  1549 20
29366.000000  1549 20
29392.000000  1553 20
29488.000000  1570 20
29488.000000  1570 20
29542.000000  1580 20
29574.000000  1585 20
29630.000000  1595 20
29662.000000  1601 20
29664.000000  1601 20
29696.000000  1607 20
29872.000000  1638 20
29894.000000  1642 20
29932.000000  1648 20
29980.000000  1657 20
29980.000000  1657 20
30074.000000  1673 20
30108.000000  1679 20
30162.000000  1689 20
30164.000000  1689 20
30190.000000  1694 20
30224.000000  1700 20
30302.000000  1713 20
30304.000000  1714 20
30336.000000  1719 20
30418.000000  1734 20
30474.000000  1743 20
30528.000000  1753 20
30574.000000  1761 20
30576.000000  1761 20
30598.000000  1765 20
30614.000000  1768 20
30634.000000  1772 20
30682.000000  1780 20
30696.000000  1783 20
30698.000000  1783 20
30818.000000  1804 20
30854.000000  1811 20
30884.000000  1816 20
30886.000000  1816 20
30892.000000  1817 20
31020.000000  1839 20
31020.000000  1839 20
31040.000000  1843 20
31060.000000  1847 20
31118.000000  1857 20
31170.000000  1866 20
31170.000000  1866 20
31194.000000  1870 20
31224.000000  1876 20
31238.000000  1878 20
31258.000000  1881 20
31274.000000  1884 20
31296.000000  1888 20
31298.000000  1888 20
31366.000000  1901 20
31368.000000  1901 20
31398.000000  1906 20
31398.000000  1906 20
31508.000000  1925 20
31562.000000  1935 20
31658.000000  1952 20
31690.000000  1957 20
31740.000000  1966 20
31806.000000  1978 20
31898.000000  1994 20
31922.000000  1998 20
31930.000000  1999 20
31932.000000  2000 20
31946.000000  2002 20
31958.000000  2004 20
31978.000000  2008 20
32000.000000  2011 20
32034.000000  2018 20
32060.000000  2022 20
32074.000000  2025 20
32132.000000  2035 20
32146.000000  2037 20
32176.000000  2043 20
32176.000000  2043 20
32234.000000  2053 20
32246.000000  2055 20
32272.000000  2060 20
32288.000000  2063 20
32310.000000  2066 20
32386.000000  2080 20
32438.000000  2089 20
32456.000000  2092 20
32468.000000  2094 20
32490.000000  2098 20
32510.000000  2101 20
32544.000000  2107 20
32568.000000  2111 20
32604.000000  2118 20
32638.000000  2124 20
32638.000000  2124 20
32662.000000  2128 20
32718.000000  2138 20
32732.000000  2140 20
32856.000000  2162 20
32910.000000  2172 20
32934.000000  2176 20
33004.000000  2188 20
33034.000000  2193 20
33082.000000  2202 20
33144.000000  2213 20
33146.000000  2213 20
33244.000000  2230 20
33252.000000  2232 20
33286.000000  2238 20
33316.000000  2243 20
33350.000000  2249 20
33380.000000  2254 20
33414.000000  2260 20
33436.000000  2264 20
33436.000000  2264 20
33470.000000  2270 20
33514.000000  2277 20
33528.000000  2280 20
33558.000000  2285 20
33622.000000  2296 20
33654.000000  2302 20
33702.000000  2311 20
33714.000000  2313 20
33736.000000  2317 20
33736.000000  2317 20
35232.000000  2579 20
35316.000000  2594 20
35328.000000  2597 20
35342.000000  2599 20
35368.000000  2603 20
35402.000000  2609 20
35426.000000  2613 20
35432.000000  2615 20
35448.000000  2617 20
35458.000000  2619 20
35460.000000  2619 20
35490.000000  2625 20
35516.000000  2629 20
35548.000000  2635 20
35558.000000  2637 20
35576.000000  2640 20
35576.000000  2640 20
35594.000000  2643 20
35624.000000  2648 20
35638.000000  2651 20
35658.000000  2654 20
35668.000000  2656 20
35686.000000  2659 20
35686.000000  2659 20
35696.000000  2661 20
35716.000000  2664 20
35716.000000  2664 20
35740.000000  2669 20
35814.000000  2682 20
35830.000000  2685 20
35856.000000  2689 20
35916.000000  2700 20
35918.000000  2700 20
35934.000000  2703 20
36294.000000  2766 20
36318.000000  2770 20
36334.000000  2773 20
36378.000000  2781 20
36438.000000  2791 20
36440.000000  2792 20
36458.000000  2795 20
36458.000000  2795 20
36486.000000  2800 20
36516.000000  2805 20
36540.000000  2809 20
36572.000000  2815 20
36626.000000  2824 20
36658.000000  2830 20
36714.000000  2840 20
36748.000000  2845 20
36844.000000  2863 20
36904.000000  2873 20
36930.000000  2878 20
36956.000000  2882 20
37030.000000  2895 20
37030.000000  2895 20
37042.000000  2897 20
37066.000000  2901 20
37066.000000  2901 20
37094.000000  2906 20
37108.000000  2909 20
37140.000000  2914 20
37164.000000  2919 20
37176.000000  2921 20
37200.000000  2925 20
37214.000000  2927 20
37340.000000  2950 20
37364.000000  2954 20
37396.000000  2960 20
37420.000000  2964 20
37468.000000  2972 20
37482.000000  2975 20
37482.000000  2975 20
37532.000000  2983 20
37624.000000  2999 20
37640.000000  3002 20
37688.000000  3011 20
37758.000000  3023 20
37760.000000  3023 20
37818.000000  3034 20
37852.000000  3040 20
37876.000000  3044 20
37932.000000  3054 20
37968.000000  3060 20
37970.000000  3060 20
38040.000000  3073 20
38040.000000  3073 20
38126.000000  3087 20
38154.000000  3092 20
38168.000000  3095 20
38204.000000  3101 20
38206.000000  3102 20
38254.000000  3110 20
38310.000000  3120 20
38334.000000  3124 20
38348.000000  3127 20
38378.000000  3132 20
38434.000000  3142 20
38466.000000  3147 20
38500.000000  3153 20
38534.000000  3159 20
38564.000000  3165 20
38572.000000  3166 20
38606.000000  3172 20
38634.000000  3177 20
38718.000000  3191 20
38788.000000  3204 20
38828.000000  3211 20
38844.000000  3214 20
38860.000000  3217 20
38876.000000  3219 20
38924.000000  3228 20
38926.000000  3228 20
39024.000000  3245 20
39078.000000  3255 20
39106.000000  3260 20
39106.000000  3260 20
39140.000000  3266 20
39172.000000  3271 20
39208.000000  3277 20
39232.000000  3282 20
39272.000000  3289 20
39296.000000  3293 20
39308.000000  3295 20
39308.000000  3295 20
39308.000000  3295 20
39308.000000  3295 20
39364.000000  3305 20
39390.000000  3310 20
39438.000000  3318 20
39470.000000  3324 20
39484.000000  3326 20
39532.000000  3335 20
39586.000000  3344 20
39586.000000  3344 20
39680.000000  3360 20
39704.000000  3365 20
39760.000000  3374 20
39830.000000  3387 20
39832.000000  3387 20
39866.000000  3393 20
39900.000000  3399 20
39958.000000  3409 20
39988.000000  3415 20
40012.000000  3419 20
40036.000000  3423 20
40082.000000  3431 20
40122.000000  3438 20
40156.000000  3444 20
40156.000000  3444 20
40206.000000  3453 20
40244.000000  3459 20
40280.000000  3466 20
40348.000000  3478 20
40350.000000  3478 20
40356.000000  3479 20
40420.000000  3491 20
40486.000000  3502 20
40488.000000  3503 20
40550.000000  3513 20
40550.000000  3513 20
40620.000000  3526 20
40666.000000  3533 20
40714.000000  3542 20
40736.000000  3546 20
40750.000000  3548 20
40752.000000  3549 20
40796.000000  3556 20
40844.000000  3565 20
40896.000000  3574 20
40896.000000  3574 20
40960.000000  3585 20
40986.000000  3590 20
41042.000000  3600 20
41042.000000  3600 20
41078.000000  3606 20
41080.000000  3606 20
41132.000000  3615 20
41228.000000  3632 20
41266.000000  3639 20
41268.000000  3639 20
41318.000000  3648 20
41344.000000  3653 20
41392.000000  3661 20
41442.000000  3670 20
41488.000000  3678 20
41522.000000  3684 20
41582.000000  3694 20
41616.000000  3701 20
41650.000000  3706 20
41674.000000  3711 20
41706.000000  3716 20
41732.000000  3721 20
41818.000000  3736 20
41892.000000  3749 20
41924.000000  3754 20
41926.000000  3755 20
41964.000000  3761 20
42004.000000  3769 20
42056.000000  3778 20
42090.000000  3784 20
42108.000000  3787 20
42128.000000  3790 20
42176.000000  3799 20
42188.000000  3801 20
42272.000000  3815 20
42288.000000  3818 20
42310.000000  3822 20
42320.000000  3824 20
42320.000000  3824 20
42354.000000  3830 20
42354.000000  3830 20
42354.000000  3830 20
42388.000000  3836 20
42410.000000  3840 20
42420.000000  3842 20
42452.000000  3847 20
42484.000000  3853 20
42486.000000  3853 20
42494.000000  3855 20
42494.000000  3855 20
42510.000000  3857 20
42532.000000  3861 20
42532.000000  3861 20
42560.000000  3866 20
42574.000000  3869 20
42590.000000  3871 20
42604.000000  3874 20
42606.000000  3874 20
42632.000000  3879 20
42640.000000  3880 20
42656.000000  3883 20
42666.000000  3885 20
42668.000000  3885 20
42696.000000  3890 20
42698.000000  3890 20
42722.000000  3895 20
42722.000000  3895 20
42732.000000  3896 20
42752.000000  3900 20
42774.000000  3903 20
42800.000000  3908 20
42838.000000  3915 20
42878.000000  3922 20
42902.000000  3926 20
42934.000000  3932 20
42934.000000  3932 20
43010.000000  3945 20
43046.000000  3952 20
43068.000000  3955 20
43102.000000  3961 20
43126.000000  3966 20
43158.000000  3971 20
43188.000000  3977 20
43208.000000  3980 20
43258.000000  3989 20
43294.000000  3995 20
43330.000000  4001 20
43366.000000  4007 20
43396.000000  4013 20
43442.000000  4021 20
43466.000000  4025 20
43484.000000  4028 20
43502.000000  4032 20
43532.000000  4037 20
43546.000000  4039 20
43568.000000  4043 20
43578.000000  4045 20
43586.000000  4046 20
43618.000000  4052 20
43620.000000  4052 20
43644.000000  4057 20
43676.000000  4062 20
43708.000000  4068 20
43742.000000  4073 20
43796.000000  4083 20
43826.000000  4088 20
43828.000000  4089 20
43844.000000  4091 20
43862.000000  4095 20
43882.000000  4098 20
43882.000000  4098 20
43918.000000  4105 20
43928.000000  4106 20
44034.000000  4125 20
44054.000000  4129 20
44096.000000  4136 20
44126.000000  4141 20
44128.000000  4141 20
44142.000000  4144 20
44200.000000  4154 20
44200.000000  4154 20
44230.000000  4159 20
44260.000000  4165 20
44286.000000  4169 20
44340.000000  4179 20
44374.000000  4185 20
44396.000000  4188 20
44396.000000  4188 20
44412.000000  4191 20
44466.000000  4201 20
44488.000000  4205 20
44520.000000  4210 20
44534.000000  4213 20
44536.000000  4213 20
44556.000000  4217 20
44556.000000  4217 20
44590.000000  4223 20
44638.000000  4231 20
44662.000000  4235 20
44662.000000  4235 20
44710.000000  4244 20
44742.000000  4249 20
44834.000000  4265 20
44868.000000  4271 20
44902.000000  4277 20
44956.000000  4287 20
45012.000000  4297 20
45014.000000  4297 20
45028.000000  4299 20
45068.000000  4307 20
45104.000000  4313 20
45122.000000  4316 20
45158.000000  4322 20
45192.000000  4328 20
45240.000000  4337 20
45258.000000  4340 20
45294.000000  4346 20
45330.000000  4352 20
45360.000000  4357 20
45400.000000  4365 20
45422.000000  4369 20
45454.000000  4374 20
45476.000000  4378 20
45478.000000  4378 20
45510.000000  4384 20
45536.000000  4389 20
45572.000000  4395 20
45574.000000  4395 20
45594.000000  4399 20
45604.000000  4401 20
45618.000000  4403 20
45628.000000  4405 20
45652.000000  4409 20
45686.000000  4415 20
45688.000000  4415 20
45718.000000  4421 20
45734.000000  4423 20
45764.000000  4429 20
45766.000000  4429 20
45794.000000  4434 20
45796.000000  4434 20
45806.000000  4436 20
45826.000000  4439 20
45864.000000  4446 20
45906.000000  4453 20
45968.000000  4464 20
45990.000000  4468 20
46178.000000  4501 20
46190.000000  4503 20
46224.000000  4509 20
46224.000000  4509 20
46250.000000  4514 20
46282.000000  4520 20
46336.000000  4529 20
46362.000000  4533 20
46400.000000  4540 20
46454.000000  4550 20
46466.000000  4552 20
46482.000000  4555 20
46502.000000  4558 20
46502.000000  4558 20
46550.000000  4567 20
46570.000000  4570 20
46604.000000  4576 20
46620.000000  4579 20
46658.000000  4586 20
46670.000000  4588 20
46670.000000  4588 20
46706.000000  4594 20
46732.000000  4599 20
46756.000000  4603 20
46788.000000  4609 20
46790.000000  4609 20
46820.000000  4614 20
46874.000000  4623 20
46908.000000  4629 20
46934.000000  4634 20
46968.000000  4640 20
46970.000000  4640 20
46994.000000  4645 20
46994.000000  4645 20
47046.000000  4654 20
47082.000000  4660 20
47150.000000  4672 20
47152.000000  4673 20
47200.000000  4681 20
47260.000000  4691 20
47286.000000  4696 20
47334.000000  4704 20
47368.000000  4710 20
47370.000000  4711 20
47392.000000  4714 20
47394.000000  4715 20
47460.000000  4726 20
47470.000000  4728 20
47530.000000  4739 20
47532.000000  4739 20
47584.000000  4748 20
47620.000000  4755 20
47644.000000  4759 20
47676.000000  4764 20
47706.000000  4770 20
47726.000000  4773 20
47736.000000  4775 20
47794.000000  4785 20
47796.000000  4785 20
47826.000000  4791 20
47862.000000  4797 20
47888.000000  4801 20
47902.000000  4804 20
47920.000000  4807 20
47962.000000  4814 20
47988.000000  4819 20
48004.000000  4822 20
48022.000000  4825 20
48052.000000  4830 20
48052.000000  4830 20
48066.000000  4833 20
48082.000000  4836 20
48106.000000  4840 20
48138.000000  4846 20
48162.000000  4850 20
48162.000000  4850 20
48170.000000  -1 20
48170.000000  -1 20
48202.000000  4857 20
48234.000000  4862 20
48236.000000  4863 20
48272.000000  4869 20
48274.000000  4869 20
48322.000000  4878 20
48370.000000  4886 20
48370.000000  4886 20
48398.000000  4891 20
48400.000000  4891 20
48450.000000  4900 20
48452.000000  4901 20
48468.000000  4903 20
48496.000000  4908 20
48588.000000  4925 20
48632.000000  4932 20
48690.000000  4943 20
48762.000000  4955 20
48762.000000  4955 20
48762.000000  4955 20
48816.000000  4965 20
48848.000000  4970 20
48882.000000  4976 20
48938.000000  4986 20
48972.000000  4992 20
48974.000000  4992 20
49020.000000  5000 20
49050.000000  5005 20
49100.000000  5014 20
49112.000000  5017 20
49128.000000  5019 20
49176.000000  5028 20
49218.000000  5035 20
49268.000000  5044 20
49300.000000  5049 20
49332.000000  5055 20
49390.000000  5065 20
49450.000000  5075 20
49484.000000  5081 20
49538.000000  5091 20
49592.000000  5101 20
49640.000000  5109 20
49724.000000  5124 20
49832.000000  5143 20
49844.000000  5145 20
49844.000000  5145 20
49872.000000  5150 20
49928.000000  5159 20
49986.000000  5170 20
50018.000000  5175 20
50052.000000  5181 20
50126.000000  5194 20
50180.000000  5204 20
50206.000000  5209 20
50252.000000  5217 20
50348.000000  5233 20
50420.000000  5246 20
50442.000000  5250 20
50478.000000  5256 20
50526.000000  5265 20
50568.000000  5272 20
50602.000000  5278 20
50630.000000  5283 20
50662.000000  5289 20
50716.000000  5298 20
50770.000000  5308 20
50792.000000  5311 20
50792.000000  5311 20
50850.000000  5322 20
50874.000000  5326 20
50956.000000  5340 20
50956.000000  5340 20
50956.000000  5340 20
50956.000000  5340 20
51018.000000  5351 20
51056.000000  5358 20
51108.000000  5367 20
51172.000000  5378 20
51208.000000  5385 20
51230.000000  5388 20
51254.000000  5393 20
51254.000000  5393 20
51268.000000  5395 20
51304.000000  5401 20
51362.000000  5411 20
51362.000000  5411 20
51362.000000  5411 20
51416.000000  5421 20
51450.000000  5427 20
51484.000000  5433 20
51510.000000  5437 20
51556.000000  5445 20
51656.000000  5463 20
51656.000000  5463 20
51710.000000  5473 20
51736.000000  5477 20
51846.000000  5497 20
51870.000000  5501 20
51926.000000  5510 20
51982.000000  5520 20
51990.000000  5521 20
52004.000000  5524 20
52030.000000  5529 20
52044.000000  5531 20
52098.000000  5541 20
52132.000000  5547 20
52172.000000  5554 20
52192.000000  5557 20
52280.000000  5573 20
52300.000000  5576 20
52348.000000  5585 20
52406.000000  5595 20
52450.000000  5602 20
52508.000000  5612 20
52544.000000  5619 20
52546.000000  5619 20
52594.000000  5628 20
52620.000000  5632 20
52652.000000  5638 20
52676.000000  5642 20
52734.000000  5652 20
52796.000000  5663 20
52796.000000  5663 20
52796.000000  5663 20
52796.000000  5663 20
52796.000000  5663 20
52958.000000  5692 20
53054.000000  5708 20
53066.000000  5711 20
53078.000000  5713 20
53130.000000  5722 20
53186.000000  5732 20
53244.000000  5742 20
53278.000000  5748 20
53352.000000  5761 20
53414.000000  5772 20
53416.000000  5772 20
53434.000000  5775 20
53450.000000  5778 20
53468.000000  5781 20
53496.000000  5786 20
53522.000000  5791 20
53522.000000  5791 20
53542.000000  -1 20
53542.000000  -1 20
53558.000000  5797 20
53582.000000  5801 20
53582.000000  5801 20
53608.000000  5806 20
53628.000000  5809 20
53628.000000  5809 20
53650.000000  5813 20
53672.000000  5817 20
53672.000000  5817 20
53692.000000  -1 20
53692.000000  -1 20
53726.000000  5827 20
53768.000000  5834 20
53796.000000  5839 20
53798.000000  5839 20
53808.000000  5841 20
53862.000000  5850 20
53862.000000  5850 20
53896.000000  5856 20
53950.000000  5866 20
53974.000000  5870 20
53984.000000  5872 20
54040.000000  5881 20
54076.000000  5888 20
54096.000000  5891 20
54146.000000  5900 20
54176.000000  5905 20
54206.000000  5911 20
54252.000000  5919 20
54294.000000  5926 20
54370.000000  5940 20
54430.000000  5950 20
54430.000000  5950 20
54466.000000  5957 20
54574.000000  5975 20
54602.000000  5980 20
54604.000000  5981 20
54618.000000  5983 20
54640.000000  5987 20
54672.000000  5993 20
54696.000000  5997 20
54750.000000  6006 20
54848.000000  6024 20
54892.000000  6031 20
54904.000000  6033 20
54964.000000  6044 20
54992.000000  6049 20
55012.000000  6052 20
55014.000000  6053 20
55046.000000  6058 20
55100.000000  6068 20
55126.000000  6072 20
55140.000000  6075 20
55174.000000  6081 20
55228.000000  6090 20
55260.000000  6096 20
55276.000000  6099 20
55304.000000  6104 20
55304.000000  6104 20
55330.000000  6108 20
55344.000000  6111 20
55366.000000  6115 20
55368.000000  6115 20
55390.000000  6119 20
55402.000000  6121 20
55418.000000  6124 20
55418.000000  6124 20
55466.000000  6132 20
55486.000000  6136 20
55516.000000  6141 20
55534.000000  6144 20
55570.000000  6150 20
55638.000000  6162 20
55662.000000  6166 20
55718.000000  6176 20
55752.000000  6182 20
55896.000000  6207 20
55896.000000  6207 20
55932.000000  6214 20
55958.000000  6219 20
55992.000000  6225 20
56012.000000  6228 20
56082.000000  6240 20
56112.000000  6245 20
56112.000000  6245 20
56130.000000  6249 20
56178.000000  6257 20
56198.000000  6261 20
56260.000000  6271 20
56282.000000  6275 20
56282.000000  6275 20
56294.000000  6277 20
56352.000000  6288 20
56384.000000  6293 20
56384.000000  6293 20
56430.000000  6301 20
56438.000000  6303 20
56496.000000  6313 20
56542.000000  6321 20
56704.000000  6349 20
56840.000000  6373 20
56880.000000  6381 20
56900.000000  6384 20
56914.000000  6387 20
56916.000000  6387 20
56946.000000  6392 20
56952.000000  6393 20
56978.000000  6398 20
57002.000000  6402 20
57034.000000  6407 20
57036.000000  6408 20
57058.000000  6412 20
57092.000000  6417 20
57144.000000  6427 20
57170.000000  6431 20
57176.000000  6432 20
57178.000000  6433 20
57212.000000  6439 20
57214.000000  6439 20
57264.000000  6448 20
57286.000000  6452 20
57304.000000  6455 20
57350.000000  6463 20
57352.000000  6463 20
57382.000000  6469 20
57440.000000  6479 20
57476.000000  6485 20
57496.000000  6489 20
57554.000000  6499 20
57618.000000  6510 20
57640.000000  6513 20
57674.000000  6519 20
57700.000000  6524 20
57714.000000  6527 20
57910.000000  6561 20
58040.000000  6584 20
58116.000000  6597 20
58116.000000  6597 20
58172.000000  6607 20
58256.000000  6622 20
58424.000000  6652 20
58446.000000  6655 20
58480.000000  6661 20
58556.000000  6675 20
58584.000000  6679 20
58636.000000  6688 20
58636.000000  6688 20
58660.000000  6693 20
58722.000000  6704 20
58742.000000  6707 20
58840.000000  6725 20
58866.000000  6729 20
58898.000000  6735 20
58926.000000  6740 20
58982.000000  6749 20
58996.000000  6752 20
59022.000000  6756 20
59054.000000  6762 20
59078.000000  6766 20
59174.000000  6783 20
59200.000000  6787 20
59218.000000  6791 20
59332.000000  6811 20
59362.000000  6816 20
59364.000000  6817 20
59382.000000  6820 20
59454.000000  6832 20
59506.000000  6841 20
59570.000000  6853 20
59604.000000  6859 20
59604.000000  6859 20
59628.000000  6863 20
59662.000000  6869 20
59736.000000  6882 20
59816.000000  6896 20
59830.000000  6898 20
59850.000000  6902 20
59856.000000  6903 20
59856.000000  6903 20
59874.000000  6906 20
59890.000000  6909 20
59920.000000  6914 20
59934.000000  6917 20
59936.000000  6917 20
59946.000000  6919 20
60020.000000  6932 20
60032.000000  6934 20
60052.000000  6937 20
60066.000000  6940 20
60082.000000  6943 20
60108.000000  6947 20
60108.000000  6947 20
60156.000000  6955 20
60192.000000  6962 20
60228.000000  6968 20
60268.000000  6975 20
60326.000000  6985 20
60340.000000  6988 20
60356.000000  6991 20
60416.000000  7001 20
60440.000000  7005 20
60448.000000  7007 20
60480.000000  7013 20
60500.000000  7016 20
60536.000000  7022 20
60568.000000  7028 20
60646.000000  7041 20
60646.000000  7041 20
60678.000000  7047 20
60710.000000  7053 20
60876.000000  7082 20
60930.000000  7091 20
60958.000000  7096 20
60960.000000  7097 20
61042.000000  7111 20
61072.000000  7116 20
61074.000000  7117 20
61078.000000  7117 20
61092.000000  7120 20
61144.000000  7129 20
61236.000000  7145 20
61238.000000  7145 20
61248.000000  7147 20
62728.000000  7407 20
62730.000000  7407 20
62758.000000  7412 20
62760.000000  7413 20
62766.000000  7414 20
62836.000000  7426 20
62868.000000  7432 20
62898.000000  7437 20
62900.000000  7437 20
62908.000000  7439 20
62930.000000  7443 20
62940.000000  7444 20
62964.000000  7449 20
62992.000000  7453 20
62994.000000  7454 20
63022.000000  7459 20
63024.000000  7459 20
63050.000000  7464 20
63064.000000  7466 20
63080.000000  7469 20
63140.000000  7479 20
63172.000000  7485 20
63254.000000  7499 20
63368.000000  7519 20
63392.000000  7524 20
63446.000000  7533 20
63462.000000  7536 20
63494.000000  7542 20
63516.000000  7546 20
63550.000000  7552 20
63580.000000  7557 20
63636.000000  7567 20
63676.000000  7574 20
63698.000000  7577 20
63698.000000  7577 20
63714.000000  7580 20
63738.000000  7584 20
63942.000000  7620 20
63942.000000  7620 20
64058.000000  7641 20
64088.000000  7646 20
64088.000000  7646 20
64144.000000  7656 20
64160.000000  7659 20
64268.000000  7677 20
64340.000000  7690 20
64370.000000  7695 20
64412.000000  7703 20
64502.000000  7719 20
64502.000000  7719 20
64620.000000  7739 20
64692.000000  7752 20
64694.000000  7753 20
64730.000000  7759 20
64732.000000  7759 20
64752.000000  7763 20
64848.000000  7779 20
64900.000000  7788 20
65104.000000  7825 20
65172.000000  7836 20
65192.000000  7840 20
65210.000000  7843 20
65228.000000  7846 20
65328.000000  7863 20
65402.000000  7877 20
65404.000000  7877 20
65408.000000  7878 20
65518.000000  7897 20
65672.000000  7924 20
65730.000000  7934 20
66002.000000  7982 20
66232.000000  8023 20
66276.000000  8030 20
66278.000000  8031 20
66318.000000  8037 20
66640.000000  8094 20
66742.000000  8112 20
67018.000000  8161 20
67270.000000  8205 20
67298.000000  8210 20
67298.000000  8210 20
67298.000000  8210 20
67436.000000  8234 20
67516.000000  8248 20
67518.000000  8248 20
67576.000000  8259 20
67732.000000  8286 20
67762.000000  8291 20
68034.000000  8339 20
68036.000000  8339 20
68102.000000  8351 20
68156.000000  8361 20
68262.000000  8379 20
68262.000000  8379 20
68352.000000  8395 20
68384.000000  8400 20
68384.000000  8400 20
68436.000000  8409 20
68468.000000  8415 20
68482.000000  8417 20
68514.000000  8423 20
68568.000000  8433 20
68592.000000  8437 20
68600.000000  8438 20
68662.000000  8449 20
68670.000000  8451 20
68690.000000  8454 20
68758.000000  8466 20
68788.000000  8471 20
68788.000000  8471 20
68880.000000  8487 20
68958.000000  8501 20
68990.000000  8507 20
69052.000000  8518 20
69052.000000  8518 20
69108.000000  8528 20
69132.000000  8532 20
69188.000000  8542 20
69244.000000  8552 20
69300.000000  8561 20
69356.000000  8571 20
69390.000000  8577 20
69436.000000  8585 20
69458.000000  8589 20
69476.000000  8592 20
69526.000000  8601 20
69554.000000  8606 20
69580.000000  8610 20
69632.000000  8620 20
69632.000000  8620 20
69672.000000  8627 20
69726.000000  8636 20
69768.000000  8644 20
69796.000000  8649 20
69832.000000  8655 20
69834.000000  8655 20
69870.000000  8661 20
69872.000000  8662 20
69888.000000  8665 20
69912.000000  8669 20
69976.000000  8680 20
70034.000000  8690 20
70072.000000  8697 20
70086.000000  8699 20
70328.000000  8742 20
70406.000000  8755 20
70442.000000  8762 20
70468.000000  8766 20
70482.000000  8769 20
70514.000000  8774 20
70570.000000  8784 20
70572.000000  8785 20
70592.000000  8788 20
70626.000000  8794 20
70648.000000  8798 20
70648.000000  8798 20
70792.000000  8823 20
70792.000000  8823 20
70922.000000  8846 20
70966.000000  8854 20
71012.000000  8862 20
71076.000000  8873 20
71078.000000  8873 20
71106.000000  8878 20
71180.000000  8891 20
71356.000000  8922 20
71384.000000  8927 20
71572.000000  8960 20
71624.000000  8969 20
71960.000000  9028 20
72064.000000  9047 20
72098.000000  9053 20
72160.000000  9063 20
72200.000000  9071 20
72218.000000  9074 20
72266.000000  9082 20
72268.000000  9083 20
72284.000000  9085 20
72352.000000  9097 20
72424.000000  9110 20
72498.000000  9123 20
72572.000000  9136 20
72740.000000  9165 20
73032.000000  9216 20
73032.000000  9216 20
73164.000000  9240 20
73180.000000  9243 20
73214.000000  9249 20
73236.000000  9252 20
73250.000000  9255 20
73276.000000  9259 20
73350.000000  9272 20
73452.000000  9290 20
73452.000000  9290 20
73588.000000  9314 20
73742.000000  9341 20
73826.000000  9356 20
73826.000000  9356 20
73862.000000  9362 20
74010.000000  9388 20
74062.000000  9397 20
74088.000000  9402 20
74102.000000  9404 20
74132.000000  9410 20
74246.000000  9430 20
74246.000000  9430 20
74280.000000  9436 20
74392.000000  9455 20
74528.000000  9479 20
74606.000000  9493 20
74646.000000  9500 20
74662.000000  9503 20
74712.000000  9511 20
74746.000000  9517 20
74852.000000  9536 20
74852.000000  9536 20
74888.000000  9542 20
74922.000000  9548 20
74956.000000  9555 20
74956.000000  9555 20
75032.000000  9567 20
75100.000000  9579 20
75166.000000  9591 20
75240.000000  9604 20
75262.000000  9608 20
75270.000000  9609 20
75352.000000  9624 20
75352.000000  9624 20
75384.000000  9630 20
75436.000000  9639 20
75492.000000  9649 20
75578.000000  9663 20
75642.000000  9675 20
75644.000000  9675 20
75650.000000  9676 20
75684.000000  9682 20
75708.000000  9686 20
75708.000000  9686 20
75726.000000  9689 20
75760.000000  9695 20
75762.000000  9696 20
75844.000000  9710 20
75874.000000  9716 20
75874.000000  9716 20
75908.000000  9722 20
75916.000000  9723 20
75918.000000  9723 20
75978.000000  9734 20
75978.000000  9734 20
76002.000000  9738 20
76096.000000  9754 20
76136.000000  9761 20
76168.000000  9767 20
76192.000000  9771 20
76224.000000  9777 20
76298.000000  9790 20
76298.000000  9790 20
76334.000000  9796 20
76388.000000  9806 20
76412.000000  9810 20
76444.000000  9815 20
76470.000000  9820 20
76494.000000  9824 20
76524.000000  9829 20
76536.000000  9831 20
76588.000000  9841 20
76640.000000  9850 20
76672.000000  9855 20
76720.000000  9864 20
76738.000000  9867 20
76860.000000  9889 20
76894.000000  9895 20
76946.000000  9904 20
76946.000000  9904 20
77002.000000  9914 20
77026.000000  9918 20
77058.000000  9923 20
77082.000000  9927 20
77118.000000  9934 20
77172.000000  9943 20
77230.000000  9953 20
77246.000000  9956 20
77262.000000  9959 20
77282.000000  9963 20
77350.000000  9975 20
77446.000000  9991 20
77520.000000  10005 20
77546.000000  10009 20
77602.000000  10019 20
77664.000000  10029 20
77666.000000  10030 20
77696.000000  10035 20
77696.000000  10035 20
77736.000000  10042 20
77782.000000  10050 20
77980.000000  10085 20
78112.000000  10108 20
78114.000000  10109 20
78146.000000  10114 20
78190.000000  10122 20
78190.000000  10122 20
78318.000000  10145 20
78590.000000  10192 20
78592.000000  10193 20
78634.000000  10200 20
78688.000000  10209 20
78708.000000  10213 20
78762.000000  10222 20
78784.000000  10226 20
78784.000000  10226 20
78794.000000  10228 20
78852.000000  10238 20
78884.000000  10244 20
79032.000000  10270 20
79034.000000  10270 20
79312.000000  10319 20
79374.000000  10330 20
79566.000000  10364 20
79566.000000  10364 20
79566.000000  10364 20
79590.000000  10368 20
79660.000000  10380 20
79682.000000  10384 20
79746.000000  10395 20
79792.000000  10403 20
79842.000000  10412 20
79844.000000  10413 20
79890.000000  10421 20
79924.000000  10427 20
79970.000000  10435 20
80226.000000  10479 20
80228.000000  10480 20
80404.000000  10511 20
80464.000000  10521 20
80524.000000  10532 20
80704.000000  10563 20
80740.000000  10570 20
80756.000000  10573 20
80840.000000  10587 20
80914.000000  10601 20
80954.000000  10608 20
81022.000000  10619 20
81040.000000  10623 20
81066.000000  10627 20
81092.000000  10632 20
81156.000000  10643 20
81252.000000  10660 20
81286.000000  10666 20
81286.000000  10666 20
81362.000000  10679 20
81438.000000  10693 20
81470.000000  10698 20
81494.000000  10703 20
81526.000000  10708 20
81526.000000  10708 20
81560.000000  10714 20
81562.000000  10714 20
81566.000000  10715 20
81594.000000  10720 20
81596.000000  10720 20
81616.000000  10724 20
81712.000000  10740 20
81752.000000  10747 20
81952.000000  10783 20
81954.000000  10783 20
82020.000000  10795 20
82054.000000  10801 20
82106.000000  10810 20
82160.000000  10819 20
82234.000000  10832 20
82270.000000  10838 20
82334.000000  10850 20
82362.000000  10855 20
82452.000000  10871 20
82532.000000  10885 20
82566.000000  10891 20
82566.000000  10891 20
82620.000000  10900 20
82644.000000  10904 20
82676.000000  10910 20
82676.000000  10910 20
82730.000000  10919 20
82784.000000  10929 20
82808.000000  10933 20
82864.000000  10943 20
82884.000000  10946 20
82886.000000  10947 20
82932.000000  10955 20
82932.000000  10955 20
82944.000000  10957 20
82974.000000  10962 20
82974.000000  10962 20
83004.000000  10968 20
83050.000000  10976 20
83132.000000  10990 20
83244.000000  11009 20
83250.000000  11010 20
83278.000000  11015 20
83340.000000  11026 20
83342.000000  11027 20
83344.000000  11027 20
83352.000000  11028 20
83386.000000  11034 20
83464.000000  11048 20
83466.000000  11049 20
83496.000000  11054 20
83498.000000  11054 20
83534.000000  11061 20
83584.000000  11069 20
83646.000000  11080 20
83674.000000  11085 20
83674.000000  11085 20
83708.000000  11091 20
83730.000000  11095 20
83866.000000  11119 20
83868.000000  11119 20
83940.000000  11132 20
83974.000000  11138 20
84048.000000  11151 20
84218.000000  11181 20
84218.000000  11181 20
84236.000000  11184 20
84258.000000  11187 20
84292.000000  11193 20
84310.000000  11197 20
84332.000000  11200 20
84364.000000  11206 20
84364.000000  11206 20
84446.000000  11221 20
84490.000000  11228 20
84554.000000  11240 20
84614.000000  11250 20
84646.000000  11256 20
84646.000000  11256 20
84670.000000  11260 20
84704.000000  11266 20
84732.000000  11271 20
84734.000000  11271 20
84762.000000  11276 20
84848.000000  11291 20
84848.000000  11291 20
84878.000000  11296 20
84910.000000  11302 20
84960.000000  11311 20
84962.000000  11311 20
84984.000000  11315 20
85052.000000  11327 20
85052.000000  11327 20
85070.000000  11330 20
85110.000000  11337 20
85140.000000  11342 20
85194.000000  11352 20
85264.000000  11364 20
85336.000000  11377 20
85338.000000  11377 20
85360.000000  11381 20
85426.000000  11393 20
85460.000000  11399 20
85496.000000  11405 20
85572.000000  11418 20
85626.000000  11428 20
85718.000000  11444 20
85718.000000  11444 20
85768.000000  11453 20
85840.000000  11465 20
85856.000000  11468 20
85886.000000  11473 20
85940.000000  11483 20
85964.000000  11487 20
85970.000000  11488 20
86046.000000  11502 20
86082.000000  11508 20
86114.000000  11514 20
86132.000000  11517 20
86162.000000  11522 20
86216.000000  11531 20
86246.000000  11537 20
86260.000000  11539 20
86352.000000  11555 20
86352.000000  11555 20
86376.000000  11559 20
86408.000000  11565 20
86436.000000  11570 20
86442.000000  11571 20
86464.000000  11575 20
86532.000000  11587 20
86544.000000  11589 20
86578.000000  11595 20
86580.000000  11595 20
86708.000000  11618 20
86710.000000  11618 20
86718.000000  11620 20
86748.000000  11625 20
86798.000000  11633 20
86850.000000  11643 20
86886.000000  11649 20
86914.000000  11654 20
86962.000000  11662 20
86992.000000  11668 20
87014.000000  11671 20
87014.000000  11671 20
87048.000000  11677 20
87138.000000  11693 20
87150.000000  11695 20
87184.000000  11701 20
87214.000000  11707 20
87216.000000  11707 20
87246.000000  11712 20
87300.000000  11722 20
87324.000000  11726 20
87336.000000  11728 20
87356.000000  11731 20
87370.000000  11734 20
87406.000000  11740 20
87426.000000  11744 20
87464.000000  11750 20
87496.000000  11756 20
87546.000000  11765 20
87588.000000  11772 20
87588.000000  11772 20
87638.000000  11781 20
87640.000000  11781 20
87668.000000  11786 20
87700.000000  11792 20
87724.000000  11796 20
87756.000000  11802 20
87780.000000  11806 20
87814.000000  11812 20
87816.000000  11812 20
87850.000000  11818 20
87856.000000  11819 20
87892.000000  11825 20
87946.000000  11835 20
87946.000000  11835 20
87946.000000  11835 20
88002.000000  11845 20
88038.000000  11851 20
88096.000000  11861 20
88146.000000  11870 20
88186.000000  11877 20
88214.000000  11882 20
88238.000000  11886 20
88252.000000  11889 20
88254.000000  11889 20
88278.000000  11893 20
88336.000000  11903 20
88350.000000  11906 20
88380.000000  11911 20
88406.000000  11916 20
88440.000000  11922 20
88464.000000  11926 20
88496.000000  11931 20
88496.000000  11931 20
88552.000000  11941 20
88554.000000  11942 20
88582.000000  11947 20
88618.000000  11953 20
88620.000000  11953 20
88646.000000  11958 20
88680.000000  11964 20
88700.000000  11967 20
88700.000000  11967 20
88722.000000  11971 20
88752.000000  11977 20
88804.000000  11986 20
88850.000000  11994 20
88870.000000  11997 20
88870.000000  11997 20
88882.000000  11999 20
88898.000000  12002 20
88932.000000  12008 20
88932.000000  12008 20
88950.000000  12011 20
88972.000000  12015 20
89032.000000  12026 20
89088.000000  12035 20
89144.000000  12045 20
89146.000000  12046 20
89178.000000  12051 20
89234.000000  12061 20
89264.000000  12066 20
89266.000000  12067 20
89290.000000  12071 20
89290.000000  12071 20
89338.000000  12079 20
89350.000000  12081 20
89394.000000  12089 20
89448.000000  12099 20
89448.000000  12099 20
89472.000000  12103 20
89496.000000  12107 20
89606.000000  12127 20
89630.000000  12131 20
89700.000000  12143 20
89732.000000  12149 20
89732.000000  12149 20
89786.000000  12158 20
89820.000000  12164 20
89874.000000  12173 20
89966.000000  12189 20
89986.000000  12193 20
90008.000000  12197 20
90022.000000  12199 20
90024.000000  12200 20
90058.000000  12206 20
90060.000000  12206 20
90074.000000  12209 20
90074.000000  12209 20
90122.000000  12217 20
90122.000000  12217 20
90148.000000  12222 20
90198.000000  12231 20
90210.000000  12233 20
90256.000000  12241 20
90258.000000  12241 20
90264.000000  12242 20
90280.000000  12245 20
90302.000000  12249 20
90356.000000  12258 20
90412.000000  12268 20
90422.000000  12270 20
90436.000000  12272 20
90458.000000  12276 20
90524.000000  12287 20
90556.000000  12293 20
90602.000000  12301 20
90618.000000  12304 20
90632.000000  12307 20
90632.000000  12307 20
90686.000000  12316 20
90730.000000  12324 20
90742.000000  12326 20
90744.000000  12326 20
90768.000000  12331 20
90908.000000  12355 20
90908.000000  12355 20
90944.000000  12361 20
90984.000000  12368 20
90986.000000  12369 20
91042.000000  12378 20
91078.000000  12385 20
91080.000000  12385 20
91132.000000  12394 20
91134.000000  12395 20
91164.000000  12400 20
91234.000000  12413 20
91250.000000  12415 20
91264.000000  12418 20
91264.000000  12418 20
91306.000000  12425 20
91322.000000  12428 20
91370.000000  12436 20
91394.000000  12440 20
91456.000000  12451 20
91470.000000  12453 20
91490.000000  12457 20
91490.000000  12457 20
91566.000000  12470 20
91622.000000  12480 20
91720.000000  12498 20
91742.000000  12502 20
91832.000000  12517 20
91844.000000  12519 20
91864.000000  12523 20
91870.000000  12524 20
91880.000000  12526 20
91964.000000  12540 20
92060.000000  12557 20
92082.000000  12561 20
92096.000000  12563 20
92118.000000  12567 20
92146.000000  12572 20
92160.000000  12575 20
92176.000000  12578 20
92282.000000  12596 20
92284.000000  12597 20
92290.000000  12598 20
92292.000000  12598 20
92314.000000  12602 20
92346.000000  12608 20
92348.000000  12608 20
92378.000000  12613 20
92402.000000  12617 20
92434.000000  12623 20
92526.000000  12639 20
92576.000000  12648 20
92630.000000  12657 20
92660.000000  12663 20
92668.000000  12664 20
92686.000000  12667 20
92756.000000  12680 20
92886.000000  12702 20
92986.000000  12720 20
92988.000000  12720 20
92992.000000  12721 20
93020.000000  12726 20
93048.000000  12731 20
93050.000000  12731 20
93100.000000  12740 20
93130.000000  12745 20
93132.000000  12745 20
93148.000000  12748 20
93160.000000  12750 20
93382.000000  12789 20
93422.000000  12797 20
93456.000000  12802 20
93458.000000  12803 20
93482.000000  12807 20
93514.000000  12812 20
93540.000000  12817 20
93580.000000  12824 20
93658.000000  12838 20
93742.000000  12853 20
93742.000000  12853 20
93786.000000  12861 20
93844.000000  12871 20
93860.000000  12873 20
93932.000000  12886 20
93980.000000  12894 20
94014.000000  12900 20
94026.000000  12902 20
94052.000000  12907 20
94110.000000  12917 20
94126.000000  12920 20
94158.000000  12925 20
94212.000000  12935 20
94234.000000  12939 20
94236.000000  12939 20
94270.000000  12945 20
94272.000000  12946 20
94292.000000  12949 20
94324.000000  12955 20
94352.000000  12960 20
94354.000000  12960 20
94384.000000  12965 20
94386.000000  12966 20
94434.000000  12974 20
94460.000000  12979 20
94482.000000  12983 20
94512.000000  12988 20
94522.000000  12989 20
94542.000000  12993 20
94588.000000  13001 20
94614.000000  13006 20
94654.000000  13013 20
94656.000000  13013 20
94702.000000  13021 20
94766.000000  13033 20
94828.000000  13043 20
94864.000000  13050 20
94866.000000  13050 20
94888.000000  13054 20
95450.000000  13153 20
95452.000000  13153 20
95458.000000  13154 20
95472.000000  13157 20
95496.000000  13161 20
95528.000000  13166 20
95550.000000  13170 20
95550.000000  13170 20
95566.000000  13173 20
95592.000000  13177 20
95682.000000  13193 20
95706.000000  13197 20
95726.000000  13201 20
95752.000000  13206 20
95844.000000  13222 20
95844.000000  13222 20
95844.000000  13222 20
95854.000000  13224 20
95880.000000  13228 20
95882.000000  13229 20
96008.000000  13251 20
96062.000000  13260 20
96120.000000  13270 20
96122.000000  13270 20
96152.000000  13276 20
96176.000000  13280 20
96192.000000  13283 20
96192.000000  13283 20
96260.000000  13295 20
96320.000000  13305 20
96322.000000  13306 20
96344.000000  13310 20
96370.000000  13314 20
96372.000000  13315 20
96422.000000  13323 20
96440.000000  13326 20
96442.000000  13327 20
96476.000000  13333 20
96514.000000  13339 20
96532.000000  13342 20
96554.000000  13346 20
96602.000000  13355 20
96604.000000  13355 20
96628.000000  13359 20
96630.000000  13359 20
96682.000000  13369 20
96716.000000  13375 20
96744.000000  13380 20
96746.000000  13380 20
96856.000000  13399 20
96862.000000  13401 20
96882.000000  13404 20
96912.000000  13409 20
96944.000000  13415 20
96944.000000  13415 20
96992.000000  13423 20
97068.000000  13436 20
97070.000000  13437 20
97110.000000  13444 20
97158.000000  13452 20
97174.000000  13455 20
97188.000000  13457 20
97208.000000  13461 20
97234.000000  13466 20
97268.000000  13472 20
97324.000000  13481 20
97384.000000  13492 20
97386.000000  13493 20
97414.000000  13497 20
97438.000000  13501 20
97472.000000  13507 20
97474.000000  13508 20
97494.000000  13511 20
97510.000000  13514 20
97526.000000  13517 20
97550.000000  13521 20
97550.000000  13521 20
97564.000000  13523 20
97604.000000  13530 20
97604.000000  13530 20
97604.000000  13530 20
97604.000000  13530 20
97676.000000  13543 20
97710.000000  13549 20
97728.000000  13552 20
97758.000000  13557 20
97826.000000  13570 20
97838.000000  13572 20
97860.000000  13576 20
97886.000000  13580 20
97912.000000  13585 20
97968.000000  13595 20
97982.000000  13597 20
98040.000000  13607 20
98072.000000  13613 20
98072.000000  13613 20
98108.000000  13619 20
98162.000000  13628 20
98196.000000  13634 20
98220.000000  13639 20
98222.000000  13639 20
98260.000000  13646 20
98268.000000  13647 20
98298.000000  13652 20
98312.000000  13655 20
98352.000000  13662 20
98392.000000  13669 20
98412.000000  13673 20
98428.000000  13675 20
98448.000000  13679 20
98466.000000  13682 20
98482.000000  13685 20
98498.000000  13688 20
98528.000000  13693 20
98542.000000  13695 20
98544.000000  13696 20
98674.000000  13718 20
98674.000000  13718 20
98688.000000  13721 20
98720.000000  13726 20
98774.000000  13736 20
98804.000000  13741 20
98806.000000  13741 20
98810.000000  13742 20
98876.000000  13754 20
98878.000000  13754 20
98880.000000  13755 20
98904.000000  13759 20
98934.000000  13764 20
98980.000000  13772 20
99006.000000  13777 20
99054.000000  13785 20
99092.000000  13792 20
99110.000000  13795 20
99168.000000  13805 20
99210.000000  13812 20
99264.000000  13822 20
99266.000000  13822 20
99318.000000  13831 20
99340.000000  13835 20
99340.000000  13835 20
99354.000000  -1 20
99354.000000  -1 20
99368.000000  13840 20
99478.000000  13860 20
99522.000000  13867 20
99524.000000  13868 20
99546.000000  13872 20
99546.000000  13872 20
99592.000000  13880 20
99626.000000  13885 20
99652.000000  13890 20
99668.000000  13893 20
99688.000000  13896 20
99724.000000  13903 20
99846.000000  13924 20
99870.000000  13929 20
99902.000000  13934 20
99944.000000  13941 20
99980.000000  13948 20
100002.000000  13952 20
100036.000000  13957 20
100058.000000  13961 20
100094.000000  13968 20
100096.000000  13968 20
100148.000000  13977 20
100164.000000  13980 20
100212.000000  13988 20
100244.000000  13994 20
100258.000000  13996 20
100274.000000  13999 20
100300.000000  14004 20
100302.000000  14004 20
100316.000000  14007 20
100350.000000  14013 20
100380.000000  14018 20
100400.000000  14022 20
100494.000000  14038 20
100570.000000  14051 20
100572.000000  14052 20
100682.000000  14071 20
100716.000000  14077 20
100808.000000  14093 20
100840.000000  14099 20
100842.000000  14099 20
100866.000000  14103 20
100868.000000  14103 20
100898.000000  14109 20
100930.000000  14115 20
100944.000000  14117 20
100990.000000  14125 20
101028.000000  14132 20
101058.000000  14137 20
101088.000000  14142 20
101102.000000  14145 20
101136.000000  14151 20
101160.000000  14155 20
101162.000000  14155 20
101170.000000  14156 20
101184.000000  14159 20
101246.000000  14170 20
101274.000000  14175 20
101274.000000  14175 20
101330.000000  14185 20
101332.000000  14185 20
101364.000000  14191 20
101394.000000  14196 20
101426.000000  14202 20
101444.000000  14205 20
101474.000000  14210 20
101508.000000  14216 20
101526.000000  14219 20
101542.000000  14222 20
101576.000000  14228 20
101600.000000  14232 20
101602.000000  14233 20
101638.000000  14239 20
101670.000000  14244 20
101700.000000  14249 20
101736.000000  14256 20
101738.000000  14256 20
101740.000000  14257 20
101870.000000  14279 20
101872.000000  14280 20
101902.000000  14285 20
101904.000000  14285 20
101936.000000  14291 20
101968.000000  14297 20
101990.000000  14301 20
101990.000000  14301 20
102006.000000  14303 20
102040.000000  14309 20
102070.000000  14315 20
102114.000000  14322 20
102130.000000  14325 20
102178.000000  14333 20
102208.000000  14339 20
102248.000000  14346 20
102284.000000  14352 20
102298.000000  14355 20
102298.000000  14355 20
102326.000000  14359 20
102356.000000  14365 20
102370.000000  14367 20
102410.000000  14374 20
102442.000000  14380 20
102464.000000  14384 20
102520.000000  14394 20
102520.000000  14394 20
102554.000000  14400 20
102608.000000  14409 20
102632.000000  14413 20
102646.000000  14416 20
102702.000000  14425 20
102718.000000  14428 20
102736.000000  14431 20
102736.000000  14431 20
102758.000000  14435 20
102788.000000  14440 20
102800.000000  14443 20
102846.000000  14451 20
102858.000000  14453 20
102874.000000  14456 20
102922.000000  14464 20
102924.000000  14465 20
102976.000000  14474 20
103084.000000  14493 20
103120.000000  14499 20
103142.000000  14503 20
103156.000000  14505 20
103208.000000  14514 20
103208.000000  14514 20
103262.000000  14524 20
103316.000000  14533 20
103344.000000  14538 20
103390.000000  14546 20
103440.000000  14555 20
103472.000000  14561 20
103510.000000  14567 20
103554.000000  14575 20
103556.000000  14575 20
103582.000000  14580 20
103644.000000  14591 20
103644.000000  14591 20
103692.000000  14599 20
103724.000000  14605 20
103748.000000  14609 20
103912.000000  14638 20
103946.000000  14644 20
104052.000000  14663 20
104070.000000  14666 20
104122.000000  14675 20
104174.000000  14684 20
104186.000000  14686 20
104214.000000  14691 20
104262.000000  14699 20
104300.000000  14706 20
104302.000000  14706 20
104334.000000  14712 20
104388.000000  14721 20
104442.000000  14731 20
104558.000000  14751 20
104612.000000  14761 20
104612.000000  14761 20
104612.000000  14761 20
104638.000000  14765 20
104660.000000  14769 20
104684.000000  14773 20
104732.000000  14782 20
104750.000000  14785 20
104764.000000  14787 20
104864.000000  14805 20
104864.000000  14805 20
104864.000000  14805 20
104890.000000  14809 20
104946.000000  14819 20
106066.000000  15016 20
106128.000000  15027 20
106164.000000  15033 20
106176.000000  15035 20
106218.000000  15043 20
106220.000000  15043 20
106236.000000  15046 20
106270.000000  15052 20
106304.000000  15058 20
106344.000000  15065 20
106346.000000  15065 20
106376.000000  15070 20
106430.000000  15080 20
106460.000000  15085 20
106462.000000  15085 20
106488.000000  15090 20
106512.000000  15094 20
106526.000000  15097 20
106558.000000  15103 20
106560.000000  15103 20
106610.000000  15112 20
106632.000000  15116 20
106654.000000  15119 20
106718.000000  15131 20
106790.000000  15143 20
106844.000000  15153 20
106844.000000  15153 20
106864.000000  15156 20
106926.000000  15167 20
106926.000000  15167 20
106940.000000  15169 20
106994.000000  15179 20
106994.000000  15179 20
107048.000000  15189 20
107048.000000  15189 20
107102.000000  15198 20
107128.000000  15203 20
107184.000000  15212 20
107224.000000  15219 20
107256.000000  15225 20
107274.000000  15228 20
107314.000000  15235 20
107340.000000  15240 20
107356.000000  15242 20
107374.000000  15246 20
107394.000000  15249 20
107420.000000  15254 20
107446.000000  15258 20
107446.000000  15258 20
107506.000000  15269 20
107536.000000  15274 20
107536.000000  15274 20
107570.000000  15280 20
107592.000000  15284 20
107626.000000  15290 20
107660.000000  15296 20
107734.000000  15309 20
107734.000000  15309 20
107770.000000  15315 20
107864.000000  15331 20
107864.000000  15331 20
107928.000000  15343 20
107950.000000  15347 20
107952.000000  15347 20
107960.000000  15348 20
107960.000000  15348 20
108232.000000  15396 20
108260.000000  15401 20
108260.000000  15401 20
108260.000000  15401 20
108344.000000  15416 20
108374.000000  15421 20
108430.000000  15431 20
108480.000000  15440 20
108544.000000  15451 20
108580.000000  15458 20
108640.000000  15468 20
108670.000000  15473 20
108672.000000  15474 20
108722.000000  15483 20
108746.000000  15487 20
108866.000000  15508 20
108920.000000  15517 20
108922.000000  15517 20
108982.000000  15528 20
108984.000000  15528 20
109040.000000  15538 20
109096.000000  15548 20
109154.000000  15558 20
109184.000000  15564 20
109198.000000  15566 20
109222.000000  15570 20
109240.000000  15573 20
109290.000000  15582 20
109328.000000  15589 20
109392.000000  15600 20
109482.000000  15616 20
109514.000000  15621 20
109514.000000  15621 20
109550.000000  15628 20
109580.000000  15633 20
109582.000000  15633 20
109650.000000  15645 20
109684.000000  15651 20
109738.000000  15661 20
109760.000000  15665 20
109780.000000  15668 20
109796.000000  15671 20
109796.000000  15671 20
109836.000000  15678 20
109836.000000  15678 20
109900.000000  -1 20
109900.000000  -1 20
109926.000000  15694 20
109928.000000  15694 20
109956.000000  15699 20
109992.000000  15705 20
110042.000000  15714 20
110090.000000  15723 20
110158.000000  15735 20
110224.000000  15746 20
110258.000000  15752 20
110332.000000  15765 20
110368.000000  15771 20
110400.000000  15777 20
110400.000000  15777 20
110430.000000  15782 20
110484.000000  15791 20
110510.000000  15796 20
110548.000000  15803 20
110602.000000  15812 20
110652.000000  15821 20
110736.000000  15836 20
110882.000000  15861 20
110938.000000  15871 20
110974.000000  15877 20
110974.000000  15877 20
110974.000000  15877 20
110974.000000  15877 20
110974.000000  15877 20
111112.000000  15902 20
111158.000000  15910 20
111188.000000  15915 20
111212.000000  15920 20
111232.000000  15923 20
111304.000000  15936 20
111336.000000  15941 20
111350.000000  15944 20
111456.000000  15962 20
111480.000000  15966 20
111540.000000  15977 20
111572.000000  15983 20
111574.000000  15983 20
111626.000000  15992 20
111656.000000  15997 20
111656.000000  15997 20
111732.000000  16011 20
111840.000000  16030 20
111842.000000  16030 20
111864.000000  16034 20
111884.000000  16038 20
111956.000000  16050 20
111984.000000  16055 20
112044.000000  16065 20
112046.000000  16066 20
112076.000000  16071 20
112078.000000  16071 20
112128.000000  16080 20
112152.000000  16085 20
112186.000000  16091 20
112238.000000  16100 20
112240.000000  16100 20
112356.000000  16120 20
112358.000000  16121 20
112380.000000  16125 20
112414.000000  16131 20
112422.000000  16132 20
112478.000000  16141 20
112528.000000  16150 20
112618.000000  16166 20
112654.000000  16173 20
112708.000000  16182 20
112846.000000  16206 20
112944.000000  16223 20
112946.000000  16224 20
112966.000000  16227 20
112994.000000  16232 20
113064.000000  16245 20
113066.000000  16245 20
113082.000000  16248 20
113128.000000  16256 20
113166.000000  16262 20
113200.000000  16269 20
113268.000000  16281 20
113284.000000  16283 20
113318.000000  16289 20
113318.000000  16289 20
113318.000000  16289 20
113392.000000  16302 20
113428.000000  16309 20
113458.000000  16314 20
113514.000000  16323 20
113548.000000  16329 20
113550.000000  16330 20
113574.000000  16334 20
113624.000000  16343 20
113646.000000  16347 20
113672.000000  16351 20
113724.000000  16361 20
113726.000000  16361 20
113736.000000  16363 20
113796.000000  16373 20
113812.000000  16376 20
113900.000000  16391 20
113900.000000  16391 20
114034.000000  16415 20
114036.000000  16415 20
114094.000000  16425 20
114156.000000  16436 20
114156.000000  16436 20
114190.000000  16442 20
114220.000000  16448 20
114220.000000  16448 20
114240.000000  16451 20
114258.000000  16454 20
114304.000000  16463 20
114344.000000  16469 20
114344.000000  16469 20
114368.000000  16473 20
114378.000000  16475 20
114474.000000  16492 20
114522.000000  16500 20
114524.000000  16501 20
114576.000000  16510 20
114578.000000  16510 20
114606.000000  16515 20
114630.000000  16519 20
114638.000000  16521 20
114718.000000  16535 20
114830.000000  16555 20
114830.000000  16555 20
114872.000000  16562 20
114918.000000  16570 20
114956.000000  16577 20
114974.000000  16580 20
115014.000000  16587 20
115028.000000  16589 20
115040.000000  16591 20
115060.000000  16595 20
115094.000000  16601 20
115122.000000  16606 20
115144.000000  16610 20
115168.000000  16614 20
115244.000000  16627 20
115280.000000  16634 20
115282.000000  16634 20
115332.000000  16643 20
115386.000000  16652 20
115410.000000  16656 20
115442.000000  16662 20
115512.000000  16674 20
115538.000000  16679 20
115584.000000  16687 20
115584.000000  16687 20
115664.000000  16701 20
115684.000000  16704 20
115694.000000  16706 20
115882.000000  16739 20
115884.000000  16740 20
115906.000000  16743 20
115938.000000  16749 20
115998.000000  16760 20
116034.000000  16766 20
116068.000000  16772 20
116096.000000  16777 20
116098.000000  16777 20
116128.000000  16782 20
116158.000000  16787 20
116160.000000  16788 20
116262.000000  16806 20
116264.000000  16806 20
116270.000000  16807 20
116292.000000  16811 20
116314.000000  16815 20
116360.000000  16823 20
116360.000000  16823 20
116408.000000  16832 20
116464.000000  16841 20
116498.000000  16847 20
116500.000000  16848 20
116578.000000  16861 20
116590.000000  16863 20
116622.000000  16869 20
116654.000000  16875 20
116666.000000  16877 20
116700.000000  16883 20
116730.000000  16888 20
116732.000000  16888 20
116762.000000  16894 20
116786.000000  16898 20
116788.000000  16898 20
116806.000000  16901 20
116806.000000  16901 20
116854.000000  16910 20
116854.000000  16910 20
116890.000000  16916 20
116936.000000  16924 20
117012.000000  16938 20
117076.000000  16949 20
117138.000000  16959 20
117170.000000  16965 20
117202.000000  16971 20
117232.000000  16976 20
117292.000000  16987 20
117294.000000  16987 20
117322.000000  16992 20
117376.000000  17002 20
117410.000000  17007 20
117450.000000  17014 20
117452.000000  17015 20
117468.000000  17018 20
117486.000000  17021 20
117486.000000  17021 20
117498.000000  17023 20
117512.000000  17025 20
117524.000000  17027 20
117554.000000  17033 20
117584.000000  17038 20
117598.000000  17040 20
117636.000000  17047 20
117648.000000  17049 20
117664.000000  17052 20
117674.000000  17053 20
117694.000000  17057 20
117720.000000  17062 20
117794.000000  17075 20
117794.000000  17075 20
117794.000000  17075 20
117794.000000  17075 20
117794.000000  17075 20
118096.000000  17127 20
118134.000000  17134 20
118170.000000  17141 20
118172.000000  17141 20
118240.000000  17153 20
118240.000000  17153 20
118256.000000  17156 20
118306.000000  17165 20
118324.000000  17168 20
118360.000000  17174 20
118362.000000  17175 20
118414.000000  17184 20
118416.000000  17184 20
118450.000000  17190 20
118452.000000  17190 20
118472.000000  17194 20
118506.000000  17200 20
118508.000000  17200 20
118528.000000  17204 20
118542.000000  17206 20
118564.000000  17210 20
118596.000000  17215 20
118624.000000  17220 20
118656.000000  17226 20
118680.000000  17230 20
118730.000000  17239 20
118754.000000  17243 20
118806.000000  17252 20
118832.000000  17257 20
118880.000000  17265 20
118880.000000  17265 20
118906.000000  17270 20
118908.000000  17270 20
118924.000000  17273 20
118950.000000  17278 20
118998.000000  17286 20
119014.000000  17289 20
119028.000000  17291 20
119060.000000  17297 20
119092.000000  17303 20
119122.000000  17308 20
119124.000000  17308 20
119138.000000  17311 20
119164.000000  17315 20
119180.000000  17318 20
119212.000000  17323 20
119236.000000  17328 20
119268.000000  17333 20
119268.000000  17333 20
119302.000000  17339 20
119334.000000  17345 20
119356.000000  17349 20
119356.000000  17349 20
119376.000000  17353 20
119376.000000  17353 20
119392.000000  17355 20
119410.000000  17359 20
119464.000000  17368 20
119508.000000  17376 20
119524.000000  17379 20
119574.000000  17387 20
119592.000000  17390 20
119618.000000  17395 20
119648.000000  17400 20
119668.000000  17403 20
119702.000000  17409 20
119732.000000  17415 20
119736.000000  17415 20
119796.000000  17426 20
119828.000000  17432 20
119830.000000  17432 20
119884.000000  17442 20
119886.000000  17442 20
119938.000000  17451 20
119992.000000  17461 20
120012.000000  17464 20
120012.000000  17464 20
120032.000000  17468 20
120080.000000  17476 20
120118.000000  17483 20
120152.000000  17488 20
120170.000000  17492 20
120184.000000  17494 20
120204.000000  17498 20
120218.000000  17500 20
120254.000000  17506 20
120286.000000  17512 20
120306.000000  17516 20
120308.000000  17516 20
120338.000000  17521 20
120392.000000  17531 20
120394.000000  17531 20
120432.000000  17538 20
120466.000000  17544 20
120502.000000  17550 20
120504.000000  17551 20
120524.000000  17554 20
120538.000000  17556 20
120550.000000  17559 20
120578.000000  17563 20
120586.000000  17565 20
120602.000000  17568 20
120670.000000  17579 20
120694.000000  17583 20
120742.000000  17592 20
120834.000000  17608 20
120864.000000  17614 20
120894.000000  17619 20
120924.000000  17624 20
120940.000000  17627 20
120950.000000  17629 20
121006.000000  17639 20
121022.000000  17641 20
121076.000000  17651 20
121110.000000  17657 20
121134.000000  17661 20
121148.000000  17663 20
121180.000000  17669 20
121246.000000  17681 20
121302.000000  17690 20
121362.000000  17701 20
121374.000000  17703 20
121398.000000  17707 20
121426.000000  17712 20
121444.000000  17716 20
121454.000000  17717 20
121472.000000  17721 20
121472.000000  17721 20
121492.000000  17724 20
121526.000000  17730 20
121562.000000  17736 20
121606.000000  17744 20
121630.000000  17748 20
121662.000000  17753 20
121700.000000  17760 20
121732.000000  17766 20
121756.000000  17770 20
121758.000000  17770 20
121822.000000  17782 20
121858.000000  17788 20
121888.000000  17793 20
121928.000000  17800 20
121954.000000  17805 20
121990.000000  17811 20
122040.000000  17820 20
122058.000000  17823 20
122086.000000  17828 20
122088.000000  17829 20
122096.000000  17830 20
122096.000000  17830 20
122128.000000  17836 20
122178.000000  17844 20
122264.000000  17859 20
122264.000000  17859 20
122290.000000  17864 20
122300.000000  17865 20
122316.000000  17868 20
122342.000000  17873 20
122366.000000  17877 20
122422.000000  17887 20
122456.000000  17893 20
122478.000000  17897 20
122512.000000  17903 20
122546.000000  17909 20
122576.000000  17914 20
122606.000000  17919 20
122638.000000  17925 20
122652.000000  17927 20
122686.000000  17933 20
122736.000000  17942 20
122752.000000  17945 20
122778.000000  17949 20
122792.000000  17952 20
122810.000000  17955 20
122826.000000  17958 20
122908.000000  17972 20
122994.000000  17988 20
123030.000000  17994 20
123084.000000  18003 20
123106.000000  18007 20
123106.000000  18007 20
123118.000000  18009 20
123252.000000  18033 20
123272.000000  18036 20
123272.000000  18036 20
123288.000000  18039 20
123314.000000  18043 20
123332.000000  18047 20
123332.000000  18047 20
123352.000000  18050 20
123362.000000  18052 20
123382.000000  18055 20
123382.000000  18055 20
123410.000000  18061 20
123436.000000  18065 20
123488.000000  18074 20
123490.000000  18075 20
123534.000000  18082 20
123548.000000  18085 20
123572.000000  18089 20
123626.000000  18099 20
123628.000000  18099 20
123662.000000  18105 20
123664.000000  18105 20
123684.000000  18109 20
123716.000000  18114 20
123746.000000  18119 20
123748.000000  18120 20
123774.000000  18124 20
123798.000000  18129 20
123846.000000  18137 20
123846.000000  18137 20
123858.000000  18139 20
123878.000000  18143 20
123900.000000  18147 20
123922.000000  18150 20
123948.000000  18155 20
123970.000000  18159 20
123984.000000  18161 20
123984.000000  18161 20
124010.000000  18166 20
124032.000000  18170 20
124050.000000  18173 20
124064.000000  18175 20
124090.000000  18180 20
124104.000000  18182 20
124144.000000  18189 20
124158.000000  18192 20
124214.000000  18202 20
124268.000000  18211 20
124290.000000  18215 20
124324.000000  18221 20
124346.000000  18225 20
124348.000000  18225 20
124404.000000  18235 20
124404.000000  18235 20
124462.000000  18245 20
124496.000000  18251 20
124526.000000  18257 20
124528.000000  18257 20
124542.000000  18259 20
124562.000000  18263 20
124578.000000  18266 20
124598.000000  18269 20
124614.000000  18272 20
124730.000000  18292 20
124730.000000  18292 20
124764.000000  18298 20
124844.000000  18312 20
124878.000000  18318 20
124906.000000  18323 20
124906.000000  18323 20
124906.000000  18323 20
124936.000000  18328 20
124964.000000  18333 20
125020.000000  18343 20
125054.000000  18349 20
125082.000000  18354 20
125116.000000  18360 20
125118.000000  18360 20
125142.000000  18365 20
125142.000000  18365 20
125176.000000  18371 20
125182.000000  18372 20
125218.000000  18378 20
125232.000000  18380 20
125232.000000  18380 20
125232.000000  18380 20
125232.000000  18380 20
125232.000000  18380 20
125232.000000  18380 20
125310.000000  18394 20
125326.000000  18397 20
125328.000000  18397 20
125364.000000  18403 20
125394.000000  18409 20
125412.000000  18412 20
125412.000000  18412 20
125446.000000  18418 20
125470.000000  18422 20
125544.000000  18435 20
125546.000000  18436 20
125578.000000  18441 20
125580.000000  18442 20
125600.000000  18445 20
125610.000000  18447 20
125624.000000  18449 20
125676.000000  18458 20
125700.000000  18463 20
125714.000000  18465 20
125756.000000  18472 20
125812.000000  18482 20
125860.000000  18490 20
125876.000000  18493 20
125910.000000  18499 20
125932.000000  18503 20
125980.000000  18512 20
125982.000000  18512 20
126030.000000  18520 20
126052.000000  18524 20
126066.000000  18527 20
126140.000000  18540 20
126202.000000  18551 20
126202.000000  18551 20
126218.000000  18553 20
126250.000000  18559 20
126304.000000  18568 20
126358.000000  18578 20
126410.000000  18587 20
126426.000000  18590 20
126452.000000  18594 20
126518.000000  18606 20
126562.000000  18614 20
126574.000000  18616 20
126600.000000  18621 20
126636.000000  18627 20
126638.000000  18627 20
126670.000000  18633 20
126692.000000  18637 20
126708.000000  18639 20
126710.000000  18640 20
126816.000000  18658 20
126840.000000  18662 20
126848.000000  18664 20
126882.000000  18670 20
126904.000000  18674 20
126918.000000  18676 20
126928.000000  18678 20
126956.000000  18683 20
127016.000000  18693 20
127062.000000  18702 20
127068.000000  18703 20
127128.000000  18713 20
127148.000000  18717 20
127180.000000  18722 20
127194.000000  18725 20
127204.000000  18727 20
127222.000000  18730 20
127296.000000  18743 20
127362.000000  18754 20
127438.000000  18767 20
127474.000000  18774 20
127528.000000  18783 20
127550.000000  18787 20
127564.000000  18790 20
127566.000000  18790 20
127576.000000  18792 20
127604.000000  18797 20
127604.000000  18797 20
127658.000000  18806 20
127710.000000  18815 20
127730.000000  18819 20
127778.000000  18827 20
127790.000000  18829 20
127828.000000  18836 20
127846.000000  18839 20
127860.000000  18841 20
127862.000000  18842 20
127886.000000  18846 20
127900.000000  18848 20
127920.000000  18852 20
127920.000000  18852 20
127920.000000  18852 20
127920.000000  18852 20
127958.000000  18859 20
127988.000000  18864 20
128022.000000  18870 20
128024.000000  18870 20
128052.000000  18875 20
128068.000000  18878 20
128120.000000  18887 20
128134.000000  18890 20
128158.000000  18894 20
128190.000000  18899 20
128264.000000  18913 20
128300.000000  18919 20
128326.000000  18923 20
128338.000000  18925 20
128368.000000  18931 20
128382.000000  18933 20
128398.000000  18936 20
128424.000000  18941 20
128474.000000  18949 20
128476.000000  18949 20
128532.000000  18959 20
128558.000000  18964 20
128568.000000  18966 20
128600.000000  18971 20
128614.000000  18974 20
128630.000000  18977 20
128662.000000  18983 20
128664.000000  18983 20
128688.000000  18987 20
128704.000000  18990 20
128738.000000  18996 20
128760.000000  19000 20
128794.000000  19006 20
128816.000000  19009 20
128850.000000  19015 20
128878.000000  19020 20
128880.000000  19020 20
128912.000000  19026 20
128940.000000  19031 20
128972.000000  19037 20
128974.000000  19037 20
129004.000000  19042 20
129078.000000  19055 20
129090.000000  19058 20
129120.000000  19063 20
129144.000000  19067 20
129160.000000  19070 20
129176.000000  19073 20
129192.000000  19075 20
129194.000000  19076 20
129218.000000  19080 20
129246.000000  19085 20
129262.000000  19088 20
129296.000000  19094 20
129298.000000  19094 20
129378.000000  19108 20
129412.000000  19114 20
129436.000000  19118 20
129468.000000  19124 20
129496.000000  19129 20
129496.000000  19129 20
129496.000000  19129 20
129512.000000  19131 20
129542.000000  19137 20
129546.000000  19137 20
129572.000000  19142 20
129608.000000  19148 20
129640.000000  19154 20
129690.000000  19163 20
129692.000000  19163 20
129712.000000  19167 20
129714.000000  19167 20
129736.000000  19171 20
129750.000000  19173 20
129750.000000  19173 20
129800.000000  19182 20
129882.000000  19196 20
129908.000000  19201 20
129910.000000  19201 20
129964.000000  19211 20
129986.000000  19215 20
130020.000000  19221 20
130050.000000  19226 20
130082.000000  19232 20
130116.000000  19238 20
130154.000000  19244 20
130156.000000  19245 20
130228.000000  19257 20
130244.000000  19260 20
130260.000000  19263 20
130282.000000  19267 20
