36081.000000  8 20
36155.000000  20 20
36209.000000  30 20
36313.000000  48 20
36361.000000  57 20
36463.000000  74 20
36587.000000  96 20
36647.000000  107 20
36783.000000  131 20
37029.000000  174 20
37135.000000  193 20
37135.000000  193 20
37365.000000  233 20
37419.000000  243 20
37441.000000  247 20
37441.000000  247 20
37515.000000  260 20
37601.000000  275 20
37733.000000  298 20
37769.000000  305 20
37785.000000  308 20
37799.000000  310 20
37799.000000  310 20
37837.000000  317 20
37855.000000  320 20
37877.000000  324 20
38087.000000  361 20
38323.000000  403 20
38331.000000  404 20
38359.000000  409 20
38381.000000  413 20
38449.000000  425 20
38451.000000  425 20
38745.000000  477 20
38839.000000  493 20
38937.000000  511 20
39129.000000  544 20
39389.000000  590 20
39415.000000  595 20
39449.000000  601 20
39471.000000  605 20
39471.000000  605 20
39507.000000  611 20
39509.000000  611 20
39603.000000  628 20
39671.000000  640 20
39695.000000  644 20
39829.000000  668 20
39879.000000  677 20
39895.000000  679 20
39951.000000  689 20
39951.000000  689 20
40007.000000  699 20
40043.000000  705 20
40045.000000  706 20
40119.000000  719 20
40119.000000  719 20
40119.000000  719 20
40209.000000  734 20
40315.000000  753 20
40327.000000  755 20
40363.000000  762 20
40383.000000  765 20
40529.000000  791 20
40585.000000  801 20
40601.000000  803 20
40659.000000  814 20
40755.000000  831 20
40779.000000  835 20
40787.000000  836 20
40851.000000  848 20
40869.000000  851 20
40905.000000  857 20
40935.000000  863 20
40955.000000  866 20
40975.000000  869 20
40981.000000  871 20
41051.000000  883 20
41105.000000  892 20
41129.000000  896 20
41151.000000  900 20
41407.000000  946 20
41491.000000  960 20
41525.000000  966 20
41559.000000  972 20
41573.000000  975 20
41655.000000  989 20
41655.000000  989 20
41687.000000  995 20
41729.000000  1002 20
41753.000000  1006 20
41813.000000  1017 20
41827.000000  1019 20
41881.000000  1029 20
41915.000000  1035 20
41947.000000  1041 20
42009.000000  1051 20
42011.000000  1052 20
42043.000000  1057 20
42073.000000  1063 20
42137.000000  1074 20
42213.000000  1087 20
42287.000000  1100 20
42311.000000  1105 20
42567.000000  1150 20
42641.000000  1162 20
42849.000000  1199 20
42851.000000  1200 20
42889.000000  1206 20
42965.000000  1220 20
43011.000000  1228 20
43075.000000  1239 20
43077.000000  1239 20
43097.000000  1243 20
43097.000000  1243 20
43169.000000  1255 20
43227.000000  1265 20
43261.000000  1271 20
43313.000000  1281 20
43483.000000  1311 20
43533.000000  1319 20
43609.000000  1333 20
43709.000000  1350 20
43711.000000  1351 20
43805.000000  1367 20
43839.000000  1373 20
43839.000000  1373 20
43839.000000  1373 20
43839.000000  1373 20
43899.000000  1384 20
43901.000000  1384 20
43921.000000  1388 20
43923.000000  1388 20
43953.000000  1393 20
43955.000000  1394 20
44035.000000  1408 20
44055.000000  1411 20
44153.000000  1428 20
44189.000000  1435 20
44323.000000  1458 20
44381.000000  1469 20
44415.000000  1475 20
44469.000000  1484 20
44469.000000  1484 20
44469.000000  1484 20
44493.000000  1489 20
44525.000000  1494 20
44579.000000  1503 20
44863.000000  1553 20
44899.000000  1560 20
44919.000000  1563 20
44943.000000  1567 20
44987.000000  1575 20
45073.000000  1590 20
45273.000000  1625 20
45527.000000  1670 20
45627.000000  1688 20
45651.000000  1692 20
45717.000000  1703 20
45753.000000  1710 20
45755.000000  1710 20
45775.000000  1713 20
45835.000000  1724 20
45837.000000  1724 20
45863.000000  1729 20
45865.000000  1729 20
45969.000000  1748 20
45971.000000  1748 20
45997.000000  1753 20
46751.000000  1885 20
46795.000000  1893 20
46797.000000  1893 20
46817.000000  1897 20
46831.000000  1899 20
46865.000000  1905 20
46885.000000  1909 20
46941.000000  1919 20
46997.000000  1929 20
47009.000000  1931 20
47011.000000  1931 20
47021.000000  1933 20
47023.000000  1933 20
47051.000000  1938 20
47083.000000  1944 20
47097.000000  1946 20
47227.000000  1969 20
47229.000000  1969 20
47355.000000  1991 20
47357.000000  1992 20
47383.000000  1996 20
47391.000000  1998 20
47453.000000  2009 20
47465.000000  2011 20
47485.000000  2014 20
47557.000000  2027 20
47653.000000  2044 20
47709.000000  2053 20
47709.000000  2053 20
47775.000000  2065 20
47897.000000  2087 20
47909.000000  2089 20
47953.000000  2096 20
47969.000000  2099 20
48017.000000  2108 20
48047.000000  2113 20
48047.000000  2113 20
48103.000000  2123 20
48127.000000  2127 20
48127.000000  2127 20
48143.000000  2130 20
48191.000000  2138 20
48227.000000  2145 20
48229.000000  2145 20
48333.000000  2163 20
48355.000000  2167 20
48389.000000  2173 20
48495.000000  2192 20
48511.000000  2195 20
48537.000000  2199 20
48537.000000  2199 20
48565.000000  2204 20
48613.000000  2213 20
48753.000000  2237 20
48783.000000  2242 20
48833.000000  2251 20
48889.000000  2261 20
48945.000000  2271 20
49001.000000  2281 20
49011.000000  2282 20
49087.000000  2296 20
49119.000000  2301 20
49119.000000  2301 20
49169.000000  2310 20
49209.000000  2317 20
49325.000000  2337 20
49327.000000  2338 20
49369.000000  2345 20
49501.000000  2368 20
49501.000000  2368 20
49571.000000  2381 20
49719.000000  2407 20
49747.000000  2412 20
49947.000000  2447 20
49965.000000  2450 20
50039.000000  2463 20
50071.000000  2469 20
50107.000000  2475 20
50131.000000  2479 20
50163.000000  2485 20
50313.000000  2511 20
50325.000000  2513 20
50339.000000  2515 20
50361.000000  2519 20
50375.000000  2522 20
50479.000000  2540 20
50527.000000  2549 20
50601.000000  2562 20
50601.000000  2562 20
50627.000000  2566 20
50627.000000  2566 20
50675.000000  2575 20
50691.000000  2577 20
50749.000000  2588 20
50783.000000  2594 20
50807.000000  2598 20
50863.000000  2607 20
50923.000000  2618 20
50925.000000  2619 20
50981.000000  2628 20
51015.000000  2634 20
51049.000000  2640 20
51075.000000  2645 20
51119.000000  2653 20
51133.000000  2655 20
51151.000000  2658 20
51199.000000  2667 20
51289.000000  2683 20
51389.000000  2700 20
51411.000000  2704 20
51473.000000  2715 20
51475.000000  2715 20
51479.000000  2716 20
51511.000000  2721 20
51535.000000  2726 20
51567.000000  2731 20
51621.000000  2741 20
51645.000000  2745 20
51701.000000  2755 20
51799.000000  2772 20
51837.000000  2779 20
51853.000000  2781 20
51881.000000  2786 20
51911.000000  2791 20
51981.000000  2804 20
52007.000000  2809 20
52083.000000  2822 20
52101.000000  2825 20
52133.000000  2831 20
52217.000000  2845 20
52219.000000  2846 20
52341.000000  2867 20
52341.000000  2867 20
52377.000000  2873 20
52379.000000  2874 20
52451.000000  2886 20
52451.000000  2886 20
52475.000000  2891 20
52497.000000  2895 20
52497.000000  2895 20
52545.000000  2903 20
52547.000000  2903 20
52577.000000  2909 20
52577.000000  2909 20
52625.000000  2917 20
52625.000000  2917 20
52681.000000  2927 20
52777.000000  2944 20
52831.000000  2953 20
52925.000000  2970 20
52937.000000  2972 20
53041.000000  2990 20
53061.000000  2994 20
53087.000000  2998 20
53095.000000  3000 20
53095.000000  3000 20
53135.000000  3007 20
53135.000000  3007 20
53153.000000  3010 20
53359.000000  3046 20
53361.000000  3046 20
53465.000000  3065 20
53467.000000  3065 20
53487.000000  3068 20
53489.000000  3069 20
53583.000000  3085 20
53613.000000  3091 20
53615.000000  3091 20
53635.000000  3095 20
53823.000000  3128 20
53863.000000  3134 20
53949.000000  3149 20
54003.000000  3159 20
54097.000000  3176 20
54187.000000  3192 20
54211.000000  3196 20
54219.000000  3197 20
54333.000000  3217 20
54359.000000  3222 20
54441.000000  3236 20
54467.000000  3241 20
54493.000000  3245 20
54493.000000  3245 20
54545.000000  3254 20
54703.000000  3282 20
54739.000000  3289 20
54741.000000  3289 20
54795.000000  3298 20
54797.000000  3299 20
54817.000000  3302 20
54819.000000  3302 20
54849.000000  3308 20
54849.000000  3308 20
54929.000000  3321 20
55001.000000  3334 20
55003.000000  3335 20
55013.000000  3336 20
55037.000000  3341 20
55085.000000  3349 20
55313.000000  3389 20
55315.000000  3390 20
55389.000000  3403 20
55423.000000  3408 20
55499.000000  3422 20
55645.000000  3447 20
55647.000000  3448 20
55757.000000  3467 20
55759.000000  3468 20
55783.000000  3472 20
55783.000000  3472 20
55791.000000  3473 20
55791.000000  3473 20
55813.000000  3477 20
55871.000000  3487 20
55933.000000  3498 20
55933.000000  3498 20
56007.000000  3511 20
56065.000000  3521 20
56099.000000  3527 20
56159.000000  3538 20
56251.000000  3554 20
56251.000000  3554 20
56311.000000  3565 20
56313.000000  3565 20
56335.000000  3569 20
56383.000000  3577 20
56407.000000  3581 20
56509.000000  3599 20
56509.000000  3599 20
56509.000000  3599 20
56533.000000  3603 20
56547.000000  3606 20
56567.000000  3609 20
56567.000000  3609 20
56603.000000  3616 20
56605.000000  3616 20
56677.000000  3629 20
56693.000000  3632 20
56747.000000  3641 20
56777.000000  3647 20
56777.000000  3647 20
56777.000000  3647 20
56785.000000  3648 20
56805.000000  3651 20
56835.000000  3657 20
56903.000000  3669 20
56999.000000  3685 20
57011.000000  3687 20
57089.000000  3701 20
57317.000000  3741 20
57341.000000  3745 20
57373.000000  3751 20
57415.000000  3758 20
57497.000000  3773 20
57515.000000  3776 20
57529.000000  3778 20
57547.000000  3781 20
57549.000000  3782 20
57609.000000  3792 20
57639.000000  3798 20
57687.000000  3806 20
57723.000000  3813 20
57765.000000  3820 20
57799.000000  3826 20
57799.000000  3826 20
57827.000000  3831 20
57881.000000  3840 20
57895.000000  3843 20
57927.000000  3848 20
57983.000000  3858 20
58015.000000  3863 20
58015.000000  3863 20
58069.000000  3873 20
58093.000000  3877 20
58109.000000  3880 20
58167.000000  3890 20
58167.000000  3890 20
58201.000000  3896 20
58209.000000  3898 20
58267.000000  3908 20
58267.000000  3908 20
58301.000000  3914 20
58321.000000  3918 20
58341.000000  3921 20
58365.000000  3925 20
58385.000000  3929 20
58409.000000  3933 20
58463.000000  3943 20
58587.000000  3964 20
58621.000000  3970 20
58629.000000  3971 20
58663.000000  3977 20
58669.000000  3979 20
58719.000000  3987 20
58759.000000  3994 20
58761.000000  3995 20
58797.000000  4001 20
58821.000000  4005 20
58841.000000  4009 20
58863.000000  4013 20
58955.000000  4029 20
58967.000000  4031 20
58987.000000  4034 20
58989.000000  4035 20
58999.000000  4036 20
59069.000000  4049 20
59091.000000  4053 20
59127.000000  4059 20
59129.000000  4059 20
59157.000000  4064 20
59243.000000  4079 20
59323.000000  4093 20
59377.000000  4103 20
59411.000000  4109 20
59441.000000  4114 20
59479.000000  4121 20
59531.000000  4130 20
59533.000000  4130 20
59585.000000  4139 20
59623.000000  4146 20
59655.000000  4152 20
59713.000000  4162 20
59781.000000  4174 20
59797.000000  4177 20
59823.000000  4181 20
59881.000000  4191 20
59883.000000  4192 20
59889.000000  4193 20
59923.000000  4199 20
59949.000000  4203 20
59983.000000  4209 20
60009.000000  4214 20
60017.000000  4215 20
60081.000000  4226 20
60131.000000  4235 20
60151.000000  4239 20
60175.000000  4243 20
60201.000000  4247 20
60299.000000  4265 20
60325.000000  4269 20
60385.000000  4280 20
60387.000000  4280 20
60449.000000  4291 20
60533.000000  4306 20
60593.000000  4316 20
60651.000000  4326 20
60677.000000  4331 20
60799.000000  4353 20
60809.000000  4354 20
60839.000000  4360 20
60959.000000  4381 20
61091.000000  4404 20
61091.000000  4404 20
61307.000000  4442 20
61415.000000  4461 20
61441.000000  4465 20
61465.000000  4470 20
61515.000000  4478 20
61567.000000  4487 20
61567.000000  4487 20
61631.000000  4499 20
61665.000000  4505 20
61755.000000  4521 20
61755.000000  4521 20
61811.000000  4530 20
61813.000000  4531 20
61865.000000  4540 20
61941.000000  4553 20
61963.000000  4557 20
62005.000000  4565 20
62189.000000  4597 20
62299.000000  4616 20
62395.000000  4633 20
62407.000000  4635 20
62515.000000  4654 20
62515.000000  4654 20
62575.000000  4665 20
62591.000000  4667 20
62591.000000  4667 20
62643.000000  4676 20
62675.000000  4682 20
62761.000000  4697 20
62763.000000  4697 20
62785.000000  4701 20
62865.000000  4715 20
62889.000000  4720 20
62899.000000  4722 20
62979.000000  4736 20
63035.000000  4745 20
63151.000000  4765 20
63233.000000  4780 20
63303.000000  4792 20
63315.000000  4794 20
63343.000000  4799 20
63367.000000  4804 20
63369.000000  4804 20
63383.000000  4807 20
63425.000000  4814 20
63473.000000  4822 20
63519.000000  4830 20
63577.000000  4841 20
63633.000000  4850 20
63665.000000  4856 20
63665.000000  4856 20
63773.000000  4875 20
63805.000000  4881 20
63941.000000  4905 20
63943.000000  4905 20
64119.000000  4935 20
64155.000000  4942 20
64157.000000  4942 20
64223.000000  4954 20
64223.000000  4954 20
64341.000000  4975 20
64341.000000  4975 20
64401.000000  4985 20
64457.000000  4995 20
64507.000000  5004 20
64565.000000  5014 20
64625.000000  5025 20
64719.000000  5041 20
64735.000000  5044 20
64749.000000  5046 20
64779.000000  5051 20
64797.000000  5055 20
64811.000000  5057 20
64843.000000  5063 20
64877.000000  5069 20
64877.000000  5069 20
64933.000000  5079 20
64985.000000  5088 20
65039.000000  5097 20
65135.000000  5114 20
65275.000000  5139 20
65327.000000  5148 20
65421.000000  5165 20
65423.000000  5165 20
65475.000000  5174 20
65477.000000  5174 20
65529.000000  5183 20
65543.000000  5186 20
65561.000000  5189 20
65659.000000  5206 20
65717.000000  5216 20
65773.000000  5226 20
65773.000000  5226 20
65815.000000  5233 20
65845.000000  5239 20
66041.000000  5273 20
66129.000000  5289 20
66141.000000  5291 20
66211.000000  5303 20
66305.000000  5319 20
66331.000000  5324 20
66415.000000  5339 20
66481.000000  5351 20
66517.000000  5357 20
66531.000000  5359 20
66531.000000  5359 20
66551.000000  5363 20
66571.000000  5366 20
66647.000000  5380 20
66647.000000  5380 20
66749.000000  5397 20
66771.000000  5401 20
66805.000000  5407 20
66837.000000  5413 20
66893.000000  5423 20
66927.000000  5429 20
66957.000000  5434 20
66969.000000  5436 20
67023.000000  5446 20
67049.000000  5450 20
67101.000000  5459 20
67117.000000  5462 20
67141.000000  5467 20
67211.000000  5479 20
67323.000000  5498 20
67411.000000  5514 20
67473.000000  5525 20
67531.000000  5535 20
67563.000000  5541 20
67595.000000  5546 20
67653.000000  5556 20
67713.000000  5567 20
67761.000000  5575 20
67853.000000  5591 20
67903.000000  5600 20
67967.000000  5611 20
67967.000000  5611 20
67991.000000  5616 20
68029.000000  5623 20
68057.000000  5627 20
68127.000000  5640 20
68157.000000  5645 20
68157.000000  5645 20
68227.000000  5657 20
68477.000000  5701 20
68553.000000  5715 20
68605.000000  5724 20
68667.000000  5735 20
68691.000000  5739 20
68783.000000  5755 20
68839.000000  5765 20
68897.000000  5775 20
69019.000000  5796 20
69073.000000  5806 20
69093.000000  5809 20
69129.000000  5816 20
69207.000000  5829 20
69207.000000  5829 20
69393.000000  5862 20
69395.000000  5862 20
69445.000000  5871 20
69499.000000  5881 20
69619.000000  5902 20
69811.000000  5935 20
69897.000000  5950 20
69927.000000  5956 20
70001.000000  5969 20
70395.000000  6038 20
70427.000000  6043 20
70481.000000  6053 20
70513.000000  6059 20
70513.000000  6059 20
70587.000000  6072 20
70611.000000  6076 20
70625.000000  6079 20
70681.000000  6088 20
70747.000000  6100 20
70815.000000  6111 20
70849.000000  6117 20
70977.000000  6140 20
70989.000000  6142 20
71013.000000  6147 20
71085.000000  6159 20
71141.000000  6169 20
71201.000000  6179 20
71235.000000  6185 20
71235.000000  6185 20
71263.000000  6191 20
71263.000000  6191 20
71263.000000  6191 20
71297.000000  6196 20
71377.000000  6210 20
71461.000000  6225 20
71461.000000  6225 20
71523.000000  6236 20
71523.000000  6236 20
71601.000000  6250 20
71623.000000  6254 20
71681.000000  6264 20
71723.000000  6271 20
71749.000000  6276 20
71749.000000  6276 20
71767.000000  6279 20
71795.000000  6284 20
71837.000000  6291 20
71931.000000  6307 20
72005.000000  6321 20
72029.000000  6325 20
72061.000000  6330 20
72115.000000  6340 20
72145.000000  6345 20
72159.000000  6348 20
72187.000000  6353 20
72269.000000  6367 20
72345.000000  6380 20
72367.000000  6384 20
72381.000000  6386 20
72425.000000  6394 20
72453.000000  6399 20
72453.000000  6399 20
72491.000000  6406 20
72545.000000  6415 20
72545.000000  6415 20
72545.000000  6415 20
72599.000000  6425 20
72633.000000  6431 20
72689.000000  6441 20
72831.000000  6465 20
72865.000000  6471 20
72901.000000  6478 20
73127.000000  6518 20
73127.000000  6518 20
73261.000000  6541 20
73415.000000  6568 20
73439.000000  6572 20
73477.000000  6579 20
73477.000000  6579 20
73477.000000  6579 20
73485.000000  6580 20
73499.000000  6583 20
73517.000000  6586 20
73565.000000  6595 20
73595.000000  6600 20
73631.000000  6606 20
73661.000000  6611 20
73701.000000  6619 20
73755.000000  6628 20
73817.000000  6639 20
73851.000000  6645 20
73881.000000  6650 20
73881.000000  6650 20
73881.000000  6650 20
73967.000000  6665 20
73979.000000  6667 20
74043.000000  6678 20
74045.000000  6679 20
74051.000000  6680 20
74053.000000  6680 20
74111.000000  6690 20
74113.000000  6691 20
74121.000000  6692 20
74157.000000  6699 20
74199.000000  6706 20
74211.000000  6708 20
74213.000000  6708 20
74223.000000  6710 20
74267.000000  6718 20
74267.000000  6718 20
74299.000000  6723 20
74313.000000  6726 20
74313.000000  6726 20
74337.000000  6730 20
74405.000000  6742 20
74439.000000  6748 20
74495.000000  6758 20
74497.000000  6758 20
74549.000000  6767 20
74601.000000  6776 20
74603.000000  6777 20
74629.000000  6781 20
74629.000000  6781 20
74663.000000  6787 20
75223.000000  6886 20
75225.000000  6886 20
75353.000000  6909 20
75355.000000  6909 20
75381.000000  6913 20
75433.000000  6922 20
75473.000000  6929 20
75501.000000  6934 20
75533.000000  6940 20
75555.000000  6944 20
75565.000000  6946 20
75583.000000  6949 20
75615.000000  6954 20
75631.000000  6957 20
75647.000000  6960 20
75771.000000  6982 20
75799.000000  6987 20
75801.000000  6987 20
75807.000000  6988 20
75841.000000  6994 20
75863.000000  6998 20
75865.000000  6999 20
75919.000000  7008 20
75919.000000  7008 20
75933.000000  7010 20
75945.000000  7012 20
76265.000000  7069 20
76307.000000  7076 20
76307.000000  7076 20
76329.000000  7080 20
76361.000000  7086 20
76383.000000  7089 20
76383.000000  7089 20
76447.000000  7100 20
76511.000000  7112 20
76547.000000  7118 20
76547.000000  7118 20
76547.000000  7118 20
76601.000000  7128 20
76631.000000  7133 20
76675.000000  7141 20
76683.000000  7142 20
76705.000000  7146 20
76759.000000  7156 20
76857.000000  7173 20
76857.000000  7173 20
77059.000000  7208 20
77081.000000  7212 20
77115.000000  7218 20
77141.000000  7222 20
77207.000000  7234 20
77223.000000  7237 20
77355.000000  7260 20
77441.000000  7275 20
77527.000000  7290 20
77529.000000  7290 20
77549.000000  7294 20
77607.000000  7304 20
77607.000000  7304 20
77643.000000  7311 20
77821.000000  7342 20
77821.000000  7342 20
77875.000000  7351 20
77955.000000  7365 20
78021.000000  7377 20
78085.000000  7388 20
78145.000000  7399 20
78169.000000  7403 20
78169.000000  7403 20
78211.000000  7410 20
78331.000000  7431 20
78331.000000  7431 20
78331.000000  7431 20
78363.000000  7437 20
78365.000000  7437 20
78423.000000  7447 20
78425.000000  7448 20
78453.000000  7453 20
78485.000000  7458 20
78521.000000  7465 20
78575.000000  7474 20
78607.000000  7480 20
78627.000000  7483 20
78675.000000  7492 20
78695.000000  7495 20
78765.000000  7508 20
78803.000000  7514 20
78803.000000  7514 20
78839.000000  7521 20
78839.000000  7521 20
78869.000000  7526 20
78877.000000  7527 20
78877.000000  7527 20
78895.000000  7530 20
78949.000000  7540 20
79003.000000  7549 20
79017.000000  7551 20
79033.000000  7554 20
79035.000000  7555 20
79059.000000  7559 20
79143.000000  7574 20
79211.000000  7586 20
79211.000000  7586 20
79233.000000  7590 20
79393.000000  7618 20
79447.000000  7627 20
79447.000000  7627 20
79495.000000  7636 20
79535.000000  7643 20
79569.000000  7648 20
79593.000000  7653 20
79625.000000  7658 20
79701.000000  7672 20
79763.000000  7683 20
79765.000000  7683 20
79775.000000  7685 20
79827.000000  7694 20
79901.000000  7707 20
79977.000000  7720 20
80053.000000  7733 20
80097.000000  7741 20
80099.000000  7741 20
80129.000000  7747 20
80129.000000  7747 20
80161.000000  7753 20
80223.000000  7763 20
80345.000000  7785 20
80379.000000  7791 20
80403.000000  7795 20
80437.000000  7801 20
80489.000000  7810 20
80491.000000  7811 20
80543.000000  7819 20
80585.000000  7827 20
80613.000000  7832 20
80629.000000  7835 20
80629.000000  7835 20
80657.000000  7839 20
80679.000000  7843 20
80797.000000  7864 20
80799.000000  7865 20
80833.000000  7871 20
80967.000000  7894 20
81001.000000  7900 20
81001.000000  7900 20
81027.000000  7905 20
81041.000000  7907 20
81073.000000  7913 20
81097.000000  7917 20
81129.000000  7922 20
81141.000000  7925 20
81159.000000  7928 20
81159.000000  7928 20
81187.000000  7933 20
81221.000000  7939 20
81331.000000  7958 20
81343.000000  7960 20
81367.000000  7965 20
81415.000000  7973 20
81427.000000  7975 20
81473.000000  7983 20
81527.000000  7993 20
81541.000000  7995 20
81575.000000  8001 20
81631.000000  8011 20
81665.000000  8017 20
81689.000000  8021 20
81691.000000  8021 20
81813.000000  8043 20
81837.000000  8047 20
81887.000000  8056 20
81921.000000  8062 20
81969.000000  8070 20
82005.000000  8076 20
82039.000000  8082 20
82039.000000  8082 20
82039.000000  8082 20
82039.000000  8082 20
82151.000000  8102 20
82221.000000  8114 20
82343.000000  8136 20
82379.000000  8142 20
82407.000000  8147 20
82409.000000  8147 20
82531.000000  8169 20
82533.000000  8169 20
82561.000000  8174 20
82561.000000  8174 20
82607.000000  8182 20
82621.000000  8184 20
82645.000000  8189 20
82661.000000  8191 20
82681.000000  8195 20
82703.000000  8199 20
82733.000000  8204 20
82741.000000  8205 20
82761.000000  8209 20
82767.000000  8210 20
82797.000000  8215 20
82797.000000  8215 20
82831.000000  8221 20
82863.000000  8227 20
82899.000000  8234 20
82901.000000  8234 20
82951.000000  8243 20
82953.000000  8243 20
82977.000000  8247 20
83019.000000  8255 20
83041.000000  8258 20
83051.000000  8260 20
83083.000000  8266 20
83135.000000  8275 20
83135.000000  8275 20
83163.000000  8279 20
83195.000000  8285 20
83217.000000  8289 20
83259.000000  8296 20
83341.000000  8311 20
83361.000000  8315 20
83395.000000  8321 20
83423.000000  8326 20
83423.000000  8326 20
83423.000000  8326 20
83455.000000  8331 20
83479.000000  8335 20
83535.000000  8345 20
83569.000000  8351 20
83621.000000  8360 20
83621.000000  8360 20
83645.000000  8364 20
83939.000000  8416 20
83941.000000  8417 20
83957.000000  8419 20
83967.000000  8421 20
83989.000000  8425 20
83991.000000  8425 20
84053.000000  8436 20
84087.000000  8442 20
84087.000000  8442 20
84087.000000  8442 20
84113.000000  8447 20
84149.000000  8453 20
84173.000000  8457 20
84209.000000  8463 20
84295.000000  8479 20
84323.000000  8483 20
84323.000000  8483 20
84323.000000  8483 20
84347.000000  8488 20
84383.000000  8494 20
84415.000000  8500 20
84445.000000  8505 20
84447.000000  8505 20
84469.000000  8509 20
84477.000000  8511 20
84477.000000  8511 20
84499.000000  8514 20
84591.000000  8531 20
84611.000000  8534 20
84721.000000  8553 20
84757.000000  8559 20
84779.000000  8563 20
84779.000000  8563 20
84791.000000  8565 20
84825.000000  8571 20
84847.000000  8575 20
84857.000000  8577 20
84871.000000  8580 20
84895.000000  8584 20
84955.000000  8595 20
84979.000000  8599 20
84979.000000  8599 20
85031.000000  8608 20
85053.000000  8612 20
85071.000000  8615 20
85099.000000  8620 20
85123.000000  8624 20
85137.000000  8626 20
85153.000000  8629 20
85201.000000  8637 20
85233.000000  8643 20
85273.000000  8650 20
85311.000000  8657 20
85313.000000  8657 20
85339.000000  8662 20
85341.000000  8662 20
85345.000000  8663 20
85379.000000  8669 20
85401.000000  8673 20
85461.000000  8683 20
85517.000000  8693 20
85551.000000  8699 20
85677.000000  8721 20
85741.000000  8732 20
85757.000000  8735 20
85813.000000  8745 20
85839.000000  8749 20
85841.000000  8750 20
86029.000000  8783 20
86061.000000  8789 20
86063.000000  8789 20
86065.000000  8789 20
86097.000000  8795 20
86099.000000  8795 20
86119.000000  8799 20
86133.000000  8801 20
86155.000000  8805 20
86171.000000  8808 20
86173.000000  8808 20
86205.000000  8814 20
86229.000000  8818 20
86337.000000  8837 20
86367.000000  8842 20
86387.000000  8846 20
86419.000000  8851 20
86445.000000  8856 20
86463.000000  8859 20
86493.000000  8865 20
86539.000000  8873 20
86557.000000  8876 20
86591.000000  8882 20
86621.000000  8887 20
86657.000000  8893 20
86659.000000  8893 20
86689.000000  8899 20
86859.000000  8929 20
86935.000000  8942 20
86993.000000  8952 20
86993.000000  8952 20
87025.000000  8958 20
87071.000000  8966 20
87103.000000  8972 20
87175.000000  8984 20
87193.000000  8987 20
87229.000000  8993 20
87283.000000  9003 20
87307.000000  9007 20
87315.000000  9009 20
87329.000000  9011 20
87355.000000  9016 20
87387.000000  9021 20
87389.000000  9022 20
87409.000000  9025 20
87443.000000  9031 20
87445.000000  9032 20
87495.000000  9041 20
87519.000000  9045 20
87519.000000  9045 20
87537.000000  9048 20
87573.000000  9054 20
87647.000000  9067 20
87753.000000  9085 20
87765.000000  9087 20
87991.000000  9128 20
88007.000000  9130 20
88157.000000  9157 20
88157.000000  9157 20
88421.000000  9203 20
88423.000000  9203 20
88529.000000  9222 20
88531.000000  9223 20
88583.000000  9231 20
88607.000000  9236 20
88639.000000  9241 20
88663.000000  9246 20
88695.000000  9251 20
88777.000000  9265 20
88789.000000  9267 20
88817.000000  9272 20
88839.000000  9276 20
88841.000000  9277 20
88897.000000  9287 20
88997.000000  9304 20
89027.000000  9310 20
89041.000000  9312 20
89067.000000  9317 20
89103.000000  9323 20
89171.000000  9335 20
89185.000000  9337 20
89239.000000  9347 20
89295.000000  9356 20
89319.000000  9361 20
89375.000000  9370 20
89409.000000  9376 20
89431.000000  9380 20
89445.000000  9383 20
89535.000000  9399 20
89577.000000  9406 20
89593.000000  9409 20
89603.000000  9411 20
89635.000000  9416 20
89669.000000  9422 20
89669.000000  9422 20
89731.000000  9433 20
90005.000000  9481 20
90029.000000  9485 20
90207.000000  9517 20
90233.000000  9521 20
90337.000000  9539 20
90357.000000  9543 20
90375.000000  9546 20
90433.000000  9556 20
90525.000000  9573 20
90559.000000  9579 20
90587.000000  9583 20
90621.000000  9589 20
90675.000000  9599 20
90677.000000  9599 20
90699.000000  9603 20
90755.000000  9613 20
90779.000000  9617 20
90781.000000  9617 20
90787.000000  9618 20
90803.000000  9621 20
90805.000000  9621 20
90833.000000  9626 20
90859.000000  9631 20
90859.000000  9631 20
90859.000000  9631 20
90911.000000  9640 20
90913.000000  9640 20
91025.000000  9660 20
91027.000000  9661 20
93447.000000  10085 20
93447.000000  10085 20
93447.000000  10085 20
93471.000000  10090 20
93503.000000  10095 20
93579.000000  10109 20
93781.000000  10144 20
93941.000000  10172 20
93955.000000  10175 20
93955.000000  10175 20
93975.000000  10178 20
93991.000000  10181 20
94017.000000  10186 20
94033.000000  10189 20
94033.000000  10189 20
94109.000000  10202 20
94163.000000  10211 20
94217.000000  10221 20
94353.000000  10245 20
94451.000000  10262 20
94453.000000  10262 20
94487.000000  10268 20
94509.000000  10272 20
94511.000000  10273 20
94525.000000  10275 20
94559.000000  10281 20
94583.000000  10285 20
94753.000000  10315 20
94755.000000  10315 20
94817.000000  10326 20
94829.000000  10328 20
94867.000000  10335 20
94887.000000  10338 20
94957.000000  10351 20
95015.000000  10361 20
95079.000000  10372 20
95115.000000  10379 20
95137.000000  10382 20
95171.000000  10389 20
95193.000000  10392 20
95229.000000  10399 20
95327.000000  10416 20
95347.000000  10419 20
95383.000000  10425 20
95401.000000  10429 20
95473.000000  10441 20
95473.000000  10441 20
95489.000000  10444 20
95491.000000  10444 20
95523.000000  10450 20
95577.000000  10460 20
95611.000000  10466 20
95641.000000  10471 20
97017.000000  10712 20
97019.000000  10713 20
97035.000000  10715 20
97063.000000  10721 20
97095.000000  10726 20
97119.000000  10731 20
97137.000000  10734 20
97151.000000  10736 20
97169.000000  10739 20
97259.000000  10755 20
97287.000000  10760 20
97337.000000  10769 20
97353.000000  10772 20
97495.000000  10796 20
97519.000000  10801 20
97551.000000  10806 20
97553.000000  10807 20
97605.000000  10816 20
97731.000000  10838 20
97771.000000  10845 20
97803.000000  10851 20
97823.000000  10854 20
97873.000000  10863 20
97873.000000  10863 20
97899.000000  10867 20
98077.000000  10899 20
98079.000000  10899 20
98113.000000  10905 20
98141.000000  10910 20
98143.000000  10910 20
98175.000000  10916 20
98365.000000  10949 20
98371.000000  10951 20
98393.000000  10954 20
98497.000000  10972 20
98557.000000  10983 20
98635.000000  10997 20
98643.000000  10998 20
98665.000000  11002 20
98783.000000  11023 20
98887.000000  11041 20
98887.000000  11041 20
98983.000000  11058 20
99061.000000  11071 20
99233.000000  11102 20
99319.000000  11117 20
99319.000000  11117 20
99347.000000  11122 20
99363.000000  11125 20
99427.000000  11136 20
99461.000000  11142 20
99535.000000  11155 20
99593.000000  11165 20
99627.000000  11171 20
99737.000000  11190 20
99895.000000  11218 20
100167.000000  11266 20
100201.000000  11272 20
100295.000000  11288 20
100297.000000  11289 20
100523.000000  11328 20
100531.000000  11330 20
100617.000000  11345 20
100701.000000  11359 20
100775.000000  11373 20
100807.000000  11378 20
100807.000000  11378 20
100831.000000  11383 20
101013.000000  11414 20
101049.000000  11421 20
101117.000000  11432 20
101367.000000  11477 20
101389.000000  11480 20
101423.000000  11486 20
101529.000000  11505 20
101583.000000  11514 20
101583.000000  11514 20
101625.000000  11522 20
101673.000000  11530 20
101843.000000  11560 20
102003.000000  11588 20
102075.000000  11601 20
102133.000000  11611 20
102189.000000  11621 20
102269.000000  11635 20
102323.000000  11645 20
102339.000000  11647 20
102353.000000  11650 20
102377.000000  11654 20
102493.000000  11674 20
102693.000000  11709 20
102695.000000  11710 20
102751.000000  11719 20
102767.000000  11722 20
102835.000000  11734 20
102835.000000  11734 20
102893.000000  11745 20
102959.000000  11756 20
103019.000000  11767 20
103045.000000  11771 20
103047.000000  11771 20
103097.000000  11780 20
103113.000000  11783 20
103129.000000  11786 20
103229.000000  11803 20
103461.000000  11844 20
103515.000000  11854 20
103749.000000  11895 20
103749.000000  11895 20
103869.000000  11916 20
104037.000000  11945 20
104137.000000  11963 20
104473.000000  12022 20
104507.000000  12028 20
104507.000000  12028 20
104609.000000  12046 20
104611.000000  12046 20
104669.000000  12056 20
104701.000000  12062 20
104829.000000  12084 20
104983.000000  12111 20
105193.000000  12148 20
105195.000000  12149 20
105319.000000  12171 20
105373.000000  12180 20
105469.000000  12197 20
105673.000000  12233 20
105675.000000  12233 20
105725.000000  12242 20
106103.000000  12308 20
106165.000000  12319 20
106225.000000  12329 20
106477.000000  12374 20
106679.000000  12409 20
106775.000000  12426 20
106813.000000  12433 20
106889.000000  12446 20
106889.000000  12446 20
106919.000000  12452 20
107011.000000  12468 20
107121.000000  12487 20
107397.000000  12535 20
107539.000000  12561 20
107539.000000  12561 20
107707.000000  12590 20
107737.000000  12595 20
107817.000000  12609 20
107819.000000  12609 20
107875.000000  12619 20
107889.000000  12622 20
107891.000000  12622 20
107921.000000  12627 20
107945.000000  12632 20
107947.000000  12632 20
108013.000000  12644 20
108033.000000  12647 20
108095.000000  12658 20
108157.000000  12669 20
108243.000000  12684 20
108263.000000  12687 20
108293.000000  12693 20
108317.000000  12697 20
108351.000000  12703 20
108373.000000  12707 20
108373.000000  12707 20
108497.000000  12729 20
108695.000000  12763 20
109027.000000  12822 20
109157.000000  12845 20
109215.000000  12855 20
109285.000000  12867 20
109301.000000  12870 20
109317.000000  12872 20
109335.000000  12876 20
109383.000000  12884 20
109405.000000  12888 20
109427.000000  12892 20
109479.000000  12901 20
109503.000000  12905 20
109533.000000  12911 20
109559.000000  12915 20
109607.000000  12924 20
109665.000000  12934 20
109699.000000  12940 20
109773.000000  12953 20
109775.000000  12953 20
109809.000000  12959 20
109973.000000  12988 20
109975.000000  12988 20
109991.000000  12991 20
110095.000000  13009 20
110155.000000  13020 20
110197.000000  13027 20
110369.000000  13057 20
110369.000000  13057 20
110437.000000  13069 20
110493.000000  13079 20
110561.000000  13091 20
110575.000000  13094 20
110653.000000  13107 20
110655.000000  13108 20
110693.000000  13114 20
110877.000000  13146 20
110939.000000  13157 20
110971.000000  13163 20
111027.000000  13173 20
111029.000000  13173 20
111107.000000  13187 20
111123.000000  13190 20
111199.000000  13203 20
111201.000000  13203 20
111293.000000  13219 20
111349.000000  13229 20
111349.000000  13229 20
111411.000000  13240 20
111489.000000  13254 20
111575.000000  13269 20
111575.000000  13269 20
111575.000000  13269 20
111641.000000  13281 20
111675.000000  13287 20
111727.000000  13296 20
111761.000000  13302 20
111887.000000  13324 20
111899.000000  13326 20
111921.000000  13330 20
111973.000000  13339 20
112007.000000  13345 20
112023.000000  13348 20
112075.000000  13357 20
112099.000000  13361 20
112125.000000  13366 20
112195.000000  13378 20
112221.000000  13383 20
112403.000000  13414 20
112523.000000  13436 20
112627.000000  13454 20
112679.000000  13463 20
112721.000000  13471 20
112787.000000  13482 20
112843.000000  13492 20
112877.000000  13498 20
113005.000000  13520 20
113059.000000  13530 20
113167.000000  13549 20
113203.000000  13555 20
113341.000000  13579 20
113379.000000  13586 20
113411.000000  13591 20
113447.000000  13598 20
113503.000000  13608 20
113537.000000  13614 20
113567.000000  13619 20
113625.000000  13629 20
113795.000000  13659 20
113851.000000  13669 20
113867.000000  13671 20
113919.000000  13681 20
113921.000000  13681 20
113947.000000  13685 20
114037.000000  13701 20
114051.000000  13704 20
114051.000000  13704 20
114111.000000  13715 20
114143.000000  13720 20
114143.000000  13720 20
114169.000000  13725 20
114293.000000  13747 20
114331.000000  13753 20
114333.000000  13753 20
114369.000000  13760 20
114407.000000  13766 20
114409.000000  13767 20
114433.000000  13771 20
114483.000000  13780 20
114523.000000  13787 20
114535.000000  13789 20
114619.000000  13804 20
114621.000000  13804 20
114649.000000  13809 20
114719.000000  13821 20
114777.000000  13831 20
114813.000000  13838 20
114815.000000  13838 20
114835.000000  13842 20
114867.000000  13847 20
114901.000000  13853 20
114925.000000  13857 20
114957.000000  13863 20
115011.000000  13872 20
115035.000000  13877 20
115071.000000  13883 20
115071.000000  13883 20
115131.000000  13894 20
115387.000000  13938 20
115511.000000  13960 20
115565.000000  13970 20
115589.000000  13974 20
115645.000000  13984 20
115677.000000  13990 20
115781.000000  14008 20
115793.000000  14010 20
115859.000000  14021 20
115879.000000  14025 20
116057.000000  14056 20
116093.000000  14063 20
116359.000000  14109 20
116401.000000  14117 20
116409.000000  14118 20
116445.000000  14124 20
116723.000000  14173 20
116725.000000  14174 20
116889.000000  14202 20
116891.000000  14203 20
116925.000000  14209 20
116973.000000  14217 20
117023.000000  14226 20
117103.000000  14240 20
117133.000000  14245 20
117189.000000  14255 20
117353.000000  14284 20
117385.000000  14289 20
117445.000000  14300 20
117479.000000  14306 20
117501.000000  14310 20
117501.000000  14310 20
117511.000000  14311 20
117527.000000  14314 20
117537.000000  14316 20
117585.000000  14324 20
117645.000000  14335 20
117753.000000  14354 20
117833.000000  14368 20
117849.000000  14371 20
117881.000000  14377 20
117881.000000  14377 20
118069.000000  14409 20
118199.000000  14432 20
118323.000000  14454 20
118383.000000  14465 20
118401.000000  14468 20
118409.000000  14469 20
118409.000000  14469 20
118433.000000  14473 20
118433.000000  14473 20
118455.000000  14477 20
118469.000000  14480 20
118485.000000  14482 20
118511.000000  14487 20
118587.000000  14500 20
118833.000000  14544 20
118857.000000  14548 20
118865.000000  14549 20
118895.000000  14555 20
118917.000000  14559 20
119033.000000  14579 20
119079.000000  14587 20
119127.000000  14595 20
119227.000000  14613 20
119333.000000  14631 20
119335.000000  14632 20
119429.000000  14648 20
119443.000000  14651 20
119443.000000  14651 20
119531.000000  14666 20
119619.000000  14682 20
119843.000000  14721 20
119901.000000  14731 20
119997.000000  14748 20
120053.000000  14758 20
120127.000000  14771 20
120181.000000  14780 20
120189.000000  14782 20
120293.000000  14800 20
120471.000000  14831 20
120629.000000  14859 20
120653.000000  14863 20
120685.000000  14869 20
120759.000000  14882 20
120795.000000  14888 20
120815.000000  14892 20
120865.000000  14901 20
120865.000000  14901 20
120945.000000  14915 20
120989.000000  14922 20
121039.000000  14931 20
121069.000000  14936 20
121091.000000  14940 20
121093.000000  14940 20
121125.000000  14946 20
121157.000000  14952 20
121209.000000  14961 20
121211.000000  14961 20
121307.000000  14978 20
121309.000000  14979 20
121343.000000  14985 20
121343.000000  14985 20
121343.000000  14985 20
121373.000000  14990 20
121375.000000  14990 20
121405.000000  14995 20
121461.000000  15005 20
121503.000000  15013 20
121573.000000  15025 20
121787.000000  15062 20
121789.000000  15063 20
121983.000000  15097 20
121995.000000  15099 20
122027.000000  15105 20
122111.000000  15119 20
122187.000000  15132 20
122325.000000  15157 20
122379.000000  15167 20
122459.000000  15180 20
122489.000000  15186 20
122491.000000  15186 20
122551.000000  15197 20
122649.000000  15214 20
122651.000000  15214 20
122721.000000  15226 20
122795.000000  15239 20
122797.000000  15240 20
122853.000000  15250 20
122909.000000  15259 20
122937.000000  15265 20
122963.000000  15269 20
123133.000000  15299 20
123135.000000  15299 20
123173.000000  15306 20
123313.000000  15330 20
123371.000000  15341 20
123373.000000  15341 20
123387.000000  15343 20
123405.000000  15347 20
123435.000000  15352 20
123455.000000  15355 20
123505.000000  15364 20
123507.000000  15365 20
123555.000000  15373 20
123567.000000  15375 20
123615.000000  15383 20
123641.000000  15388 20
123669.000000  15393 20
123691.000000  15397 20
123723.000000  15402 20
123725.000000  15403 20
123759.000000  15409 20
123813.000000  15418 20
123815.000000  15419 20
123839.000000  15423 20
123901.000000  15434 20
123917.000000  15437 20
123951.000000  15443 20
124003.000000  15452 20
124031.000000  15457 20
124081.000000  15465 20
124369.000000  15516 20
124427.000000  15526 20
124485.000000  15536 20
124545.000000  15547 20
124613.000000  15559 20
124625.000000  15561 20
124681.000000  15570 20
124683.000000  15571 20
124715.000000  15577 20
124813.000000  15594 20
124825.000000  15596 20
124845.000000  15599 20
124945.000000  15617 20
124945.000000  15617 20
125033.000000  15633 20
125057.000000  15637 20
125111.000000  15646 20
125121.000000  15648 20
125137.000000  15651 20
125189.000000  15660 20
125325.000000  15684 20
125325.000000  15684 20
125363.000000  15691 20
125385.000000  15694 20
125435.000000  15703 20
125483.000000  15711 20
125511.000000  15717 20
125547.000000  15723 20
125561.000000  15725 20
125581.000000  15729 20
125605.000000  15733 20
125637.000000  15738 20
125763.000000  15761 20
125841.000000  15774 20
125843.000000  15775 20
125863.000000  15778 20
125937.000000  15791 20
125949.000000  15793 20
125951.000000  15794 20
125989.000000  15800 20
125991.000000  15801 20
126017.000000  15805 20
126043.000000  15810 20
126093.000000  15819 20
126173.000000  15833 20
126311.000000  15857 20
126335.000000  15861 20
126367.000000  15867 20
126391.000000  15871 20
126423.000000  15877 20
126605.000000  15909 20
126845.000000  15951 20
126875.000000  15956 20
126911.000000  15962 20
126943.000000  15968 20
127069.000000  15990 20
127105.000000  15996 20
127159.000000  16006 20
127183.000000  16010 20
127219.000000  16016 20
127233.000000  16019 20
127339.000000  16037 20
127391.000000  16047 20
127407.000000  16049 20
127407.000000  16049 20
127423.000000  16052 20
127439.000000  16055 20
127511.000000  16068 20
127511.000000  16068 20
127523.000000  16070 20
127553.000000  16075 20
127583.000000  16080 20
127585.000000  16081 20
127649.000000  16092 20
127709.000000  16102 20
127803.000000  16119 20
127827.000000  16123 20
127827.000000  16123 20
127875.000000  16131 20
127937.000000  16143 20
127955.000000  16146 20
128015.000000  16156 20
128015.000000  16156 20
128045.000000  16161 20
128187.000000  16186 20
128211.000000  16190 20
128355.000000  16216 20
128385.000000  16221 20
128523.000000  16245 20
128545.000000  16249 20
128559.000000  16252 20
128561.000000  16252 20
128609.000000  16261 20
128653.000000  16268 20
128665.000000  16270 20
128749.000000  16285 20
128749.000000  16285 20
128767.000000  16288 20
128785.000000  16291 20
128805.000000  16295 20
128837.000000  16300 20
128865.000000  16305 20
128893.000000  16310 20
128895.000000  16311 20
128949.000000  16320 20
128951.000000  16321 20
128971.000000  16324 20
128985.000000  16327 20
129017.000000  16332 20
129041.000000  16336 20
129055.000000  16339 20
129089.000000  16345 20
129089.000000  16345 20
129089.000000  16345 20
129111.000000  16349 20
129113.000000  16349 20
129123.000000  16351 20
129139.000000  16354 20
129155.000000  16356 20
129221.000000  16368 20
129395.000000  16398 20
129403.000000  16400 20
129421.000000  16403 20
129423.000000  16403 20
129445.000000  16407 20
129459.000000  16410 20
129515.000000  16420 20
129575.000000  16430 20
129635.000000  16441 20
129667.000000  16446 20
129829.000000  16474 20
129843.000000  16477 20
129895.000000  16486 20
129975.000000  16500 20
130021.000000  16509 20
130055.000000  16515 20
130173.000000  16535 20
130409.000000  16576 20
130431.000000  16580 20
130485.000000  16590 20
130599.000000  16610 20
130661.000000  16621 20
130723.000000  16632 20
130861.000000  16656 20
130861.000000  16656 20
131039.000000  16687 20
131041.000000  16688 20
131065.000000  16692 20
131101.000000  16698 20
131195.000000  16715 20
131197.000000  16715 20
131465.000000  16762 20
131465.000000  16762 20
131595.000000  16785 20
131597.000000  16785 20
131613.000000  16788 20
131641.000000  16793 20
131785.000000  16818 20
131943.000000  16846 20
131971.000000  16851 20
131973.000000  16851 20
132085.000000  16871 20
132087.000000  16871 20
132141.000000  16881 20
132157.000000  16883 20
132189.000000  16889 20
132189.000000  16889 20
132219.000000  16894 20
132365.000000  16920 20
132413.000000  16928 20
132529.000000  16949 20
132667.000000  16973 20
132741.000000  16986 20
132889.000000  17012 20
132925.000000  17018 20
133037.000000  17038 20
133059.000000  17042 20
133105.000000  17050 20
133105.000000  17050 20
133133.000000  17055 20
133179.000000  17063 20
133329.000000  17089 20
133391.000000  17100 20
133393.000000  17100 20
133423.000000  17105 20
133425.000000  17106 20
133475.000000  17115 20
133475.000000  17115 20
133571.000000  17132 20
133583.000000  17134 20
133601.000000  17137 20
133649.000000  17145 20
133689.000000  17152 20
133769.000000  17167 20
133803.000000  17172 20
133809.000000  17173 20
133811.000000  17174 20
133829.000000  17177 20
133855.000000  17181 20
133909.000000  17191 20
133911.000000  17191 20
133967.000000  17201 20
133969.000000  17201 20
134003.000000  17207 20
134131.000000  17230 20
134143.000000  17232 20
134177.000000  17238 20
134231.000000  17248 20
134383.000000  17274 20
134465.000000  17289 20
134481.000000  17291 20
134713.000000  17332 20
134891.000000  17363 20
134891.000000  17363 20
134909.000000  17366 20
135003.000000  17383 20
135083.000000  17397 20
135145.000000  17408 20
135229.000000  17423 20
135359.000000  17446 20
135395.000000  17452 20
135419.000000  17456 20
135453.000000  17462 20
135455.000000  17462 20
135505.000000  17471 20
135505.000000  17471 20
135577.000000  17484 20
135659.000000  17499 20
135751.000000  17515 20
135799.000000  17523 20
135827.000000  17528 20
135827.000000  17528 20
135849.000000  17532 20
135973.000000  17553 20
136049.000000  17567 20
136061.000000  17569 20
136121.000000  17579 20
136155.000000  17585 20
136181.000000  17590 20
136285.000000  17608 20
136455.000000  17638 20
136457.000000  17638 20
136485.000000  17643 20
136519.000000  17649 20
136549.000000  17654 20
136629.000000  17669 20
136663.000000  17675 20
136741.000000  17689 20
136799.000000  17699 20
136833.000000  17704 20
136833.000000  17704 20
136881.000000  17713 20
136945.000000  17724 20
136971.000000  17728 20
137031.000000  17739 20
137071.000000  17746 20
137181.000000  17766 20
137213.000000  17771 20
137379.000000  17800 20
137381.000000  17801 20
137403.000000  17805 20
137587.000000  17837 20
137859.000000  17885 20
137955.000000  17901 20
138013.000000  17911 20
138013.000000  17911 20
138047.000000  17917 20
138099.000000  17927 20
138371.000000  17975 20
138371.000000  17975 20
138579.000000  18011 20
138593.000000  18013 20
138743.000000  18040 20
138789.000000  18048 20
138891.000000  18066 20
138891.000000  18066 20
139067.000000  18097 20
139439.000000  18162 20
139555.000000  18182 20
139857.000000  18235 20
139915.000000  18246 20
140037.000000  18267 20
140057.000000  18270 20
140057.000000  18270 20
140069.000000  18272 20
140087.000000  18276 20
140121.000000  18282 20
140149.000000  18287 20
140213.000000  18298 20
140377.000000  18327 20
140623.000000  18370 20
140669.000000  18378 20
140761.000000  18394 20
140803.000000  18402 20
140827.000000  18406 20
140841.000000  18408 20
140907.000000  18420 20
141041.000000  18443 20
141115.000000  18456 20
141341.000000  18496 20
141365.000000  18500 20
141569.000000  18536 20
141775.000000  18572 20
141851.000000  18586 20
141853.000000  18586 20
141911.000000  18596 20
142015.000000  18614 20
142121.000000  18633 20
142121.000000  18633 20
146221.000000  19353 20
146305.000000  19367 20
146341.000000  19374 20
146413.000000  19386 20
146545.000000  19410 20
146611.000000  19421 20
146707.000000  19438 20
146893.000000  19471 20
146967.000000  19484 20
147025.000000  19494 20
147085.000000  19504 20
147201.000000  19525 20
147425.000000  19564 20
147455.000000  19569 20
147455.000000  19569 20
147565.000000  19589 20
147695.000000  19611 20
147743.000000  19620 20
147929.000000  19653 20
147931.000000  19653 20
147991.000000  19664 20
148073.000000  19678 20
148087.000000  19680 20
148089.000000  19681 20
148205.000000  19701 20
148361.000000  19728 20
148363.000000  19729 20
148483.000000  19750 20
148485.000000  19750 20
148897.000000  19822 20
149119.000000  19861 20
149305.000000  19894 20
149307.000000  19894 20
149405.000000  19911 20
149419.000000  19914 20
149593.000000  19945 20
149595.000000  19945 20
149623.000000  19950 20
149623.000000  19950 20
149781.000000  19977 20
149837.000000  19987 20
149837.000000  19987 20
149895.000000  19998 20
149933.000000  20004 20
150115.000000  20036 20
150151.000000  20043 20
150343.000000  20076 20
150371.000000  20081 20
150403.000000  20087 20
150403.000000  20087 20
150521.000000  20108 20
150547.000000  20112 20
150783.000000  20153 20
150855.000000  20166 20
150855.000000  20166 20
150973.000000  20187 20
151453.000000  20271 20
151617.000000  20300 20
151733.000000  20320 20
151785.000000  20329 20
151825.000000  20336 20
152181.000000  20399 20
152193.000000  20401 20
152221.000000  20406 20
152425.000000  20442 20
152431.000000  20443 20
152431.000000  20443 20
152509.000000  20457 20
152533.000000  20461 20
152533.000000  20461 20
152695.000000  20489 20
152719.000000  20493 20
152789.000000  20506 20
152801.000000  20508 20
152831.000000  20513 20
152845.000000  20515 20
152977.000000  20539 20
153199.000000  20578 20
153343.000000  20603 20
153397.000000  20612 20
153523.000000  20634 20
153645.000000  20656 20
153745.000000  20673 20
153791.000000  20682 20
153911.000000  20702 20
153969.000000  20713 20
154003.000000  20719 20
154081.000000  20733 20
154083.000000  20733 20
154177.000000  20749 20
154215.000000  20756 20
154327.000000  20775 20
154327.000000  20775 20
154351.000000  20780 20
154365.000000  20782 20
154383.000000  20785 20
154397.000000  20788 20
154409.000000  20790 20
154475.000000  20801 20
154493.000000  20805 20
154547.000000  20814 20
154603.000000  20824 20
154795.000000  20858 20
154985.000000  20891 20
154987.000000  20891 20
155009.000000  20895 20
155113.000000  20914 20
155371.000000  20959 20
155447.000000  20972 20
155575.000000  20995 20
155627.000000  21004 20
155677.000000  21013 20
155919.000000  21055 20
156117.000000  21090 20
156117.000000  21090 20
156193.000000  21103 20
156321.000000  21126 20
156323.000000  21126 20
156429.000000  21145 20
156453.000000  21149 20
156597.000000  21174 20
156789.000000  21208 20
156901.000000  21227 20
156967.000000  21239 20
157185.000000  21277 20
157221.000000  21284 20
157245.000000  21288 20
157371.000000  21310 20
157409.000000  21317 20
157459.000000  21325 20
157507.000000  21334 20
157507.000000  21334 20
157559.000000  21343 20
157605.000000  21351 20
157679.000000  21364 20
157797.000000  21385 20
157797.000000  21385 20
157987.000000  21418 20
157987.000000  21418 20
158055.000000  21430 20
158375.000000  21487 20
158539.000000  21515 20
158679.000000  21540 20
159001.000000  21596 20
159059.000000  21606 20
159151.000000  21623 20
159151.000000  21623 20
159177.000000  21627 20
159311.000000  21651 20
159425.000000  21671 20
159449.000000  21675 20
159495.000000  21683 20
159559.000000  21694 20
159633.000000  21707 20
159737.000000  21726 20
159737.000000  21726 20
159935.000000  21760 20
160011.000000  21773 20
160103.000000  21790 20
160137.000000  21796 20
160323.000000  21828 20
160357.000000  21834 20
160423.000000  21846 20
160567.000000  21871 20
160569.000000  21871 20
160643.000000  21884 20
160701.000000  21895 20
161249.000000  21991 20
161375.000000  22013 20
161621.000000  22056 20
161621.000000  22056 20
161729.000000  22075 20
161831.000000  22093 20
161871.000000  22100 20
162025.000000  22127 20
162071.000000  22135 20
162131.000000  22146 20
162175.000000  22153 20
162229.000000  22163 20
162427.000000  22198 20
162429.000000  22198 20
162537.000000  22217 20
162539.000000  22217 20
162677.000000  22241 20
162679.000000  22242 20
162881.000000  22278 20
162881.000000  22278 20
162907.000000  22282 20
163023.000000  22303 20
163115.000000  22318 20
163347.000000  22359 20
163349.000000  22360 20
163365.000000  22363 20
163375.000000  22365 20
163399.000000  22369 20
163431.000000  22374 20
163507.000000  22387 20
163575.000000  22399 20
163647.000000  22412 20
163759.000000  22432 20
163807.000000  22440 20
163807.000000  22440 20
163831.000000  22445 20
163855.000000  22449 20
163901.000000  22457 20
163925.000000  22461 20
164069.000000  22486 20
164227.000000  22514 20
164435.000000  22551 20
164603.000000  22580 20
164737.000000  22603 20
164917.000000  22635 20
164971.000000  22645 20
165073.000000  22663 20
165223.000000  22689 20
165223.000000  22689 20
165265.000000  22696 20
165311.000000  22704 20
165567.000000  22749 20
165657.000000  22765 20
165793.000000  22789 20
165793.000000  22789 20
165997.000000  22825 20
166143.000000  22850 20
166501.000000  22913 20
166819.000000  22969 20
167201.000000  23036 20
167493.000000  23088 20
168063.000000  23188 20
168177.000000  23207 20
168209.000000  23213 20
168223.000000  23215 20
168461.000000  23258 20
168913.000000  23337 20
168913.000000  23337 20
169005.000000  23353 20
169051.000000  23361 20
169211.000000  23389 20
169339.000000  23411 20
169413.000000  23425 20
169659.000000  23468 20
169661.000000  23468 20
169737.000000  23481 20
169799.000000  23492 20
170137.000000  23552 20
170233.000000  23569 20
170301.000000  23580 20
170433.000000  23604 20
170435.000000  23604 20
170465.000000  23609 20
170489.000000  23614 20
170523.000000  23620 20
170553.000000  23625 20
170589.000000  23631 20
170591.000000  23631 20
170617.000000  23636 20
170707.000000  23652 20
170709.000000  23652 20
170877.000000  23681 20
170953.000000  23695 20
170953.000000  23695 20
171347.000000  23764 20
171373.000000  23769 20
171397.000000  23773 20
171451.000000  23783 20
171513.000000  23793 20
171587.000000  23807 20
171617.000000  23812 20
171673.000000  23821 20
171675.000000  23822 20
171733.000000  23832 20
171789.000000  23842 20
171821.000000  23847 20
171823.000000  23848 20
171875.000000  23857 20
171949.000000  23870 20
172003.000000  23879 20
172117.000000  23899 20
172355.000000  23941 20
172409.000000  23951 20
172483.000000  23964 20
172509.000000  23968 20
172511.000000  23969 20
172567.000000  23979 20
172861.000000  24030 20
172879.000000  24033 20
173015.000000  24057 20
173149.000000  24081 20
173209.000000  24091 20
173343.000000  24115 20
173345.000000  24115 20
173375.000000  24120 20
173389.000000  24123 20
173403.000000  24125 20
173457.000000  24135 20
173485.000000  24139 20
173533.000000  24148 20
173555.000000  24152 20
173571.000000  24155 20
173607.000000  24161 20
173641.000000  24167 20
173641.000000  24167 20
173675.000000  24173 20
173823.000000  24199 20
173885.000000  24210 20
173901.000000  24212 20
173951.000000  24221 20
173969.000000  24224 20
174015.000000  24233 20
174027.000000  24235 20
174059.000000  24240 20
174109.000000  24249 20
174863.000000  24381 20
174871.000000  24383 20
174897.000000  24387 20
174901.000000  24388 20
174951.000000  24397 20
174953.000000  24397 20
174979.000000  24402 20
175015.000000  24408 20
175017.000000  24409 20
175037.000000  24412 20
175069.000000  24418 20
175093.000000  24422 20
175125.000000  24428 20
175153.000000  24433 20
175209.000000  24442 20
175211.000000  24443 20
175233.000000  24446 20
175345.000000  24466 20
175405.000000  24476 20
175435.000000  24482 20
175471.000000  24488 20
175595.000000  24510 20
175597.000000  24510 20
175619.000000  24514 20
175683.000000  24526 20
175775.000000  24542 20
175831.000000  24551 20
175877.000000  24559 20
175967.000000  24575 20
176013.000000  24583 20
176013.000000  24583 20
176059.000000  24591 20
176075.000000  24594 20
176075.000000  24594 20
176099.000000  24599 20
176113.000000  24601 20
176205.000000  24617 20
176213.000000  24619 20
176281.000000  24631 20
176343.000000  24641 20
176345.000000  24642 20
176375.000000  24647 20
176399.000000  24651 20
176407.000000  24652 20
176441.000000  24658 20
176443.000000  24659 20
176447.000000  24659 20
176469.000000  24663 20
176471.000000  24664 20
176503.000000  24669 20
176555.000000  24679 20
176555.000000  24679 20
176565.000000  24680 20
176617.000000  24689 20
176639.000000  24693 20
176701.000000  24704 20
176735.000000  24710 20
176761.000000  24715 20
176881.000000  24736 20
176979.000000  24753 20
177087.000000  24772 20
177087.000000  24772 20
177229.000000  24797 20
177467.000000  24838 20
177467.000000  24838 20
177521.000000  24848 20
177545.000000  24852 20
177611.000000  24864 20
177669.000000  24874 20
177725.000000  24884 20
177833.000000  24903 20
177833.000000  24903 20
177897.000000  24914 20
178107.000000  24951 20
178203.000000  24968 20
178315.000000  24988 20
178409.000000  25004 20
178411.000000  25004 20
178417.000000  25005 20
178417.000000  25005 20
178447.000000  25011 20
178493.000000  25019 20
178493.000000  25019 20
178537.000000  25026 20
178581.000000  25034 20
178623.000000  25041 20
178623.000000  25041 20
178721.000000  25059 20
178787.000000  25070 20
178797.000000  25072 20
178831.000000  25078 20
178863.000000  25084 20
178865.000000  25084 20
178925.000000  25095 20
178925.000000  25095 20
178983.000000  25105 20
179077.000000  25121 20
179159.000000  25136 20
179387.000000  25176 20
179409.000000  25180 20
179411.000000  25180 20
179443.000000  25185 20
179497.000000  25195 20
179531.000000  25201 20
179587.000000  25211 20
179621.000000  25217 20
179643.000000  25221 20
179677.000000  25227 20
179701.000000  25231 20
179741.000000  25238 20
179753.000000  25240 20
179779.000000  25245 20
179779.000000  25245 20
179805.000000  25249 20
179807.000000  25249 20
179853.000000  25257 20
179885.000000  25263 20
179897.000000  25265 20
179897.000000  25265 20
179925.000000  25270 20
179947.000000  25274 20
179979.000000  25279 20
180031.000000  25289 20
180063.000000  25294 20
180065.000000  25295 20
180149.000000  25309 20
180185.000000  25316 20
180213.000000  25321 20
180215.000000  25321 20
180227.000000  25323 20
180227.000000  25323 20
180299.000000  25336 20
180359.000000  25346 20
180413.000000  25356 20
180415.000000  25356 20
180439.000000  25360 20
180461.000000  25364 20
180491.000000  25369 20
180501.000000  25371 20
180529.000000  25376 20
180585.000000  25386 20
180643.000000  25396 20
180643.000000  25396 20
180723.000000  25410 20
180725.000000  25411 20
180779.000000  25420 20
180835.000000  25430 20
180867.000000  25435 20
180867.000000  25435 20
180893.000000  25440 20
180947.000000  25449 20
180985.000000  25456 20
180985.000000  25456 20
181001.000000  25459 20
181015.000000  25461 20
181015.000000  25461 20
181047.000000  25467 20
181057.000000  25469 20
181077.000000  25472 20
181127.000000  25481 20
181155.000000  25486 20
181155.000000  25486 20
181213.000000  25496 20
181215.000000  25497 20
181261.000000  25505 20
181279.000000  25508 20
181345.000000  25519 20
181353.000000  25521 20
181353.000000  25521 20
181353.000000  25521 20
181353.000000  25521 20
181443.000000  25537 20
181467.000000  25541 20
181523.000000  25550 20
181555.000000  25556 20
181589.000000  25562 20
181645.000000  25572 20
181717.000000  25585 20
181743.000000  25589 20
181833.000000  25605 20
181835.000000  25605 20
181883.000000  25614 20
181905.000000  25618 20
181919.000000  25620 20
181951.000000  25626 20
181975.000000  25630 20
181989.000000  25632 20
182001.000000  25634 20
182055.000000  25644 20
182057.000000  25644 20
182079.000000  25648 20
182113.000000  25654 20
182145.000000  25660 20
182181.000000  25666 20
182281.000000  25684 20
182499.000000  25722 20
182499.000000  25722 20
182541.000000  25729 20
182597.000000  25739 20
182705.000000  25758 20
182729.000000  25762 20
182871.000000  25787 20
182909.000000  25794 20
182909.000000  25794 20
182939.000000  25799 20
182975.000000  25805 20
183121.000000  25831 20
183145.000000  25835 20
183193.000000  25843 20
183311.000000  25864 20
183341.000000  25870 20
183343.000000  25870 20
183345.000000  25871 20
183361.000000  25873 20
183387.000000  25878 20
183387.000000  25878 20
183461.000000  25891 20
183515.000000  25900 20
183541.000000  25905 20
183579.000000  25911 20
183603.000000  25915 20
183635.000000  25921 20
183683.000000  25929 20
183707.000000  25934 20
183753.000000  25942 20
183753.000000  25942 20
183781.000000  25947 20
183807.000000  25951 20
183855.000000  25960 20
183891.000000  25966 20
183913.000000  25970 20
183923.000000  25972 20
183955.000000  25977 20
184029.000000  25991 20
184193.000000  26019 20
184319.000000  26041 20
184319.000000  26041 20
184677.000000  26104 20
184775.000000  26121 20
184837.000000  26132 20
184917.000000  26146 20
184981.000000  26158 20
185069.000000  26173 20
185115.000000  26181 20
185181.000000  26193 20
185183.000000  26193 20
185267.000000  26208 20
185397.000000  26231 20
185399.000000  26231 20
185427.000000  26236 20
185429.000000  26236 20
185431.000000  26237 20
185461.000000  26242 20
185461.000000  26242 20
185509.000000  26250 20
185523.000000  26253 20
185571.000000  26261 20
185591.000000  26265 20
185613.000000  26268 20
185667.000000  26278 20
185689.000000  26282 20
185703.000000  26284 20
185733.000000  26289 20
185761.000000  26294 20
185795.000000  26300 20
185993.000000  26335 20
186087.000000  26352 20
186317.000000  26392 20
186407.000000  26408 20
186407.000000  26408 20
186535.000000  26431 20
186733.000000  26465 20
187017.000000  26515 20
187231.000000  26552 20
187403.000000  26583 20
187403.000000  26583 20
187403.000000  26583 20
187429.000000  26587 20
187443.000000  26590 20
187445.000000  26590 20
187509.000000  26601 20
187547.000000  26608 20
187683.000000  26632 20
187683.000000  26632 20
187743.000000  26642 20
187945.000000  26678 20
187947.000000  26678 20
188109.000000  26707 20
188109.000000  26707 20
188277.000000  26736 20
188325.000000  26745 20
188325.000000  26745 20
188601.000000  26793 20
188909.000000  26847 20
188959.000000  26856 20
188959.000000  26856 20
189047.000000  26871 20
189083.000000  26878 20
189279.000000  26912 20
189457.000000  26943 20
189473.000000  26946 20
189499.000000  26951 20
189519.000000  26954 20
189711.000000  26988 20
189733.000000  26991 20
189733.000000  26991 20
189849.000000  -1 20
189849.000000  -1 20
189909.000000  27023 20
190013.000000  27041 20
190267.000000  27085 20
190361.000000  27102 20
190443.000000  27116 20
190553.000000  27136 20
190553.000000  27136 20
190677.000000  27157 20
190707.000000  27163 20
190775.000000  27175 20
190775.000000  27175 20
190835.000000  27185 20
190929.000000  27202 20
190931.000000  27202 20
190963.000000  27208 20
190995.000000  27213 20
191319.000000  27270 20
191661.000000  27330 20
191663.000000  27331 20
191767.000000  27349 20
191801.000000  27355 20
191915.000000  27375 20
191969.000000  27384 20
192027.000000  27395 20
192059.000000  27400 20
192089.000000  27406 20
192111.000000  27409 20
192151.000000  27416 20
192211.000000  27427 20
192467.000000  27472 20
192469.000000  27472 20
192495.000000  27477 20
192597.000000  27495 20
192611.000000  27497 20
192611.000000  27497 20
192693.000000  27511 20
192847.000000  27538 20
192953.000000  27557 20
192953.000000  27557 20
193049.000000  27574 20
193051.000000  27574 20
193337.000000  27624 20
193419.000000  27639 20
193469.000000  27648 20
193477.000000  27649 20
193535.000000  27659 20
193609.000000  27672 20
193645.000000  27679 20
193833.000000  27711 20
193839.000000  27712 20
193989.000000  27739 20
194061.000000  27752 20
194141.000000  27766 20
194363.000000  27804 20
194541.000000  27836 20
194569.000000  27841 20
194777.000000  27877 20
194865.000000  27893 20
194993.000000  27915 20
194993.000000  27915 20
195001.000000  27917 20
195035.000000  27922 20
195415.000000  27989 20
195417.000000  27989 20
195467.000000  27998 20
195521.000000  28008 20
195649.000000  28031 20
195687.000000  28037 20
195757.000000  28049 20
195947.000000  28083 20
196277.000000  28141 20
196367.000000  28156 20
196381.000000  28159 20
196381.000000  28159 20
196381.000000  28159 20
196381.000000  28159 20
196381.000000  28159 20
196381.000000  28159 20
196639.000000  28204 20
196641.000000  28205 20
196773.000000  28228 20
196775.000000  28228 20
196949.000000  28258 20
196951.000000  28259 20
196971.000000  28262 20
196973.000000  28263 20
196987.000000  28265 20
197009.000000  28269 20
197093.000000  28284 20
197121.000000  28289 20
197121.000000  28289 20
197169.000000  28297 20
197223.000000  28307 20
197361.000000  28331 20
197363.000000  28331 20
197389.000000  28336 20
197421.000000  28341 20
197445.000000  28345 20
197505.000000  28356 20
197505.000000  28356 20
197693.000000  28389 20
197803.000000  28408 20
197947.000000  28433 20
197949.000000  28434 20
198001.000000  28443 20
198025.000000  28447 20
198163.000000  28472 20
198187.000000  28476 20
198241.000000  28485 20
198241.000000  28485 20
198347.000000  28504 20
198373.000000  28509 20
198387.000000  28511 20
198411.000000  28515 20
198413.000000  28515 20
198433.000000  28519 20
198469.000000  28525 20
198495.000000  28530 20
198559.000000  28541 20
198561.000000  28541 20
198721.000000  28570 20
198817.000000  28587 20
198913.000000  28603 20
198943.000000  28609 20
199007.000000  28619 20
199123.000000  28640 20
199173.000000  28649 20
199199.000000  28653 20
199409.000000  28690 20
199411.000000  28691 20
199573.000000  28719 20
199633.000000  28730 20
199969.000000  28789 20
200049.000000  28803 20
200173.000000  28825 20
200335.000000  28853 20
200365.000000  28858 20
200527.000000  28886 20
200555.000000  28891 20
200557.000000  28892 20
200587.000000  28897 20
200639.000000  28906 20
200639.000000  28906 20
200665.000000  28911 20
200757.000000  28927 20
200791.000000  28933 20
200833.000000  28940 20
200845.000000  28943 20
200847.000000  28943 20
200883.000000  28949 20
201115.000000  28990 20
201115.000000  28990 20
201115.000000  28990 20
201125.000000  28991 20
201139.000000  28994 20
201193.000000  29003 20
201383.000000  29037 20
201415.000000  29043 20
201447.000000  29048 20
201469.000000  29052 20
201675.000000  29088 20
201675.000000  29088 20
201809.000000  29112 20
201867.000000  29122 20
201901.000000  29128 20
201929.000000  29133 20
201931.000000  29133 20
202019.000000  29148 20
202073.000000  29158 20
202325.000000  29202 20
202445.000000  29223 20
202445.000000  29223 20
202557.000000  29243 20
202559.000000  29243 20
202703.000000  29268 20
202769.000000  29280 20
202975.000000  29316 20
203005.000000  29322 20
203077.000000  29334 20
203099.000000  29338 20
203161.000000  29349 20
203217.000000  29359 20
203381.000000  29388 20
203403.000000  29391 20
203935.000000  29485 20
203937.000000  29485 20
203959.000000  29489 20
203991.000000  29495 20
204159.000000  29524 20
204191.000000  29530 20
204223.000000  29535 20
204453.000000  29576 20
204513.000000  29587 20
204585.000000  29599 20
204585.000000  29599 20
204621.000000  29605 20
204769.000000  29631 20
204869.000000  29649 20
204987.000000  29670 20
205011.000000  29674 20
205067.000000  29684 20
205081.000000  29686 20
205179.000000  29703 20
205417.000000  29745 20
205593.000000  29776 20
205651.000000  29786 20
205721.000000  29798 20
205941.000000  29837 20
206149.000000  29873 20
206371.000000  29913 20
206373.000000  29913 20
206399.000000  29918 20
206401.000000  29918 20
206407.000000  29919 20
206443.000000  29925 20
206445.000000  29926 20
206471.000000  29930 20
206473.000000  29931 20
206477.000000  29931 20
206509.000000  29937 20
206535.000000  29941 20
206699.000000  29970 20
206721.000000  29974 20
206745.000000  29978 20
206879.000000  30002 20
206987.000000  30021 20
207011.000000  30025 20
207023.000000  30027 20
207035.000000  30029 20
207069.000000  30035 20
207357.000000  30086 20
207369.000000  30088 20
207381.000000  30090 20
207397.000000  30093 20
207509.000000  30112 20
207597.000000  30128 20
207767.000000  30157 20
207829.000000  30169 20
207867.000000  30175 20
207867.000000  30175 20
207945.000000  30189 20
207961.000000  30192 20
208011.000000  30201 20
208061.000000  30209 20
208061.000000  30209 20
208061.000000  30209 20
208061.000000  30209 20
208061.000000  30209 20
208191.000000  30232 20
208205.000000  30234 20
208455.000000  30279 20
208479.000000  30283 20
208525.000000  30291 20
208683.000000  30319 20
208685.000000  30319 20
208711.000000  30323 20
208713.000000  30324 20
208827.000000  30344 20
208921.000000  30360 20
208981.000000  30371 20
209049.000000  30383 20
209085.000000  30389 20
209085.000000  30389 20
209085.000000  30389 20
209175.000000  30405 20
209175.000000  30405 20
209201.000000  30409 20
209249.000000  30418 20
209257.000000  30419 20
209311.000000  30429 20
209415.000000  30447 20
209447.000000  30453 20
209479.000000  30459 20
209559.000000  30472 20
209621.000000  30483 20
209653.000000  30489 20
209655.000000  30489 20
209687.000000  30495 20
209773.000000  30510 20
209879.000000  30529 20
209933.000000  30538 20
209985.000000  30547 20
210003.000000  30551 20
210021.000000  30554 20
210069.000000  30562 20
210077.000000  30563 20
210091.000000  30566 20
210155.000000  30577 20
210179.000000  30581 20
211927.000000  30888 20
211947.000000  30892 20
211947.000000  30892 20
211963.000000  30894 20
212047.000000  30909 20
212065.000000  30913 20
212123.000000  30923 20
212157.000000  30929 20
212179.000000  30932 20
212213.000000  30938 20
212317.000000  30956 20
212335.000000  30959 20
212343.000000  30961 20
212379.000000  30967 20
212411.000000  30973 20
212411.000000  30973 20
212411.000000  30973 20
212431.000000  30976 20
212459.000000  30981 20
212489.000000  30987 20
212541.000000  30996 20
212543.000000  30996 20
212577.000000  31002 20
212577.000000  31002 20
212625.000000  31011 20
212625.000000  31011 20
212645.000000  31014 20
212675.000000  31019 20
212707.000000  31025 20
212739.000000  31031 20
212773.000000  31037 20
212837.000000  31048 20
212839.000000  31048 20
212891.000000  31057 20
212915.000000  31061 20
212973.000000  31072 20
213019.000000  31080 20
213041.000000  31084 20
213043.000000  31084 20
213051.000000  31085 20
213071.000000  31089 20
213125.000000  31099 20
213127.000000  31099 20
213129.000000  31099 20
213151.000000  31103 20
213181.000000  31108 20
