18366.000000  11 20
18460.000000  27 20
18462.000000  27 20
18568.000000  46 20
18616.000000  54 20
18616.000000  54 20
18718.000000  72 20
18856.000000  97 20
18950.000000  113 20
18952.000000  113 20
19016.000000  125 20
19152.000000  148 20
19264.000000  168 20
19304.000000  175 20
19324.000000  179 20
19358.000000  185 20
19380.000000  189 20
19430.000000  197 20
19432.000000  198 20
19516.000000  213 20
19684.000000  242 20
19720.000000  248 20
19778.000000  259 20
19810.000000  264 20
19856.000000  272 20
20004.000000  298 20
20614.000000  406 20
20926.000000  461 20
20926.000000  461 20
20938.000000  463 20
20972.000000  469 20
20996.000000  473 20
21020.000000  477 20
21044.000000  481 20
21054.000000  483 20
21090.000000  490 20
21130.000000  497 20
21132.000000  497 20
21212.000000  511 20
21326.000000  531 20
21326.000000  531 20
21390.000000  542 20
21412.000000  546 20
21412.000000  546 20
21446.000000  552 20
21476.000000  558 20
21478.000000  558 20
21504.000000  563 20
22130.000000  673 20
22132.000000  673 20
22162.000000  678 20
22196.000000  684 20
22198.000000  684 20
22220.000000  688 20
22254.000000  694 20
22282.000000  699 20
22282.000000  699 20
22312.000000  705 20
22336.000000  709 20
22372.000000  715 20
22380.000000  717 20
22394.000000  719 20
22416.000000  723 20
22472.000000  733 20
22500.000000  738 20
22524.000000  742 20
22584.000000  753 20
22606.000000  756 20
22622.000000  759 20
22640.000000  763 20
22672.000000  768 20
22706.000000  774 20
22844.000000  798 20
22868.000000  802 20
22868.000000  802 20
22884.000000  805 20
22914.000000  811 20
22968.000000  820 20
23022.000000  830 20
23052.000000  835 20
23052.000000  835 20
23114.000000  846 20
23148.000000  852 20
23164.000000  855 20
23180.000000  857 20
23196.000000  860 20
23244.000000  868 20
23256.000000  871 20
23298.000000  878 20
23326.000000  883 20
23326.000000  883 20
23326.000000  883 20
23358.000000  889 20
23434.000000  902 20
23752.000000  958 20
23790.000000  965 20
23792.000000  965 20
23844.000000  974 20
23878.000000  980 20
24014.000000  1004 20
24038.000000  1009 20
24130.000000  1025 20
24130.000000  1025 20
24184.000000  1034 20
24238.000000  1043 20
24338.000000  1061 20
24378.000000  1068 20
24420.000000  1075 20
24460.000000  1083 20
24494.000000  1089 20
24512.000000  1092 20
24512.000000  1092 20
24610.000000  1109 20
24668.000000  1119 20
24682.000000  1122 20
24746.000000  1133 20
24778.000000  1138 20
24832.000000  1148 20
24866.000000  1154 20
24896.000000  1159 20
24934.000000  1166 20
24936.000000  1166 20
24966.000000  1172 20
25014.000000  1180 20
25042.000000  1185 20
25076.000000  1191 20
25408.000000  1249 20
25440.000000  1255 20
25474.000000  1261 20
25662.000000  1294 20
25722.000000  1305 20
25754.000000  1310 20
25792.000000  1317 20
25820.000000  1321 20
25880.000000  1332 20
25914.000000  1338 20
25988.000000  1351 20
26024.000000  1358 20
26054.000000  1363 20
26116.000000  1374 20
26118.000000  1374 20
26148.000000  1379 20
26174.000000  1384 20
26186.000000  1386 20
26188.000000  1387 20
26220.000000  1392 20
26268.000000  1400 20
26292.000000  1405 20
26294.000000  1405 20
26312.000000  1408 20
26346.000000  1414 20
26396.000000  1423 20
26398.000000  1423 20
26478.000000  1437 20
26552.000000  1451 20
26608.000000  1461 20
26642.000000  1466 20
26666.000000  1471 20
26698.000000  1476 20
26730.000000  1482 20
26762.000000  1487 20
26794.000000  1493 20
26850.000000  1503 20
26906.000000  1513 20
26908.000000  1513 20
26924.000000  1516 20
26960.000000  1522 20
26998.000000  1529 20
27084.000000  1544 20
27152.000000  1556 20
27154.000000  1556 20
27174.000000  1560 20
27206.000000  1565 20
27262.000000  1575 20
27264.000000  1576 20
27314.000000  1584 20
27338.000000  1588 20
27352.000000  1591 20
27406.000000  1600 20
27442.000000  1607 20
27492.000000  1616 20
27494.000000  1616 20
27524.000000  1621 20
27616.000000  1638 20
27640.000000  1642 20
27664.000000  1646 20
27714.000000  1655 20
27850.000000  1679 20
27922.000000  1691 20
27992.000000  1703 20
28026.000000  1709 20
28130.000000  1728 20
28238.000000  1747 20
28276.000000  1753 20
28276.000000  1753 20
28300.000000  1758 20
28320.000000  1761 20
28346.000000  1766 20
28428.000000  1780 20
28452.000000  1784 20
28708.000000  1829 20
28826.000000  1850 20
28834.000000  1851 20
28856.000000  1855 20
28882.000000  1860 20
28930.000000  1868 20
28974.000000  1876 20
29004.000000  1881 20
29052.000000  1890 20
29068.000000  1893 20
29068.000000  1893 20
29068.000000  1893 20
29068.000000  1893 20
29100.000000  1898 20
29156.000000  1908 20
29164.000000  1910 20
29238.000000  1923 20
29238.000000  1923 20
29272.000000  1929 20
29358.000000  1943 20
29382.000000  1948 20
29394.000000  1950 20
29450.000000  1960 20
29486.000000  1966 20
29518.000000  1972 20
29556.000000  1978 20
29626.000000  1991 20
29650.000000  1995 20
29698.000000  2003 20
29804.000000  2022 20
29876.000000  2035 20
29900.000000  2039 20
29958.000000  2049 20
29964.000000  2050 20
29978.000000  2053 20
30202.000000  2092 20
30306.000000  2110 20
30410.000000  2129 20
30444.000000  2135 20
30446.000000  2135 20
30470.000000  2139 20
30526.000000  2149 20
30598.000000  2162 20
30600.000000  2162 20
30634.000000  2168 20
30664.000000  2173 20
30666.000000  2174 20
30692.000000  2178 20
30706.000000  2181 20
30790.000000  2195 20
30910.000000  2216 20
30962.000000  2225 20
31022.000000  2236 20
31078.000000  2246 20
31078.000000  2246 20
31140.000000  2257 20
31208.000000  2269 20
31216.000000  2271 20
31250.000000  2276 20
31278.000000  2281 20
31278.000000  2281 20
31370.000000  2297 20
31410.000000  2304 20
31436.000000  2309 20
31454.000000  2312 20
31484.000000  2317 20
31500.000000  2320 20
31516.000000  2323 20
31592.000000  2336 20
31592.000000  2336 20
31628.000000  2343 20
31658.000000  2348 20
31660.000000  2349 20
31688.000000  2353 20
31714.000000  2358 20
31988.000000  2406 20
31990.000000  2406 20
31998.000000  2407 20
32094.000000  2425 20
32126.000000  2430 20
32174.000000  2439 20
32228.000000  2448 20
32314.000000  2463 20
32338.000000  2468 20
32338.000000  2468 20
32354.000000  2470 20
32640.000000  2521 20
32642.000000  2521 20
32646.000000  2522 20
32692.000000  2530 20
32712.000000  2533 20
32744.000000  2539 20
32796.000000  2548 20
32796.000000  2548 20
32824.000000  2553 20
32852.000000  2558 20
32854.000000  2558 20
32922.000000  2570 20
32998.000000  2583 20
33084.000000  2599 20
33118.000000  2605 20
33142.000000  2609 20
33174.000000  2615 20
33176.000000  2615 20
33264.000000  2631 20
33316.000000  2639 20
33328.000000  2642 20
33354.000000  2646 20
33372.000000  2649 20
33422.000000  2658 20
33458.000000  2664 20
33482.000000  2668 20
33602.000000  2690 20
33626.000000  2694 20
33658.000000  2700 20
33738.000000  2714 20
33796.000000  2724 20
33898.000000  2742 20
33926.000000  2747 20
33978.000000  2756 20
33994.000000  2759 20
34022.000000  2763 20
34062.000000  2770 20
34064.000000  2771 20
34090.000000  2775 20
34106.000000  2778 20
34122.000000  2781 20
34136.000000  2784 20
34136.000000  2784 20
34176.000000  2791 20
34178.000000  2791 20
34236.000000  2801 20
34268.000000  2807 20
34348.000000  2821 20
34350.000000  2821 20
34364.000000  2824 20
34386.000000  2828 20
34442.000000  2837 20
34474.000000  2843 20
34516.000000  2850 20
34516.000000  2850 20
34630.000000  2870 20
34668.000000  2877 20
34726.000000  2887 20
34728.000000  2888 20
34774.000000  2896 20
34812.000000  2903 20
34812.000000  2903 20
34836.000000  2907 20
34880.000000  2914 20
34888.000000  2916 20
34966.000000  2929 20
34968.000000  2930 20
35000.000000  2935 20
35034.000000  2941 20
35068.000000  2947 20
35122.000000  2957 20
35146.000000  2961 20
35172.000000  2966 20
35172.000000  2966 20
35202.000000  2971 20
35244.000000  2979 20
35256.000000  2981 20
35272.000000  2983 20
35320.000000  2992 20
35346.000000  2997 20
35360.000000  2999 20
35386.000000  3003 20
35434.000000  3012 20
35450.000000  3015 20
35480.000000  3020 20
35534.000000  3029 20
35628.000000  3046 20
35686.000000  3056 20
35700.000000  3059 20
35754.000000  3068 20
35790.000000  3075 20
35832.000000  3082 20
35890.000000  3092 20
35912.000000  3096 20
35938.000000  3101 20
35950.000000  3103 20
36008.000000  3113 20
36044.000000  3119 20
36076.000000  3125 20
36108.000000  3130 20
36138.000000  3135 20
36140.000000  3136 20
36166.000000  3140 20
36190.000000  3145 20
36246.000000  3155 20
36260.000000  3157 20
36294.000000  3163 20
36316.000000  3167 20
36380.000000  3178 20
36416.000000  3185 20
36482.000000  3196 20
36482.000000  3196 20
36522.000000  3203 20
36622.000000  3220 20
36622.000000  3220 20
36622.000000  3220 20
36622.000000  3220 20
36622.000000  3220 20
36694.000000  3233 20
36722.000000  3238 20
36724.000000  3239 20
36778.000000  3248 20
36780.000000  3248 20
36812.000000  3254 20
36842.000000  3259 20
36898.000000  3269 20
36930.000000  3275 20
36930.000000  3275 20
36954.000000  3279 20
36988.000000  3285 20
37044.000000  3295 20
37126.000000  3309 20
37162.000000  3315 20
37202.000000  3323 20
37218.000000  3325 20
37218.000000  3325 20
37320.000000  3343 20
37356.000000  3350 20
37390.000000  3356 20
37390.000000  3356 20
37424.000000  3362 20
37448.000000  3366 20
37484.000000  3372 20
37486.000000  3373 20
37588.000000  3390 20
37682.000000  3407 20
37682.000000  3407 20
37760.000000  3421 20
37790.000000  3426 20
37852.000000  3437 20
37908.000000  3447 20
37968.000000  3457 20
38030.000000  3468 20
38032.000000  3469 20
38158.000000  3491 20
38212.000000  3500 20
38240.000000  3505 20
38242.000000  3505 20
38256.000000  3508 20
38336.000000  3522 20
38368.000000  3528 20
38414.000000  3536 20
38452.000000  3542 20
38474.000000  3546 20
38492.000000  3549 20
38510.000000  3553 20
38638.000000  3575 20
38650.000000  3577 20
38682.000000  3583 20
38708.000000  3587 20
38762.000000  3597 20
38798.000000  3603 20
38824.000000  3608 20
38836.000000  3610 20
38836.000000  3610 20
38874.000000  3617 20
38876.000000  3617 20
38896.000000  3621 20
38956.000000  3631 20
38958.000000  3631 20
38990.000000  3637 20
39006.000000  3640 20
39018.000000  3642 20
39072.000000  3651 20
39074.000000  3651 20
39094.000000  3655 20
39124.000000  3660 20
39148.000000  3665 20
39180.000000  3670 20
39210.000000  3675 20
39330.000000  3697 20
39384.000000  3706 20
39458.000000  3719 20
39482.000000  3723 20
39496.000000  3726 20
39508.000000  3728 20
39616.000000  3747 20
39632.000000  3749 20
39658.000000  3754 20
39684.000000  3759 20
39726.000000  3766 20
39742.000000  3769 20
39836.000000  3786 20
39890.000000  3795 20
39922.000000  3801 20
39956.000000  3807 20
39956.000000  3807 20
39956.000000  3807 20
40030.000000  3820 20
40046.000000  3823 20
40100.000000  3832 20
40128.000000  3837 20
40164.000000  3843 20
40166.000000  3843 20
40216.000000  3852 20
40240.000000  3857 20
40258.000000  3860 20
40288.000000  3865 20
40290.000000  3865 20
40334.000000  3873 20
40418.000000  3888 20
40464.000000  3896 20
40560.000000  3913 20
40594.000000  3919 20
40700.000000  3937 20
40754.000000  3947 20
40778.000000  3951 20
40846.000000  3963 20
40910.000000  3975 20
40986.000000  3988 20
41020.000000  3994 20
41110.000000  4009 20
41160.000000  4018 20
41210.000000  4027 20
41246.000000  4033 20
41248.000000  4034 20
41324.000000  4047 20
41326.000000  4047 20
41332.000000  4049 20
41388.000000  4058 20
41446.000000  4069 20
41460.000000  4071 20
41492.000000  4077 20
41494.000000  4077 20
41556.000000  4088 20
41638.000000  4102 20
41682.000000  4110 20
41682.000000  4110 20
41682.000000  4110 20
41682.000000  4110 20
41748.000000  4121 20
41748.000000  4121 20
41776.000000  4127 20
41828.000000  4136 20
41872.000000  4143 20
41900.000000  4149 20
41930.000000  4154 20
41992.000000  4165 20
41994.000000  4165 20
42022.000000  4170 20
42130.000000  4189 20
42178.000000  4197 20
42204.000000  4202 20
42218.000000  4204 20
42300.000000  4219 20
42324.000000  4223 20
42370.000000  4231 20
42420.000000  4240 20
42446.000000  4245 20
42472.000000  4249 20
42488.000000  4252 20
42520.000000  4257 20
42520.000000  4257 20
42674.000000  4284 20
42702.000000  4289 20
42704.000000  4289 20
42754.000000  4298 20
42880.000000  4321 20
42956.000000  4334 20
42996.000000  4341 20
43036.000000  4348 20
43128.000000  4364 20
43188.000000  4375 20
43188.000000  4375 20
43304.000000  4395 20
43340.000000  4401 20
43368.000000  4406 20
43396.000000  4411 20
43396.000000  4411 20
43452.000000  4421 20
43484.000000  4427 20
43514.000000  4432 20
43582.000000  4444 20
43584.000000  4444 20
43636.000000  4454 20
43720.000000  4468 20
43736.000000  4471 20
43796.000000  4481 20
43796.000000  4481 20
43864.000000  4493 20
43898.000000  4499 20
43930.000000  4505 20
43964.000000  4511 20
44020.000000  4521 20
44146.000000  4543 20
44146.000000  4543 20
44196.000000  4552 20
44198.000000  4552 20
44244.000000  4560 20
44296.000000  4569 20
44352.000000  4579 20
44352.000000  4579 20
44378.000000  4584 20
44406.000000  4589 20
44438.000000  4594 20
44500.000000  4605 20
44608.000000  4624 20
44640.000000  4630 20
44642.000000  4630 20
44644.000000  4631 20
44666.000000  4635 20
44666.000000  4635 20
44690.000000  4639 20
44692.000000  4639 20
44702.000000  4641 20
44734.000000  4646 20
44772.000000  4653 20
44788.000000  4656 20
44818.000000  4661 20
44818.000000  4661 20
44834.000000  4664 20
44868.000000  4670 20
44890.000000  4674 20
44948.000000  4684 20
45008.000000  4695 20
45008.000000  4695 20
45102.000000  4711 20
45162.000000  4722 20
45196.000000  4728 20
45250.000000  4737 20
45280.000000  4742 20
45282.000000  4743 20
45350.000000  4755 20
45352.000000  4755 20
45380.000000  4760 20
45382.000000  4760 20
45398.000000  4763 20
45434.000000  4769 20
45440.000000  4771 20
45492.000000  4780 20
45524.000000  4785 20
45524.000000  4785 20
45688.000000  4814 20
45762.000000  4827 20
45786.000000  4831 20
45896.000000  4851 20
45932.000000  4857 20
46032.000000  4875 20
46138.000000  4893 20
46186.000000  4902 20
46230.000000  4909 20
46254.000000  4913 20
46370.000000  4934 20
46404.000000  4940 20
46428.000000  4944 20
46486.000000  4954 20
46520.000000  4960 20
46714.000000  4994 20
46750.000000  5001 20
46798.000000  5009 20
46820.000000  5013 20
46846.000000  5017 20
46896.000000  5026 20
46916.000000  5030 20
46938.000000  5034 20
46992.000000  5043 20
47026.000000  5049 20
47080.000000  5059 20
47134.000000  5068 20
47164.000000  5073 20
47196.000000  5079 20
47196.000000  5079 20
47230.000000  5085 20
47290.000000  5095 20
47312.000000  5099 20
47348.000000  5106 20
47394.000000  5114 20
47434.000000  5121 20
47452.000000  5124 20
47486.000000  5130 20
47486.000000  5130 20
47630.000000  5155 20
47664.000000  5161 20
47688.000000  5166 20
47690.000000  5166 20
47726.000000  5172 20
47728.000000  5173 20
47750.000000  5177 20
47784.000000  5182 20
47806.000000  5186 20
47806.000000  5186 20
47818.000000  -1 20
47818.000000  -1 20
47884.000000  5200 20
47884.000000  5200 20
47900.000000  5203 20
47938.000000  5209 20
47992.000000  5219 20
48004.000000  5221 20
48032.000000  5226 20
48088.000000  5236 20
48088.000000  5236 20
48128.000000  5243 20
48230.000000  5261 20
48316.000000  5276 20
48316.000000  5276 20
48348.000000  5281 20
48350.000000  5282 20
48418.000000  5294 20
48422.000000  5294 20
48456.000000  5301 20
48456.000000  5301 20
48482.000000  5305 20
48514.000000  5311 20
48642.000000  5333 20
48752.000000  5353 20
48836.000000  5367 20
48864.000000  5372 20
48878.000000  5375 20
48910.000000  5380 20
48942.000000  5386 20
48998.000000  5396 20
49032.000000  5402 20
49108.000000  5415 20
49124.000000  5418 20
49124.000000  5418 20
49164.000000  5425 20
49266.000000  5443 20
49266.000000  5443 20
49380.000000  5463 20
49484.000000  5481 20
49510.000000  5486 20
49582.000000  5499 20
49616.000000  5505 20
49640.000000  5509 20
49672.000000  5514 20
49696.000000  5519 20
49708.000000  5521 20
49732.000000  5525 20
49764.000000  5531 20
49788.000000  5535 20
49830.000000  5542 20
49924.000000  5558 20
49972.000000  5567 20
50026.000000  5576 20
50054.000000  5581 20
50056.000000  5582 20
50146.000000  5598 20
50170.000000  5602 20
50202.000000  5607 20
50226.000000  5612 20
50394.000000  5641 20
50396.000000  5641 20
50426.000000  5647 20
50426.000000  5647 20
50506.000000  5661 20
50508.000000  5661 20
50626.000000  5682 20
50644.000000  5685 20
50668.000000  5689 20
50702.000000  5695 20
50740.000000  5702 20
50756.000000  5705 20
50778.000000  5709 20
50780.000000  5709 20
50794.000000  5711 20
50812.000000  5715 20
50870.000000  5725 20
50964.000000  5741 20
51074.000000  5761 20
51096.000000  5765 20
51130.000000  5771 20
51208.000000  5784 20
51234.000000  5789 20
51234.000000  5789 20
51282.000000  5797 20
51346.000000  5808 20
51368.000000  5812 20
51386.000000  5815 20
51434.000000  5824 20
51450.000000  5827 20
51450.000000  5827 20
51464.000000  5829 20
51534.000000  5841 20
51636.000000  5859 20
51652.000000  5862 20
51676.000000  5867 20
51786.000000  5886 20
51812.000000  5890 20
51876.000000  5901 20
51916.000000  5908 20
51944.000000  5913 20
51944.000000  5913 20
51972.000000  5918 20
52004.000000  5924 20
52004.000000  5924 20
52112.000000  5943 20
52114.000000  5943 20
52136.000000  5947 20
52170.000000  5953 20
52276.000000  5972 20
52330.000000  5981 20
52354.000000  5986 20
52412.000000  5996 20
52434.000000  5999 20
52570.000000  6023 20
52596.000000  6028 20
52642.000000  6036 20
52750.000000  6055 20
52808.000000  6065 20
52872.000000  6077 20
52944.000000  6089 20
53052.000000  6108 20
53164.000000  6128 20
53246.000000  6143 20
53296.000000  6151 20
53322.000000  6156 20
53392.000000  6168 20
53392.000000  6168 20
53448.000000  6178 20
53450.000000  6178 20
53554.000000  6196 20
53586.000000  6202 20
53620.000000  6208 20
53650.000000  6213 20
53684.000000  6219 20
53778.000000  6236 20
53810.000000  6241 20
53810.000000  6241 20
53838.000000  6247 20
54228.000000  6315 20
54252.000000  6319 20
54284.000000  6325 20
54336.000000  6334 20
54432.000000  6351 20
54434.000000  6351 20
54454.000000  6355 20
54456.000000  6355 20
54542.000000  6370 20
54542.000000  6370 20
54542.000000  6370 20
54542.000000  6370 20
54608.000000  6382 20
54654.000000  6390 20
54686.000000  6396 20
54742.000000  6405 20
54798.000000  6415 20
54858.000000  6426 20
54890.000000  6431 20
54914.000000  6436 20
54916.000000  6436 20
54924.000000  6437 20
54954.000000  6442 20
54998.000000  6450 20
55034.000000  6457 20
55052.000000  6460 20
55088.000000  6466 20
55134.000000  6474 20
55164.000000  6479 20
55166.000000  6480 20
55194.000000  6485 20
55194.000000  6485 20
55242.000000  6493 20
55242.000000  6493 20
55274.000000  6499 20
55276.000000  6499 20
55312.000000  6506 20
55342.000000  6511 20
55378.000000  6517 20
55432.000000  6527 20
55456.000000  6531 20
55490.000000  6537 20
55492.000000  6537 20
55512.000000  6541 20
55622.000000  6560 20
55634.000000  6562 20
55650.000000  6565 20
55692.000000  6572 20
55732.000000  6579 20
55782.000000  6588 20
55866.000000  6603 20
55890.000000  6607 20
55890.000000  6607 20
56002.000000  6627 20
56036.000000  6633 20
56036.000000  6633 20
56116.000000  6647 20
56132.000000  6649 20
56146.000000  6652 20
56200.000000  6662 20
56276.000000  6675 20
56294.000000  6678 20
56340.000000  6686 20
56364.000000  6691 20
56384.000000  6694 20
56386.000000  6694 20
56420.000000  6700 20
56440.000000  6704 20
56446.000000  6705 20
56510.000000  6716 20
56526.000000  6719 20
56626.000000  6736 20
56632.000000  6737 20
56632.000000  6737 20
56666.000000  6743 20
56690.000000  6748 20
56690.000000  6748 20
56750.000000  6758 20
56790.000000  6765 20
56868.000000  6779 20
56920.000000  6788 20
56954.000000  6794 20
57008.000000  6803 20
57010.000000  6804 20
57026.000000  6807 20
57122.000000  6823 20
57170.000000  6832 20
57182.000000  6834 20
57234.000000  6843 20
57266.000000  6849 20
57290.000000  6853 20
57382.000000  6869 20
57410.000000  6874 20
57412.000000  6875 20
57428.000000  6877 20
57440.000000  6880 20
57490.000000  6888 20
57542.000000  6897 20
57614.000000  6910 20
57644.000000  6915 20
57690.000000  6923 20
57712.000000  6927 20
57734.000000  6931 20
57734.000000  6931 20
57784.000000  6940 20
57802.000000  6943 20
57876.000000  6956 20
57878.000000  6957 20
57898.000000  6960 20
57940.000000  6967 20
57964.000000  6972 20
57996.000000  6977 20
58072.000000  6990 20
58106.000000  6996 20
58106.000000  6996 20
58140.000000  7002 20
58164.000000  7007 20
58232.000000  7019 20
58232.000000  7019 20
58254.000000  7023 20
58254.000000  7023 20
58304.000000  7031 20
58312.000000  7033 20
58312.000000  7033 20
58412.000000  7050 20
58432.000000  7054 20
58462.000000  7059 20
58512.000000  7068 20
58574.000000  7079 20
58630.000000  7088 20
58774.000000  7114 20
58888.000000  7134 20
58888.000000  7134 20
58920.000000  7140 20
58978.000000  7150 20
59004.000000  7154 20
59006.000000  7155 20
59052.000000  7163 20
59130.000000  7176 20
59154.000000  7181 20
59168.000000  7183 20
59222.000000  7193 20
59286.000000  7204 20
59288.000000  7204 20
59344.000000  7214 20
59346.000000  7215 20
59360.000000  7217 20
59372.000000  7219 20
59372.000000  7219 20
59402.000000  7224 20
59416.000000  7227 20
59476.000000  7237 20
59562.000000  7252 20
59668.000000  7271 20
59706.000000  7278 20
59742.000000  7284 20
59744.000000  7284 20
59792.000000  7293 20
59850.000000  7303 20
59908.000000  7313 20
60146.000000  7355 20
60152.000000  7356 20
60152.000000  7356 20
60180.000000  7361 20
60236.000000  7371 20
60272.000000  7377 20
60294.000000  7381 20
60312.000000  7384 20
60342.000000  7390 20
60376.000000  7396 20
60396.000000  7399 20
60428.000000  7405 20
60462.000000  7411 20
60516.000000  7420 20
60550.000000  7426 20
60556.000000  7427 20
60614.000000  7437 20
60616.000000  7438 20
60630.000000  7440 20
60652.000000  7444 20
60686.000000  7450 20
60688.000000  7450 20
60708.000000  7454 20
60756.000000  7462 20
60792.000000  7469 20
60852.000000  7479 20
60896.000000  7487 20
60920.000000  7491 20
60970.000000  7500 20
61020.000000  7509 20
61068.000000  7517 20
61106.000000  7524 20
61108.000000  7524 20
61134.000000  7529 20
61166.000000  7534 20
61168.000000  7535 20
61192.000000  7539 20
61192.000000  7539 20
61226.000000  7545 20
61228.000000  7545 20
61254.000000  7550 20
61308.000000  7559 20
61310.000000  7560 20
61376.000000  7571 20
61396.000000  7575 20
61434.000000  7582 20
61436.000000  7582 20
61458.000000  7586 20
61474.000000  7589 20
61476.000000  7589 20
61498.000000  7593 20
61546.000000  7601 20
61586.000000  7608 20
61612.000000  7613 20
61646.000000  7619 20
61678.000000  7624 20
61712.000000  7630 20
61742.000000  7635 20
61776.000000  7641 20
61778.000000  7642 20
61808.000000  7647 20
61808.000000  7647 20
61844.000000  7653 20
61898.000000  7663 20
61928.000000  7668 20
61982.000000  7678 20
61996.000000  7680 20
62034.000000  7687 20
62098.000000  7698 20
62132.000000  7704 20
62158.000000  7708 20
62206.000000  7717 20
62266.000000  7727 20
62296.000000  7733 20
62362.000000  7745 20
62396.000000  7751 20
62640.000000  7793 20
62642.000000  7794 20
62674.000000  7799 20
62676.000000  7799 20
62738.000000  7810 20
62738.000000  7810 20
62778.000000  7817 20
62836.000000  7828 20
62858.000000  7832 20
62874.000000  7835 20
62890.000000  7837 20
62928.000000  7844 20
62930.000000  7845 20
62966.000000  7851 20
63000.000000  7857 20
63024.000000  7861 20
63080.000000  7871 20
63114.000000  7877 20
63136.000000  7880 20
63170.000000  7886 20
63254.000000  7901 20
63328.000000  7914 20
63362.000000  7920 20
63376.000000  7923 20
63396.000000  7926 20
63422.000000  7931 20
63446.000000  7935 20
63496.000000  7944 20
63630.000000  7967 20
63658.000000  7972 20
63660.000000  7973 20
63692.000000  7978 20
63718.000000  7983 20
63780.000000  7994 20
63780.000000  7994 20
63852.000000  8006 20
63852.000000  8006 20
63892.000000  8013 20
63900.000000  8015 20
63938.000000  8021 20
63958.000000  8025 20
63990.000000  8031 20
64038.000000  8039 20
64038.000000  8039 20
64064.000000  8044 20
64128.000000  8055 20
64168.000000  8062 20
64170.000000  8062 20
64220.000000  8071 20
64242.000000  8075 20
64298.000000  8085 20
64468.000000  8115 20
64470.000000  8115 20
64522.000000  8124 20
64546.000000  8129 20
64594.000000  8137 20
64638.000000  8145 20
64640.000000  8145 20
64642.000000  8145 20
64662.000000  8149 20
64662.000000  8149 20
64676.000000  8151 20
64708.000000  8157 20
64710.000000  8157 20
64726.000000  8160 20
64744.000000  8163 20
64746.000000  8163 20
64778.000000  8169 20
64826.000000  8177 20
64854.000000  8182 20
64966.000000  8202 20
65002.000000  8209 20
65076.000000  8221 20
65134.000000  8232 20
65168.000000  8237 20
65214.000000  8245 20
65242.000000  8250 20
65320.000000  8264 20
65388.000000  8276 20
65428.000000  8283 20
65454.000000  8288 20
65478.000000  8292 20
65600.000000  8313 20
65632.000000  8319 20
65688.000000  8329 20
65722.000000  8335 20
65826.000000  8353 20
65890.000000  8364 20
65936.000000  8373 20
65958.000000  8377 20
66008.000000  8385 20
66046.000000  8392 20
66076.000000  8397 20
66144.000000  8409 20
66200.000000  8419 20
66270.000000  8431 20
66302.000000  8437 20
66302.000000  8437 20
66334.000000  8442 20
66394.000000  8453 20
66428.000000  8459 20
66484.000000  8469 20
66498.000000  8471 20
66578.000000  8485 20
66626.000000  8494 20
66656.000000  8499 20
68228.000000  8775 20
68230.000000  8776 20
68246.000000  8779 20
68276.000000  8784 20
68300.000000  8788 20
68396.000000  8805 20
68428.000000  8810 20
68474.000000  8819 20
68548.000000  8832 20
68654.000000  8850 20
68654.000000  8850 20
68702.000000  8859 20
68748.000000  8867 20
68748.000000  8867 20
68808.000000  8877 20
68840.000000  8883 20
68914.000000  8896 20
68914.000000  8896 20
68932.000000  8899 20
68984.000000  8908 20
69064.000000  8923 20
69196.000000  8946 20
69238.000000  8953 20
69298.000000  8963 20
69364.000000  8975 20
69400.000000  8981 20
69424.000000  8985 20
69456.000000  8991 20
69488.000000  8997 20
69616.000000  9019 20
69624.000000  9021 20
69626.000000  9021 20
69688.000000  9032 20
69776.000000  9047 20
69814.000000  9054 20
69902.000000  9069 20
69944.000000  9077 20
70030.000000  9092 20
70058.000000  9097 20
70124.000000  9109 20
70158.000000  9115 20
70266.000000  9134 20
70334.000000  9145 20
70334.000000  9145 20
70464.000000  9168 20
70520.000000  9178 20
70594.000000  9191 20
70594.000000  9191 20
70624.000000  9197 20
70690.000000  9208 20
70748.000000  9218 20
70822.000000  9231 20
70858.000000  9237 20
70884.000000  9242 20
70954.000000  9254 20
71000.000000  9263 20
71038.000000  9269 20
71202.000000  9298 20
71278.000000  9311 20
71294.000000  9314 20
71328.000000  9320 20
71360.000000  9326 20
71418.000000  9336 20
71432.000000  9338 20
71488.000000  9348 20
71524.000000  9355 20
71526.000000  9355 20
71596.000000  9367 20
71604.000000  9369 20
71620.000000  9372 20
71640.000000  9375 20
71668.000000  9380 20
71704.000000  9386 20
71736.000000  9392 20
71784.000000  9400 20
71814.000000  9406 20
71844.000000  9411 20
71870.000000  9415 20
71872.000000  9415 20
71918.000000  9424 20
71920.000000  9424 20
71978.000000  9434 20
72010.000000  9440 20
72064.000000  9449 20
72096.000000  9455 20
72096.000000  9455 20
72106.000000  9457 20
72140.000000  9463 20
72172.000000  9469 20
72174.000000  9469 20
72174.000000  9469 20
72222.000000  9477 20
72270.000000  9486 20
72294.000000  9490 20
72374.000000  9504 20
72548.000000  9535 20
72612.000000  9546 20
72628.000000  9549 20
72656.000000  9554 20
72658.000000  9554 20
72720.000000  9565 20
72788.000000  9577 20
72824.000000  9583 20
72848.000000  9587 20
72882.000000  9593 20
72884.000000  9593 20
72906.000000  9597 20
72938.000000  9603 20
72974.000000  9609 20
73032.000000  9620 20
73072.000000  9627 20
73094.000000  9631 20
73126.000000  9636 20
73154.000000  9641 20
73168.000000  9644 20
73188.000000  9647 20
73202.000000  9650 20
73236.000000  9655 20
73238.000000  9656 20
73276.000000  9663 20
73312.000000  9669 20
73346.000000  9675 20
73368.000000  9679 20
73382.000000  9681 20
73486.000000  9699 20
73488.000000  9699 20
73510.000000  9703 20
73568.000000  9714 20
73604.000000  9720 20
73624.000000  9724 20
73654.000000  9729 20
73680.000000  9734 20
73700.000000  9737 20
73702.000000  9738 20
73726.000000  9742 20
73770.000000  9749 20
73812.000000  9757 20
73838.000000  9761 20
73872.000000  9767 20
73926.000000  9777 20
73950.000000  9781 20
73982.000000  9786 20
74006.000000  9791 20
74062.000000  9801 20
74118.000000  9811 20
74152.000000  9817 20
74182.000000  9822 20
74184.000000  9822 20
74244.000000  9833 20
74270.000000  9837 20
74326.000000  9847 20
74334.000000  9849 20
74508.000000  9879 20
74530.000000  9883 20
74530.000000  9883 20
74626.000000  9900 20
74650.000000  9904 20
74682.000000  9910 20
74682.000000  9910 20
74706.000000  9914 20
74740.000000  9920 20
74762.000000  9924 20
74796.000000  9930 20
74824.000000  9935 20
74872.000000  9943 20
74874.000000  9943 20
74924.000000  9952 20
74960.000000  9958 20
74994.000000  9964 20
75002.000000  9966 20
75022.000000  9969 20
75044.000000  9973 20
75064.000000  9977 20
75128.000000  9988 20
75158.000000  9993 20
75174.000000  9996 20
75206.000000  10002 20
75236.000000  10007 20
75272.000000  10013 20
75274.000000  10014 20
75302.000000  10019 20
75304.000000  10019 20
75320.000000  10022 20
75332.000000  10024 20
75352.000000  10027 20
75384.000000  10033 20
75416.000000  10039 20
75428.000000  10041 20
75468.000000  10047 20
75488.000000  10051 20
75502.000000  10053 20
75526.000000  10058 20
75556.000000  10063 20
75556.000000  10063 20
75648.000000  10079 20
75660.000000  10081 20
75742.000000  10096 20
75802.000000  10106 20
75804.000000  10107 20
75826.000000  10111 20
75836.000000  10112 20
75870.000000  10118 20
75872.000000  10119 20
75894.000000  10123 20
75948.000000  10132 20
75982.000000  10138 20
76012.000000  10143 20
76046.000000  10149 20
76078.000000  10155 20
76110.000000  10160 20
76154.000000  10168 20
76190.000000  10175 20
76226.000000  10181 20
76272.000000  10189 20
76316.000000  10197 20
76374.000000  10207 20
76376.000000  10207 20
76458.000000  10222 20
76516.000000  10232 20
76516.000000  10232 20
76550.000000  10238 20
76578.000000  10243 20
76580.000000  10243 20
76638.000000  10253 20
76640.000000  10253 20
76668.000000  10259 20
76668.000000  10259 20
76668.000000  10259 20
76668.000000  10259 20
76704.000000  10265 20
76732.000000  10270 20
76750.000000  10273 20
76808.000000  10283 20
76842.000000  10289 20
76860.000000  10292 20
76876.000000  10295 20
76894.000000  10298 20
76914.000000  10302 20
76938.000000  10306 20
76952.000000  10309 20
76976.000000  10313 20
76996.000000  10316 20
77034.000000  10323 20
77068.000000  10329 20
77098.000000  10334 20
77158.000000  10345 20
77158.000000  10345 20
77158.000000  10345 20
77216.000000  10355 20
77250.000000  10361 20
77304.000000  10371 20
77330.000000  10375 20
77360.000000  10380 20
77376.000000  10383 20
77376.000000  10383 20
77414.000000  10390 20
77460.000000  10398 20
77480.000000  10401 20
77500.000000  10405 20
77514.000000  10407 20
77628.000000  10427 20
77660.000000  10433 20
77660.000000  10433 20
77686.000000  10437 20
77718.000000  10443 20
77772.000000  10453 20
77806.000000  10459 20
77864.000000  10469 20
77898.000000  10475 20
77952.000000  10484 20
77986.000000  10490 20
78036.000000  10499 20
78084.000000  10507 20
78086.000000  10508 20
78118.000000  10513 20
78128.000000  10515 20
78162.000000  10521 20
78170.000000  10523 20
78190.000000  10526 20
78220.000000  10531 20
78238.000000  10535 20
78252.000000  10537 20
78296.000000  10545 20
78336.000000  10552 20
78372.000000  10558 20
78398.000000  10563 20
78454.000000  10573 20
78490.000000  10579 20
78492.000000  10579 20
78564.000000  10591 20
78576.000000  10594 20
78614.000000  10600 20
78616.000000  10601 20
78636.000000  10604 20
78668.000000  10610 20
78694.000000  10615 20
78728.000000  10621 20
78740.000000  10623 20
78760.000000  10626 20
78780.000000  10630 20
78810.000000  10635 20
78834.000000  10639 20
78866.000000  10645 20
78902.000000  10651 20
78958.000000  10661 20
78960.000000  10661 20
78996.000000  10668 20
78998.000000  10668 20
79024.000000  10673 20
79052.000000  10677 20
79054.000000  10678 20
79078.000000  10682 20
79090.000000  10684 20
79166.000000  10697 20
79202.000000  10704 20
79226.000000  10708 20
79260.000000  10714 20
79262.000000  10715 20
79338.000000  10728 20
79358.000000  10731 20
79372.000000  10734 20
79392.000000  10737 20
79410.000000  10741 20
79436.000000  10745 20
79436.000000  10745 20
79452.000000  10748 20
79472.000000  10751 20
79630.000000  10779 20
79632.000000  10779 20
79656.000000  10783 20
79656.000000  10783 20
79656.000000  10783 20
79686.000000  10789 20
79718.000000  10795 20
79756.000000  10801 20
79758.000000  10802 20
79934.000000  10833 20
79936.000000  10833 20
80002.000000  10845 20
80100.000000  10861 20
80130.000000  10867 20
80226.000000  10884 20
80228.000000  10884 20
80272.000000  10892 20
80336.000000  10903 20
80368.000000  10909 20
80368.000000  10909 20
80368.000000  10909 20
80368.000000  10909 20
80532.000000  10938 20
80534.000000  10938 20
80556.000000  10942 20
80556.000000  10942 20
80586.000000  10947 20
80614.000000  10952 20
80634.000000  10955 20
80680.000000  10963 20
80680.000000  10963 20
80718.000000  10970 20
80720.000000  10971 20
80736.000000  10973 20
80758.000000  10977 20
80786.000000  10982 20
80786.000000  10982 20
80808.000000  10986 20
80854.000000  10994 20
80854.000000  10994 20
80878.000000  10999 20
80910.000000  11004 20
80942.000000  11010 20
80976.000000  11016 20
81004.000000  11021 20
81012.000000  11022 20
81046.000000  11028 20
81070.000000  11032 20
81104.000000  11038 20
81104.000000  11038 20
81104.000000  11038 20
81182.000000  11052 20
81184.000000  11052 20
81218.000000  11058 20
81248.000000  11063 20
81256.000000  11065 20
81292.000000  11071 20
81326.000000  11077 20
81328.000000  11077 20
81394.000000  11089 20
81446.000000  11098 20
81472.000000  11103 20
81518.000000  11111 20
81518.000000  11111 20
81576.000000  11121 20
81576.000000  11121 20
81672.000000  11138 20
81700.000000  11143 20
81762.000000  11154 20
81764.000000  11154 20
81780.000000  11157 20
81806.000000  11161 20
81838.000000  11167 20
81840.000000  11167 20
81880.000000  11175 20
81918.000000  11181 20
81968.000000  11190 20
82008.000000  11197 20
82044.000000  11203 20
82060.000000  11206 20
82074.000000  11209 20
82074.000000  11209 20
82122.000000  11217 20
82160.000000  11223 20
82196.000000  11230 20
82250.000000  11239 20
82252.000000  11240 20
82276.000000  11244 20
82338.000000  11255 20
82352.000000  11257 20
82354.000000  11258 20
82406.000000  11267 20
82460.000000  11277 20
82490.000000  11282 20
82542.000000  11291 20
82578.000000  11297 20
82614.000000  11303 20
82656.000000  11311 20
82658.000000  11311 20
82680.000000  11315 20
82728.000000  11323 20
82756.000000  11328 20
82756.000000  11328 20
82790.000000  11334 20
82832.000000  11342 20
82906.000000  11355 20
82922.000000  11358 20
83010.000000  11373 20
83076.000000  11385 20
83076.000000  11385 20
83136.000000  11395 20
83138.000000  11395 20
83166.000000  11400 20
83166.000000  11400 20
83200.000000  11406 20
83248.000000  11415 20
83284.000000  11421 20
83312.000000  11426 20
83356.000000  11434 20
83382.000000  11438 20
83400.000000  11442 20
83432.000000  11447 20
83450.000000  11451 20
83482.000000  11456 20
83506.000000  11460 20
83520.000000  11463 20
83592.000000  11475 20
83616.000000  11479 20
83630.000000  11482 20
83682.000000  11491 20
83706.000000  11495 20
83738.000000  11501 20
83738.000000  11501 20
83788.000000  11510 20
83808.000000  11513 20
83816.000000  11515 20
83854.000000  11521 20
83902.000000  11530 20
83932.000000  11535 20
83978.000000  11543 20
84032.000000  11553 20
84044.000000  11555 20
84070.000000  11559 20
84108.000000  11566 20
84108.000000  11566 20
84162.000000  11575 20
84186.000000  11579 20
84218.000000  11585 20
84218.000000  11585 20
84294.000000  11598 20
84310.000000  11601 20
84344.000000  11607 20
84370.000000  11612 20
84420.000000  11621 20
84520.000000  11638 20
84520.000000  11638 20
84560.000000  11645 20
84584.000000  11649 20
84604.000000  11653 20
84618.000000  11655 20
84642.000000  11660 20
84688.000000  11667 20
84728.000000  11675 20
84762.000000  11681 20
84792.000000  11686 20
84850.000000  11696 20
84882.000000  11702 20
84936.000000  11711 20
84968.000000  11717 20
85004.000000  11723 20
85006.000000  11724 20
85044.000000  11730 20
85092.000000  11739 20
85114.000000  11743 20
85138.000000  11747 20
85186.000000  11755 20
85212.000000  11760 20
85234.000000  11763 20
85250.000000  11766 20
85270.000000  11770 20
85294.000000  11774 20
85308.000000  11777 20
85346.000000  11783 20
85392.000000  11791 20
85426.000000  11797 20
85528.000000  11815 20
85528.000000  11815 20
85674.000000  11841 20
85676.000000  11841 20
85720.000000  11849 20
85740.000000  11852 20
85840.000000  11870 20
85934.000000  11887 20
85952.000000  11890 20
85974.000000  11894 20
85994.000000  11897 20
86060.000000  11909 20
86062.000000  11909 20
86068.000000  11910 20
86130.000000  11921 20
86132.000000  11921 20
86190.000000  11931 20
86192.000000  11932 20
86246.000000  11941 20
86246.000000  11941 20
86306.000000  11952 20
86352.000000  11960 20
86394.000000  11967 20
86436.000000  11975 20
86460.000000  11979 20
86510.000000  11988 20
86512.000000  11988 20
86620.000000  12007 20
86620.000000  12007 20
86670.000000  12016 20
86684.000000  12018 20
86708.000000  12023 20
86722.000000  12025 20
86746.000000  12029 20
86746.000000  12029 20
86782.000000  12035 20
86784.000000  12036 20
86804.000000  12039 20
86818.000000  12042 20
86878.000000  12052 20
86878.000000  12052 20
86878.000000  12052 20
86888.000000  12054 20
86920.000000  12060 20
86944.000000  12064 20
86978.000000  12070 20
86996.000000  12073 20
87022.000000  12078 20
87032.000000  12080 20
87046.000000  12082 20
87072.000000  12087 20
87084.000000  12089 20
87110.000000  12093 20
87128.000000  12097 20
87142.000000  12099 20
87164.000000  12103 20
87424.000000  12148 20
87424.000000  12148 20
87450.000000  12153 20
87484.000000  12159 20
87486.000000  12159 20
87558.000000  12172 20
87564.000000  12173 20
87564.000000  12173 20
87626.000000  12184 20
87628.000000  12184 20
87634.000000  12185 20
87634.000000  12185 20
87652.000000  12189 20
87654.000000  12189 20
87680.000000  12193 20
87680.000000  12193 20
87680.000000  12193 20
87706.000000  12198 20
87730.000000  12202 20
87778.000000  12210 20
87814.000000  12217 20
87862.000000  12225 20
87900.000000  12232 20
87900.000000  12232 20
87950.000000  12241 20
88008.000000  12251 20
88042.000000  12257 20
88066.000000  12261 20
88066.000000  12261 20
88126.000000  12272 20
88126.000000  12272 20
88158.000000  12277 20
88232.000000  12290 20
88310.000000  12304 20
88312.000000  12304 20
88370.000000  12314 20
88382.000000  12317 20
88398.000000  12319 20
88422.000000  12324 20
88422.000000  12324 20
88476.000000  12333 20
88514.000000  12340 20
88516.000000  12340 20
88526.000000  12342 20
88658.000000  12365 20
88682.000000  12369 20
88776.000000  12386 20
88874.000000  12403 20
88898.000000  12407 20
88934.000000  12413 20
89128.000000  12448 20
89352.000000  12487 20
89354.000000  12487 20
89358.000000  12488 20
89434.000000  12501 20
89598.000000  12530 20
89600.000000  12531 20
89678.000000  12544 20
89690.000000  12547 20
89748.000000  12557 20
89890.000000  12581 20
89890.000000  12581 20
90072.000000  12614 20
90090.000000  12617 20
90122.000000  12623 20
90174.000000  12631 20
90212.000000  12638 20
90518.000000  12692 20
90552.000000  12698 20
90750.000000  12733 20
90776.000000  12737 20
90838.000000  12748 20
90904.000000  12760 20
90934.000000  12765 20
90948.000000  12767 20
91000.000000  12777 20
91002.000000  12777 20
91062.000000  12788 20
91200.000000  12812 20
91368.000000  12841 20
91386.000000  12844 20
91400.000000  12847 20
91430.000000  12852 20
91460.000000  12857 20
91462.000000  12858 20
91490.000000  12863 20
91516.000000  12867 20
91608.000000  12884 20
91620.000000  12886 20
91660.000000  12893 20
91688.000000  12898 20
91702.000000  12900 20
91736.000000  12906 20
91760.000000  12910 20
91814.000000  12920 20
91814.000000  12920 20
91828.000000  12922 20
91858.000000  12927 20
91860.000000  12928 20
91954.000000  12944 20
92012.000000  12955 20
92020.000000  12956 20
92020.000000  12956 20
92074.000000  12965 20
92104.000000  12971 20
92104.000000  12971 20
92104.000000  12971 20
92124.000000  12974 20
92140.000000  12977 20
92170.000000  12983 20
92196.000000  12987 20
92216.000000  12990 20
92224.000000  12992 20
92224.000000  12992 20
92246.000000  12996 20
92276.000000  13001 20
92324.000000  13009 20
92354.000000  13014 20
92368.000000  13017 20
92432.000000  13028 20
92456.000000  13032 20
92516.000000  13043 20
92518.000000  13043 20
92580.000000  13054 20
92636.000000  13064 20
92670.000000  13070 20
92726.000000  13080 20
92746.000000  13083 20
92796.000000  13092 20
92796.000000  13092 20
92940.000000  13117 20
92966.000000  13122 20
92986.000000  13126 20
92988.000000  13126 20
93034.000000  13134 20
93034.000000  13134 20
93052.000000  13137 20
93082.000000  13143 20
93156.000000  13156 20
93286.000000  13179 20
93346.000000  13189 20
93378.000000  13195 20
93400.000000  13198 20
93420.000000  13202 20
93448.000000  13207 20
93490.000000  13214 20
93594.000000  13233 20
93634.000000  13240 20
93650.000000  13243 20
93666.000000  13245 20
93684.000000  13249 20
93758.000000  13261 20
93786.000000  13266 20
93786.000000  13266 20
93786.000000  13266 20
93818.000000  13272 20
93820.000000  13272 20
93844.000000  13276 20
93876.000000  13282 20
93908.000000  13287 20
93910.000000  13288 20
93922.000000  13290 20
94000.000000  13304 20
94002.000000  13304 20
94074.000000  13317 20
94120.000000  13325 20
94120.000000  13325 20
94200.000000  13339 20
94262.000000  13350 20
94574.000000  13405 20
94652.000000  13418 20
94652.000000  13418 20
94770.000000  13439 20
94772.000000  13440 20
94818.000000  13448 20
94876.000000  13458 20
94876.000000  13458 20
94904.000000  13463 20
94926.000000  13466 20
94998.000000  13479 20
95104.000000  13498 20
95104.000000  13498 20
95182.000000  13512 20
95218.000000  13518 20
95270.000000  13527 20
95270.000000  13527 20
95302.000000  13533 20
95304.000000  13533 20
95348.000000  13541 20
95400.000000  13550 20
95426.000000  13554 20
95474.000000  13563 20
95496.000000  13567 20
95510.000000  13569 20
95590.000000  13583 20
95636.000000  13591 20
95644.000000  13593 20
95678.000000  13599 20
95702.000000  13603 20
95716.000000  13605 20
95716.000000  13605 20
95732.000000  13608 20
95752.000000  13612 20
95752.000000  13612 20
95812.000000  13622 20
95814.000000  13623 20
95880.000000  13634 20
95936.000000  13644 20
95964.000000  13649 20
96010.000000  13657 20
96010.000000  13657 20
96044.000000  13663 20
96072.000000  13668 20
96118.000000  13676 20
96130.000000  13678 20
96156.000000  13683 20
96224.000000  13695 20
96270.000000  13703 20
96286.000000  13705 20
96320.000000  13711 20
96408.000000  13727 20
96410.000000  13727 20
96444.000000  13733 20
96444.000000  13733 20
96470.000000  13738 20
96540.000000  13750 20
96578.000000  13757 20
96612.000000  13763 20
96612.000000  13763 20
96674.000000  13774 20
96708.000000  13780 20
96780.000000  13793 20
96820.000000  13799 20
96820.000000  13799 20
96842.000000  13803 20
96842.000000  13803 20
96914.000000  13816 20
97012.000000  13833 20
97014.000000  13833 20
97044.000000  13839 20
97044.000000  13839 20
97098.000000  13848 20
97122.000000  13852 20
97122.000000  13852 20
97178.000000  13862 20
97210.000000  13868 20
97222.000000  13870 20
97254.000000  13876 20
97286.000000  13881 20
97322.000000  13888 20
97370.000000  13896 20
97386.000000  13899 20
97410.000000  13903 20
97460.000000  13912 20
97504.000000  13919 20
97550.000000  13927 20
97584.000000  13933 20
97638.000000  13943 20
97690.000000  13952 20
97690.000000  13952 20
97744.000000  13962 20
97746.000000  13962 20
97840.000000  13979 20
97848.000000  13980 20
97892.000000  13988 20
97930.000000  13994 20
97932.000000  13995 20
98066.000000  14018 20
98066.000000  14018 20
98210.000000  14043 20
98212.000000  14044 20
98344.000000  14067 20
98404.000000  14078 20
98660.000000  14122 20
98726.000000  14134 20
98726.000000  14134 20
98750.000000  14138 20
98810.000000  14149 20
98826.000000  14152 20
98840.000000  14154 20
98892.000000  14163 20
98892.000000  14163 20
98926.000000  14169 20
99120.000000  14203 20
99150.000000  14209 20
99196.000000  14217 20
99196.000000  14217 20
99240.000000  14225 20
99272.000000  14230 20
99272.000000  14230 20
99282.000000  14232 20
99396.000000  14252 20
99396.000000  14252 20
99468.000000  14265 20
99494.000000  14269 20
99528.000000  14275 20
99552.000000  14279 20
99584.000000  14285 20
99584.000000  14285 20
99608.000000  14289 20
99618.000000  14291 20
99652.000000  14297 20
99674.000000  14301 20
99684.000000  14302 20
99770.000000  14318 20
99870.000000  14335 20
99870.000000  14335 20
99996.000000  14357 20
100030.000000  14363 20
100066.000000  14369 20
100130.000000  14381 20
101784.000000  14671 20
101786.000000  14672 20
101806.000000  14675 20
101828.000000  14679 20
101844.000000  14682 20
101880.000000  14689 20
101906.000000  14693 20
101936.000000  14698 20
101950.000000  14701 20
101966.000000  14703 20
101984.000000  14707 20
101994.000000  14709 20
102028.000000  14714 20
102052.000000  14719 20
102054.000000  14719 20
102068.000000  14721 20
102126.000000  14731 20
102128.000000  14732 20
102138.000000  14733 20
102162.000000  14738 20
102194.000000  14743 20
102194.000000  14743 20
102220.000000  14748 20
102252.000000  14754 20
102280.000000  14759 20
102282.000000  14759 20
102288.000000  14760 20
102324.000000  14766 20
102326.000000  14767 20
102348.000000  14771 20
102366.000000  14774 20
102416.000000  14783 20
102436.000000  14786 20
102450.000000  14789 20
102476.000000  14793 20
102500.000000  14797 20
102526.000000  14802 20
102648.000000  14823 20
102850.000000  14859 20
102850.000000  14859 20
102948.000000  14876 20
103034.000000  14891 20
103210.000000  14922 20
103248.000000  14929 20
103270.000000  14932 20
103290.000000  14936 20
103354.000000  14947 20
103440.000000  14963 20
103440.000000  14963 20
103466.000000  14967 20
103522.000000  14977 20
103578.000000  14987 20
103610.000000  14992 20
103610.000000  14992 20
103632.000000  14996 20
103648.000000  14999 20
103668.000000  15002 20
103668.000000  15002 20
103688.000000  15006 20
103734.000000  15014 20
103736.000000  15014 20
103970.000000  15055 20
104044.000000  15069 20
104138.000000  15085 20
104162.000000  15089 20
104218.000000  15099 20
104232.000000  15101 20
104330.000000  15119 20
104346.000000  15122 20
104376.000000  15127 20
104426.000000  15136 20
104474.000000  15144 20
104590.000000  15165 20
104614.000000  15169 20
104648.000000  15175 20
104650.000000  15175 20
104700.000000  15184 20
104702.000000  15184 20
104798.000000  15201 20
104800.000000  15201 20
104870.000000  15214 20
104932.000000  15225 20
105006.000000  15238 20
105008.000000  15238 20
105046.000000  15245 20
105046.000000  15245 20
105046.000000  15245 20
105046.000000  15245 20
105202.000000  15272 20
105282.000000  15286 20
105298.000000  15289 20
105374.000000  15302 20
105408.000000  15308 20
105432.000000  15313 20
105446.000000  15315 20
105462.000000  15318 20
105494.000000  15323 20
105496.000000  15324 20
105556.000000  15334 20
105598.000000  15342 20
105598.000000  15342 20
105614.000000  15345 20
105666.000000  15353 20
105698.000000  15359 20
105698.000000  15359 20
105716.000000  15362 20
105788.000000  15375 20
105808.000000  15378 20
105856.000000  15387 20
105914.000000  15397 20
105980.000000  15409 20
106014.000000  15415 20
106120.000000  15433 20
106154.000000  15439 20
106192.000000  15446 20
106194.000000  15446 20
106200.000000  15447 20
106228.000000  15452 20
106276.000000  15460 20
106354.000000  15474 20
106398.000000  15482 20
106416.000000  15485 20
106434.000000  15488 20
106510.000000  15502 20
106608.000000  15519 20
106610.000000  15519 20
106676.000000  15531 20
106736.000000  15541 20
106850.000000  15561 20
106850.000000  15561 20
106896.000000  15570 20
106922.000000  15574 20
106950.000000  15579 20
107052.000000  15597 20
107054.000000  15597 20
107076.000000  15601 20
107216.000000  15625 20
107340.000000  15647 20
107340.000000  15647 20
107436.000000  15665 20
107708.000000  15712 20
107710.000000  15713 20
107726.000000  15715 20
107728.000000  15716 20
107764.000000  15722 20
107800.000000  15728 20
107926.000000  15751 20
107950.000000  15755 20
108006.000000  15765 20
108038.000000  15770 20
108070.000000  15776 20
108086.000000  15779 20
108152.000000  15790 20
108208.000000  15800 20
108222.000000  15802 20
108266.000000  15810 20
108326.000000  15821 20
108342.000000  15823 20
108394.000000  15833 20
108396.000000  15833 20
108428.000000  15839 20
108450.000000  15843 20
108486.000000  15849 20
108488.000000  15849 20
108546.000000  15860 20
108600.000000  15869 20
108626.000000  15873 20
108658.000000  15879 20
108682.000000  15883 20
108714.000000  15889 20
108716.000000  15889 20
108746.000000  15894 20
108782.000000  15901 20
108796.000000  15903 20
108796.000000  15903 20
108848.000000  15912 20
108978.000000  15935 20
109132.000000  15962 20
109156.000000  15967 20
109266.000000  15986 20
109278.000000  15988 20
109312.000000  15994 20
109336.000000  15998 20
109376.000000  16005 20
109384.000000  16007 20
109420.000000  16013 20
109422.000000  16013 20
109472.000000  16022 20
109472.000000  16022 20
109514.000000  16030 20
109614.000000  16047 20
109616.000000  16047 20
109642.000000  16052 20
109642.000000  16052 20
109662.000000  16056 20
109708.000000  16064 20
109730.000000  16067 20
109730.000000  16067 20
109786.000000  16077 20
109820.000000  16083 20
109928.000000  16102 20
109954.000000  16107 20
109970.000000  16110 20
110004.000000  16116 20
110030.000000  16120 20
110080.000000  16129 20
110106.000000  16133 20
110152.000000  16142 20
110178.000000  16146 20
110178.000000  16146 20
110190.000000  16148 20
110222.000000  16154 20
110258.000000  16160 20
110304.000000  16168 20
110360.000000  16178 20
110362.000000  16178 20
110388.000000  16183 20
110462.000000  16196 20
110498.000000  16202 20
110522.000000  16207 20
110616.000000  16223 20
110652.000000  16229 20
110676.000000  16234 20
110716.000000  16241 20
110748.000000  16246 20
110794.000000  16254 20
110834.000000  16261 20
110862.000000  16266 20
110876.000000  16269 20
110930.000000  16278 20
110952.000000  16282 20
110988.000000  16289 20
111042.000000  16298 20
111068.000000  16303 20
111068.000000  16303 20
111102.000000  16309 20
111134.000000  16314 20
111274.000000  16339 20
111274.000000  16339 20
111274.000000  16339 20
111412.000000  16363 20
111436.000000  16367 20
111472.000000  16373 20
111690.000000  16412 20
111692.000000  16412 20
111706.000000  16415 20
111728.000000  16419 20
111728.000000  16419 20
111740.000000  16421 20
111772.000000  16426 20
111804.000000  16432 20
111820.000000  16435 20
111850.000000  16440 20
111872.000000  16444 20
111874.000000  16444 20
111944.000000  16456 20
112044.000000  16474 20
112168.000000  16496 20
112368.000000  16531 20
112438.000000  16543 20
112438.000000  16543 20
112472.000000  16549 20
112500.000000  16554 20
112570.000000  16567 20
112680.000000  16586 20
112720.000000  16593 20
112798.000000  16607 20
112822.000000  16611 20
112858.000000  16617 20
113026.000000  16647 20
113104.000000  16660 20
113242.000000  16685 20
113280.000000  16691 20
113324.000000  16699 20
113354.000000  16704 20
113380.000000  16709 20
113426.000000  16717 20
113456.000000  16722 20
113502.000000  16730 20
113524.000000  16734 20
113582.000000  16744 20
113584.000000  16745 20
113618.000000  16751 20
113640.000000  16755 20
113674.000000  16761 20
113706.000000  16766 20
113740.000000  16772 20
113740.000000  16772 20
113772.000000  16778 20
113772.000000  16778 20
113808.000000  16784 20
113832.000000  16788 20
113844.000000  16790 20
113870.000000  16795 20
113912.000000  16802 20
113912.000000  16802 20
113930.000000  16805 20
113930.000000  16805 20
113946.000000  16808 20
113972.000000  16813 20
113974.000000  16813 20
113990.000000  16816 20
114042.000000  16825 20
114086.000000  16833 20
114088.000000  16833 20
114128.000000  16840 20
114160.000000  16846 20
114218.000000  16856 20
114220.000000  16856 20
114250.000000  16862 20
114250.000000  16862 20
114274.000000  16866 20
114330.000000  16876 20
114366.000000  16882 20
114368.000000  16882 20
114388.000000  16886 20
114446.000000  16896 20
114512.000000  16907 20
114536.000000  16912 20
114558.000000  16916 20
114590.000000  16921 20
114626.000000  16928 20
114646.000000  16931 20
114670.000000  16936 20
114720.000000  16944 20
114722.000000  16945 20
114742.000000  16948 20
114762.000000  16952 20
114782.000000  16955 20
114832.000000  16964 20
114846.000000  16966 20
114880.000000  16972 20
114936.000000  16982 20
114938.000000  16982 20
114958.000000  16986 20
114958.000000  16986 20
114968.000000  16988 20
114982.000000  16990 20
115006.000000  16994 20
115062.000000  17004 20
115096.000000  17010 20
115120.000000  17015 20
115136.000000  17017 20
115152.000000  17020 20
115172.000000  17024 20
115192.000000  17027 20
115206.000000  17030 20
115222.000000  17033 20
115252.000000  17038 20
115272.000000  17041 20
115324.000000  17050 20
115376.000000  17059 20
115388.000000  17061 20
115438.000000  17070 20
115598.000000  17098 20
115640.000000  17106 20
115698.000000  17116 20
115708.000000  17118 20
115810.000000  17136 20
115846.000000  17142 20
115886.000000  17149 20
115886.000000  17149 20
115948.000000  17160 20
115960.000000  17162 20
116040.000000  17176 20
116108.000000  17188 20
116110.000000  17188 20
116164.000000  17198 20
116166.000000  17198 20
116218.000000  17207 20
116240.000000  17211 20
116250.000000  17213 20
116264.000000  17215 20
116274.000000  17217 20
116296.000000  17221 20
116328.000000  17227 20
116356.000000  17232 20
116356.000000  17232 20
116356.000000  17232 20
116356.000000  17232 20
116446.000000  17247 20
116494.000000  17256 20
116628.000000  17279 20
116768.000000  17304 20
116826.000000  17314 20
116882.000000  17324 20
116916.000000  17330 20
117002.000000  17345 20
117052.000000  17354 20
117052.000000  17354 20
117130.000000  17367 20
117190.000000  17378 20
117232.000000  17386 20
117258.000000  17390 20
117260.000000  17391 20
117306.000000  17399 20
117318.000000  17401 20
117366.000000  17409 20
117368.000000  17409 20
117428.000000  17420 20
117428.000000  17420 20
117500.000000  17432 20
117534.000000  17438 20
117642.000000  17457 20
117696.000000  17467 20
117710.000000  17470 20
117732.000000  17473 20
117832.000000  17491 20
117868.000000  17497 20
117984.000000  17517 20
118044.000000  17528 20
118060.000000  17531 20
118084.000000  17535 20
118118.000000  17541 20
118146.000000  17546 20
118180.000000  17552 20
118256.000000  17566 20
118444.000000  17598 20
118592.000000  17624 20
118592.000000  17624 20
118592.000000  17624 20
118626.000000  17630 20
118640.000000  17633 20
118674.000000  17639 20
118802.000000  17661 20
118802.000000  17661 20
118802.000000  17661 20
118840.000000  17668 20
118842.000000  17668 20
118914.000000  17681 20
118950.000000  17687 20
118984.000000  17693 20
119012.000000  17698 20
119052.000000  17705 20
119110.000000  17715 20
119132.000000  17719 20
119152.000000  17723 20
119178.000000  17727 20
119180.000000  17728 20
119202.000000  17732 20
119252.000000  17740 20
119252.000000  17740 20
119282.000000  17746 20
119338.000000  17756 20
119406.000000  17767 20
119488.000000  17782 20
119632.000000  17807 20
119632.000000  17807 20
119644.000000  17809 20
119700.000000  17819 20
119788.000000  17835 20
119800.000000  17837 20
119816.000000  17839 20
119882.000000  17851 20
120042.000000  17879 20
120058.000000  17882 20
120080.000000  17886 20
120114.000000  17892 20
120136.000000  17895 20
120330.000000  17930 20
120352.000000  17934 20
120378.000000  17938 20
120424.000000  17946 20
120462.000000  17953 20
120536.000000  17966 20
120580.000000  17973 20
120602.000000  17977 20
120658.000000  17987 20
120674.000000  17990 20
120728.000000  18000 20
120728.000000  18000 20
120762.000000  18006 20
120816.000000  18015 20
120848.000000  18021 20
120906.000000  18031 20
120936.000000  18036 20
120936.000000  18036 20
120986.000000  18045 20
120998.000000  18047 20
121054.000000  18057 20
121264.000000  18094 20
121266.000000  18094 20
121286.000000  18098 20
121300.000000  18100 20
121382.000000  18115 20
121384.000000  18115 20
121420.000000  18121 20
121422.000000  18122 20
121446.000000  18126 20
121478.000000  18131 20
121502.000000  18136 20
121660.000000  18163 20
121746.000000  18179 20
121802.000000  18189 20
121836.000000  18195 20
121972.000000  18218 20
121974.000000  18219 20
122052.000000  18232 20
122086.000000  18238 20
122110.000000  18242 20
122244.000000  18266 20
122370.000000  18288 20
122432.000000  18299 20
122724.000000  18350 20
122820.000000  18367 20
122832.000000  18369 20
122852.000000  18373 20
122924.000000  18385 20
123032.000000  18405 20
123032.000000  18405 20
123084.000000  18413 20
123168.000000  18428 20
123180.000000  18430 20
123194.000000  18433 20
123228.000000  18439 20
123264.000000  18445 20
123292.000000  18450 20
123294.000000  18451 20
123320.000000  18455 20
123322.000000  18455 20
123344.000000  18459 20
123438.000000  18476 20
123466.000000  18481 20
123522.000000  18491 20
123696.000000  18521 20
123770.000000  18534 20
123896.000000  18556 20
123896.000000  18556 20
124044.000000  18582 20
124078.000000  18588 20
124166.000000  18603 20
124196.000000  18609 20
124196.000000  18609 20
124288.000000  18625 20
124350.000000  18636 20
124460.000000  18655 20
124534.000000  18668 20
124684.000000  18695 20
124934.000000  18739 20
124976.000000  18746 20
124992.000000  18749 20
125006.000000  18751 20
125006.000000  18751 20
125032.000000  18756 20
125068.000000  18762 20
125092.000000  18766 20
125162.000000  18778 20
125286.000000  18800 20
125286.000000  18800 20
125312.000000  18805 20
125372.000000  18816 20
125384.000000  18818 20
125406.000000  18821 20
125426.000000  18825 20
125780.000000  18887 20
125838.000000  18897 20
125898.000000  18908 20
125958.000000  18919 20
126014.000000  18929 20
126024.000000  18930 20
126044.000000  18934 20
126078.000000  18940 20
126112.000000  18946 20
126114.000000  18946 20
126160.000000  18954 20
126240.000000  18968 20
126242.000000  18968 20
126262.000000  18972 20
126302.000000  18979 20
126306.000000  18980 20
126352.000000  18988 20
126408.000000  18998 20
126464.000000  19008 20
126654.000000  19041 20
126672.000000  19044 20
126728.000000  19054 20
126728.000000  19054 20
126822.000000  19070 20
126956.000000  19094 20
126992.000000  19100 20
127118.000000  19123 20
127172.000000  19132 20
127268.000000  19149 20
127436.000000  19178 20
127474.000000  19185 20
127474.000000  19185 20
127728.000000  19229 20
127802.000000  19242 20
127828.000000  19247 20
127980.000000  19274 20
128200.000000  19312 20
128212.000000  19315 20
128416.000000  19350 20
128510.000000  19367 20
128714.000000  19403 20
128750.000000  19409 20
128812.000000  19420 20
128936.000000  19442 20
128996.000000  19453 20
129214.000000  19491 20
129276.000000  19501 20
129366.000000  19517 20
129460.000000  19534 20
129472.000000  19536 20
129492.000000  19540 20
129726.000000  19581 20
129760.000000  19586 20
129842.000000  19601 20
129844.000000  19601 20
129964.000000  19622 20
129976.000000  19625 20
129992.000000  19627 20
130156.000000  19656 20
130190.000000  19662 20
130214.000000  19666 20
130246.000000  19672 20
130246.000000  19672 20
130300.000000  19681 20
130496.000000  19716 20
130508.000000  19718 20
130868.000000  19781 20
131116.000000  19825 20
131612.000000  19912 20
131614.000000  19913 20
131648.000000  19918 20
131774.000000  19940 20
131938.000000  19969 20
131938.000000  19969 20
132002.000000  19981 20
132018.000000  19983 20
132214.000000  20018 20
132266.000000  20027 20
132298.000000  20033 20
132300.000000  20033 20
132302.000000  20033 20
132332.000000  20038 20
132358.000000  20043 20
132458.000000  20061 20
132546.000000  20076 20
132632.000000  20091 20
132664.000000  20097 20
132688.000000  20101 20
132690.000000  20101 20
132710.000000  20105 20
132726.000000  20108 20
132742.000000  20111 20
132772.000000  20116 20
132774.000000  20116 20
132806.000000  20122 20
132838.000000  20127 20
132838.000000  20127 20
132932.000000  20144 20
133008.000000  20157 20
133022.000000  20160 20
133054.000000  20165 20
133130.000000  20179 20
133218.000000  20194 20
133226.000000  20196 20
133240.000000  20198 20
133258.000000  20201 20
133272.000000  20204 20
133358.000000  20219 20
133394.000000  20225 20
133466.000000  20237 20
133468.000000  20238 20
133576.000000  20257 20
133710.000000  20281 20
133738.000000  20285 20
133738.000000  20285 20
133816.000000  20299 20
133884.000000  20311 20
133960.000000  20324 20
134074.000000  20345 20
134108.000000  20351 20
134218.000000  20370 20
134218.000000  20370 20
134368.000000  20396 20
134730.000000  20460 20
134972.000000  20502 20
135144.000000  20533 20
135168.000000  20537 20
135330.000000  20565 20
135344.000000  20568 20
135422.000000  20581 20
135458.000000  20588 20
135488.000000  20593 20
136456.000000  20763 20
136458.000000  20763 20
136474.000000  20766 20
136490.000000  20769 20
136490.000000  20769 20
136490.000000  20769 20
136490.000000  20769 20
136592.000000  20787 20
136624.000000  20793 20
136698.000000  20806 20
136700.000000  20806 20
136716.000000  20809 20
136728.000000  20811 20
136798.000000  20823 20
136860.000000  20834 20
136902.000000  20841 20
136904.000000  20842 20
136926.000000  20845 20
136976.000000  20854 20
137032.000000  20864 20
137086.000000  20874 20
137110.000000  20878 20
137110.000000  20878 20
137132.000000  20882 20
137146.000000  20884 20
137198.000000  20893 20
137200.000000  20894 20
137234.000000  20900 20
137264.000000  20905 20
137296.000000  20911 20
137296.000000  20911 20
137296.000000  20911 20
137296.000000  20911 20
137354.000000  20921 20
137382.000000  20926 20
137416.000000  20931 20
137418.000000  20932 20
137446.000000  20937 20
137502.000000  20947 20
137542.000000  20954 20
137672.000000  20977 20
137684.000000  20979 20
137734.000000  20988 20
137762.000000  20993 20
137810.000000  21001 20
137848.000000  21008 20
137904.000000  21017 20
137946.000000  21025 20
137946.000000  21025 20
137970.000000  21029 20
137986.000000  21032 20
138042.000000  21041 20
138048.000000  21043 20
138050.000000  21043 20
138106.000000  21053 20
138140.000000  21059 20
138168.000000  21064 20
138170.000000  21064 20
138238.000000  21076 20
138262.000000  21080 20
138276.000000  21083 20
138300.000000  21087 20
138300.000000  21087 20
138316.000000  21090 20
138362.000000  21098 20
138406.000000  21106 20
138482.000000  21119 20
138496.000000  21121 20
138498.000000  21122 20
138598.000000  21139 20
138598.000000  21139 20
138634.000000  21146 20
138658.000000  21150 20
138714.000000  21160 20
138722.000000  21161 20
138722.000000  21161 20
138780.000000  21171 20
138796.000000  21174 20
138832.000000  21181 20
138880.000000  21189 20
138922.000000  21196 20
138976.000000  21205 20
138988.000000  21208 20
139016.000000  21213 20
139036.000000  21216 20
139052.000000  21219 20
139150.000000  21236 20
139152.000000  21237 20
139224.000000  21249 20
139230.000000  21250 20
139288.000000  21261 20
139320.000000  21266 20
139344.000000  21270 20
139504.000000  21298 20
139568.000000  21310 20
139568.000000  21310 20
139618.000000  21318 20
139634.000000  21321 20
139682.000000  21330 20
139712.000000  21335 20
139732.000000  21339 20
139788.000000  21349 20
139818.000000  21354 20
139852.000000  21360 20
139886.000000  21366 20
139944.000000  21376 20
139958.000000  21378 20
139960.000000  21379 20
139990.000000  21384 20
140016.000000  21388 20
140074.000000  21399 20
140088.000000  21401 20
140088.000000  21401 20
140114.000000  21406 20
140124.000000  21407 20
140194.000000  21420 20
140210.000000  21423 20
140236.000000  21427 20
140282.000000  21435 20
140306.000000  21440 20
140320.000000  21442 20
140344.000000  21446 20
140344.000000  21446 20
140370.000000  21451 20
140398.000000  21456 20
140412.000000  21458 20
140444.000000  21464 20
140498.000000  21473 20
140522.000000  21477 20
140578.000000  21487 20
140640.000000  21498 20
140640.000000  21498 20
140674.000000  21504 20
140704.000000  21509 20
140706.000000  21510 20
140732.000000  21514 20
140754.000000  21518 20
140830.000000  21532 20
140882.000000  21541 20
140904.000000  21545 20
140906.000000  21545 20
140982.000000  21558 20
141046.000000  21569 20
141080.000000  21575 20
141108.000000  21580 20
141138.000000  21585 20
141162.000000  21590 20
141258.000000  21607 20
141356.000000  21624 20
141358.000000  21624 20
141390.000000  21630 20
141440.000000  21639 20
141452.000000  21641 20
141454.000000  21641 20
141478.000000  21645 20
141588.000000  21665 20
141606.000000  21668 20
141616.000000  21669 20
141648.000000  21675 20
141662.000000  21677 20
141712.000000  21687 20
141746.000000  21693 20
141748.000000  21693 20
141852.000000  21711 20
141958.000000  21730 20
142062.000000  21748 20
142134.000000  21761 20
142194.000000  21771 20
142194.000000  21771 20
142256.000000  21782 20
142274.000000  21785 20
142292.000000  21789 20
142312.000000  21792 20
142392.000000  21806 20
142428.000000  21812 20
142482.000000  21822 20
142504.000000  21826 20
142506.000000  21826 20
142538.000000  21832 20
142562.000000  21836 20
142594.000000  21841 20
142618.000000  21845 20
142658.000000  21853 20
142804.000000  21879 20
142886.000000  21893 20
142948.000000  21904 20
142948.000000  21904 20
143082.000000  21927 20
143082.000000  21927 20
143112.000000  21932 20
143114.000000  21933 20
143144.000000  21938 20
143172.000000  21943 20
143172.000000  21943 20
143172.000000  21943 20
143232.000000  21954 20
143232.000000  21954 20
143232.000000  21954 20
143238.000000  21955 20
143260.000000  21959 20
143292.000000  21964 20
143294.000000  21965 20
143298.000000  21965 20
143298.000000  21965 20
143316.000000  21968 20
145904.000000  22423 20
145912.000000  22425 20
145934.000000  22429 20
146114.000000  22460 20
146142.000000  22465 20
146158.000000  22467 20
146188.000000  22473 20
146188.000000  22473 20
146188.000000  22473 20
146188.000000  22473 20
146188.000000  22473 20
146274.000000  22488 20
146336.000000  22499 20
146370.000000  22505 20
146444.000000  22518 20
146482.000000  22525 20
146484.000000  22525 20
146508.000000  22529 20
146516.000000  22531 20
146564.000000  22539 20
146580.000000  22542 20
146598.000000  22545 20
146612.000000  22547 20
146634.000000  22551 20
146668.000000  22557 20
146716.000000  22566 20
146734.000000  22569 20
146758.000000  22573 20
146784.000000  22578 20
146802.000000  22581 20
146858.000000  22591 20
146892.000000  22597 20
146914.000000  22601 20
146916.000000  22601 20
146980.000000  22612 20
146980.000000  22612 20
147016.000000  22619 20
147046.000000  22624 20
147078.000000  22629 20
147132.000000  22639 20
147146.000000  22641 20
147182.000000  22647 20
147194.000000  22650 20
147210.000000  22652 20
147236.000000  22657 20
147264.000000  22662 20
147310.000000  22670 20
147344.000000  22676 20
147378.000000  22682 20
147408.000000  22687 20
147454.000000  22696 20
147490.000000  22702 20
147512.000000  22706 20
147568.000000  22715 20
147602.000000  22722 20
147656.000000  22731 20
147684.000000  22736 20
147686.000000  22736 20
147716.000000  22741 20
147740.000000  22746 20
147772.000000  22751 20
147772.000000  22751 20
