20846.000000  9 40
20928.000000  35 40
21040.000000  75 40
21118.000000  103 40
21194.000000  130 40
21194.000000  130 40
21254.000000  152 40
21282.000000  162 40
21396.000000  203 40
21470.000000  230 40
21472.000000  231 40
21484.000000  235 40
21560.000000  263 40
21574.000000  268 40
21582.000000  271 40
21592.000000  274 40
21700.000000  313 40
21720.000000  320 40
21778.000000  341 40
21828.000000  359 40
21844.000000  365 40
21992.000000  419 40
22038.000000  435 40
22038.000000  435 40
22076.000000  449 40
22078.000000  450 40
22104.000000  459 40
22210.000000  497 40
22246.000000  511 40
22320.000000  537 40
22332.000000  541 40
22626.000000  648 40
22738.000000  688 40
22738.000000  688 40
23162.000000  841 40
23336.000000  904 40
23638.000000  1013 40
23758.000000  1057 40
23852.000000  1091 40
23912.000000  1113 40
24534.000000  1337 40
24618.000000  1368 40
24634.000000  1374 40
24666.000000  1385 40
24690.000000  1394 40
24746.000000  1414 40
24780.000000  1426 40
24812.000000  1438 40
24848.000000  1451 40
24870.000000  1459 40
24870.000000  1459 40
24922.000000  1478 40
24954.000000  1489 40
24998.000000  1505 40
25026.000000  1515 40
25026.000000  1515 40
25036.000000  1519 40
25056.000000  1526 40
25124.000000  1551 40
25202.000000  1579 40
25264.000000  1601 40
25266.000000  1602 40
25272.000000  1604 40
25304.000000  1616 40
25336.000000  1627 40
25338.000000  1628 40
25340.000000  1629 40
25386.000000  1645 40
25442.000000  1666 40
25476.000000  1678 40
25500.000000  1687 40
25500.000000  1687 40
25562.000000  1709 40
25574.000000  1713 40
25590.000000  1719 40
25592.000000  1720 40
25612.000000  1727 40
25630.000000  1733 40
25646.000000  1739 40
25768.000000  1783 40
25800.000000  1795 40
25846.000000  1812 40
25920.000000  1838 40
26016.000000  1873 40
26018.000000  1874 40
26038.000000  1881 40
26052.000000  1886 40
26076.000000  1895 40
26110.000000  1907 40
26136.000000  1916 40
26148.000000  1921 40
26172.000000  1929 40
26200.000000  1939 40
26238.000000  1953 40
26276.000000  1967 40
26308.000000  1979 40
26410.000000  2015 40
26434.000000  2024 40
26452.000000  2031 40
26524.000000  2057 40
26548.000000  2065 40
26580.000000  2077 40
26634.000000  2097 40
26660.000000  2106 40
26720.000000  2127 40
26780.000000  2149 40
26782.000000  2150 40
26794.000000  2154 40
26830.000000  2167 40
26842.000000  2172 40
26892.000000  2190 40
26948.000000  2210 40
27012.000000  2233 40
27068.000000  2253 40
27104.000000  2266 40
27120.000000  2272 40
27120.000000  2272 40
27216.000000  2307 40
27246.000000  2318 40
27280.000000  2330 40
27386.000000  2368 40
27388.000000  2369 40
27414.000000  2378 40
27428.000000  2383 40
27450.000000  2391 40
27480.000000  2402 40
27480.000000  2402 40
27566.000000  2433 40
27578.000000  2438 40
27600.000000  2446 40
27624.000000  2454 40
27656.000000  2466 40
27688.000000  2477 40
27704.000000  2483 40
27714.000000  2487 40
27762.000000  2504 40
27848.000000  2535 40
27912.000000  2558 40
27914.000000  2559 40
27916.000000  2560 40
27946.000000  2571 40
28000.000000  2590 40
28024.000000  2599 40
28056.000000  2611 40
28112.000000  2631 40
28204.000000  2664 40
28236.000000  2676 40
28236.000000  2676 40
28284.000000  2693 40
28312.000000  2703 40
28328.000000  2709 40
28412.000000  2739 40
28414.000000  2740 40
28426.000000  2744 40
28460.000000  2757 40
28484.000000  2765 40
28594.000000  2805 40
28602.000000  2808 40
28636.000000  2820 40
28660.000000  2829 40
28692.000000  2840 40
28692.000000  2840 40
28748.000000  2861 40
28820.000000  2887 40
28832.000000  2891 40
28912.000000  2920 40
28928.000000  2926 40
29020.000000  2959 40
29040.000000  2966 40
29058.000000  2973 40
29114.000000  2993 40
29184.000000  3018 40
29246.000000  3041 40
29246.000000  3041 40
29246.000000  3041 40
29278.000000  3052 40
29278.000000  3052 40
29278.000000  3052 40
29352.000000  3079 40
29388.000000  3092 40
29440.000000  3111 40
29442.000000  3111 40
29478.000000  3124 40
29492.000000  3129 40
29600.000000  3168 40
29652.000000  3187 40
29670.000000  3194 40
29688.000000  3200 40
29720.000000  3212 40
29744.000000  3221 40
29780.000000  3233 40
29864.000000  3264 40
29952.000000  3296 40
30024.000000  3322 40
30024.000000  3322 40
30060.000000  3335 40
30096.000000  3348 40
30124.000000  3358 40
30176.000000  3376 40
30254.000000  3405 40
30284.000000  3416 40
30312.000000  3426 40
30380.000000  3450 40
30412.000000  3462 40
30414.000000  3462 40
30488.000000  3489 40
30500.000000  3493 40
30532.000000  3505 40
30534.000000  3506 40
30614.000000  3535 40
30716.000000  3571 40
30736.000000  3579 40
30764.000000  3589 40
30878.000000  3630 40
30954.000000  3657 40
31058.000000  3695 40
31094.000000  3708 40
31124.000000  3719 40
31126.000000  3720 40
31178.000000  3738 40
31240.000000  3761 40
31242.000000  3761 40
31250.000000  3764 40
31282.000000  3776 40
31310.000000  3786 40
31354.000000  3802 40
31386.000000  3813 40
31394.000000  3816 40
31426.000000  3828 40
31464.000000  3842 40
31538.000000  3868 40
31590.000000  3887 40
31590.000000  3887 40
31640.000000  3905 40
31654.000000  3910 40
31688.000000  3923 40
31690.000000  3923 40
31742.000000  3942 40
31744.000000  3943 40
31794.000000  3961 40
31794.000000  3961 40
31848.000000  3980 40
31848.000000  3980 40
31874.000000  3990 40
31928.000000  4009 40
31950.000000  4017 40
32000.000000  4035 40
32048.000000  4053 40
32088.000000  4067 40
32140.000000  4086 40
32188.000000  4103 40
32212.000000  4112 40
32244.000000  4123 40
32310.000000  4147 40
32368.000000  4168 40
32370.000000  4169 40
32422.000000  4188 40
32456.000000  4200 40
32580.000000  4245 40
32588.000000  4247 40
32624.000000  4260 40
32668.000000  4276 40
32678.000000  4280 40
32678.000000  4280 40
32708.000000  4291 40
32754.000000  4307 40
32754.000000  4307 40
32784.000000  4318 40
32842.000000  4339 40
32916.000000  4366 40
32918.000000  4367 40
33022.000000  4404 40
33056.000000  4417 40
33090.000000  4429 40
33144.000000  4448 40
33224.000000  4477 40
33248.000000  4486 40
33304.000000  4506 40
33328.000000  4515 40
33382.000000  4534 40
33418.000000  4547 40
33420.000000  4548 40
33460.000000  4562 40
33472.000000  4567 40
33488.000000  4572 40
33582.000000  4606 40
33606.000000  4615 40
33670.000000  4638 40
33704.000000  4650 40
33728.000000  4659 40
33760.000000  4671 40
33814.000000  4690 40
33838.000000  4699 40
33878.000000  4713 40
33932.000000  4733 40
33976.000000  4749 40
34014.000000  4762 40
34016.000000  4763 40
34032.000000  4769 40
34060.000000  4779 40
34062.000000  4779 40
34088.000000  4789 40
34102.000000  4794 40
34134.000000  4805 40
34176.000000  4821 40
34208.000000  4832 40
34208.000000  4832 40
34262.000000  4852 40
34336.000000  4878 40
34360.000000  4887 40
34456.000000  4922 40
34490.000000  4934 40
34538.000000  4951 40
34560.000000  4959 40
34574.000000  4964 40
34608.000000  4977 40
34608.000000  4977 40
34634.000000  4986 40
34668.000000  4998 40
34700.000000  5010 40
34720.000000  5017 40
34734.000000  5022 40
34752.000000  5029 40
34770.000000  5035 40
34806.000000  5048 40
34842.000000  5061 40
34844.000000  5062 40
34894.000000  5080 40
34926.000000  5091 40
34982.000000  5111 40
35018.000000  5125 40
35020.000000  5125 40
35048.000000  5135 40
35086.000000  5149 40
35088.000000  5150 40
35108.000000  5157 40
35146.000000  5171 40
35202.000000  5191 40
35354.000000  5246 40
35370.000000  5251 40
35398.000000  5262 40
35440.000000  5277 40
35444.000000  5278 40
35446.000000  5279 40
35502.000000  5299 40
35536.000000  5311 40
35560.000000  5320 40
35574.000000  5325 40
35596.000000  5333 40
35616.000000  5340 40
35616.000000  5340 40
35674.000000  5361 40
35686.000000  5365 40
35710.000000  5374 40
35764.000000  5394 40
35780.000000  5399 40
35806.000000  5409 40
35808.000000  5409 40
35854.000000  5426 40
35882.000000  5436 40
35910.000000  5446 40
35960.000000  5464 40
36040.000000  5493 40
36056.000000  5499 40
36078.000000  5507 40
36118.000000  5521 40
36120.000000  5522 40
36170.000000  5540 40
36200.000000  5551 40
36202.000000  5552 40
36256.000000  5571 40
36258.000000  5572 40
36308.000000  5590 40
36342.000000  5602 40
36372.000000  5613 40
36426.000000  5633 40
36444.000000  5639 40
36478.000000  5651 40
36530.000000  5670 40
36560.000000  5681 40
36574.000000  5686 40
36574.000000  5686 40
36590.000000  5692 40
36616.000000  5701 40
36616.000000  5701 40
36666.000000  5719 40
36712.000000  5736 40
36732.000000  5743 40
36744.000000  5747 40
36746.000000  5748 40
36820.000000  5775 40
36832.000000  5779 40
36938.000000  5817 40
36940.000000  5818 40
37038.000000  5853 40
37072.000000  5866 40
37088.000000  5871 40
37136.000000  5889 40
37176.000000  5903 40
37192.000000  5909 40
37210.000000  5915 40
37238.000000  5925 40
37398.000000  5983 40
37572.000000  6046 40
37668.000000  6081 40
37704.000000  6094 40
37740.000000  6107 40
37796.000000  6127 40
37798.000000  6128 40
37822.000000  6136 40
37822.000000  6136 40
37834.000000  6141 40
37918.000000  6171 40
37964.000000  6187 40
37994.000000  6199 40
38036.000000  6214 40
38068.000000  6225 40
38126.000000  6246 40
38128.000000  6247 40
38184.000000  6267 40
38198.000000  6272 40
38264.000000  6296 40
38298.000000  6308 40
38368.000000  6333 40
38402.000000  6345 40
38558.000000  6402 40
38604.000000  6418 40
38622.000000  6425 40
38678.000000  6445 40
38712.000000  6457 40
38766.000000  6477 40
38820.000000  6496 40
38844.000000  6505 40
38878.000000  6517 40
38880.000000  6518 40
38956.000000  6545 40
38958.000000  6546 40
39002.000000  6562 40
39022.000000  6569 40
39022.000000  6569 40
39042.000000  6577 40
39064.000000  6585 40
39128.000000  6608 40
39172.000000  6623 40
39200.000000  6634 40
39218.000000  6640 40
39234.000000  6646 40
39260.000000  6655 40
39318.000000  6676 40
39374.000000  6696 40
39388.000000  6701 40
39460.000000  6727 40
39494.000000  6740 40
39572.000000  6768 40
39586.000000  6773 40
39610.000000  6781 40
39664.000000  6801 40
39688.000000  6810 40
39710.000000  6818 40
39758.000000  6835 40
39814.000000  6855 40
39838.000000  6864 40
39860.000000  6872 40
39958.000000  6907 40
40062.000000  6945 40
40086.000000  6953 40
40118.000000  6965 40
40140.000000  6973 40
40200.000000  6995 40
40310.000000  7034 40
40310.000000  7034 40
40354.000000  7050 40
40376.000000  7058 40
40394.000000  7064 40
40490.000000  7099 40
40556.000000  7123 40
40666.000000  7163 40
40666.000000  7163 40
40666.000000  7163 40
40682.000000  7168 40
40706.000000  7177 40
40766.000000  7199 40
40768.000000  7199 40
40818.000000  7217 40
40876.000000  7238 40
40940.000000  7261 40
40940.000000  7261 40
40958.000000  7268 40
41006.000000  7285 40
41036.000000  7296 40
41036.000000  7296 40
41074.000000  7310 40
41128.000000  7329 40
41174.000000  7346 40
41190.000000  7352 40
41238.000000  7369 40
41260.000000  7377 40
41388.000000  7423 40
41594.000000  7497 40
41650.000000  7518 40
41772.000000  7562 40
41882.000000  7601 40
41968.000000  7633 40
42078.000000  7672 40
42132.000000  7692 40
42190.000000  7713 40
42280.000000  7745 40
42282.000000  7746 40
42316.000000  7758 40
42432.000000  7800 40
42438.000000  7802 40
42482.000000  7818 40
42540.000000  7839 40
42574.000000  7851 40
42628.000000  7871 40
42682.000000  7890 40
42684.000000  7891 40
42710.000000  7900 40
42712.000000  7901 40
42738.000000  7910 40
42762.000000  7919 40
42796.000000  7931 40
42820.000000  7940 40
42890.000000  7965 40
43122.000000  8049 40
43136.000000  8054 40
43192.000000  8074 40
43244.000000  8093 40
43244.000000  8093 40
43410.000000  -1 40
43410.000000  -1 40
43446.000000  8166 40
43484.000000  8179 40
43588.000000  8217 40
43778.000000  8286 40
43800.000000  8293 40
43834.000000  8306 40
43836.000000  8307 40
43862.000000  8316 40
43984.000000  8360 40
43986.000000  8361 40
44120.000000  8409 40
44120.000000  8409 40
44138.000000  8415 40
44178.000000  8430 40
44210.000000  8441 40
44226.000000  8447 40
44226.000000  8447 40
44318.000000  8480 40
44396.000000  8509 40
44396.000000  8509 40
44556.000000  8566 40
44630.000000  8593 40
44684.000000  8613 40
44740.000000  8633 40
44788.000000  8650 40
44838.000000  8668 40
44876.000000  8682 40
44930.000000  8701 40
44930.000000  8701 40
44976.000000  8718 40
45018.000000  8733 40
45130.000000  8773 40
45274.000000  8825 40
45274.000000  8825 40
45348.000000  8852 40
45594.000000  8941 40
45634.000000  8955 40
45636.000000  8956 40
45674.000000  8970 40
45692.000000  8976 40
45720.000000  8986 40
45794.000000  9013 40
45924.000000  9060 40
45982.000000  9081 40
46120.000000  9131 40
46176.000000  9151 40
46176.000000  9151 40
46270.000000  9185 40
46318.000000  9202 40
46386.000000  9227 40
46402.000000  9232 40
46402.000000  9232 40
46434.000000  9244 40
46488.000000  9263 40
46490.000000  9264 40
46512.000000  9272 40
46608.000000  9307 40
46632.000000  9315 40
46680.000000  9333 40
46792.000000  9373 40
46854.000000  9395 40
46994.000000  9446 40
46994.000000  9446 40
47142.000000  9499 40
47216.000000  9526 40
47344.000000  9572 40
47440.000000  9607 40
47440.000000  9607 40
47592.000000  9662 40
47770.000000  9726 40
47898.000000  9772 40
48038.000000  9823 40
48100.000000  9845 40
48136.000000  9858 40
48148.000000  9863 40
48188.000000  9877 40
48222.000000  9889 40
48254.000000  9901 40
48340.000000  9932 40
48366.000000  9941 40
48462.000000  9976 40
48558.000000  10010 40
48614.000000  10031 40
48762.000000  10084 40
48812.000000  10102 40
48854.000000  10117 40
48870.000000  10123 40
48884.000000  10128 40
48942.000000  10149 40
49000.000000  10170 40
49002.000000  10171 40
49032.000000  10181 40
49056.000000  10190 40
49228.000000  10252 40
49296.000000  10277 40
49340.000000  10293 40
49492.000000  10347 40
49742.000000  10438 40
49764.000000  10446 40
49798.000000  10458 40
49894.000000  10493 40
50002.000000  10531 40
50032.000000  10542 40
50032.000000  10542 40
50198.000000  10602 40
50200.000000  10603 40
50280.000000  10632 40
50338.000000  10653 40
50372.000000  10665 40
50394.000000  10673 40
50394.000000  10673 40
50428.000000  10685 40
50480.000000  10704 40
50480.000000  10704 40
50568.000000  10736 40
50590.000000  10744 40
50608.000000  10750 40
50644.000000  10763 40
50652.000000  10766 40
50760.000000  10805 40
50762.000000  10806 40
50788.000000  10815 40
50834.000000  10832 40
50834.000000  10832 40
50860.000000  10841 40
50874.000000  10846 40
50906.000000  10858 40
50960.000000  10877 40
50988.000000  10887 40
51000.000000  10892 40
51000.000000  10892 40
51012.000000  10896 40
51122.000000  10936 40
51280.000000  10993 40
51282.000000  10993 40
51420.000000  11043 40
51482.000000  11066 40
51506.000000  11074 40
51562.000000  11095 40
51594.000000  11106 40
51594.000000  11106 40
51618.000000  11115 40
51652.000000  11127 40
51674.000000  11135 40
51688.000000  11140 40
51712.000000  11149 40
51714.000000  11149 40
51728.000000  11154 40
51778.000000  11172 40
51796.000000  11179 40
51810.000000  11184 40
51816.000000  11186 40
51848.000000  11198 40
51894.000000  11214 40
51952.000000  11235 40
52016.000000  11258 40
52036.000000  11266 40
52084.000000  11283 40
52142.000000  11304 40
52150.000000  11307 40
52150.000000  11307 40
52214.000000  11330 40
52308.000000  11364 40
52342.000000  11376 40
52374.000000  11387 40
52374.000000  11387 40
52408.000000  11400 40
52410.000000  11401 40
52412.000000  11401 40
52430.000000  11408 40
52628.000000  11479 40
52640.000000  11483 40
52666.000000  11493 40
52702.000000  11506 40
52702.000000  11506 40
52732.000000  11517 40
52734.000000  11517 40
52764.000000  11528 40
52764.000000  11528 40
52788.000000  11537 40
52844.000000  11557 40
52900.000000  11577 40
52934.000000  11590 40
53008.000000  11616 40
53068.000000  11638 40
53150.000000  11668 40
53152.000000  11668 40
53240.000000  11700 40
53290.000000  11718 40
53498.000000  11793 40
53714.000000  11871 40
53756.000000  11886 40
53832.000000  11914 40
53860.000000  11924 40
54058.000000  11995 40
54116.000000  12016 40
54172.000000  12037 40
54206.000000  12049 40
54260.000000  12068 40
54314.000000  12087 40
54348.000000  12100 40
54360.000000  12104 40
54420.000000  12126 40
54458.000000  12140 40
54474.000000  12145 40
54614.000000  12196 40
54636.000000  12204 40
54716.000000  12233 40
54752.000000  12246 40
54806.000000  12265 40
54808.000000  12266 40
54860.000000  12285 40
54890.000000  12296 40
54892.000000  12296 40
54986.000000  12330 40
55092.000000  12368 40
55160.000000  12393 40
55192.000000  12405 40
55230.000000  12418 40
55352.000000  12462 40
55378.000000  12472 40
55378.000000  12472 40
55412.000000  12484 40
55490.000000  12512 40
55580.000000  12545 40
55624.000000  12561 40
55626.000000  12561 40
55680.000000  12581 40
55712.000000  12592 40
55742.000000  12603 40
55744.000000  12604 40
55758.000000  12609 40
55816.000000  12630 40
55842.000000  12639 40
55844.000000  12640 40
55880.000000  12653 40
55912.000000  12664 40
55958.000000  12681 40
55960.000000  12682 40
56012.000000  12701 40
56014.000000  12701 40
56066.000000  12720 40
56120.000000  12739 40
56150.000000  12750 40
56206.000000  12771 40
56240.000000  12783 40
56310.000000  12808 40
56392.000000  12837 40
56394.000000  12838 40
56450.000000  12859 40
56488.000000  12872 40
56552.000000  12895 40
56602.000000  12913 40
56602.000000  12913 40
56602.000000  12913 40
56632.000000  12924 40
56738.000000  12963 40
56762.000000  12971 40
56858.000000  13006 40
56936.000000  13034 40
56936.000000  13034 40
57050.000000  13075 40
57094.000000  13091 40
57154.000000  13113 40
57236.000000  13142 40
57274.000000  13156 40
57276.000000  13157 40
57326.000000  13175 40
57350.000000  13183 40
57364.000000  13188 40
57416.000000  13207 40
57440.000000  13216 40
57496.000000  13236 40
57528.000000  13247 40
57596.000000  13272 40
57596.000000  13272 40
57654.000000  13293 40
57708.000000  13313 40
57728.000000  13320 40
57776.000000  13337 40
57776.000000  13337 40
57808.000000  13349 40
57858.000000  13367 40
57892.000000  13379 40
57928.000000  13392 40
57952.000000  13401 40
58066.000000  13442 40
58066.000000  13442 40
58150.000000  13472 40
58320.000000  13533 40
58354.000000  13546 40
58448.000000  13579 40
58582.000000  13628 40
58742.000000  13686 40
58818.000000  13713 40
58910.000000  13746 40
59258.000000  13872 40
59354.000000  13907 40
59412.000000  13927 40
59464.000000  13946 40
59744.000000  14047 40
59808.000000  14070 40
59810.000000  14071 40
59954.000000  14123 40
60156.000000  14196 40
60240.000000  14226 40
60282.000000  14241 40
60434.000000  14296 40
60654.000000  14376 40
60656.000000  14377 40
60658.000000  14377 40
60850.000000  14446 40
60880.000000  14457 40
60964.000000  14488 40
61094.000000  14535 40
61260.000000  14594 40
61318.000000  14615 40
61318.000000  14615 40
61430.000000  14656 40
61636.000000  14730 40
61680.000000  14746 40
61916.000000  14831 40
61918.000000  14832 40
61950.000000  14843 40
61974.000000  14852 40
62138.000000  14911 40
62140.000000  14912 40
62246.000000  14950 40
62324.000000  14978 40
62392.000000  15003 40
62394.000000  15004 40
62710.000000  15118 40
62802.000000  15151 40
62854.000000  15170 40
62900.000000  15186 40
62940.000000  15201 40
62942.000000  15202 40
63024.000000  15231 40
63102.000000  15259 40
63216.000000  15300 40
63374.000000  15357 40
63638.000000  15453 40
63640.000000  15453 40
63712.000000  15479 40
63888.000000  15543 40
64014.000000  15588 40
64058.000000  15604 40
64104.000000  15621 40
64354.000000  15711 40
64428.000000  15738 40
64556.000000  15784 40
64786.000000  15867 40
64788.000000  15868 40
64808.000000  15875 40
64816.000000  15878 40
64878.000000  15900 40
64920.000000  15915 40
64980.000000  15937 40
64980.000000  15937 40
64980.000000  15937 40
65012.000000  15949 40
65044.000000  15960 40
65046.000000  15961 40
65070.000000  15969 40
65092.000000  15977 40
65094.000000  15978 40
65108.000000  15983 40
65134.000000  15993 40
65136.000000  15993 40
65164.000000  16003 40
65198.000000  16016 40
65386.000000  16083 40
65474.000000  16115 40
65624.000000  16169 40
65752.000000  16215 40
65866.000000  16257 40
65902.000000  16270 40
66062.000000  16327 40
66082.000000  16335 40
66204.000000  16379 40
71848.000000  18416 40
71854.000000  18418 40
71876.000000  18426 40
71954.000000  18454 40
71978.000000  18463 40
72034.000000  18483 40
72044.000000  18487 40
72100.000000  18507 40
72156.000000  18527 40
72190.000000  18539 40
72220.000000  18550 40
72252.000000  18562 40
72306.000000  18581 40
72308.000000  18582 40
72348.000000  18596 40
72366.000000  18603 40
72400.000000  18615 40
72418.000000  18622 40
72452.000000  18634 40
72530.000000  18662 40
72552.000000  18670 40
72596.000000  18686 40
72650.000000  18705 40
72704.000000  18725 40
72734.000000  18736 40
72798.000000  18759 40
72800.000000  18759 40
72856.000000  18780 40
72916.000000  18801 40
72958.000000  18817 40
73012.000000  18836 40
73014.000000  18837 40
73034.000000  18844 40
73034.000000  18844 40
73058.000000  18853 40
73058.000000  18853 40
73074.000000  18858 40
73120.000000  18875 40
73178.000000  18896 40
73178.000000  18896 40
73178.000000  18896 40
73178.000000  18896 40
73236.000000  18917 40
73260.000000  18925 40
73270.000000  18929 40
73300.000000  18940 40
73300.000000  18940 40
73330.000000  18951 40
73358.000000  18961 40
73412.000000  18980 40
73436.000000  18989 40
73498.000000  19011 40
73500.000000  19012 40
73502.000000  19013 40
73586.000000  19043 40
73612.000000  19053 40
73614.000000  19053 40
73638.000000  19062 40
73640.000000  19063 40
73676.000000  19076 40
73724.000000  19093 40
73736.000000  19097 40
73774.000000  19111 40
73818.000000  19127 40
73848.000000  19138 40
73848.000000  19138 40
73904.000000  19158 40
73916.000000  19163 40
73928.000000  19167 40
73954.000000  19176 40
73968.000000  19181 40
73984.000000  19187 40
74008.000000  19195 40
74022.000000  19201 40
74022.000000  19201 40
74056.000000  19213 40
74132.000000  19240 40
74190.000000  19261 40
74246.000000  19281 40
74370.000000  19326 40
74616.000000  19415 40
74700.000000  19445 40
74780.000000  19474 40
74870.000000  19507 40
74924.000000  19526 40
75000.000000  19553 40
75032.000000  19565 40
75154.000000  19609 40
75186.000000  19621 40
75296.000000  19661 40
75354.000000  19681 40
75588.000000  19766 40
75818.000000  19849 40
76014.000000  19920 40
76088.000000  19946 40
76178.000000  19979 40
76180.000000  19980 40
76310.000000  20027 40
76334.000000  20035 40
76352.000000  20042 40
76436.000000  20072 40
76466.000000  20083 40
76498.000000  20094 40
76552.000000  20114 40
76584.000000  20125 40
76584.000000  20125 40
76584.000000  20125 40
76584.000000  20125 40
76610.000000  20135 40
76704.000000  20169 40
76730.000000  20178 40
76746.000000  20184 40
76772.000000  20193 40
76882.000000  20233 40
77076.000000  20303 40
77204.000000  20349 40
77482.000000  20449 40
77582.000000  20486 40
77582.000000  20486 40
77582.000000  20486 40
77594.000000  20490 40
77686.000000  20523 40
77886.000000  20595 40
78014.000000  20641 40
78112.000000  20677 40
78114.000000  20678 40
78174.000000  20699 40
78240.000000  20723 40
78400.000000  20781 40
78596.000000  20852 40
78596.000000  20852 40
78622.000000  20861 40
78640.000000  20868 40
78668.000000  20878 40
78728.000000  20899 40
79040.000000  21012 40
79136.000000  21047 40
79148.000000  21051 40
79236.000000  21083 40
79248.000000  21087 40
79280.000000  21099 40
79282.000000  21099 40
79308.000000  21109 40
79332.000000  21117 40
79348.000000  21123 40
79402.000000  21143 40
79486.000000  21173 40
79860.000000  21308 40
80190.000000  21427 40
80328.000000  21477 40
80594.000000  21573 40
80854.000000  21667 40
81288.000000  21823 40
81430.000000  21875 40
81772.000000  21998 40
81952.000000  22063 40
81954.000000  22064 40
82154.000000  22136 40
82178.000000  22145 40
82232.000000  22164 40
82306.000000  22191 40
82330.000000  22200 40
82386.000000  22220 40
82452.000000  22244 40
82776.000000  22361 40
82860.000000  22391 40
82918.000000  22412 40
83288.000000  22545 40
83288.000000  22545 40
83496.000000  22621 40
83694.000000  22692 40
83762.000000  22717 40
83824.000000  22739 40
83930.000000  22777 40
84022.000000  22810 40
84072.000000  22829 40
84122.000000  22847 40
84434.000000  22959 40
84568.000000  23007 40
84734.000000  23067 40
84758.000000  23076 40
84874.000000  23118 40
84962.000000  23150 40
85024.000000  23172 40
85026.000000  23173 40
85048.000000  23181 40
85056.000000  23183 40
85056.000000  23183 40
85202.000000  23236 40
85314.000000  23277 40
85346.000000  23288 40
85400.000000  23308 40
85434.000000  23320 40
85486.000000  23339 40
85732.000000  23427 40
86302.000000  23633 40
86342.000000  23648 40
86384.000000  23663 40
86386.000000  23664 40
86522.000000  23713 40
86568.000000  23729 40
86568.000000  23729 40
86598.000000  23740 40
86634.000000  23753 40
86634.000000  23753 40
86702.000000  23778 40
86736.000000  23790 40
86790.000000  23809 40
86822.000000  23821 40
86856.000000  23833 40
86880.000000  23842 40
86938.000000  23863 40
86970.000000  23874 40
87006.000000  23887 40
87048.000000  23903 40
87072.000000  23911 40
87098.000000  23921 40
87124.000000  23930 40
87316.000000  23999 40
87316.000000  23999 40
87316.000000  23999 40
87346.000000  24010 40
87406.000000  24032 40
87468.000000  24054 40
87482.000000  24059 40
87482.000000  24059 40
87482.000000  24059 40
87482.000000  24059 40
87604.000000  24103 40
87658.000000  24123 40
87682.000000  24131 40
87714.000000  24143 40
87714.000000  24143 40
87784.000000  24168 40
87822.000000  24182 40
87822.000000  24182 40
87822.000000  24182 40
87822.000000  24182 40
87884.000000  -1 40
87884.000000  -1 40
87884.000000  -1 40
87884.000000  -1 40
87884.000000  -1 40
87884.000000  -1 40
88128.000000  24292 40
88160.000000  24304 40
88192.000000  24315 40
88254.000000  24338 40
88256.000000  24339 40
88276.000000  24346 40
88360.000000  24376 40
88418.000000  24397 40
88418.000000  24397 40
88526.000000  24436 40
88596.000000  24461 40
88650.000000  24481 40
88684.000000  24493 40
88684.000000  24493 40
88798.000000  24534 40
88810.000000  24539 40
88844.000000  24551 40
88872.000000  24561 40
88904.000000  24572 40
88906.000000  24573 40
88920.000000  24578 40
88922.000000  24579 40
89000.000000  24607 40
89018.000000  24613 40
89096.000000  24642 40
89118.000000  24650 40
89138.000000  24657 40
89190.000000  24676 40
89330.000000  24726 40
89424.000000  24760 40
89424.000000  24760 40
89432.000000  24763 40
89494.000000  24785 40
89620.000000  24831 40
89722.000000  24867 40
89748.000000  24877 40
89796.000000  24894 40
89820.000000  24903 40
89852.000000  24915 40
89970.000000  24957 40
90028.000000  24978 40
90038.000000  24982 40
90070.000000  24993 40
90104.000000  25005 40
90158.000000  25025 40
90182.000000  25033 40
90264.000000  25063 40
90326.000000  25086 40
90358.000000  25097 40
90470.000000  25137 40
90726.000000  25230 40
90934.000000  25305 40
90988.000000  25325 40
90990.000000  25325 40
91216.000000  25407 40
91270.000000  25426 40
91322.000000  25445 40
91322.000000  25445 40
91392.000000  25471 40
91420.000000  25480 40
91420.000000  25480 40
91482.000000  25503 40
91578.000000  25538 40
91644.000000  25561 40
91664.000000  25569 40
91796.000000  25616 40
91820.000000  25625 40
91820.000000  25625 40
91878.000000  25646 40
91946.000000  25670 40
92038.000000  25704 40
92294.000000  25796 40
92460.000000  25856 40
92462.000000  25857 40
92620.000000  25914 40
92722.000000  25950 40
92878.000000  26007 40
92892.000000  26012 40
92928.000000  26025 40
93016.000000  26057 40
93078.000000  26079 40
93204.000000  26124 40
93276.000000  26150 40
93350.000000  26177 40
93486.000000  26226 40
93626.000000  26277 40
93786.000000  26335 40
93840.000000  26354 40
93864.000000  26363 40
93878.000000  26368 40
93946.000000  26392 40
93948.000000  26393 40
94056.000000  26432 40
94068.000000  26436 40
94116.000000  26454 40
94136.000000  26461 40
94194.000000  26482 40
94222.000000  26492 40
94222.000000  26492 40
94272.000000  26510 40
94294.000000  26518 40
94318.000000  26527 40
94378.000000  26548 40
94580.000000  26621 40
94674.000000  26655 40
94740.000000  26679 40
94794.000000  26698 40
94794.000000  26698 40
94820.000000  -1 40
94820.000000  -1 40
94842.000000  26716 40
94902.000000  26737 40
94940.000000  26751 40
95070.000000  26798 40
95094.000000  26807 40
95128.000000  26819 40
95182.000000  26838 40
95276.000000  26872 40
95488.000000  26949 40
95542.000000  26968 40
95696.000000  27024 40
95870.000000  27087 40
96088.000000  27165 40
96104.000000  27171 40
96146.000000  27186 40
96298.000000  27241 40
96298.000000  27241 40
96432.000000  27289 40
96596.000000  27349 40
96722.000000  27394 40
96740.000000  27401 40
96918.000000  27465 40
96920.000000  27466 40
97074.000000  27521 40
97138.000000  27544 40
97140.000000  27545 40
97148.000000  27548 40
97326.000000  27612 40
97366.000000  27627 40
97482.000000  27668 40
97680.000000  27740 40
97716.000000  27753 40
97952.000000  27838 40
98174.000000  27918 40
98232.000000  27939 40
98254.000000  27947 40
98310.000000  27967 40
98310.000000  27967 40
98322.000000  27972 40
98568.000000  28061 40
98570.000000  28061 40
98666.000000  28096 40
98804.000000  28146 40
98874.000000  28171 40
99072.000000  28242 40
99148.000000  28270 40
99150.000000  28270 40
99270.000000  28314 40
99302.000000  28325 40
99382.000000  28354 40
99496.000000  28395 40
99530.000000  28408 40
99634.000000  28445 40
99708.000000  28472 40
99904.000000  28543 40
99950.000000  28559 40
100034.000000  28590 40
100192.000000  28646 40
100384.000000  28716 40
100424.000000  28730 40
100478.000000  28750 40
100542.000000  28773 40
100608.000000  28797 40
100632.000000  28805 40
100672.000000  28820 40
100754.000000  28849 40
100882.000000  28896 40
101088.000000  28970 40
101234.000000  29023 40
101394.000000  29080 40
101492.000000  29116 40
101494.000000  29117 40
101564.000000  29142 40
101638.000000  29169 40
101702.000000  29191 40
101808.000000  29230 40
101930.000000  29274 40
102088.000000  29331 40
102110.000000  29339 40
102110.000000  29339 40
102276.000000  29399 40
102328.000000  29417 40
102328.000000  29417 40
102450.000000  29461 40
102614.000000  29521 40
102614.000000  29521 40
102706.000000  29554 40
102954.000000  29643 40
103056.000000  29680 40
103226.000000  29741 40
103274.000000  29759 40
103320.000000  29775 40
103322.000000  29776 40
103580.000000  29869 40
103610.000000  29880 40
103610.000000  29880 40
103642.000000  29892 40
103780.000000  29941 40
103818.000000  29955 40
103818.000000  29955 40
103956.000000  30005 40
103980.000000  30014 40
104094.000000  30055 40
104152.000000  30076 40
104186.000000  30088 40
104210.000000  30097 40
104726.000000  30283 40
104782.000000  30303 40
104782.000000  30303 40
104836.000000  30323 40
104870.000000  30335 40
104928.000000  30356 40
105058.000000  30403 40
105114.000000  30423 40
105114.000000  30423 40
105164.000000  -1 40
105164.000000  -1 40
105194.000000  30452 40
105290.000000  30487 40
105464.000000  30549 40
105754.000000  30654 40
105754.000000  30654 40
105762.000000  30657 40
105898.000000  30706 40
105956.000000  30727 40
105956.000000  30727 40
106150.000000  30797 40
106292.000000  30848 40
106612.000000  30964 40
107386.000000  31243 40
107500.000000  31284 40
107744.000000  31372 40
108018.000000  31471 40
108050.000000  31483 40
108108.000000  31504 40
108264.000000  31560 40
108264.000000  31560 40
108414.000000  31614 40
108414.000000  31614 40
108616.000000  31687 40
108648.000000  31698 40
108756.000000  31738 40
108958.000000  31811 40
108960.000000  31811 40
108962.000000  31812 40
109042.000000  31841 40
109100.000000  31862 40
109196.000000  31896 40
109292.000000  31931 40
109516.000000  32012 40
109808.000000  32117 40
110008.000000  32189 40
110026.000000  32196 40
110046.000000  32203 40
110046.000000  32203 40
110216.000000  32265 40
110386.000000  32326 40
110440.000000  32345 40
110442.000000  32346 40
110640.000000  32417 40
110662.000000  32425 40
110818.000000  32482 40
110846.000000  32492 40
110848.000000  32493 40
111128.000000  32594 40
111186.000000  32615 40
111708.000000  32803 40
111834.000000  32848 40
112062.000000  32931 40
112198.000000  32980 40
112278.000000  33009 40
112438.000000  33066 40
112672.000000  33151 40
112788.000000  33193 40
112870.000000  33222 40
113012.000000  33274 40
113086.000000  33300 40
113232.000000  33353 40
113244.000000  33357 40
113288.000000  33373 40
113302.000000  33378 40
113324.000000  33386 40
113356.000000  33398 40
113394.000000  33411 40
113952.000000  33613 40
114128.000000  33677 40
114218.000000  33709 40
114254.000000  33722 40
114402.000000  33775 40
114460.000000  33796 40
114500.000000  33811 40
114632.000000  33858 40
114676.000000  33874 40
114762.000000  33905 40
114864.000000  33942 40
114976.000000  33983 40
115100.000000  34027 40
115124.000000  34036 40
115170.000000  34053 40
115170.000000  34053 40
115234.000000  34076 40
115236.000000  34076 40
115296.000000  34098 40
115308.000000  34102 40
115338.000000  34113 40
115384.000000  34130 40
115434.000000  34148 40
115436.000000  34149 40
115454.000000  34155 40
115562.000000  34194 40
115912.000000  34320 40
115994.000000  34350 40
116006.000000  34354 40
116068.000000  34377 40
116148.000000  34405 40
116274.000000  34451 40
116298.000000  34460 40
116438.000000  34510 40
116504.000000  34534 40
116754.000000  34624 40
116778.000000  34633 40
116812.000000  34645 40
116814.000000  34646 40
116836.000000  34654 40
116836.000000  34654 40
116870.000000  34666 40
116896.000000  34675 40
116898.000000  34676 40
116988.000000  34709 40
116988.000000  34709 40
116988.000000  34709 40
116988.000000  34709 40
117198.000000  34785 40
117396.000000  34856 40
117614.000000  34935 40
117638.000000  34943 40
117696.000000  34964 40
117752.000000  34985 40
117934.000000  35050 40
117936.000000  35051 40
118036.000000  35087 40
118108.000000  35113 40
118134.000000  35122 40
118232.000000  35158 40
118304.000000  35184 40
118656.000000  35311 40
118658.000000  35312 40
118732.000000  35338 40
118828.000000  35373 40
118952.000000  35418 40
119046.000000  35452 40
119244.000000  35523 40
119334.000000  35556 40
119336.000000  35556 40
119446.000000  35596 40
119500.000000  35615 40
119600.000000  35651 40
119690.000000  35684 40
119890.000000  35756 40
119890.000000  35756 40
120096.000000  35831 40
120418.000000  35947 40
120420.000000  35947 40
120452.000000  35959 40
120490.000000  35973 40
120490.000000  35973 40
120618.000000  36019 40
120652.000000  36031 40
120872.000000  36111 40
120896.000000  36119 40
120896.000000  36119 40
120944.000000  36137 40
121072.000000  36183 40
121128.000000  36203 40
121156.000000  36213 40
121192.000000  36226 40
121548.000000  36355 40
121590.000000  36370 40
121606.000000  36375 40
121608.000000  36376 40
121636.000000  36386 40
121636.000000  36386 40
121680.000000  36402 40
121794.000000  36443 40
121796.000000  36444 40
121948.000000  36499 40
122008.000000  36521 40
122250.000000  36608 40
122250.000000  36608 40
122364.000000  36649 40
122374.000000  36653 40
122378.000000  36654 40
123432.000000  37035 40
123456.000000  37043 40
123456.000000  37043 40
123624.000000  37104 40
123644.000000  37111 40
123698.000000  37131 40
123774.000000  37158 40
123992.000000  37237 40
124130.000000  37286 40
124130.000000  37286 40
124370.000000  37373 40
124400.000000  37384 40
124438.000000  37398 40
124440.000000  37399 40
124468.000000  37409 40
124502.000000  37421 40
124604.000000  37457 40
124604.000000  37457 40
124630.000000  37467 40
124684.000000  37487 40
124744.000000  37508 40
124894.000000  37562 40
125172.000000  37663 40
125430.000000  37756 40
125430.000000  37756 40
125488.000000  37777 40
125762.000000  37876 40
125930.000000  37936 40
125930.000000  37936 40
126132.000000  38009 40
126250.000000  38052 40
126288.000000  38065 40
126322.000000  38078 40
126684.000000  38208 40
126820.000000  38257 40
126916.000000  38292 40
126936.000000  38299 40
127008.000000  38325 40
127042.000000  38338 40
127182.000000  38388 40
127318.000000  38437 40
127356.000000  38451 40
127356.000000  38451 40
127374.000000  38457 40
127474.000000  38493 40
127612.000000  38543 40
127700.000000  38575 40
127724.000000  38584 40
127904.000000  38649 40
128120.000000  38727 40
128120.000000  38727 40
128204.000000  38757 40
128274.000000  38782 40
128472.000000  38854 40
128546.000000  38881 40
128678.000000  38928 40
128760.000000  38958 40
129054.000000  39064 40
129178.000000  39109 40
129346.000000  39169 40
129362.000000  39175 40
129460.000000  39210 40
129640.000000  39275 40
129642.000000  39276 40
129848.000000  39350 40
129880.000000  39362 40
130132.000000  39453 40
130244.000000  39493 40
130298.000000  39513 40
130424.000000  39558 40
130424.000000  39558 40
130610.000000  39625 40
130834.000000  39706 40
131158.000000  39823 40
131160.000000  39824 40
131494.000000  39945 40
131696.000000  40017 40
131770.000000  40044 40
131840.000000  40069 40
131842.000000  40070 40
132024.000000  40136 40
132134.000000  40175 40
132260.000000  40221 40
132454.000000  40291 40
132620.000000  40351 40
132992.000000  40485 40
133144.000000  40540 40
133346.000000  40613 40
133426.000000  40642 40
133626.000000  40714 40
133958.000000  40834 40
134038.000000  40863 40
134148.000000  40903 40
134348.000000  40975 40
134448.000000  41011 40
134550.000000  41048 40
134552.000000  41048 40
134624.000000  41074 40
134736.000000  41115 40
134864.000000  41161 40
134894.000000  41172 40
134896.000000  41172 40
134898.000000  41173 40
134922.000000  41182 40
134950.000000  41192 40
134980.000000  41203 40
135124.000000  41255 40
135392.000000  41351 40
135496.000000  41389 40
135676.000000  41454 40
135676.000000  41454 40
135974.000000  41561 40
136170.000000  41632 40
136172.000000  41633 40
136278.000000  41671 40
136328.000000  41689 40
136574.000000  41778 40
136774.000000  41850 40
136858.000000  41881 40
137334.000000  42052 40
137656.000000  42169 40
137656.000000  42169 40
138000.000000  42293 40
138210.000000  42369 40
138302.000000  42402 40
138346.000000  42418 40
138494.000000  42471 40
138760.000000  42567 40
138760.000000  42567 40
138826.000000  42591 40
138828.000000  42592 40
138896.000000  42616 40
138898.000000  42617 40
139044.000000  42670 40
139112.000000  42694 40
139198.000000  42725 40
139324.000000  42771 40
139450.000000  42816 40
139450.000000  42816 40
139550.000000  42852 40
139620.000000  42877 40
139638.000000  42884 40
139796.000000  42941 40
139796.000000  42941 40
139796.000000  42941 40
139796.000000  42941 40
139986.000000  43010 40
140042.000000  43030 40
140350.000000  43141 40
140640.000000  43246 40
140770.000000  43293 40
140896.000000  43338 40
140970.000000  43365 40
141146.000000  43428 40
141146.000000  43428 40
141658.000000  43613 40
141996.000000  43735 40
142110.000000  43776 40
142518.000000  43924 40
142852.000000  44044 40
143146.000000  44150 40
143270.000000  44195 40
143270.000000  44195 40
143558.000000  44299 40
143886.000000  44417 40
144166.000000  44519 40
144304.000000  44568 40
144398.000000  44602 40
144510.000000  44643 40
144638.000000  44689 40
144936.000000  44797 40
145238.000000  44906 40
145272.000000  44918 40
147190.000000  45610 40
147250.000000  45632 40
147262.000000  45636 40
147298.000000  45649 40
147318.000000  45656 40
147338.000000  45663 40
147338.000000  45663 40
147350.000000  45668 40
147368.000000  45674 40
147430.000000  45697 40
147490.000000  45719 40
147570.000000  45747 40
147608.000000  45761 40
147610.000000  45762 40
147630.000000  45769 40
147664.000000  45781 40
147666.000000  45782 40
147738.000000  45808 40
147800.000000  45830 40
147896.000000  45865 40
147936.000000  45879 40
147958.000000  45887 40
147958.000000  45887 40
148138.000000  45952 40
148140.000000  45953 40
148172.000000  45965 40
148224.000000  45983 40
148254.000000  45994 40
148310.000000  46014 40
148370.000000  46036 40
148468.000000  46071 40
148570.000000  46108 40
148652.000000  46138 40
148652.000000  46138 40
148652.000000  46138 40
148674.000000  46146 40
148724.000000  46164 40
148782.000000  46185 40
148844.000000  46207 40
148846.000000  46208 40
148856.000000  46211 40
148964.000000  46251 40
149062.000000  46286 40
149062.000000  46286 40
149062.000000  46286 40
149098.000000  46299 40
149100.000000  46300 40
149122.000000  46307 40
149186.000000  46331 40
149394.000000  46406 40
149418.000000  46415 40
149420.000000  46415 40
149474.000000  46435 40
149618.000000  46487 40
149650.000000  46498 40
149702.000000  46517 40
149772.000000  46542 40
149772.000000  46542 40
149818.000000  46559 40
149834.000000  46565 40
149854.000000  46572 40
149876.000000  46580 40
149896.000000  46587 40
149950.000000  46607 40
149998.000000  46624 40
150126.000000  46670 40
150126.000000  46670 40
150194.000000  46695 40
150256.000000  46717 40
150290.000000  46729 40
150360.000000  46754 40
150432.000000  46781 40
150432.000000  46781 40
150444.000000  46785 40
150520.000000  46812 40
150566.000000  46829 40
150568.000000  46829 40
150626.000000  46851 40
150628.000000  46851 40
150706.000000  46879 40
150706.000000  46879 40
150760.000000  46899 40
150834.000000  46925 40
150864.000000  46936 40
150866.000000  46937 40
150924.000000  46958 40
150958.000000  46970 40
151092.000000  47019 40
151116.000000  47027 40
151146.000000  47038 40
151180.000000  47051 40
151216.000000  47063 40
151232.000000  47069 40
151244.000000  47074 40
151266.000000  47081 40
151280.000000  47087 40
151320.000000  47101 40
151378.000000  47122 40
151380.000000  47123 40
151436.000000  47143 40
151468.000000  47154 40
151544.000000  47182 40
151626.000000  47211 40
151642.000000  47217 40
151716.000000  47244 40
151772.000000  47264 40
151772.000000  47264 40
151852.000000  47293 40
151912.000000  47315 40
151912.000000  47315 40
152090.000000  47379 40
152092.000000  47380 40
152238.000000  47432 40
152264.000000  47442 40
152316.000000  47460 40
152352.000000  47473 40
152364.000000  47478 40
152402.000000  47491 40
152462.000000  47513 40
152482.000000  47521 40
152636.000000  47576 40
152674.000000  47590 40
152676.000000  47591 40
152702.000000  47600 40
152702.000000  47600 40
152702.000000  47600 40
152702.000000  47600 40
152730.000000  47610 40
152752.000000  47618 40
152812.000000  47639 40
152814.000000  47640 40
152842.000000  47650 40
152866.000000  47659 40
152880.000000  47664 40
152902.000000  47672 40
152944.000000  47687 40
152962.000000  47694 40
152976.000000  47699 40
152978.000000  47699 40
152998.000000  47707 40
152998.000000  47707 40
152998.000000  47707 40
152998.000000  47707 40
153128.000000  47753 40
153144.000000  47759 40
153160.000000  47765 40
153178.000000  47772 40
153180.000000  47772 40
153252.000000  47798 40
153252.000000  47798 40
153270.000000  47805 40
153296.000000  47814 40
153328.000000  47826 40
153350.000000  47834 40
153406.000000  47854 40
153420.000000  47859 40
153444.000000  47868 40
153506.000000  47890 40
153578.000000  47916 40
153596.000000  47922 40
153642.000000  47939 40
153692.000000  47957 40
153724.000000  47969 40
153782.000000  47990 40
153808.000000  47999 40
153834.000000  48009 40
153854.000000  48016 40
153878.000000  48024 40
153934.000000  48045 40
153990.000000  48065 40
154024.000000  48077 40
154046.000000  48085 40
154060.000000  48090 40
154062.000000  48091 40
154094.000000  48102 40
154146.000000  48121 40
154146.000000  48121 40
154172.000000  48131 40
154196.000000  48139 40
154226.000000  48150 40
154228.000000  48151 40
154270.000000  48166 40
154284.000000  48171 40
154284.000000  48171 40
154312.000000  48181 40
154348.000000  48194 40
154388.000000  48208 40
154388.000000  48208 40
154420.000000  48220 40
154434.000000  48225 40
154462.000000  48235 40
154522.000000  48257 40
154590.000000  48281 40
154592.000000  48282 40
154594.000000  48283 40
154680.000000  48314 40
154702.000000  48322 40
154712.000000  48325 40
154770.000000  48346 40
154828.000000  48367 40
154830.000000  48368 40
154866.000000  48381 40
154898.000000  48393 40
154898.000000  48393 40
154938.000000  48407 40
155000.000000  48429 40
155116.000000  48471 40
155118.000000  48472 40
155170.000000  48491 40
155226.000000  48511 40
155260.000000  48523 40
155292.000000  48535 40
155308.000000  48540 40
155332.000000  48549 40
155364.000000  48561 40
155438.000000  48587 40
155498.000000  48609 40
155536.000000  48623 40
155536.000000  48623 40
155590.000000  48642 40
155620.000000  48653 40
155646.000000  48663 40
155660.000000  48667 40
155708.000000  48685 40
155736.000000  48695 40
155766.000000  48706 40
155834.000000  48730 40
155892.000000  48751 40
155924.000000  48763 40
155948.000000  48771 40
156006.000000  48792 40
156020.000000  48797 40
156078.000000  48818 40
156080.000000  48819 40
156090.000000  48823 40
156138.000000  48840 40
156174.000000  48853 40
156188.000000  48858 40
156188.000000  48858 40
156212.000000  48867 40
156266.000000  48886 40
156304.000000  48900 40
156336.000000  48911 40
156362.000000  48921 40
156396.000000  48933 40
156460.000000  48956 40
156470.000000  48960 40
156504.000000  48972 40
156612.000000  49011 40
156640.000000  49021 40
156642.000000  49022 40
156670.000000  49032 40
156694.000000  49041 40
156694.000000  49041 40
156712.000000  49047 40
156762.000000  49065 40
156856.000000  49099 40
156914.000000  49120 40
157002.000000  49152 40
157026.000000  49161 40
157092.000000  49184 40
157148.000000  49205 40
157150.000000  49205 40
157182.000000  49217 40
157238.000000  49237 40
157262.000000  49246 40
157318.000000  49266 40
157320.000000  49267 40
157376.000000  49287 40
157406.000000  49298 40
157482.000000  49325 40
157500.000000  49331 40
157612.000000  49372 40
157612.000000  49372 40
157660.000000  49389 40
157700.000000  49404 40
157736.000000  49417 40
157766.000000  49428 40
157768.000000  49428 40
157816.000000  49446 40
157830.000000  49451 40
157884.000000  49470 40
157920.000000  49483 40
158082.000000  49542 40
158082.000000  49542 40
158126.000000  49557 40
158232.000000  49596 40
158232.000000  49596 40
158286.000000  49615 40
158378.000000  49649 40
158442.000000  49672 40
158444.000000  49672 40
158494.000000  49690 40
158550.000000  49711 40
158646.000000  49745 40
158666.000000  49753 40
158714.000000  49770 40
158748.000000  49782 40
158820.000000  49808 40
158950.000000  49855 40
159050.000000  49891 40
159086.000000  49904 40
159160.000000  49931 40
159244.000000  49961 40
159306.000000  49983 40
159322.000000  49989 40
159342.000000  49997 40
159364.000000  50005 40
159380.000000  50010 40
159408.000000  50021 40
159410.000000  50021 40
159598.000000  50089 40
159600.000000  50090 40
159652.000000  50109 40
159686.000000  50121 40
159768.000000  50150 40
159858.000000  50183 40
159864.000000  50185 40
159924.000000  50207 40
159924.000000  50207 40
159924.000000  50207 40
159956.000000  50218 40
160052.000000  50253 40
160136.000000  50283 40
160162.000000  50293 40
160176.000000  50298 40
160212.000000  50311 40
160258.000000  50327 40
160316.000000  50348 40
160382.000000  50372 40
160384.000000  50373 40
160418.000000  50385 40
160442.000000  50394 40
160450.000000  50397 40
160486.000000  50410 40
160516.000000  50420 40
160516.000000  50420 40
160534.000000  50427 40
160600.000000  50451 40
160602.000000  50451 40
160626.000000  50460 40
160654.000000  50470 40
160654.000000  50470 40
160686.000000  50482 40
160712.000000  50491 40
160760.000000  50508 40
160782.000000  50516 40
160830.000000  50534 40
160858.000000  50544 40
160884.000000  50553 40
160884.000000  50553 40
160884.000000  50553 40
160884.000000  50553 40
160970.000000  50584 40
161024.000000  50604 40
161048.000000  50612 40
161080.000000  50624 40
161108.000000  50634 40
161108.000000  50634 40
161108.000000  50634 40
161138.000000  50645 40
161192.000000  50664 40
161218.000000  50674 40
161238.000000  50681 40
161286.000000  50698 40
161318.000000  50710 40
161324.000000  50712 40
161378.000000  50731 40
161378.000000  50731 40
161420.000000  50747 40
161464.000000  50763 40
161476.000000  50767 40
161534.000000  50788 40
161766.000000  50871 40
161768.000000  50872 40
161788.000000  50879 40
161852.000000  50903 40
161912.000000  50924 40
161938.000000  50934 40
161952.000000  50939 40
161968.000000  50944 40
162030.000000  50967 40
162062.000000  50978 40
162098.000000  50991 40
162112.000000  50996 40
162144.000000  51008 40
162182.000000  51022 40
162216.000000  51034 40
162302.000000  51065 40
162314.000000  51069 40
162340.000000  51079 40
162354.000000  51084 40
162366.000000  51088 40
162392.000000  51098 40
162398.000000  51100 40
162454.000000  51120 40
162584.000000  51167 40
162614.000000  51178 40
162614.000000  51178 40
162638.000000  51186 40
162658.000000  51193 40
162660.000000  51194 40
162708.000000  51212 40
162752.000000  51227 40
162754.000000  51228 40
162814.000000  51250 40
162870.000000  51270 40
162996.000000  51315 40
163026.000000  51326 40
163040.000000  51331 40
163136.000000  51366 40
163136.000000  51366 40
163136.000000  51366 40
163166.000000  51377 40
163166.000000  51377 40
163196.000000  51388 40
163234.000000  51401 40
163260.000000  51411 40
163276.000000  51417 40
163328.000000  51435 40
163348.000000  51443 40
163364.000000  51448 40
163396.000000  51460 40
163432.000000  51473 40
163452.000000  51480 40
163484.000000  51492 40
163506.000000  51499 40
163506.000000  51499 40
163650.000000  51551 40
163674.000000  51560 40
163706.000000  51572 40
163728.000000  51580 40
163730.000000  51580 40
163762.000000  51592 40
163800.000000  51606 40
163892.000000  51639 40
163912.000000  51646 40
163940.000000  51656 40
163962.000000  51664 40
164064.000000  51701 40
164084.000000  51708 40
164116.000000  51720 40
164116.000000  51720 40
164140.000000  51729 40
164196.000000  51749 40
164264.000000  51773 40
164298.000000  51785 40
164360.000000  51808 40
164390.000000  51819 40
164400.000000  51822 40
164440.000000  51837 40
164452.000000  51841 40
164454.000000  51842 40
164490.000000  51855 40
164492.000000  51855 40
164614.000000  51899 40
164660.000000  51916 40
164712.000000  51935 40
164736.000000  51943 40
164770.000000  51956 40
164878.000000  51995 40
164908.000000  52006 40
164920.000000  52010 40
164920.000000  52010 40
164946.000000  52019 40
165010.000000  52042 40
165026.000000  52048 40
165036.000000  52052 40
165082.000000  52068 40
165120.000000  52082 40
165128.000000  52085 40
165164.000000  52098 40
165188.000000  52107 40
165208.000000  52114 40
165260.000000  52133 40
165276.000000  52138 40
165324.000000  52156 40
165396.000000  52182 40
165426.000000  52193 40
165440.000000  52198 40
165462.000000  52206 40
165476.000000  52211 40
165498.000000  52219 40
165558.000000  52240 40
165594.000000  52253 40
165596.000000  52254 40
165616.000000  52261 40
165630.000000  52266 40
165686.000000  52286 40
166036.000000  52413 40
166038.000000  52413 40
166060.000000  52421 40
166116.000000  52442 40
166150.000000  52454 40
166172.000000  52462 40
166206.000000  52474 40
166260.000000  52494 40
166342.000000  52523 40
166416.000000  52550 40
166424.000000  52553 40
166504.000000  52582 40
166598.000000  52616 40
166640.000000  52631 40
166676.000000  52644 40
166706.000000  52655 40
166740.000000  52667 40
166794.000000  52686 40
166858.000000  52709 40
166874.000000  52715 40
166986.000000  52756 40
167024.000000  52769 40
167038.000000  52774 40
167038.000000  52774 40
167062.000000  52783 40
167112.000000  52801 40
167132.000000  52808 40
167234.000000  52845 40
167254.000000  52852 40
167254.000000  52852 40
167306.000000  52871 40
167364.000000  52892 40
167398.000000  52904 40
167430.000000  52916 40
167486.000000  52936 40
167486.000000  52936 40
167544.000000  52957 40
167596.000000  52976 40
167598.000000  52977 40
167612.000000  52982 40
167644.000000  52993 40
167696.000000  53012 40
167724.000000  53022 40
167726.000000  53023 40
167762.000000  53036 40
167828.000000  53059 40
167878.000000  53078 40
167918.000000  53092 40
167954.000000  53105 40
167976.000000  53113 40
168070.000000  53147 40
168124.000000  53167 40
168160.000000  53179 40
168238.000000  53207 40
168372.000000  53256 40
168396.000000  53265 40
168458.000000  53287 40
168458.000000  53287 40
168534.000000  53314 40
168576.000000  53330 40
168578.000000  53330 40
168600.000000  53338 40
168600.000000  53338 40
168614.000000  53343 40
168648.000000  53356 40
168702.000000  53375 40
168726.000000  53384 40
168740.000000  53389 40
168770.000000  53399 40
168804.000000  53412 40
168862.000000  53433 40
168900.000000  53447 40
168926.000000  53456 40
169032.000000  53494 40
169064.000000  53506 40
169112.000000  53523 40
169140.000000  53533 40
169188.000000  53551 40
169188.000000  53551 40
169216.000000  53561 40
169244.000000  53571 40
169244.000000  53571 40
169302.000000  53592 40
169324.000000  53600 40
169356.000000  53611 40
169410.000000  53631 40
169444.000000  53643 40
169620.000000  53706 40
169656.000000  53719 40
169692.000000  53733 40
169718.000000  53742 40
169766.000000  53759 40
169804.000000  53773 40
169836.000000  53785 40
169836.000000  53785 40
169874.000000  53798 40
169928.000000  53818 40
170032.000000  53855 40
170062.000000  53866 40
170064.000000  53867 40
170124.000000  53889 40
170160.000000  53901 40
170162.000000  53902 40
170228.000000  53926 40
170228.000000  53926 40
170258.000000  53937 40
170338.000000  53966 40
170338.000000  53966 40
170386.000000  53983 40
170412.000000  53992 40
170480.000000  54017 40
170554.000000  54043 40
170670.000000  54085 40
170682.000000  54090 40
170744.000000  54112 40
170746.000000  54113 40
170776.000000  54124 40
170778.000000  54125 40
170866.000000  54156 40
170906.000000  54171 40
170938.000000  54182 40
171062.000000  54227 40
171064.000000  54228 40
171092.000000  54238 40
171144.000000  54257 40
171168.000000  54265 40
171228.000000  54287 40
171292.000000  54310 40
171350.000000  54331 40
171406.000000  54351 40
171416.000000  54355 40
171450.000000  54367 40
171478.000000  54377 40
171496.000000  54384 40
171556.000000  54405 40
171586.000000  54416 40
171596.000000  54420 40
171614.000000  54426 40
171616.000000  54427 40
171638.000000  54435 40
171658.000000  54442 40
171740.000000  54472 40
171764.000000  54480 40
171764.000000  54480 40
171780.000000  54486 40
171910.000000  54533 40
171912.000000  54534 40
171942.000000  54545 40
171942.000000  54545 40
172018.000000  54572 40
172052.000000  54584 40
172052.000000  54584 40
172078.000000  54594 40
172126.000000  54611 40
172142.000000  54617 40
172208.000000  54641 40
172224.000000  54646 40
172254.000000  54657 40
172268.000000  54662 40
172328.000000  54684 40
172358.000000  54695 40
172384.000000  54704 40
172386.000000  54705 40
172436.000000  54723 40
172496.000000  54745 40
172496.000000  54745 40
172610.000000  54786 40
172612.000000  54787 40
172644.000000  54798 40
172696.000000  54817 40
172746.000000  54835 40
172826.000000  54864 40
172844.000000  54870 40
172908.000000  54893 40
172952.000000  54909 40
172972.000000  54916 40
173056.000000  54947 40
173058.000000  54947 40
173090.000000  54959 40
173102.000000  54963 40
173162.000000  54985 40
173222.000000  55007 40
173224.000000  55007 40
173236.000000  55012 40
173238.000000  55013 40
173262.000000  55021 40
173276.000000  55026 40
173310.000000  55039 40
173332.000000  55046 40
173384.000000  55065 40
173400.000000  55071 40
173434.000000  55083 40
173460.000000  55093 40
173532.000000  55119 40
173612.000000  55147 40
173674.000000  55170 40
173716.000000  55185 40
173750.000000  55197 40
173804.000000  55217 40
173806.000000  55217 40
173836.000000  55228 40
173910.000000  55255 40
173944.000000  55267 40
174020.000000  55295 40
174022.000000  55295 40
174038.000000  55301 40
174068.000000  55312 40
174114.000000  55329 40
174166.000000  55347 40
174188.000000  55355 40
174218.000000  55366 40
174282.000000  55389 40
174328.000000  55406 40
174404.000000  55433 40
174404.000000  55433 40
174502.000000  55469 40
174626.000000  55514 40
174628.000000  55514 40
174650.000000  55522 40
174714.000000  55545 40
174714.000000  55545 40
174772.000000  55566 40
174816.000000  55582 40
174880.000000  55605 40
174906.000000  55615 40
174924.000000  55621 40
175044.000000  55665 40
175312.000000  55761 40
175324.000000  55765 40
175336.000000  55770 40
175342.000000  55772 40
175342.000000  55772 40
175386.000000  55788 40
175420.000000  55800 40
175464.000000  55816 40
175484.000000  55823 40
175498.000000  55828 40
175520.000000  55836 40
175520.000000  55836 40
175536.000000  55842 40
175552.000000  55848 40
175582.000000  55859 40
175606.000000  55867 40
175640.000000  55880 40
175668.000000  55890 40
175670.000000  55891 40
175696.000000  55900 40
175750.000000  55919 40
175804.000000  55939 40
175834.000000  55950 40
175846.000000  55954 40
175860.000000  55959 40
175910.000000  55977 40
175944.000000  55989 40
175946.000000  55990 40
175994.000000  56007 40
176020.000000  56017 40
176064.000000  56033 40
176084.000000  56040 40
176086.000000  56041 40
176096.000000  56044 40
176120.000000  56053 40
176140.000000  56060 40
176154.000000  56065 40
176154.000000  56065 40
176202.000000  56082 40
176242.000000  56097 40
176300.000000  56118 40
176334.000000  56130 40
176356.000000  56138 40
176390.000000  56150 40
176442.000000  56169 40
176442.000000  56169 40
176442.000000  56169 40
176442.000000  56169 40
176442.000000  56169 40
176442.000000  56169 40
176442.000000  56169 40
176638.000000  56240 40
176640.000000  56241 40
176660.000000  56248 40
176706.000000  56264 40
176716.000000  56268 40
176746.000000  56279 40
176760.000000  56284 40
176802.000000  56299 40
176834.000000  56311 40
176848.000000  56316 40
176916.000000  56340 40
176990.000000  56367 40
177026.000000  56380 40
177082.000000  56400 40
177084.000000  56401 40
177104.000000  56408 40
177164.000000  56430 40
177258.000000  56463 40
177258.000000  56463 40
177300.000000  56479 40
177406.000000  56517 40
177498.000000  56550 40
177630.000000  56598 40
177684.000000  56617 40
177738.000000  56637 40
177762.000000  56646 40
177794.000000  56657 40
177904.000000  56697 40
177904.000000  56697 40
177928.000000  56705 40
177976.000000  56723 40
178016.000000  56737 40
178084.000000  56762 40
178112.000000  56772 40
178134.000000  56780 40
178134.000000  56780 40
178154.000000  56787 40
178170.000000  56793 40
178228.000000  56814 40
178262.000000  56826 40
178292.000000  56837 40
178374.000000  56867 40
178408.000000  56879 40
178442.000000  56891 40
178476.000000  56903 40
178602.000000  56949 40
178604.000000  56950 40
178624.000000  56957 40
178626.000000  56958 40
178660.000000  56970 40
178678.000000  56976 40
178698.000000  56983 40
178798.000000  57019 40
178798.000000  57019 40
178834.000000  57033 40
178858.000000  57041 40
178890.000000  57053 40
178914.000000  57061 40
178916.000000  57062 40
178948.000000  57074 40
178974.000000  57083 40
178974.000000  57083 40
179010.000000  57096 40
179040.000000  57107 40
179076.000000  57120 40
179100.000000  57129 40
179138.000000  57142 40
179152.000000  57147 40
179170.000000  57154 40
179218.000000  57171 40
179226.000000  57174 40
179250.000000  57183 40
179250.000000  57183 40
179326.000000  57210 40
179346.000000  57217 40
179372.000000  57227 40
179398.000000  57236 40
179446.000000  57253 40
179480.000000  57266 40
179606.000000  57311 40
179630.000000  57320 40
179664.000000  57332 40
179688.000000  57341 40
179720.000000  57352 40
179750.000000  57363 40
179752.000000  57364 40
179836.000000  57394 40
179862.000000  57404 40
179936.000000  57430 40
179968.000000  57442 40
179976.000000  57445 40
180054.000000  57473 40
180144.000000  57505 40
180172.000000  57516 40
180178.000000  57518 40
180244.000000  57541 40
180300.000000  57562 40
180332.000000  57573 40
180332.000000  57573 40
180364.000000  57585 40
180378.000000  57590 40
180408.000000  57601 40
180422.000000  57606 40
180450.000000  57616 40
180450.000000  57616 40
180480.000000  57627 40
180526.000000  57643 40
180618.000000  57677 40
180630.000000  57681 40
180658.000000  57691 40
180678.000000  57698 40
180708.000000  57709 40
180734.000000  57718 40
180766.000000  57730 40
180800.000000  57742 40
180824.000000  57751 40
180838.000000  57756 40
180854.000000  57762 40
180890.000000  57775 40
180906.000000  57781 40
180930.000000  57789 40
180962.000000  57801 40
181016.000000  57820 40
181038.000000  57828 40
182406.000000  58322 40
182422.000000  58328 40
182454.000000  58339 40
182516.000000  58362 40
182540.000000  58370 40
182540.000000  58370 40
182556.000000  58376 40
182572.000000  58382 40
182602.000000  58393 40
182628.000000  58402 40
182672.000000  58418 40
182672.000000  58418 40
182672.000000  58418 40
182672.000000  58418 40
182672.000000  58418 40
182730.000000  58439 40
182760.000000  58450 40
182762.000000  58451 40
182810.000000  58468 40
182810.000000  58468 40
182844.000000  58480 40
182898.000000  58500 40
182922.000000  58508 40
182954.000000  58520 40
183038.000000  58550 40
183068.000000  58561 40
183100.000000  58573 40
183136.000000  58586 40
183150.000000  58591 40
183174.000000  58599 40
183198.000000  58608 40
183234.000000  58621 40
183292.000000  58642 40
183326.000000  58654 40
183328.000000  58655 40
183358.000000  58666 40
183358.000000  58666 40
183358.000000  58666 40
183392.000000  58678 40
183392.000000  58678 40
183428.000000  58691 40
183444.000000  58697 40
183478.000000  58709 40
183492.000000  58714 40
183526.000000  58726 40
183580.000000  58746 40
183604.000000  58755 40
183616.000000  58759 40
183630.000000  58764 40
183662.000000  58775 40
183712.000000  58793 40
183740.000000  58804 40
183740.000000  58804 40
183764.000000  58812 40
183976.000000  58889 40
183978.000000  58889 40
183998.000000  58897 40
184066.000000  58921 40
184100.000000  58934 40
184124.000000  58942 40
184196.000000  58968 40
184294.000000  59004 40
184316.000000  59012 40
184332.000000  59017 40
184348.000000  59023 40
184434.000000  59054 40
184446.000000  59059 40
184486.000000  59073 40
184596.000000  59113 40
184598.000000  59113 40
184618.000000  59121 40
184650.000000  59132 40
184682.000000  59144 40
184746.000000  59167 40
184780.000000  59179 40
184832.000000  59198 40
184834.000000  59199 40
184958.000000  59243 40
185026.000000  59268 40
185052.000000  59277 40
185106.000000  59297 40
185126.000000  59304 40
185156.000000  59315 40
185170.000000  59320 40
185350.000000  59385 40
185446.000000  59419 40
185458.000000  59424 40
185538.000000  59453 40
185540.000000  59454 40
185588.000000  59471 40
185616.000000  59481 40
185654.000000  59495 40
185746.000000  59528 40
185808.000000  59550 40
185852.000000  59566 40
185888.000000  59579 40
185994.000000  59617 40
186088.000000  59651 40
186090.000000  59652 40
186124.000000  59664 40
186158.000000  59677 40
186216.000000  59697 40
186218.000000  59698 40
186250.000000  59710 40
186250.000000  59710 40
186308.000000  59731 40
186362.000000  59750 40
186402.000000  59765 40
186426.000000  59773 40
186612.000000  59841 40
186648.000000  59854 40
186648.000000  59854 40
186648.000000  59854 40
186726.000000  59882 40
186728.000000  59882 40
186760.000000  59894 40
186812.000000  59913 40
186910.000000  59948 40
186934.000000  59957 40
186982.000000  59974 40
186994.000000  59978 40
187052.000000  59999 40
187092.000000  60014 40
187122.000000  60025 40
187214.000000  60058 40
187246.000000  60069 40
187308.000000  60092 40
187312.000000  60093 40
187366.000000  60113 40
187400.000000  60125 40
187478.000000  60153 40
187478.000000  60153 40
187514.000000  60166 40
187614.000000  60202 40
187614.000000  60202 40
187700.000000  60233 40
187742.000000  60249 40
187824.000000  60278 40
187824.000000  60278 40
187860.000000  60291 40
187948.000000  60323 40
188004.000000  60343 40
188098.000000  60377 40
188098.000000  60377 40
188120.000000  60385 40
188120.000000  60385 40
188148.000000  60395 40
188162.000000  60400 40
188212.000000  60418 40
188220.000000  60421 40
188334.000000  60462 40
188334.000000  60462 40
188352.000000  60469 40
188378.000000  60478 40
188472.000000  60512 40
188602.000000  60559 40
188602.000000  60559 40
188602.000000  60559 40
188660.000000  60580 40
188676.000000  60586 40
188686.000000  60589 40
188738.000000  60608 40
188802.000000  60631 40
188826.000000  60640 40
188874.000000  60657 40
188918.000000  60673 40
188918.000000  60673 40
188980.000000  60695 40
188996.000000  60701 40
188996.000000  60701 40
189072.000000  60729 40
189126.000000  60748 40
189160.000000  60760 40
189194.000000  60773 40
189220.000000  60782 40
189222.000000  60783 40
189234.000000  60787 40
189258.000000  60796 40
189354.000000  60831 40
189380.000000  60840 40
189458.000000  60868 40
189560.000000  60905 40
189662.000000  60942 40
189674.000000  60946 40
189722.000000  60963 40
189724.000000  60964 40
189774.000000  60982 40
189806.000000  60994 40
189830.000000  61002 40
189862.000000  61014 40
189862.000000  61014 40
189928.000000  61038 40
189952.000000  61046 40
189984.000000  61058 40
190026.000000  61073 40
190138.000000  61114 40
190164.000000  61123 40
190212.000000  61140 40
190258.000000  61157 40
190288.000000  61168 40
190382.000000  61202 40
190382.000000  61202 40
190382.000000  61202 40
190416.000000  61214 40
190444.000000  61224 40
190446.000000  61225 40
190476.000000  61235 40
190500.000000  61244 40
190594.000000  61278 40
190626.000000  61290 40
190698.000000  61316 40
190798.000000  61352 40
190838.000000  61366 40
190862.000000  61375 40
190908.000000  61391 40
190948.000000  61406 40
190972.000000  61415 40
191006.000000  61427 40
191008.000000  61428 40
191080.000000  61454 40
191118.000000  61467 40
191120.000000  61468 40
191170.000000  61486 40
191212.000000  61501 40
191266.000000  61521 40
191290.000000  61529 40
191306.000000  61535 40
191348.000000  61550 40
191390.000000  61566 40
191414.000000  61574 40
191518.000000  61612 40
191540.000000  61620 40
191598.000000  61641 40
191680.000000  61670 40
191680.000000  61670 40
191748.000000  61695 40
191804.000000  61715 40
191860.000000  61735 40
191860.000000  61735 40
191894.000000  61747 40
191988.000000  61781 40
192010.000000  61789 40
192010.000000  61789 40
192068.000000  61810 40
192112.000000  61826 40
192216.000000  61864 40
192236.000000  61871 40
192236.000000  61871 40
192276.000000  61885 40
192328.000000  61904 40
192350.000000  61912 40
192350.000000  61912 40
192418.000000  61937 40
192476.000000  61957 40
192510.000000  61970 40
192620.000000  62010 40
192664.000000  62025 40
192752.000000  62057 40
192796.000000  62073 40
192846.000000  62091 40
192870.000000  62100 40
192938.000000  62124 40
192996.000000  62145 40
193054.000000  62166 40
193086.000000  62178 40
193162.000000  62205 40
193198.000000  62218 40
193232.000000  62231 40
193280.000000  62248 40
193280.000000  62248 40
193322.000000  62263 40
193422.000000  62299 40
193424.000000  62300 40
193462.000000  62313 40
193490.000000  62324 40
193586.000000  62358 40
193644.000000  62379 40
193658.000000  62384 40
193682.000000  62393 40
193740.000000  62414 40
193772.000000  62425 40
193774.000000  62426 40
193806.000000  62438 40
193822.000000  62443 40
193870.000000  62461 40
193904.000000  62473 40
193946.000000  62488 40
193990.000000  62504 40
194012.000000  62512 40
194088.000000  62539 40
194172.000000  62570 40
194188.000000  62576 40
194222.000000  62588 40
194244.000000  62596 40
194278.000000  62608 40
194278.000000  62608 40
194300.000000  62616 40
194302.000000  62617 40
194312.000000  62621 40
194342.000000  62631 40
194368.000000  62641 40
194382.000000  62646 40
194412.000000  62656 40
194414.000000  62657 40
194488.000000  62684 40
194696.000000  62759 40
194720.000000  62768 40
194722.000000  62768 40
194750.000000  62779 40
194798.000000  62796 40
194832.000000  62808 40
194860.000000  62818 40
194894.000000  62831 40
194918.000000  62839 40
194974.000000  62859 40
195006.000000  62871 40
195060.000000  62891 40
195144.000000  62921 40
195146.000000  62921 40
195190.000000  62937 40
195214.000000  62946 40
195264.000000  62964 40
195356.000000  62997 40
195378.000000  63005 40
195434.000000  63025 40
195434.000000  63025 40
195486.000000  63044 40
195486.000000  63044 40
195634.000000  63098 40
195688.000000  63117 40
195762.000000  63144 40
195762.000000  63144 40
195762.000000  63144 40
195788.000000  63153 40
195796.000000  63156 40
195816.000000  63163 40
195856.000000  63178 40
195856.000000  63178 40
195878.000000  63186 40
195904.000000  63195 40
195952.000000  63212 40
195998.000000  63229 40
196044.000000  63246 40
196044.000000  63246 40
196094.000000  63264 40
196096.000000  63265 40
196154.000000  63285 40
196212.000000  63306 40
196246.000000  63319 40
196278.000000  63330 40
196388.000000  63370 40
196390.000000  63371 40
196422.000000  63382 40
196442.000000  63389 40
196482.000000  63404 40
196484.000000  63404 40
196622.000000  63454 40
196680.000000  63475 40
196754.000000  63502 40
196808.000000  63521 40
196864.000000  63542 40
196866.000000  63542 40
196886.000000  63550 40
196886.000000  63550 40
196900.000000  63555 40
196978.000000  63583 40
197014.000000  63596 40
197046.000000  63607 40
197060.000000  63613 40
197078.000000  63619 40
197136.000000  63640 40
197148.000000  63644 40
197190.000000  63659 40
197202.000000  63664 40
197234.000000  63675 40
197294.000000  63697 40
197294.000000  63697 40
197320.000000  63706 40
197354.000000  63719 40
