164214.000000  18342
164216.000000  18343
164218.000000  18344
164220.000000  18346
164222.000000  18347
164224.000000  18348
164226.000000  18350
164228.000000  18351
164230.000000  18352
164232.000000  18353
164234.000000  18355
164236.000000  18356
164238.000000  18357
164240.000000  18359
164242.000000  18360
164244.000000  18361
164246.000000  18363
164248.000000  18364
164250.000000  18365
164250.000000  18365
164250.000000  18365
164250.000000  18365
164250.000000  18365
167414.000000  18480
167416.000000  18480
167418.000000  18481
167420.000000  18481
167422.000000  18482
167424.000000  18482
167426.000000  18483
167428.000000  18483
167430.000000  18484
167432.000000  18484
167434.000000  18485
167436.000000  18486
167438.000000  18486
167440.000000  18487
167442.000000  18488
167444.000000  18488
167446.000000  18489
167448.000000  18490
167450.000000  18491
167452.000000  18491
167454.000000  18492
167456.000000  18493
167458.000000  18494
167460.000000  18495
167462.000000  18496
167464.000000  18497
167466.000000  18498
167468.000000  18498
167470.000000  18499
167472.000000  18500
167474.000000  18501
167476.000000  18502
167478.000000  18503
167480.000000  18504
167482.000000  18506
167484.000000  18506
167486.000000  18508
167488.000000  18509
167490.000000  18510
167492.000000  18511
167494.000000  18512
167496.000000  18513
167498.000000  18514
167500.000000  18515
167502.000000  18516
167504.000000  18518
167506.000000  18519
167508.000000  18520
167510.000000  18521
167512.000000  18522
167514.000000  18523
167516.000000  18524
167518.000000  18526
167520.000000  18527
167522.000000  18528
167524.000000  18529
167526.000000  18531
167528.000000  18532
167530.000000  18533
167532.000000  18534
167534.000000  18536
167536.000000  18537
167538.000000  18538
167540.000000  18539
167542.000000  18540
167544.000000  18542
167546.000000  18543
167548.000000  18544
167550.000000  18546
167552.000000  18547
167554.000000  18548
167556.000000  18550
167558.000000  18551
167560.000000  18552
167562.000000  18554
167564.000000  18555
167566.000000  18556
167568.000000  18558
167570.000000  18559
167572.000000  18560
167574.000000  18562
167576.000000  18563
167578.000000  18564
167580.000000  18566
167582.000000  18567
167584.000000  18568
167586.000000  18569
167588.000000  18571
167590.000000  18572
167592.000000  18574
167594.000000  18575
167596.000000  18576
167598.000000  18578
167600.000000  18579
167602.000000  18580
167604.000000  18582
167606.000000  18583
167608.000000  18584
167610.000000  18586
167612.000000  18587
167614.000000  18589
167616.000000  18590
167618.000000  18591
167620.000000  18593
167622.000000  18594
167624.000000  18596
167626.000000  18597
167628.000000  18598
167630.000000  18600
167632.000000  18601
167634.000000  18603
167636.000000  18604
167638.000000  18605
167640.000000  18607
167642.000000  18608
167644.000000  18610
167646.000000  18611
167648.000000  18612
167650.000000  18614
167652.000000  18615
167654.000000  18616
167656.000000  18618
167658.000000  18619
167660.000000  18621
167662.000000  18622
167664.000000  18624
167666.000000  18625
167668.000000  18627
167670.000000  18628
167672.000000  18629
167674.000000  18631
167676.000000  18632
167678.000000  18634
167680.000000  18635
167682.000000  18636
167684.000000  18638
167686.000000  18639
167688.000000  18641
167690.000000  18642
167692.000000  18644
167694.000000  18645
167696.000000  18646
167698.000000  18648
167700.000000  18649
167702.000000  18651
167704.000000  18652
167706.000000  18654
167708.000000  18655
167710.000000  18656
167712.000000  18658
167714.000000  18659
167716.000000  18661
167718.000000  18662
167720.000000  18664
167722.000000  18665
167724.000000  18666
167726.000000  18668
167728.000000  18669
167730.000000  18671
167732.000000  18672
167734.000000  18674
167736.000000  18675
167738.000000  18677
167740.000000  18678
167742.000000  18680
167744.000000  18681
167746.000000  18682
167748.000000  18684
167750.000000  18685
167752.000000  18687
167754.000000  18688
167756.000000  18690
167758.000000  18691
167760.000000  18692
167762.000000  18694
167764.000000  18695
167766.000000  18697
167768.000000  18698
167770.000000  18700
167772.000000  18701
167774.000000  18703
167776.000000  18704
167778.000000  18706
167780.000000  18707
167782.000000  18708
167784.000000  18710
167786.000000  18711
167788.000000  18713
167790.000000  18714
167792.000000  18716
167794.000000  18717
167796.000000  18718
167798.000000  18720
167800.000000  18721
167802.000000  18723
167804.000000  18724
167806.000000  18726
167808.000000  18727
167810.000000  18729
167812.000000  18730
167814.000000  18732
167816.000000  18733
167818.000000  18734
167820.000000  18736
167822.000000  18737
167824.000000  18739
167826.000000  18740
167828.000000  18742
167830.000000  18743
167832.000000  18745
167834.000000  18746
167836.000000  18748
167838.000000  18749
167840.000000  18750
167842.000000  18752
167844.000000  18753
167846.000000  18755
167848.000000  18756
167850.000000  18758
167852.000000  18759
167854.000000  18760
167856.000000  18762
167858.000000  18763
167860.000000  18765
167862.000000  18766
167864.000000  18768
167866.000000  18769
167868.000000  18771
167870.000000  18772
167872.000000  18774
167874.000000  18775
167876.000000  18777
167878.000000  18778
167880.000000  18780
167882.000000  18781
167884.000000  18782
167886.000000  18784
167888.000000  18785
167890.000000  18787
167892.000000  18788
167894.000000  18790
167896.000000  18791
167898.000000  18792
167900.000000  18794
167902.000000  18796
167904.000000  18797
167906.000000  18798
167908.000000  18800
167910.000000  18801
167912.000000  18803
167914.000000  18804
167916.000000  18806
167918.000000  18807
167920.000000  18808
167922.000000  18810
167924.000000  18811
167926.000000  18813
167928.000000  18814
167930.000000  18816
167932.000000  18817
167934.000000  18819
167936.000000  18820
167938.000000  18822
167940.000000  18823
167942.000000  18825
167944.000000  18826
167946.000000  18828
167948.000000  18829
167950.000000  18830
167952.000000  18832
167954.000000  18833
167956.000000  18835
167958.000000  18836
167960.000000  18838
167962.000000  18839
167964.000000  18841
167966.000000  18842
167968.000000  18844
167970.000000  18845
167972.000000  18846
167974.000000  18848
167976.000000  18849
167978.000000  18851
167980.000000  18852
167982.000000  18854
167984.000000  18855
167986.000000  18857
167988.000000  18858
167990.000000  18860
167992.000000  18861
167994.000000  18862
167996.000000  18864
167998.000000  18865
168000.000000  18867
168002.000000  18868
168004.000000  18870
168006.000000  18871
168008.000000  18873
168010.000000  18874
168012.000000  18876
168014.000000  18877
168016.000000  18878
168018.000000  18880
168020.000000  18881
168022.000000  18883
168024.000000  18884
168026.000000  18886
168028.000000  18887
168030.000000  18889
168032.000000  18890
168034.000000  18892
168036.000000  18893
168038.000000  18895
168040.000000  18896
168042.000000  18898
168044.000000  18899
168046.000000  18900
168048.000000  18902
168050.000000  18903
168052.000000  18905
168054.000000  18906
168056.000000  18908
168058.000000  18909
168060.000000  18911
168062.000000  18912
168064.000000  18914
168066.000000  18915
168068.000000  18916
168070.000000  18918
168072.000000  18919
168074.000000  18921
168076.000000  18922
168078.000000  18924
168080.000000  18925
168082.000000  18927
168084.000000  18928
168086.000000  18930
168088.000000  18931
168090.000000  18932
168092.000000  18934
168094.000000  18935
168096.000000  18937
168098.000000  18938
168100.000000  18940
168102.000000  18941
168104.000000  18943
168106.000000  18944
168108.000000  18946
168110.000000  18947
168112.000000  18948
168114.000000  18950
168116.000000  18951
168118.000000  18953
168120.000000  18954
168122.000000  18956
168124.000000  18957
168126.000000  18959
168128.000000  18960
168130.000000  18962
168132.000000  18963
168134.000000  18965
168136.000000  18966
168138.000000  18968
168140.000000  18969
168142.000000  18970
168144.000000  18972
168146.000000  18973
168148.000000  18975
168150.000000  18976
168152.000000  18978
168154.000000  18979
168156.000000  18981
168158.000000  18982
168160.000000  18984
168162.000000  18985
168164.000000  18986
168166.000000  18988
168168.000000  18990
168170.000000  18991
168172.000000  18992
168174.000000  18994
168176.000000  18995
168178.000000  18997
168180.000000  18998
168182.000000  19000
168184.000000  19001
168186.000000  19002
168188.000000  19004
168190.000000  19005
168192.000000  19007
168194.000000  19008
168196.000000  19010
168198.000000  19011
168200.000000  19013
168202.000000  19014
168204.000000  19016
168206.000000  19017
168208.000000  19019
168210.000000  19020
168212.000000  19022
168214.000000  19023
168216.000000  19024
168218.000000  19026
168220.000000  19027
168222.000000  19029
168224.000000  19030
168226.000000  19032
168228.000000  19033
168230.000000  19035
168232.000000  19036
168234.000000  19038
168236.000000  19039
168238.000000  19040
168240.000000  19042
168242.000000  19043
168244.000000  19045
168246.000000  19046
168248.000000  19048
168250.000000  19049
168252.000000  19051
168254.000000  19052
168256.000000  19054
168258.000000  19055
168260.000000  19056
168262.000000  19058
168264.000000  19060
168266.000000  19061
168268.000000  19062
168270.000000  19064
168272.000000  19065
168274.000000  19067
168276.000000  19068
168278.000000  19070
168280.000000  19071
168282.000000  19072
168284.000000  19074
168286.000000  19075
168288.000000  19077
168290.000000  19078
168292.000000  19080
168294.000000  19081
168296.000000  19083
168298.000000  19084
168300.000000  19086
168302.000000  19087
168304.000000  19089
168306.000000  19090
168308.000000  19092
168310.000000  19093
168312.000000  19094
168314.000000  19096
168316.000000  19097
168318.000000  19099
168320.000000  19100
168322.000000  19102
168324.000000  19103
168326.000000  19105
168328.000000  19106
168330.000000  19108
168332.000000  19109
168334.000000  19110
168336.000000  19112
168338.000000  19113
168340.000000  19115
168342.000000  19116
168344.000000  19118
168346.000000  19119
168348.000000  19121
168350.000000  19122
168352.000000  19124
168354.000000  19125
168356.000000  19126
168358.000000  19128
168360.000000  19129
168362.000000  19131
168364.000000  19132
168366.000000  19134
168368.000000  19135
168370.000000  19137
168372.000000  19138
168374.000000  19140
168376.000000  19141
168378.000000  19142
168380.000000  19144
168382.000000  19145
168384.000000  19147
168386.000000  19148
168388.000000  19150
168390.000000  19151
168392.000000  19153
168394.000000  19154
168396.000000  19156
168398.000000  19157
168400.000000  19158
168402.000000  19160
168404.000000  19162
168406.000000  19163
168408.000000  19164
168410.000000  19166
168412.000000  19167
168414.000000  19169
168416.000000  19170
168418.000000  19172
168420.000000  19173
168422.000000  19174
168424.000000  19176
168426.000000  19178
168428.000000  19179
168430.000000  19180
168432.000000  19182
168434.000000  19183
168436.000000  19185
168438.000000  19186
168440.000000  19188
168442.000000  19189
168444.000000  19190
168446.000000  19192
168448.000000  19194
168450.000000  19195
168452.000000  19196
168454.000000  19198
168456.000000  19199
168458.000000  19201
168460.000000  19202
168462.000000  19204
168464.000000  19205
168466.000000  19207
168468.000000  19208
168470.000000  19210
168472.000000  19211
168474.000000  19212
168476.000000  19214
168478.000000  19215
168480.000000  19217
168482.000000  19218
168484.000000  19220
168486.000000  19221
168488.000000  19223
168490.000000  19224
168492.000000  19226
168494.000000  19227
168496.000000  19228
168498.000000  19230
168500.000000  19232
168502.000000  19233
168504.000000  19234
168506.000000  19236
168508.000000  19237
168510.000000  19239
168512.000000  19240
168514.000000  19242
168516.000000  19243
168518.000000  19245
168520.000000  19246
168522.000000  19248
168524.000000  19249
168526.000000  19250
168528.000000  19252
168530.000000  19253
168532.000000  19255
168534.000000  19256
168536.000000  19258
168538.000000  19259
168540.000000  19261
168542.000000  19262
168544.000000  19264
168546.000000  19265
168548.000000  19266
168550.000000  19268
168552.000000  19269
168554.000000  19271
168556.000000  19272
168558.000000  19274
168560.000000  19275
168562.000000  19277
168564.000000  19278
168566.000000  19280
168568.000000  19281
168570.000000  19283
168572.000000  19284
168574.000000  19286
168576.000000  19287
168578.000000  19288
168580.000000  19290
168582.000000  19291
168584.000000  19293
168586.000000  19294
168588.000000  19296
168590.000000  19297
168592.000000  19299
168594.000000  19300
168596.000000  19302
168598.000000  19303
168600.000000  19304
168602.000000  19306
168604.000000  19307
168606.000000  19309
168608.000000  19310
168610.000000  19312
168612.000000  19313
168614.000000  19315
168616.000000  19316
168618.000000  19318
168620.000000  19319
168622.000000  19321
168624.000000  19322
168626.000000  19324
168628.000000  19325
168630.000000  19326
168632.000000  19328
168634.000000  19329
168636.000000  19331
168638.000000  19332
168640.000000  19334
168642.000000  19335
168644.000000  19337
168646.000000  19338
168648.000000  19340
168650.000000  19341
168652.000000  19342
168654.000000  19344
168656.000000  19346
168658.000000  19347
168660.000000  19348
168662.000000  19350
168664.000000  19351
168666.000000  19353
168668.000000  19354
168670.000000  19356
168672.000000  19357
168674.000000  19358
168676.000000  19360
168678.000000  19362
168680.000000  19363
168682.000000  19364
168684.000000  19366
168686.000000  19367
168688.000000  19369
168690.000000  19370
168692.000000  19372
168694.000000  19373
168696.000000  19375
168698.000000  19376
168700.000000  19378
168702.000000  19379
168704.000000  19380
168706.000000  19382
168708.000000  19383
168710.000000  19385
168712.000000  19386
168714.000000  19388
168716.000000  19389
168718.000000  19391
168720.000000  19392
168722.000000  19394
168724.000000  19395
168726.000000  19397
168728.000000  19398
168730.000000  19400
168732.000000  19401
168734.000000  19402
168736.000000  19404
168738.000000  19405
168740.000000  19407
168742.000000  19408
168744.000000  19410
168746.000000  19411
168748.000000  19413
168750.000000  19414
168752.000000  19416
168754.000000  19417
168756.000000  19419
168758.000000  19420
168760.000000  19422
168762.000000  19423
168764.000000  19424
168766.000000  19426
168768.000000  19427
168770.000000  19429
168772.000000  19430
168774.000000  19432
168776.000000  19433
168778.000000  19435
168780.000000  19436
168782.000000  19438
168784.000000  19439
168786.000000  19440
168788.000000  19442
168790.000000  19444
168792.000000  19445
168794.000000  19446
168796.000000  19448
168798.000000  19449
168800.000000  19451
168802.000000  19452
168804.000000  19454
168806.000000  19455
168808.000000  19456
168810.000000  19458
168812.000000  19460
168814.000000  19461
168816.000000  19462
168818.000000  19464
168820.000000  19465
168822.000000  19467
168824.000000  19468
168826.000000  19470
168828.000000  19471
168830.000000  19473
168832.000000  19474
168834.000000  19476
168836.000000  19477
168838.000000  19478
168840.000000  19480
168842.000000  19481
168844.000000  19483
168846.000000  19484
168848.000000  19486
168850.000000  19487
168852.000000  19489
168854.000000  19490
168856.000000  19492
168858.000000  19493
168860.000000  19495
168862.000000  19496
168864.000000  19498
168866.000000  19499
168868.000000  19500
168870.000000  19502
168872.000000  19503
168874.000000  19505
168876.000000  19506
168878.000000  19508
168880.000000  19509
168882.000000  19511
168884.000000  19512
168886.000000  19514
168888.000000  19515
168890.000000  19516
168892.000000  19518
168894.000000  19520
168896.000000  19521
168898.000000  19522
168900.000000  19524
168902.000000  19525
168904.000000  19527
168906.000000  19528
168908.000000  19530
168910.000000  19531
168912.000000  19532
168914.000000  19534
168916.000000  19536
168918.000000  19537
168920.000000  19538
168922.000000  19540
168924.000000  19541
168926.000000  19543
168928.000000  19544
168930.000000  19546
168932.000000  19547
168934.000000  19549
168936.000000  19550
168938.000000  19552
168940.000000  19553
168942.000000  19554
168944.000000  19556
168946.000000  19557
168948.000000  19559
168950.000000  19560
168952.000000  19562
168954.000000  19563
168956.000000  19565
168958.000000  19566
168960.000000  19568
168962.000000  19569
168964.000000  19570
168966.000000  19572
168968.000000  19573
168970.000000  19575
168972.000000  19576
168974.000000  19578
168976.000000  19579
168978.000000  19581
168980.000000  19582
168982.000000  19584
168984.000000  19585
168986.000000  19587
168988.000000  19588
168990.000000  19590
168992.000000  19591
168994.000000  19592
168996.000000  19594
168998.000000  19595
169000.000000  19597
169002.000000  19598
169004.000000  19600
169006.000000  19601
169008.000000  19603
169010.000000  19604
169012.000000  19606
169014.000000  19607
169016.000000  19608
169018.000000  19610
169020.000000  19612
169022.000000  19613
169024.000000  19614
169026.000000  19616
169028.000000  19617
169030.000000  19619
169032.000000  19620
169034.000000  19622
169036.000000  19623
169038.000000  19624
169040.000000  19626
169042.000000  19627
169044.000000  19629
169046.000000  19630
169048.000000  19632
169050.000000  19633
169052.000000  19635
169054.000000  19636
169056.000000  19638
169058.000000  19639
169060.000000  19641
169062.000000  19642
169064.000000  19644
169066.000000  19645
169068.000000  19646
169070.000000  19648
169072.000000  19649
169074.000000  19651
169076.000000  19652
169078.000000  19654
169080.000000  19655
169082.000000  19657
169084.000000  19658
169086.000000  19660
169088.000000  19661
169090.000000  19662
169092.000000  19664
169094.000000  19665
169096.000000  19667
169098.000000  19668
169100.000000  19670
169102.000000  19671
169104.000000  19673
169106.000000  19674
169108.000000  19676
169110.000000  19677
169112.000000  19678
169114.000000  19680
169116.000000  19682
169118.000000  19683
169120.000000  19684
169122.000000  19686
169124.000000  19687
169126.000000  19689
169128.000000  19690
169130.000000  19692
169132.000000  19693
169134.000000  19695
169136.000000  19696
169138.000000  19698
169140.000000  19699
169142.000000  19700
169144.000000  19702
169146.000000  19703
169148.000000  19705
169150.000000  19706
169152.000000  19708
169154.000000  19709
169156.000000  19711
169158.000000  19712
169160.000000  19714
169162.000000  19715
169164.000000  19716
169166.000000  19718
169168.000000  19720
169170.000000  19721
169172.000000  19722
169174.000000  19724
169176.000000  19725
169178.000000  19727
169180.000000  19728
169182.000000  19730
169184.000000  19731
169186.000000  19733
169188.000000  19734
169190.000000  19736
169192.000000  19737
169194.000000  19738
169196.000000  19740
169198.000000  19741
169200.000000  19743
169202.000000  19744
169204.000000  19746
169206.000000  19747
169208.000000  19749
169210.000000  19750
169212.000000  19752
169214.000000  19753
169216.000000  19755
169218.000000  19756
169220.000000  19758
169222.000000  19759
169224.000000  19760
169226.000000  19762
169228.000000  19763
169230.000000  19765
169232.000000  19766
169234.000000  19768
169236.000000  19769
169238.000000  19771
169240.000000  19772
169242.000000  19774
169244.000000  19775
169246.000000  19776
169248.000000  19778
169250.000000  19780
169252.000000  19781
169254.000000  19782
169256.000000  19784
169258.000000  19785
169260.000000  19787
169262.000000  19788
169264.000000  19790
169266.000000  19791
169268.000000  19793
169270.000000  19794
169272.000000  19796
169274.000000  19797
169276.000000  19798
169278.000000  19800
169280.000000  19802
169282.000000  19803
169284.000000  19804
169286.000000  19806
169288.000000  19807
169290.000000  19809
169292.000000  19810
169294.000000  19812
169296.000000  19813
169298.000000  19815
169300.000000  19816
169302.000000  19818
169304.000000  19819
169306.000000  19820
169308.000000  19822
169310.000000  19823
169312.000000  19825
169314.000000  19826
169316.000000  19828
169318.000000  19829
169320.000000  19831
169322.000000  19832
169324.000000  19834
169326.000000  19835
169328.000000  19836
169330.000000  19838
169332.000000  19840
169334.000000  19841
169336.000000  19842
169338.000000  19844
169340.000000  19845
169342.000000  19847
169344.000000  19848
169346.000000  19850
169348.000000  19851
169350.000000  19853
169352.000000  19854
169354.000000  19856
169356.000000  19857
169358.000000  19858
169360.000000  19860
169362.000000  19861
169364.000000  19863
169366.000000  19864
169368.000000  19866
169370.000000  19867
169372.000000  19869
169374.000000  19870
169376.000000  19872
169378.000000  19873
169380.000000  19875
169382.000000  19876
169384.000000  19878
169386.000000  19879
169388.000000  19880
169390.000000  19882
169392.000000  19883
169394.000000  19885
169396.000000  19886
169398.000000  19888
169400.000000  19889
169402.000000  19891
169404.000000  19892
169406.000000  19894
169408.000000  19895
169410.000000  19897
169412.000000  19898
169414.000000  19900
169416.000000  19901
169418.000000  19902
169420.000000  19904
169422.000000  19905
169424.000000  19907
169426.000000  19908
169428.000000  19910
169430.000000  19911
169432.000000  19913
169434.000000  19914
169436.000000  19916
169438.000000  19917
169440.000000  19918
169442.000000  19920
169444.000000  19922
169446.000000  19923
169448.000000  19924
169450.000000  19926
169452.000000  19927
169454.000000  19929
169456.000000  19930
169458.000000  19932
169460.000000  19933
169462.000000  19934
169464.000000  19936
169466.000000  19938
169468.000000  19939
169470.000000  19940
169472.000000  19942
169474.000000  19943
169476.000000  19945
169478.000000  19946
169480.000000  19948
169482.000000  19949
169484.000000  19951
169486.000000  19952
169488.000000  19954
169490.000000  19955
169492.000000  19956
169494.000000  19958
169496.000000  19959
169498.000000  19961
169500.000000  19962
169502.000000  19964
169504.000000  19965
169506.000000  19967
169508.000000  19968
169510.000000  19970
169512.000000  19971
169514.000000  19973
169516.000000  19974
169518.000000  19976
169520.000000  19977
169522.000000  19978
169524.000000  19980
169526.000000  19981
169528.000000  19983
169530.000000  19984
169532.000000  19986
169534.000000  19987
169536.000000  19989
169538.000000  19990
169540.000000  19992
169542.000000  19993
169544.000000  19994
169546.000000  19996
169548.000000  19998
169550.000000  19999
169552.000000  20000
169554.000000  20002
169556.000000  20003
169558.000000  20005
169560.000000  20006
169562.000000  20008
169564.000000  20009
169566.000000  20010
169568.000000  20012
169570.000000  20014
169572.000000  20015
169574.000000  20016
169576.000000  20018
169578.000000  20019
169580.000000  20021
169582.000000  20022
169584.000000  20024
169586.000000  20025
169588.000000  20027
169590.000000  20028
169592.000000  20030
169594.000000  20031
169596.000000  20032
169598.000000  20034
169600.000000  20035
169602.000000  20037
169604.000000  20038
169606.000000  20040
169608.000000  20041
169610.000000  20043
169612.000000  20044
169614.000000  20046
169616.000000  20047
169618.000000  20048
169620.000000  20050
169622.000000  20052
169624.000000  20053
169626.000000  20054
169628.000000  20056
169630.000000  20057
169632.000000  20059
169634.000000  20060
169636.000000  20062
169638.000000  20063
169640.000000  20065
169642.000000  20066
169644.000000  20068
169646.000000  20069
169648.000000  20070
169650.000000  20072
169652.000000  20073
169654.000000  20075
169656.000000  20076
169658.000000  20078
169660.000000  20079
169662.000000  20081
169664.000000  20082
169666.000000  20084
169668.000000  20085
169670.000000  20086
169672.000000  20088
169674.000000  20090
169676.000000  20091
169678.000000  20092
169680.000000  20094
169682.000000  20095
169684.000000  20097
169686.000000  20098
169688.000000  20100
169690.000000  20101
169692.000000  20102
169694.000000  20104
169696.000000  20105
169698.000000  20107
169700.000000  20108
169702.000000  20110
169704.000000  20111
169706.000000  20113
169708.000000  20114
169710.000000  20116
169712.000000  20117
169714.000000  20119
169716.000000  20120
169718.000000  20122
169720.000000  20123
169722.000000  20124
169724.000000  20126
169726.000000  20127
169728.000000  20129
169730.000000  20130
169732.000000  20132
169734.000000  20133
169736.000000  20135
169738.000000  20136
169740.000000  20138
169742.000000  20139
169744.000000  20141
169746.000000  20142
169748.000000  20144
169750.000000  20145
169752.000000  20146
169754.000000  20148
169756.000000  20149
169758.000000  20151
169760.000000  20152
169762.000000  20154
169764.000000  20155
169766.000000  20157
169768.000000  20158
169770.000000  20160
169772.000000  20161
169774.000000  20162
169776.000000  20164
169778.000000  20166
169780.000000  20167
169782.000000  20168
169784.000000  20170
169786.000000  20171
169788.000000  20173
169790.000000  20174
169792.000000  20176
169794.000000  20177
169796.000000  20178
169798.000000  20180
169800.000000  20182
169802.000000  20183
169804.000000  20184
169806.000000  20186
169808.000000  20187
169810.000000  20189
169812.000000  20190
169814.000000  20192
169816.000000  20193
169818.000000  20195
169820.000000  20196
169822.000000  20198
169824.000000  20199
169826.000000  20200
169828.000000  20202
169830.000000  20203
169832.000000  20205
169834.000000  20206
169836.000000  20208
169838.000000  20209
169840.000000  20211
169842.000000  20212
169844.000000  20214
169846.000000  20215
169848.000000  20217
169850.000000  20218
169852.000000  20220
169854.000000  20221
169856.000000  20222
169858.000000  20224
169860.000000  20225
169862.000000  20227
169864.000000  20228
169866.000000  20230
169868.000000  20231
169870.000000  20233
169872.000000  20234
169874.000000  20236
169876.000000  20237
169878.000000  20239
169880.000000  20240
169882.000000  20242
169884.000000  20243
169886.000000  20244
169888.000000  20246
169890.000000  20247
169892.000000  20249
169894.000000  20250
169896.000000  20252
169898.000000  20253
169900.000000  20255
169902.000000  20256
169904.000000  20258
169906.000000  20259
169908.000000  20261
169910.000000  20262
169912.000000  20264
169914.000000  20265
169916.000000  20266
169918.000000  20268
169920.000000  20269
169922.000000  20271
169924.000000  20272
169926.000000  20274
169928.000000  20275
169930.000000  20277
169932.000000  20278
169934.000000  20280
169936.000000  20281
169938.000000  20282
169940.000000  20284
169942.000000  20286
169944.000000  20287
169946.000000  20288
169948.000000  20290
169950.000000  20291
169952.000000  20293
169954.000000  20294
169956.000000  20296
169958.000000  20297
169960.000000  20298
169962.000000  20300
169964.000000  20302
169966.000000  20303
169968.000000  20304
169970.000000  20306
169972.000000  20307
169974.000000  20309
169976.000000  20310
169978.000000  20312
169980.000000  20313
169982.000000  20315
169984.000000  20316
169986.000000  20318
169988.000000  20319
169990.000000  20320
169992.000000  20322
169994.000000  20324
169996.000000  20325
169998.000000  20326
170000.000000  20328
170002.000000  20329
170004.000000  20331
170006.000000  20332
170008.000000  20334
170010.000000  20335
170012.000000  20337
170014.000000  20338
170016.000000  20340
170018.000000  20341
170020.000000  20342
170022.000000  20344
170024.000000  20345
170026.000000  20347
170028.000000  20348
170030.000000  20350
170032.000000  20351
170034.000000  20353
170036.000000  20354
170038.000000  20356
170040.000000  20357
170042.000000  20359
170044.000000  20360
170046.000000  20362
170048.000000  20363
170050.000000  20364
170052.000000  20366
170054.000000  20367
170056.000000  20369
170058.000000  20370
170060.000000  20372
170062.000000  20373
170064.000000  20375
170066.000000  20376
170068.000000  20378
170070.000000  20379
170072.000000  20381
170074.000000  20382
170076.000000  20384
170078.000000  20385
170080.000000  20386
170082.000000  20388
170084.000000  20389
170086.000000  20391
170088.000000  20392
170090.000000  20394
170092.000000  20395
170094.000000  20397
170096.000000  20398
170098.000000  20400
170100.000000  20401
170102.000000  20402
170104.000000  20404
170106.000000  20406
170108.000000  20407
170110.000000  20408
170112.000000  20410
170114.000000  20411
170116.000000  20413
170118.000000  20414
170120.000000  20416
170122.000000  20417
170124.000000  20419
170126.000000  20420
170128.000000  20422
170130.000000  20423
170132.000000  20424
170134.000000  20426
170136.000000  20428
170138.000000  20429
170140.000000  20430
170142.000000  20432
170144.000000  20433
170146.000000  20435
170148.000000  20436
170150.000000  20438
170152.000000  20439
170154.000000  20440
170156.000000  20442
170158.000000  20444
170160.000000  20445
170162.000000  20446
170164.000000  20448
170166.000000  20449
170168.000000  20451
170170.000000  20452
170172.000000  20454
170174.000000  20455
170176.000000  20457
170178.000000  20458
170180.000000  20460
170182.000000  20461
170184.000000  20462
170186.000000  20464
170188.000000  20465
170190.000000  20467
170192.000000  20468
170194.000000  20470
170196.000000  20471
170198.000000  20473
170200.000000  20474
170202.000000  20476
170204.000000  20477
170206.000000  20479
170208.000000  20480
170210.000000  20482
170212.000000  20483
170214.000000  20484
170216.000000  20486
170218.000000  20487
170220.000000  20489
170222.000000  20490
170224.000000  20492
170226.000000  20493
170228.000000  20495
170230.000000  20496
170232.000000  20498
170234.000000  20499
170236.000000  20501
170238.000000  20502
170240.000000  20504
170242.000000  20505
170244.000000  20506
170246.000000  20508
170248.000000  20509
170250.000000  20511
170252.000000  20512
170254.000000  20514
170256.000000  20515
170258.000000  20517
170260.000000  20518
170262.000000  20520
170264.000000  20521
170266.000000  20522
170268.000000  20524
170270.000000  20525
170272.000000  20527
170274.000000  20528
170276.000000  20530
170278.000000  20531
170280.000000  20533
170282.000000  20534
170284.000000  20536
170286.000000  20537
170288.000000  20538
170290.000000  20540
170292.000000  20542
170294.000000  20543
170296.000000  20544
170298.000000  20546
170300.000000  20547
170302.000000  20549
170304.000000  20550
170306.000000  20552
170308.000000  20553
170310.000000  20555
170312.000000  20556
170314.000000  20558
170316.000000  20559
170318.000000  20560
170320.000000  20562
170322.000000  20563
170324.000000  20565
170326.000000  20566
170328.000000  20568
170330.000000  20569
170332.000000  20571
170334.000000  20572
170336.000000  20574
170338.000000  20575
170340.000000  20577
170342.000000  20578
170344.000000  20580
170346.000000  20581
170348.000000  20582
170350.000000  20584
170352.000000  20585
170354.000000  20587
170356.000000  20588
170358.000000  20590
170360.000000  20591
170362.000000  20593
170364.000000  20594
170366.000000  20596
170368.000000  20597
170370.000000  20598
170372.000000  20600
170374.000000  20602
170376.000000  20603
170378.000000  20604
170380.000000  20606
170382.000000  20607
170384.000000  20609
170386.000000  20610
170388.000000  20612
170390.000000  20613
170392.000000  20615
170394.000000  20616
170396.000000  20618
170398.000000  20619
170400.000000  20620
170402.000000  20622
170404.000000  20623
170406.000000  20625
170408.000000  20626
170410.000000  20628
170412.000000  20629
170414.000000  20631
170416.000000  20632
170418.000000  20634
170420.000000  20635
170422.000000  20636
170424.000000  20638
170426.000000  20640
170428.000000  20641
170430.000000  20642
170432.000000  20644
170434.000000  20645
170436.000000  20647
170438.000000  20648
170440.000000  20650
170442.000000  20651
170444.000000  20653
170446.000000  20654
170448.000000  20656
170450.000000  20657
170452.000000  20658
170454.000000  20660
170456.000000  20661
170458.000000  20663
170460.000000  20664
170462.000000  20666
170464.000000  20667
170466.000000  20669
170468.000000  20670
170470.000000  20672
170472.000000  20673
170474.000000  20675
170476.000000  20676
170478.000000  20678
170480.000000  20679
170482.000000  20680
170484.000000  20682
170486.000000  20683
170488.000000  20685
170490.000000  20686
170492.000000  20688
170494.000000  20689
170496.000000  20691
170498.000000  20692
170500.000000  20694
170502.000000  20695
170504.000000  20697
170506.000000  20698
170508.000000  20700
170510.000000  20701
170512.000000  20702
170514.000000  20704
170516.000000  20705
170518.000000  20707
170520.000000  20708
170522.000000  20710
170524.000000  20711
170526.000000  20713
170528.000000  20714
170530.000000  20716
170532.000000  20717
170534.000000  20719
170536.000000  20720
170538.000000  20722
170540.000000  20723
170542.000000  20724
170544.000000  20726
170546.000000  20727
170548.000000  20729
170550.000000  20730
170552.000000  20732
170554.000000  20733
170556.000000  20735
170558.000000  20736
170560.000000  20738
170562.000000  20739
170564.000000  20741
170566.000000  20742
170568.000000  20744
170570.000000  20745
170572.000000  20746
170574.000000  20748
170576.000000  20749
170578.000000  20751
170580.000000  20752
170582.000000  20754
170584.000000  20755
170586.000000  20757
170588.000000  20758
170590.000000  20760
170592.000000  20761
170594.000000  20763
170596.000000  20764
170598.000000  20766
170600.000000  20767
170602.000000  20768
170604.000000  20770
170606.000000  20771
170608.000000  20773
170610.000000  20774
170612.000000  20776
170614.000000  20777
170616.000000  20779
170618.000000  20780
170620.000000  20782
170622.000000  20783
170624.000000  20785
170626.000000  20786
170628.000000  20788
170630.000000  20789
170632.000000  20790
170634.000000  20792
170636.000000  20793
170638.000000  20795
170640.000000  20796
170642.000000  20798
170644.000000  20799
170646.000000  20801
170648.000000  20802
170650.000000  20804
170652.000000  20805
170654.000000  20806
170656.000000  20808
170658.000000  20810
170660.000000  20811
170662.000000  20812
170664.000000  20814
170666.000000  20815
170668.000000  20817
170670.000000  20818
170672.000000  20820
170674.000000  20821
170676.000000  20823
170678.000000  20824
170680.000000  20826
170682.000000  20827
170684.000000  20828
170686.000000  20830
170688.000000  20832
170690.000000  20833
170692.000000  20834
170694.000000  20836
170696.000000  20837
170698.000000  20839
170700.000000  20840
170702.000000  20842
170704.000000  20843
170706.000000  20845
170708.000000  20846
170710.000000  20848
170712.000000  20849
170714.000000  20850
170716.000000  20852
170718.000000  20854
170720.000000  20855
170722.000000  20856
170724.000000  20858
170726.000000  20859
170728.000000  20861
170730.000000  20862
170732.000000  20864
170734.000000  20865
170736.000000  20867
170738.000000  20868
170740.000000  20870
170742.000000  20871
170744.000000  20872
170746.000000  20874
170748.000000  20875
170750.000000  20877
170752.000000  20878
170754.000000  20880
170756.000000  20881
170758.000000  20883
170760.000000  20884
170762.000000  20886
170764.000000  20887
170766.000000  20889
170768.000000  20890
170770.000000  20892
170772.000000  20893
170774.000000  20894
170776.000000  20896
170778.000000  20897
170780.000000  20899
170782.000000  20900
170784.000000  20902
170786.000000  20903
170788.000000  20905
170790.000000  20906
170792.000000  20908
170794.000000  20909
170796.000000  20911
170798.000000  20912
170800.000000  20914
170802.000000  20915
170804.000000  20916
170806.000000  20918
170808.000000  20919
170810.000000  20921
170812.000000  20922
170814.000000  20924
170816.000000  20925
170818.000000  20927
170820.000000  20928
170822.000000  20930
170824.000000  20931
170826.000000  20932
170828.000000  20934
170830.000000  20936
170832.000000  20937
170834.000000  20938
170836.000000  20940
170838.000000  20941
170840.000000  20943
170842.000000  20944
170844.000000  20946
170846.000000  20947
170848.000000  20949
170850.000000  20950
170852.000000  20952
170854.000000  20953
170856.000000  20954
170858.000000  20956
170860.000000  20958
170862.000000  20959
170864.000000  20960
170866.000000  20962
170868.000000  20963
170870.000000  20965
170872.000000  20966
170874.000000  20968
170876.000000  20969
170878.000000  20970
170880.000000  20972
170882.000000  20974
170884.000000  20975
170886.000000  20976
170888.000000  20978
170890.000000  20979
170892.000000  20981
170894.000000  20982
170896.000000  20984
170898.000000  20985
170900.000000  20987
170902.000000  20988
170904.000000  20990
170906.000000  20991
170908.000000  20992
170910.000000  20994
170912.000000  20995
170914.000000  20997
170916.000000  20998
170918.000000  21000
170920.000000  21001
170922.000000  21003
170924.000000  21004
170926.000000  21006
170928.000000  21007
170930.000000  21009
170932.000000  21010
170934.000000  21012
170936.000000  21013
170938.000000  21014
170940.000000  21016
170942.000000  21017
170944.000000  21019
170946.000000  21020
170948.000000  21022
170950.000000  21023
170952.000000  21025
170954.000000  21026
170956.000000  21028
170958.000000  21029
170960.000000  21031
170962.000000  21032
170964.000000  21034
170966.000000  21035
170968.000000  21036
170970.000000  21038
170972.000000  21039
170974.000000  21041
170976.000000  21042
170978.000000  21044
170980.000000  21045
170982.000000  21047
170984.000000  21048
170986.000000  21050
170988.000000  21051
170990.000000  21052
170992.000000  21054
170994.000000  21056
170996.000000  21057
170998.000000  21058
171000.000000  21060
171002.000000  21061
171004.000000  21063
171006.000000  21064
171008.000000  21066
171010.000000  21067
171012.000000  21068
171014.000000  21070
171016.000000  21072
171018.000000  21073
171020.000000  21074
171022.000000  21076
171024.000000  21077
171026.000000  21079
171028.000000  21080
171030.000000  21082
171032.000000  21083
171034.000000  21085
171036.000000  21086
171038.000000  21088
171040.000000  21089
171042.000000  21090
171044.000000  21092
171046.000000  21094
171048.000000  21095
171050.000000  21096
171052.000000  21098
171054.000000  21099
171056.000000  21101
171058.000000  21102
171060.000000  21104
171062.000000  21105
171064.000000  21107
171066.000000  21108
171068.000000  21110
171070.000000  21111
171072.000000  21112
171074.000000  21114
171076.000000  21115
171078.000000  21117
171080.000000  21118
171082.000000  21120
171084.000000  21121
171086.000000  21123
171088.000000  21124
171090.000000  21126
171092.000000  21127
171094.000000  21129
171096.000000  21130
171098.000000  21132
171100.000000  21133
171102.000000  21134
171104.000000  21136
171106.000000  21137
171108.000000  21139
171110.000000  21140
171112.000000  21142
171114.000000  21143
171116.000000  21145
171118.000000  21146
171120.000000  21148
171122.000000  21149
171124.000000  21151
171126.000000  21152
171128.000000  21154
171130.000000  21155
171132.000000  21156
171134.000000  21158
171136.000000  21159
171138.000000  21161
171140.000000  21162
171142.000000  21164
171144.000000  21165
171146.000000  21167
171148.000000  21168
171150.000000  21170
171152.000000  21171
171154.000000  21173
171156.000000  21174
171158.000000  21176
171160.000000  21177
171162.000000  21178
171164.000000  21180
171166.000000  21181
171168.000000  21183
171170.000000  21184
171172.000000  21186
171174.000000  21187
171176.000000  21189
171178.000000  21190
171180.000000  21192
171182.000000  21193
171184.000000  21195
171186.000000  21196
171188.000000  21198
171190.000000  21199
171192.000000  21200
171194.000000  21202
171196.000000  21203
171198.000000  21205
171200.000000  21206
171202.000000  21208
171204.000000  21209
171206.000000  21211
171208.000000  21212
171210.000000  21214
171212.000000  21215
171214.000000  21217
171216.000000  21218
171218.000000  21220
171220.000000  21221
171222.000000  21222
171224.000000  21224
171226.000000  21225
171228.000000  21227
171230.000000  21228
171232.000000  21230
171234.000000  21231
171236.000000  21233
171238.000000  21234
171240.000000  21236
171242.000000  21237
171244.000000  21239
171246.000000  21240
171248.000000  21242
171250.000000  21243
171252.000000  21244
171254.000000  21246
171256.000000  21247
171258.000000  21249
171260.000000  21250
171262.000000  21252
171264.000000  21253
171266.000000  21255
171268.000000  21256
171270.000000  21258
171272.000000  21259
171274.000000  21261
171276.000000  21262
171278.000000  21264
171280.000000  21265
171282.000000  21266
171284.000000  21268
171286.000000  21269
171288.000000  21271
171290.000000  21272
171292.000000  21274
171294.000000  21275
171296.000000  21277
171298.000000  21278
171300.000000  21280
171302.000000  21281
171304.000000  21282
171306.000000  21284
171308.000000  21286
171310.000000  21287
171312.000000  21288
171314.000000  21290
171316.000000  21291
171318.000000  21293
171320.000000  21294
171322.000000  21296
171324.000000  21297
171326.000000  21299
171328.000000  21300
171330.000000  21302
171332.000000  21303
171334.000000  21304
171336.000000  21306
171338.000000  21308
171340.000000  21309
171342.000000  21310
171344.000000  21312
171346.000000  21313
171348.000000  21315
171350.000000  21316
171352.000000  21318
171354.000000  21319
171356.000000  21321
171358.000000  21322
171360.000000  21324
171362.000000  21325
171364.000000  21326
171366.000000  21328
171368.000000  21330
171370.000000  21331
171372.000000  21332
171374.000000  21334
171376.000000  21335
171378.000000  21337
171380.000000  21338
171382.000000  21340
171384.000000  21341
171386.000000  21343
171388.000000  21344
171390.000000  21346
171392.000000  21347
171394.000000  21348
171396.000000  21350
171398.000000  21351
171400.000000  21353
171402.000000  21354
171404.000000  21356
171406.000000  21357
171408.000000  21359
171410.000000  21360
171412.000000  21362
171414.000000  21363
171416.000000  21365
171418.000000  21366
171420.000000  21368
171422.000000  21369
171424.000000  21370
171426.000000  21372
171428.000000  21373
171430.000000  21375
171432.000000  21376
171434.000000  21378
171436.000000  21379
171438.000000  21381
171440.000000  21382
171442.000000  21384
171444.000000  21385
171446.000000  21387
171448.000000  21388
171450.000000  21390
171452.000000  21391
171454.000000  21392
171456.000000  21394
171458.000000  21395
171460.000000  21397
171462.000000  21398
171464.000000  21400
171466.000000  21401
171468.000000  21403
171470.000000  21404
171472.000000  21406
171474.000000  21407
171476.000000  21408
171478.000000  21410
171480.000000  21412
171482.000000  21413
171484.000000  21414
171486.000000  21416
171488.000000  21417
171490.000000  21419
171492.000000  21420
171494.000000  21422
171496.000000  21423
171498.000000  21425
171500.000000  21426
171502.000000  21428
171504.000000  21429
171506.000000  21430
171508.000000  21432
171510.000000  21433
171512.000000  21435
171514.000000  21436
171516.000000  21438
171518.000000  21439
171520.000000  21441
171522.000000  21442
171524.000000  21444
171526.000000  21445
171528.000000  21446
171530.000000  21448
171532.000000  21449
171534.000000  21451
171536.000000  21452
171538.000000  21454
171540.000000  21455
171542.000000  21457
171544.000000  21458
171546.000000  21460
171548.000000  21461
171550.000000  21463
171552.000000  21464
171554.000000  21466
171556.000000  21467
171558.000000  21468
171560.000000  21470
171562.000000  21471
171564.000000  21473
171566.000000  21474
171568.000000  21476
171570.000000  21477
171572.000000  21479
171574.000000  21480
171576.000000  21482
171578.000000  21483
171580.000000  21485
171582.000000  21486
171584.000000  21488
171586.000000  21489
171588.000000  21490
171590.000000  21492
171592.000000  21493
171594.000000  21495
171596.000000  21496
171598.000000  21498
171600.000000  21499
171602.000000  21501
171604.000000  21502
171606.000000  21504
171608.000000  21505
171610.000000  21507
171612.000000  21508
171614.000000  21510
171616.000000  21511
171618.000000  21512
171620.000000  21514
171622.000000  21515
171624.000000  21517
171626.000000  21518
171628.000000  21520
171630.000000  21521
171632.000000  21523
171634.000000  21524
171636.000000  21526
171638.000000  21527
171640.000000  21528
171642.000000  21530
171644.000000  21532
171646.000000  21533
171648.000000  21534
171650.000000  21536
171652.000000  21537
171654.000000  21539
171656.000000  21540
171658.000000  21542
171660.000000  21543
171662.000000  21545
171664.000000  21546
171666.000000  21548
171668.000000  21549
171670.000000  21550
171672.000000  21552
171674.000000  21553
171676.000000  21555
171678.000000  21556
171680.000000  21558
171682.000000  21559
171684.000000  21561
171686.000000  21562
171688.000000  21564
171690.000000  21565
171692.000000  21566
171694.000000  21568
171696.000000  21570
171698.000000  21571
171700.000000  21572
171702.000000  21574
171704.000000  21575
171706.000000  21577
171708.000000  21578
171710.000000  21580
171712.000000  21581
171714.000000  21583
171716.000000  21584
171718.000000  21586
171720.000000  21587
171722.000000  21589
171724.000000  21590
171726.000000  21592
171728.000000  21593
171730.000000  21594
171732.000000  21596
171734.000000  21597
171736.000000  21599
171738.000000  21600
171740.000000  21602
171742.000000  21603
171744.000000  21605
171746.000000  21606
171748.000000  21608
171750.000000  21609
171752.000000  21611
171754.000000  21612
171756.000000  21614
171758.000000  21615
171760.000000  21616
171762.000000  21618
171764.000000  21619
171766.000000  21621
171768.000000  21622
171770.000000  21624
171772.000000  21625
171774.000000  21627
171776.000000  21628
171778.000000  21630
171780.000000  21631
171782.000000  21633
171784.000000  21634
171786.000000  21636
171788.000000  21637
171790.000000  21638
171792.000000  21640
171794.000000  21641
171796.000000  21643
171798.000000  21644
171800.000000  21646
171802.000000  21647
171804.000000  21649
171806.000000  21650
171808.000000  21652
171810.000000  21653
171812.000000  21655
171814.000000  21656
171816.000000  21658
171818.000000  21659
171820.000000  21660
171822.000000  21662
171824.000000  21663
171826.000000  21665
171828.000000  21666
171830.000000  21668
171832.000000  21669
171834.000000  21671
171836.000000  21672
171838.000000  21674
171840.000000  21675
171842.000000  21677
171844.000000  21678
171846.000000  21680
171848.000000  21681
171850.000000  21682
171852.000000  21684
171854.000000  21685
171856.000000  21687
171858.000000  21688
171860.000000  21690
171862.000000  21691
171864.000000  21693
171866.000000  21694
171868.000000  21696
171870.000000  21697
171872.000000  21699
171874.000000  21700
171876.000000  21702
171878.000000  21703
171880.000000  21704
171882.000000  21706
171884.000000  21707
171886.000000  21709
171888.000000  21710
171890.000000  21712
171892.000000  21713
171894.000000  21715
171896.000000  21716
171898.000000  21718
171900.000000  21719
171902.000000  21721
171904.000000  21722
171906.000000  21724
171908.000000  21725
171910.000000  21726
171912.000000  21728
171914.000000  21729
171916.000000  21731
171918.000000  21732
171920.000000  21734
171922.000000  21735
171924.000000  21737
171926.000000  21738
171928.000000  21740
171930.000000  21741
171932.000000  21743
171934.000000  21744
171936.000000  21746
171938.000000  21747
171940.000000  21748
171942.000000  21750
171944.000000  21751
171946.000000  21753
171948.000000  21754
171950.000000  21756
171952.000000  21757
171954.000000  21759
171956.000000  21760
171958.000000  21762
171960.000000  21763
171962.000000  21765
171964.000000  21766
171966.000000  21768
171968.000000  21769
171970.000000  21770
171972.000000  21772
171974.000000  21773
171976.000000  21775
171978.000000  21776
171980.000000  21778
171982.000000  21779
171984.000000  21781
171986.000000  21782
171988.000000  21784
171990.000000  21785
171992.000000  21786
171994.000000  21788
171996.000000  21790
171998.000000  21791
172000.000000  21792
172002.000000  21794
172004.000000  21795
172006.000000  21797
172008.000000  21798
172010.000000  21800
172012.000000  21801
172014.000000  21803
172016.000000  21804
172018.000000  21806
172020.000000  21807
172022.000000  21808
172024.000000  21810
172026.000000  21812
172028.000000  21813
172030.000000  21814
172032.000000  21816
172034.000000  21817
172036.000000  21819
172038.000000  21820
172040.000000  21822
172042.000000  21823
172044.000000  21825
172046.000000  21826
172048.000000  21828
172050.000000  21829
172052.000000  21830
172054.000000  21832
172056.000000  21833
172058.000000  21835
172060.000000  21836
172062.000000  21838
172064.000000  21839
172066.000000  21841
172068.000000  21842
172070.000000  21844
172072.000000  21845
172074.000000  21847
172076.000000  21848
172078.000000  21850
172080.000000  21851
172082.000000  21852
172084.000000  21854
172086.000000  21855
172088.000000  21857
172090.000000  21858
172092.000000  21860
172094.000000  21861
172096.000000  21863
172098.000000  21864
172100.000000  21866
172102.000000  21867
172104.000000  21869
172106.000000  21870
172108.000000  21872
172110.000000  21873
172112.000000  21874
172114.000000  21876
172116.000000  21877
172118.000000  21879
172120.000000  21880
172122.000000  21882
172124.000000  21883
172126.000000  21885
172128.000000  21886
172130.000000  21888
172132.000000  21889
172134.000000  21891
172136.000000  21892
172138.000000  21894
172140.000000  21895
172142.000000  21896
172144.000000  21898
172146.000000  21899
172148.000000  21901
172150.000000  21902
172152.000000  21904
172154.000000  21905
172156.000000  21907
172158.000000  21908
172160.000000  21910
172162.000000  21911
172164.000000  21912
172166.000000  21914
172168.000000  21916
172170.000000  21917
172172.000000  21918
172174.000000  21920
172176.000000  21921
172178.000000  21923
172180.000000  21924
172182.000000  21926
172184.000000  21927
172186.000000  21928
172188.000000  21930
172190.000000  21932
172192.000000  21933
172194.000000  21934
172196.000000  21936
172198.000000  21937
172200.000000  21939
172202.000000  21940
172204.000000  21942
172206.000000  21943
172208.000000  21945
172210.000000  21946
172212.000000  21948
172214.000000  21949
172216.000000  21950
172218.000000  21952
172220.000000  21954
172222.000000  21955
172224.000000  21956
172226.000000  21958
172228.000000  21959
172230.000000  21961
172232.000000  21962
172234.000000  21964
172236.000000  21965
172238.000000  21967
172240.000000  21968
172242.000000  21970
172244.000000  21971
172246.000000  21972
172248.000000  21974
172250.000000  21975
172252.000000  21977
172254.000000  21978
172256.000000  21980
172258.000000  21981
172260.000000  21983
172262.000000  21984
172264.000000  21986
172266.000000  21987
172268.000000  21989
172270.000000  21990
172272.000000  21992
172274.000000  21993
172276.000000  21994
172278.000000  21996
172280.000000  21997
172282.000000  21999
172284.000000  22000
172286.000000  22002
172288.000000  22003
172290.000000  22005
172292.000000  22006
172294.000000  22008
172296.000000  22009
172298.000000  22011
172300.000000  22012
172302.000000  22014
172304.000000  22015
172306.000000  22016
172308.000000  22018
172310.000000  22019
172312.000000  22021
172314.000000  22022
172316.000000  22024
172318.000000  22025
172320.000000  22027
172322.000000  22028
172324.000000  22030
172326.000000  22031
172328.000000  22033
172330.000000  22034
172332.000000  22036
172334.000000  22037
172336.000000  22038
172338.000000  22040
172340.000000  22041
172342.000000  22043
172344.000000  22044
172346.000000  22046
172348.000000  22047
172350.000000  22049
172352.000000  22050
172354.000000  22052
172356.000000  22053
172358.000000  22055
172360.000000  22056
172362.000000  22058
172364.000000  22059
172366.000000  22060
172368.000000  22062
172370.000000  22063
172372.000000  22065
172374.000000  22066
172376.000000  22068
172378.000000  22069
172380.000000  22071
172382.000000  22072
172384.000000  22074
172386.000000  22075
172388.000000  22076
172390.000000  22078
172392.000000  22080
172394.000000  22081
172396.000000  22082
172398.000000  22084
172400.000000  22085
172402.000000  22087
172404.000000  22088
172406.000000  22090
172408.000000  22091
172410.000000  22093
172412.000000  22094
172414.000000  22096
172416.000000  22097
172418.000000  22098
172420.000000  22100
172422.000000  22102
172424.000000  22103
172426.000000  22104
172428.000000  22106
172430.000000  22107
172432.000000  22109
172434.000000  22110
172436.000000  22112
172438.000000  22113
172440.000000  22115
172442.000000  22116
172444.000000  22118
172446.000000  22119
172448.000000  22120
172450.000000  22122
172452.000000  22124
172454.000000  22125
172456.000000  22126
172458.000000  22128
172460.000000  22129
172462.000000  22131
172464.000000  22132
172466.000000  22134
172468.000000  22135
172470.000000  22137
172472.000000  22138
172474.000000  22140
172476.000000  22141
172478.000000  22143
172480.000000  22144
172482.000000  22146
172484.000000  22147
172486.000000  22148
172488.000000  22150
172490.000000  22151
172492.000000  22153
172494.000000  22154
172496.000000  22156
172498.000000  22157
172500.000000  22159
172502.000000  22160
172504.000000  22162
172506.000000  22163
172508.000000  22165
172510.000000  22166
172512.000000  22168
172514.000000  22169
172516.000000  22170
172518.000000  22172
172520.000000  22173
172522.000000  22175
172524.000000  22176
172526.000000  22178
172528.000000  22179
172530.000000  22181
172532.000000  22182
172534.000000  22184
172536.000000  22185
172538.000000  22187
172540.000000  22188
172542.000000  22190
172544.000000  22191
172546.000000  22192
172548.000000  22194
172550.000000  22195
172552.000000  22197
172554.000000  22198
172556.000000  22200
172558.000000  22201
172560.000000  22203
172562.000000  22204
172564.000000  22206
172566.000000  22207
172568.000000  22209
172570.000000  22210
172572.000000  22212
172574.000000  22213
172576.000000  22214
172578.000000  22216
172580.000000  22217
172582.000000  22219
172584.000000  22220
172586.000000  22222
172588.000000  22223
172590.000000  22225
172592.000000  22226
172594.000000  22228
172596.000000  22229
172598.000000  22231
172600.000000  22232
172602.000000  22234
172604.000000  22235
172606.000000  22236
172608.000000  22238
172610.000000  22239
172612.000000  22241
172614.000000  22242
172616.000000  22244
172618.000000  22245
172620.000000  22247
172622.000000  22248
172624.000000  22250
172626.000000  22251
172628.000000  22253
172630.000000  22254
172632.000000  22256
172634.000000  22257
172636.000000  22258
172638.000000  22260
172640.000000  22261
172642.000000  22263
172644.000000  22264
172646.000000  22266
172648.000000  22267
172650.000000  22269
172652.000000  22270
172654.000000  22272
172656.000000  22273
172658.000000  22275
172660.000000  22276
172662.000000  22278
172664.000000  22279
172666.000000  22280
172668.000000  22282
172670.000000  22283
172672.000000  22285
172674.000000  22286
172676.000000  22288
172678.000000  22289
172680.000000  22291
172682.000000  22292
172684.000000  22294
172686.000000  22295
172688.000000  22297
172690.000000  22298
172692.000000  22300
172694.000000  22301
172696.000000  22302
172698.000000  22304
172700.000000  22305
172702.000000  22307
172704.000000  22308
172706.000000  22310
172708.000000  22311
172710.000000  22313
172712.000000  22314
172714.000000  22316
172716.000000  22317
172718.000000  22319
172720.000000  22320
172722.000000  22322
172724.000000  22323
172726.000000  22324
172728.000000  22326
172730.000000  22327
172732.000000  22329
172734.000000  22330
172736.000000  22332
172738.000000  22333
172740.000000  22335
172742.000000  22336
172744.000000  22338
172746.000000  22339
172748.000000  22341
172750.000000  22342
172752.000000  22344
172754.000000  22345
172756.000000  22346
172758.000000  22348
172760.000000  22349
172762.000000  22351
172764.000000  22352
172766.000000  22354
172768.000000  22355
172770.000000  22357
172772.000000  22358
172774.000000  22360
172776.000000  22361
172778.000000  22362
172780.000000  22364
172782.000000  22366
172784.000000  22367
172786.000000  22368
172788.000000  22370
172790.000000  22371
172792.000000  22373
172794.000000  22374
172796.000000  22376
172798.000000  22377
172800.000000  22379
172802.000000  22380
172804.000000  22382
172806.000000  22383
172808.000000  22384
172810.000000  22386
172812.000000  22387
172814.000000  22389
172816.000000  22390
172818.000000  22392
172820.000000  22393
172822.000000  22395
172824.000000  22396
172826.000000  22398
172828.000000  22399
172830.000000  22401
172832.000000  22402
172834.000000  22404
172836.000000  22405
172838.000000  22406
172840.000000  22408
172842.000000  22409
172844.000000  22411
172846.000000  22412
172848.000000  22414
172850.000000  22415
172852.000000  22417
172854.000000  22418
172856.000000  22420
172858.000000  22421
172860.000000  22423
172862.000000  22424
172864.000000  22426
172866.000000  22427
172868.000000  22428
172870.000000  22430
172872.000000  22431
172874.000000  22433
172876.000000  22434
172878.000000  22436
172880.000000  22437
172882.000000  22439
172884.000000  22440
172886.000000  22442
172888.000000  22443
172890.000000  22445
172892.000000  22446
172894.000000  22448
172896.000000  22449
172898.000000  22450
172900.000000  22452
172902.000000  22453
172904.000000  22455
172906.000000  22456
172908.000000  22458
172910.000000  22459
172912.000000  22461
172914.000000  22462
172916.000000  22464
172918.000000  22465
172920.000000  22467
172922.000000  22468
172924.000000  22470
172926.000000  22471
172928.000000  22472
172930.000000  22474
172932.000000  22475
172934.000000  22477
172936.000000  22478
172938.000000  22480
172940.000000  22481
172942.000000  22483
172944.000000  22484
172946.000000  22486
172948.000000  22487
172950.000000  22489
172952.000000  22490
172954.000000  22492
172956.000000  22493
172958.000000  22494
172960.000000  22496
172962.000000  22497
172964.000000  22499
172966.000000  22500
172968.000000  22502
172970.000000  22503
172972.000000  22505
172974.000000  22506
172976.000000  22508
172978.000000  22509
172980.000000  22510
172982.000000  22512
172984.000000  22514
172986.000000  22515
172988.000000  22516
172990.000000  22518
172992.000000  22519
172994.000000  22521
172996.000000  22522
172998.000000  22524
173000.000000  22525
173002.000000  22527
173004.000000  22528
173006.000000  22530
173008.000000  22531
173010.000000  22532
173012.000000  22534
173014.000000  22536
173016.000000  22537
173018.000000  22538
173020.000000  22540
173022.000000  22541
173024.000000  22543
173026.000000  22544
173028.000000  22546
173030.000000  22547
173032.000000  22549
173034.000000  22550
173036.000000  22552
173038.000000  22553
173040.000000  22554
173042.000000  22556
173044.000000  22558
173046.000000  22559
173048.000000  22560
173050.000000  22562
173052.000000  22563
173054.000000  22565
173056.000000  22566
173058.000000  22568
173060.000000  22569
173062.000000  22571
173064.000000  22572
173066.000000  22574
173068.000000  22575
173070.000000  22576
173072.000000  22578
173074.000000  22580
173076.000000  22581
173078.000000  22582
173080.000000  22584
173082.000000  22586
173084.000000  22587
173086.000000  22588
173088.000000  22590
173090.000000  22591
173092.000000  22593
173094.000000  22594
173096.000000  22596
173098.000000  22597
173100.000000  22599
173102.000000  22600
173104.000000  22602
173106.000000  22603
173108.000000  22604
173110.000000  22606
173112.000000  22608
173114.000000  22609
173116.000000  22610
173118.000000  22612
173120.000000  22613
173122.000000  22615
173124.000000  22616
173126.000000  22618
173128.000000  22619
173130.000000  22621
173132.000000  22622
173134.000000  22624
173136.000000  22625
173138.000000  22626
173140.000000  22628
173142.000000  22629
173144.000000  22631
173146.000000  22632
173148.000000  22634
173150.000000  22635
173152.000000  22637
173154.000000  22638
173156.000000  22640
173158.000000  22641
173160.000000  22643
173162.000000  22644
173164.000000  22646
173166.000000  22647
173168.000000  22648
173170.000000  22650
173172.000000  22651
173174.000000  22653
173176.000000  22654
173178.000000  22656
173180.000000  22657
173182.000000  22659
173184.000000  22660
173186.000000  22662
173188.000000  22663
173190.000000  22665
173192.000000  22666
173194.000000  22668
173196.000000  22669
173198.000000  22670
173200.000000  22672
173202.000000  22674
173204.000000  22675
173206.000000  22676
173208.000000  22678
173210.000000  22679
173212.000000  22681
173214.000000  22682
173216.000000  22684
173218.000000  22685
173220.000000  22687
173222.000000  22688
173224.000000  22690
173226.000000  22691
173228.000000  22693
173230.000000  22694
173232.000000  22696
173234.000000  22697
173236.000000  22698
173238.000000  22700
173240.000000  22701
173242.000000  22703
173244.000000  22704
173246.000000  22706
173248.000000  22707
173250.000000  22709
173252.000000  22710
173254.000000  22712
173256.000000  22713
173258.000000  22715
173260.000000  22716
173262.000000  22718
173264.000000  22719
173266.000000  22720
173268.000000  22722
173270.000000  22723
173272.000000  22725
173274.000000  22726
173276.000000  22728
173278.000000  22729
173280.000000  22731
173282.000000  22732
173284.000000  22734
173286.000000  22735
173288.000000  22737
173290.000000  22738
173292.000000  22740
173294.000000  22741
173296.000000  22742
173298.000000  22744
173300.000000  22745
173302.000000  22747
173304.000000  22748
173306.000000  22750
173308.000000  22751
173310.000000  22753
173312.000000  22754
173314.000000  22756
173316.000000  22757
173318.000000  22759
173320.000000  22760
173322.000000  22762
173324.000000  22763
173326.000000  22764
173328.000000  22766
173330.000000  22767
173332.000000  22769
173334.000000  22770
173336.000000  22772
173338.000000  22773
173340.000000  22775
173342.000000  22776
173344.000000  22778
173346.000000  22779
173348.000000  22781
173350.000000  22782
173352.000000  22784
173354.000000  22785
173356.000000  22786
173358.000000  22788
173360.000000  22789
173362.000000  22791
173364.000000  22792
173366.000000  22794
