20665.000000  4 10
20709.000000  7 10
20765.000000  11 10
20873.000000  19 10
20927.000000  23 10
21005.000000  29 10
21111.000000  38 10
21149.000000  41 10
21191.000000  45 10
21241.000000  49 10
21279.000000  52 10
21319.000000  55 10
21393.000000  61 10
21447.000000  65 10
21503.000000  70 10
21597.000000  77 10
21681.000000  83 10
21721.000000  87 10
21721.000000  87 10
21769.000000  91 10
21823.000000  95 10
21859.000000  98 10
21873.000000  99 10
21873.000000  99 10
21923.000000  102 10
21935.000000  103 10
21947.000000  104 10
21979.000000  106 10
22005.000000  108 10
22019.000000  109 10
22051.000000  112 10
22129.000000  118 10
22165.000000  121 10
22167.000000  121 10
22187.000000  123 10
22219.000000  125 10
22221.000000  125 10
22273.000000  130 10
22303.000000  132 10
22305.000000  132 10
22317.000000  133 10
22475.000000  146 10
22567.000000  153 10
22645.000000  160 10
22651.000000  160 10
22685.000000  163 10
22739.000000  167 10
23903.000000  258 10
23921.000000  260 10
23995.000000  265 10
23997.000000  265 10
24027.000000  268 10
24029.000000  268 10
24059.000000  271 10
24061.000000  271 10
24093.000000  273 10
24129.000000  276 10
24159.000000  279 10
24161.000000  279 10
24187.000000  281 10
24209.000000  282 10
24243.000000  284 10
24265.000000  286 10
24267.000000  286 10
24309.000000  289 10
24385.000000  295 10
24461.000000  301 10
24491.000000  304 10
24613.000000  314 10
24621.000000  314 10
24687.000000  319 10
24721.000000  322 10
24745.000000  324 10
24801.000000  329 10
24897.000000  336 10
24919.000000  338 10
24921.000000  338 10
24949.000000  341 10
25035.000000  347 10
25079.000000  351 10
25155.000000  357 10
25155.000000  357 10
25233.000000  363 10
25235.000000  363 10
25309.000000  369 10
25343.000000  371 10
25399.000000  375 10
25401.000000  375 10
25473.000000  381 10
25509.000000  383 10
25587.000000  390 10
25589.000000  390 10
25613.000000  392 10
25625.000000  393 10
25625.000000  393 10
25691.000000  398 10
25767.000000  404 10
25811.000000  408 10
25813.000000  408 10
25905.000000  415 10
25967.000000  420 10
25999.000000  423 10
26001.000000  423 10
26023.000000  425 10
26023.000000  425 10
26023.000000  425 10
26023.000000  425 10
26081.000000  429 10
26137.000000  434 10
26151.000000  435 10
26151.000000  435 10
26201.000000  439 10
26259.000000  443 10
26343.000000  450 10
26367.000000  452 10
26369.000000  452 10
26397.000000  454 10
26433.000000  457 10
26453.000000  458 10
26453.000000  458 10
26513.000000  463 10
26515.000000  463 10
26571.000000  467 10
26603.000000  469 10
26657.000000  473 10
26711.000000  478 10
26771.000000  483 10
26785.000000  484 10
26819.000000  486 10
26833.000000  487 10
26921.000000  495 10
26937.000000  496 10
26995.000000  501 10
27031.000000  503 10
27051.000000  505 10
27077.000000  507 10
27103.000000  509 10
27103.000000  509 10
27119.000000  510 10
27151.000000  513 10
27175.000000  515 10
27185.000000  516 10
27195.000000  517 10
27227.000000  519 10
27255.000000  521 10
27289.000000  524 10
27313.000000  526 10
27345.000000  528 10
27345.000000  528 10
27401.000000  532 10
27403.000000  532 10
27423.000000  534 10
27423.000000  534 10
27463.000000  537 10
27465.000000  537 10
27503.000000  540 10
27503.000000  540 10
27511.000000  541 10
27617.000000  549 10
27633.000000  551 10
27695.000000  555 10
27739.000000  558 10
27757.000000  559 10
27759.000000  560 10
27773.000000  561 10
27805.000000  563 10
27859.000000  568 10
27859.000000  568 10
27859.000000  568 10
27883.000000  570 10
27919.000000  572 10
27921.000000  573 10
27941.000000  574 10
27955.000000  575 10
27991.000000  578 10
27991.000000  578 10
27991.000000  578 10
28045.000000  583 10
28099.000000  587 10
28123.000000  589 10
28125.000000  589 10
28169.000000  593 10
28181.000000  593 10
28195.000000  595 10
28229.000000  597 10
28243.000000  598 10
28263.000000  600 10
28297.000000  603 10
28305.000000  603 10
28337.000000  606 10
28367.000000  608 10
28407.000000  611 10
28467.000000  616 10
28467.000000  616 10
28467.000000  616 10
28499.000000  619 10
28553.000000  623 10
28625.000000  628 10
28625.000000  628 10
28681.000000  633 10
28745.000000  638 10
28781.000000  641 10
28795.000000  642 10
28815.000000  643 10
28861.000000  646 10
28915.000000  650 10
28991.000000  656 10
29049.000000  661 10
29065.000000  662 10
29099.000000  665 10
29127.000000  667 10
29127.000000  667 10
29127.000000  667 10
29163.000000  670 10
29165.000000  670 10
29185.000000  672 10
29195.000000  672 10
29209.000000  673 10
29219.000000  674 10
29243.000000  676 10
29277.000000  679 10
29279.000000  679 10
29299.000000  681 10
29357.000000  685 10
29417.000000  690 10
29465.000000  694 10
29495.000000  697 10
29553.000000  701 10
29619.000000  706 10
29649.000000  709 10
29695.000000  712 10
29697.000000  712 10
29731.000000  715 10
29785.000000  719 10
29821.000000  722 10
29877.000000  726 10
29909.000000  729 10
29933.000000  731 10
29945.000000  732 10
29945.000000  732 10
29971.000000  733 10
30027.000000  737 10
30067.000000  740 10
30087.000000  742 10
30101.000000  743 10
30101.000000  743 10
30147.000000  747 10
30191.000000  750 10
30193.000000  750 10
30243.000000  754 10
30271.000000  757 10
30317.000000  760 10
30373.000000  765 10
30373.000000  765 10
30447.000000  771 10
30467.000000  772 10
30467.000000  772 10
30561.000000  780 10
30573.000000  781 10
30643.000000  787 10
30695.000000  791 10
30791.000000  798 10
30875.000000  804 10
30897.000000  806 10
30899.000000  806 10
30955.000000  811 10
31131.000000  824 10
31137.000000  824 10
31297.000000  837 10
31371.000000  843 10
31435.000000  848 10
31471.000000  851 10
31487.000000  852 10
31509.000000  854 10
31565.000000  858 10
31611.000000  862 10
31611.000000  862 10
31639.000000  864 10
31675.000000  867 10
31677.000000  867 10
31703.000000  869 10
31737.000000  872 10
31761.000000  874 10
31773.000000  875 10
31797.000000  877 10
31811.000000  878 10
31841.000000  880 10
31865.000000  882 10
31889.000000  884 10
31901.000000  885 10
31923.000000  887 10
31975.000000  890 10
32005.000000  893 10
32031.000000  895 10
32073.000000  898 10
32097.000000  900 10
32099.000000  900 10
32115.000000  901 10
32131.000000  903 10
32161.000000  905 10
32565.000000  936 10
32589.000000  938 10
32589.000000  938 10
32629.000000  941 10
32631.000000  941 10
32647.000000  943 10
32701.000000  947 10
32713.000000  948 10
32757.000000  951 10
32757.000000  951 10
32779.000000  953 10
32825.000000  957 10
32827.000000  957 10
32861.000000  960 10
32881.000000  961 10
32937.000000  966 10
32969.000000  969 10
33003.000000  971 10
33029.000000  973 10
33045.000000  975 10
33075.000000  977 10
33097.000000  978 10
33131.000000  981 10
33159.000000  983 10
33161.000000  983 10
33189.000000  985 10
33257.000000  991 10
33257.000000  991 10
33305.000000  995 10
33335.000000  997 10
33357.000000  999 10
33381.000000  1001 10
33403.000000  1002 10
33423.000000  1003 10
33423.000000  1003 10
33471.000000  1007 10
33487.000000  1008 10
33519.000000  1010 10
33663.000000  1022 10
33693.000000  1024 10
33693.000000  1024 10
33727.000000  1027 10
33781.000000  1031 10
33857.000000  1037 10
33911.000000  1042 10
34047.000000  1053 10
34067.000000  1054 10
34087.000000  1056 10
34141.000000  1060 10
34177.000000  1063 10
34209.000000  1065 10
34237.000000  1068 10
34293.000000  1072 10
34327.000000  1074 10
34351.000000  1076 10
34383.000000  1079 10
34439.000000  1083 10
34441.000000  1083 10
34461.000000  1085 10
34475.000000  1086 10
34513.000000  1089 10
34513.000000  1089 10
34567.000000  1093 10
34655.000000  1099 10
34655.000000  1099 10
34655.000000  1099 10
34687.000000  1102 10
34707.000000  1103 10
34755.000000  1107 10
34835.000000  1113 10
34849.000000  1115 10
34903.000000  1119 10
34927.000000  1121 10
34959.000000  1123 10
35035.000000  1129 10
35109.000000  1135 10
35141.000000  1138 10
35187.000000  1142 10
35187.000000  1142 10
35187.000000  1142 10
35231.000000  1145 10
35249.000000  1147 10
35279.000000  1149 10
35299.000000  1151 10
35331.000000  1153 10
35351.000000  1155 10
35377.000000  1157 10
35405.000000  1159 10
35419.000000  1160 10
35437.000000  1161 10
35473.000000  1164 10
35495.000000  1166 10
35531.000000  1169 10
35533.000000  1169 10
35635.000000  1177 10
35659.000000  1179 10
35715.000000  1183 10
35777.000000  1187 10
35791.000000  1188 10
35811.000000  1190 10
35857.000000  1193 10
35859.000000  1193 10
35875.000000  1195 10
35925.000000  1199 10
35937.000000  1200 10
36111.000000  1214 10
36185.000000  1219 10
36287.000000  1228 10
36363.000000  1234 10
36365.000000  1234 10
36419.000000  1238 10
36527.000000  1247 10
36527.000000  1247 10
36717.000000  1261 10
36753.000000  1264 10
36859.000000  1272 10
36883.000000  1274 10
36937.000000  1278 10
37097.000000  1291 10
37331.000000  1309 10
37331.000000  1309 10
37535.000000  1325 10
37619.000000  1332 10
37677.000000  1337 10
37687.000000  1337 10
37703.000000  1339 10
37719.000000  1340 10
37747.000000  1342 10
37773.000000  1344 10
37801.000000  1346 10
37801.000000  1346 10
37841.000000  1349 10
37917.000000  1355 10
37917.000000  1355 10
37977.000000  1360 10
38003.000000  1362 10
38005.000000  1362 10
38037.000000  1364 10
38111.000000  1369 10
38173.000000  1374 10
38229.000000  1379 10
38263.000000  1382 10
38295.000000  1384 10
38311.000000  1385 10
38345.000000  1388 10
38393.000000  1392 10
38419.000000  1394 10
38465.000000  1398 10
38483.000000  1399 10
38531.000000  1403 10
38651.000000  1413 10
38709.000000  1417 10
38743.000000  1420 10
38765.000000  1422 10
38799.000000  1425 10
38823.000000  1426 10
38835.000000  1427 10
38837.000000  1427 10
38861.000000  1429 10
38893.000000  1431 10
38947.000000  1436 10
39019.000000  1441 10
39035.000000  1443 10
39051.000000  1444 10
39067.000000  1445 10
39081.000000  1446 10
39083.000000  1446 10
39125.000000  1450 10
39141.000000  1451 10
39273.000000  1460 10
39337.000000  1465 10
39391.000000  1470 10
39393.000000  1470 10
39421.000000  1472 10
39423.000000  1472 10
39487.000000  1477 10
39523.000000  1480 10
39647.000000  1490 10
39647.000000  1490 10
39679.000000  1493 10
39727.000000  1497 10
39743.000000  1498 10
39763.000000  1499 10
39811.000000  1503 10
39857.000000  1507 10
39883.000000  1509 10
39931.000000  1513 10
39987.000000  1517 10
40021.000000  1520 10
40043.000000  1521 10
40043.000000  1521 10
40077.000000  1524 10
40131.000000  1528 10
40185.000000  1533 10
40187.000000  1533 10
40219.000000  1535 10
40237.000000  1537 10
40275.000000  1540 10
40277.000000  1540 10
40347.000000  1545 10
40399.000000  1549 10
40419.000000  1550 10
40419.000000  1550 10
40451.000000  1553 10
40485.000000  1555 10
40499.000000  1556 10
40519.000000  1558 10
40601.000000  1564 10
40611.000000  1565 10
40611.000000  1565 10
40623.000000  1566 10
40649.000000  1568 10
40681.000000  1571 10
40743.000000  1576 10
40775.000000  1578 10
40777.000000  1579 10
40829.000000  1583 10
40853.000000  1585 10
40887.000000  1587 10
40941.000000  1592 10
40941.000000  1592 10
40941.000000  1592 10
41035.000000  1599 10
41089.000000  1603 10
41133.000000  1607 10
41187.000000  1611 10
41215.000000  1613 10
41237.000000  1615 10
41269.000000  1617 10
41299.000000  1619 10
41301.000000  1620 10
41305.000000  1620 10
41365.000000  1625 10
41367.000000  1625 10
41399.000000  1627 10
41401.000000  1628 10
41429.000000  1630 10
41463.000000  1632 10
41489.000000  1634 10
41489.000000  1634 10
41489.000000  1634 10
41505.000000  1635 10
41527.000000  1637 10
41657.000000  1647 10
41687.000000  1649 10
41701.000000  1650 10
41733.000000  1653 10
41767.000000  1656 10
41793.000000  1658 10
41813.000000  1659 10
41829.000000  1661 10
41855.000000  1663 10
41907.000000  1667 10
41907.000000  1667 10
41961.000000  1671 10
42267.000000  1696 10
42269.000000  1696 10
42289.000000  1697 10
42289.000000  1697 10
42315.000000  1699 10
42363.000000  1703 10
42439.000000  1709 10
42471.000000  1711 10
42513.000000  1715 10
42597.000000  1721 10
42613.000000  1722 10
42637.000000  1724 10
42707.000000  1729 10
42767.000000  1733 10
42801.000000  1736 10
42897.000000  1744 10
42899.000000  1744 10
42909.000000  1745 10
42935.000000  1747 10
42969.000000  1750 10
42969.000000  1750 10
43073.000000  1758 10
43085.000000  1759 10
43099.000000  1760 10
43099.000000  1760 10
43195.000000  1768 10
43317.000000  1777 10
43345.000000  1780 10
43405.000000  1785 10
43407.000000  1785 10
43421.000000  1786 10
43441.000000  1787 10
43489.000000  1791 10
43511.000000  1792 10
43527.000000  1794 10
43621.000000  1801 10
43637.000000  1802 10
43645.000000  1803 10
43671.000000  1805 10
43673.000000  1805 10
43693.000000  1807 10
43729.000000  1810 10
43729.000000  1810 10
43751.000000  1811 10
43773.000000  1813 10
43805.000000  1815 10
43883.000000  1821 10
43885.000000  1821 10
43901.000000  1822 10
43931.000000  1824 10
43955.000000  1826 10
43987.000000  1829 10
44043.000000  1833 10
44067.000000  1835 10
44081.000000  1836 10
44119.000000  1839 10
44119.000000  1839 10
44161.000000  1843 10
44161.000000  1843 10
44181.000000  1844 10
44205.000000  1846 10
44221.000000  1847 10
44347.000000  1858 10
44431.000000  1865 10
44431.000000  1865 10
44463.000000  1867 10
44465.000000  1867 10
44529.000000  1872 10
44655.000000  1882 10
44679.000000  1884 10
44693.000000  1885 10
44725.000000  1887 10
44741.000000  1889 10
44773.000000  1891 10
44809.000000  1894 10
44835.000000  1896 10
44869.000000  1899 10
44901.000000  1901 10
44919.000000  1902 10
44919.000000  1902 10
44969.000000  1906 10
44987.000000  1907 10
45041.000000  1911 10
45057.000000  1913 10
45121.000000  1917 10
45121.000000  1917 10
45121.000000  1917 10
45155.000000  1920 10
45219.000000  1925 10
45221.000000  1925 10
45271.000000  1929 10
45295.000000  1931 10
45311.000000  1933 10
45323.000000  1934 10
45335.000000  1935 10
45361.000000  1937 10
45407.000000  1940 10
45409.000000  1941 10
45445.000000  1943 10
45463.000000  1945 10
46765.000000  2047 10
46793.000000  2049 10
46841.000000  2053 10
46933.000000  2060 10
46973.000000  2063 10
46973.000000  2063 10
47131.000000  2075 10
47131.000000  2075 10
47185.000000  2080 10
47239.000000  2083 10
47263.000000  2085 10
47277.000000  2086 10
47333.000000  2090 10
47349.000000  2091 10
47399.000000  2095 10
47433.000000  2098 10
47435.000000  2098 10
47461.000000  2101 10
47507.000000  2104 10
47507.000000  2104 10
47589.000000  2111 10
47653.000000  2116 10
47653.000000  2116 10
47671.000000  2117 10
47703.000000  2120 10
47737.000000  2123 10
47739.000000  2123 10
47759.000000  2124 10
47813.000000  2129 10
47847.000000  2131 10
47881.000000  2134 10
47915.000000  2137 10
47939.000000  2139 10
47941.000000  2139 10
48031.000000  2146 10
48061.000000  2148 10
48121.000000  2153 10
48197.000000  2159 10
48237.000000  2162 10
48271.000000  2165 10
48271.000000  2165 10
48295.000000  2167 10
48355.000000  2171 10
48357.000000  2171 10
48419.000000  2175 10
48419.000000  2175 10
48455.000000  2178 10
48483.000000  2180 10
48497.000000  2181 10
48529.000000  2184 10
48651.000000  2194 10
48727.000000  2200 10
48791.000000  2205 10
48819.000000  2207 10
48837.000000  2208 10
48847.000000  2209 10
48887.000000  2212 10
48943.000000  2217 10
48957.000000  2218 10
48973.000000  2219 10
48999.000000  2221 10
49023.000000  2223 10
49055.000000  2226 10
49083.000000  2228 10
49085.000000  2228 10
49111.000000  2230 10
49113.000000  2231 10
49139.000000  2233 10
49171.000000  2235 10
49171.000000  2235 10
49195.000000  2237 10
49205.000000  2238 10
49223.000000  2239 10
49263.000000  2242 10
49273.000000  2243 10
49293.000000  2244 10
49305.000000  2245 10
49339.000000  2248 10
49347.000000  2249 10
49367.000000  2250 10
49415.000000  2254 10
49433.000000  2255 10
49447.000000  2257 10
49469.000000  2258 10
49469.000000  2258 10
49575.000000  2266 10
49609.000000  2268 10
49643.000000  2271 10
49643.000000  2271 10
49825.000000  2285 10
50027.000000  2301 10
50029.000000  2302 10
50235.000000  2318 10
50259.000000  2320 10
50267.000000  2321 10
50291.000000  2323 10
50291.000000  2323 10
50291.000000  2323 10
50323.000000  2325 10
50325.000000  2325 10
50351.000000  2327 10
50663.000000  2351 10
50663.000000  2351 10
50733.000000  2356 10
50745.000000  2357 10
51043.000000  2381 10
51067.000000  2383 10
51185.000000  2392 10
51233.000000  2396 10
51235.000000  2396 10
51357.000000  2406 10
51403.000000  2409 10
51423.000000  2411 10
51453.000000  2414 10
51575.000000  2423 10
51639.000000  2427 10
51673.000000  2430 10
51697.000000  2432 10
51707.000000  2433 10
51721.000000  2434 10
51743.000000  2436 10
51803.000000  2441 10
51839.000000  2443 10
52001.000000  2455 10
52163.000000  2468 10
52189.000000  2470 10
52403.000000  2487 10
52405.000000  2487 10
52427.000000  2489 10
52469.000000  2493 10
52503.000000  2495 10
52573.000000  2501 10
52573.000000  2501 10
52701.000000  2511 10
52883.000000  2525 10
52883.000000  2525 10
52897.000000  2526 10
52897.000000  2526 10
52925.000000  2528 10
52925.000000  2528 10
52957.000000  2531 10
53017.000000  2535 10
53107.000000  2541 10
53159.000000  2545 10
53161.000000  2546 10
53197.000000  2549 10
53235.000000  2552 10
53261.000000  2554 10
53271.000000  2555 10
53289.000000  2556 10
53297.000000  2557 10
53315.000000  2558 10
53315.000000  2558 10
53349.000000  2561 10
53349.000000  2561 10
53365.000000  2562 10
53377.000000  2563 10
53431.000000  2567 10
53485.000000  2572 10
53537.000000  2576 10
53537.000000  2576 10
53591.000000  2580 10
53615.000000  2582 10
53623.000000  2583 10
53639.000000  2584 10
53649.000000  2585 10
53679.000000  2587 10
53681.000000  2587 10
53705.000000  2589 10
53719.000000  2590 10
53735.000000  2592 10
53827.000000  2599 10
53843.000000  2600 10
53883.000000  2603 10
53913.000000  2605 10
53927.000000  2606 10
53951.000000  2608 10
53979.000000  2610 10
54075.000000  2618 10
54077.000000  2618 10
54099.000000  2620 10
54101.000000  2620 10
54163.000000  2624 10
54199.000000  2627 10
54201.000000  2627 10
54221.000000  2629 10
54253.000000  2631 10
54283.000000  2633 10
54283.000000  2633 10
54283.000000  2633 10
54289.000000  2634 10
54297.000000  2635 10
54329.000000  2637 10
54361.000000  2639 10
54629.000000  2661 10
54645.000000  2662 10
54679.000000  2665 10
54753.000000  2671 10
54759.000000  2671 10
54825.000000  2677 10
54825.000000  2677 10
54887.000000  2682 10
54889.000000  2682 10
54917.000000  2684 10
54941.000000  2686 10
54975.000000  2688 10
54977.000000  2688 10
55031.000000  2692 10
55045.000000  2693 10
55045.000000  2693 10
55071.000000  2695 10
55143.000000  2701 10
55143.000000  2701 10
55209.000000  2707 10
55285.000000  2712 10
55375.000000  2719 10
55471.000000  2726 10
55529.000000  2731 10
55585.000000  2735 10
55619.000000  2738 10
55667.000000  2742 10
55669.000000  2742 10
55685.000000  2743 10
55709.000000  2745 10
55711.000000  2745 10
55771.000000  2750 10
55823.000000  2754 10
55823.000000  2754 10
55927.000000  2763 10
56009.000000  2769 10
56091.000000  2776 10
56149.000000  2780 10
56209.000000  2784 10
56211.000000  2785 10
56223.000000  2785 10
56243.000000  2787 10
56269.000000  2789 10
56295.000000  2791 10
56295.000000  2791 10
56323.000000  2793 10
56371.000000  2797 10
56411.000000  2801 10
56429.000000  2802 10
56477.000000  2805 10
56511.000000  2807 10
56533.000000  2809 10
56569.000000  2812 10
56581.000000  2813 10
56635.000000  2817 10
56667.000000  2820 10
56669.000000  2820 10
56721.000000  2824 10
56817.000000  2831 10
56831.000000  2833 10
56833.000000  2833 10
56905.000000  2839 10
56947.000000  2842 10
56965.000000  2843 10
56973.000000  2844 10
56993.000000  2846 10
57007.000000  2847 10
57023.000000  2848 10
57041.000000  2849 10
57059.000000  2851 10
57083.000000  2853 10
57109.000000  2855 10
57139.000000  2857 10
57175.000000  2860 10
57185.000000  2861 10
57247.000000  2866 10
57301.000000  2870 10
57325.000000  2872 10
57397.000000  2877 10
57455.000000  2882 10
57489.000000  2885 10
57511.000000  2886 10
57543.000000  2889 10
57659.000000  2897 10
57697.000000  2900 10
57717.000000  2901 10
57737.000000  2903 10
57769.000000  2906 10
57771.000000  2906 10
57799.000000  2908 10
57847.000000  2912 10
57847.000000  2912 10
57865.000000  2913 10
57923.000000  2918 10
57957.000000  2921 10
57959.000000  2921 10
58011.000000  2925 10
58013.000000  2925 10
58085.000000  2931 10
58147.000000  2936 10
58147.000000  2936 10
58147.000000  2936 10
58181.000000  2939 10
58207.000000  2941 10
58247.000000  2944 10
58275.000000  2946 10
58275.000000  2946 10
58295.000000  2948 10
58313.000000  2949 10
58333.000000  2951 10
58365.000000  2953 10
58383.000000  2955 10
58431.000000  2958 10
58477.000000  2962 10
58513.000000  2965 10
58537.000000  2966 10
58659.000000  2976 10
58683.000000  2978 10
58715.000000  2980 10
58769.000000  2984 10
58801.000000  2986 10
58833.000000  2989 10
58881.000000  2993 10
58909.000000  2995 10
58945.000000  2997 10
58973.000000  3000 10
59073.000000  3008 10
59093.000000  3009 10
59165.000000  3015 10
59217.000000  3019 10
59219.000000  3019 10
59271.000000  3023 10
59295.000000  3025 10
59297.000000  3026 10
59327.000000  3028 10
59327.000000  3028 10
59353.000000  3030 10
59367.000000  3031 10
59379.000000  3032 10
59433.000000  3037 10
59457.000000  3039 10
59475.000000  3040 10
59475.000000  3040 10
59497.000000  3042 10
59537.000000  3045 10
59539.000000  3045 10
59603.000000  3049 10
59605.000000  3050 10
59627.000000  3051 10
59681.000000  3056 10
59733.000000  3060 10
59865.000000  3070 10
59917.000000  3074 10
59919.000000  3074 10
59971.000000  3078 10
60025.000000  3082 10
60049.000000  3084 10
60081.000000  3086 10
60131.000000  3090 10
60151.000000  3092 10
60165.000000  3093 10
60207.000000  3096 10
60267.000000  3101 10
60279.000000  3102 10
60313.000000  3105 10
60321.000000  3105 10
60373.000000  3110 10
60401.000000  3112 10
60435.000000  3115 10
60487.000000  3119 10
60517.000000  3121 10
60519.000000  3121 10
60583.000000  3126 10
60619.000000  3129 10
60647.000000  3131 10
60649.000000  3132 10
60677.000000  3134 10
60699.000000  3136 10
60715.000000  3137 10
60743.000000  3139 10
60793.000000  3142 10
60805.000000  3143 10
60835.000000  3146 10
60835.000000  3146 10
60835.000000  3146 10
60883.000000  3149 10
60885.000000  3150 10
60911.000000  3152 10
60933.000000  3153 10
60987.000000  3158 10
61019.000000  3160 10
61037.000000  3162 10
61075.000000  3164 10
61127.000000  3168 10
61129.000000  3168 10
61151.000000  3170 10
61211.000000  3174 10
61307.000000  3182 10
61335.000000  3184 10
61337.000000  3185 10
61349.000000  3185 10
61421.000000  3191 10
61423.000000  3191 10
61443.000000  3193 10
61501.000000  3197 10
61519.000000  3199 10
61589.000000  3205 10
61589.000000  3205 10
61667.000000  3211 10
61713.000000  3215 10
61727.000000  3216 10
61757.000000  3218 10
61811.000000  3222 10
61867.000000  3227 10
61893.000000  3229 10
61925.000000  3231 10
61955.000000  3233 10
61967.000000  3234 10
62003.000000  3237 10
62005.000000  3237 10
62041.000000  3240 10
62077.000000  3243 10
62079.000000  3243 10
62099.000000  3245 10
62125.000000  3247 10
62149.000000  3249 10
62179.000000  3251 10
62263.000000  3257 10
62311.000000  3260 10
62363.000000  3264 10
62399.000000  3267 10
62401.000000  3267 10
62423.000000  3269 10
62477.000000  3273 10
62477.000000  3273 10
62539.000000  3279 10
62625.000000  3285 10
62655.000000  3288 10
62657.000000  3288 10
62677.000000  3289 10
62691.000000  3291 10
62715.000000  3292 10
62745.000000  3295 10
62767.000000  3297 10
62815.000000  3301 10
62827.000000  3301 10
62899.000000  3307 10
62899.000000  3307 10
62899.000000  3307 10
62899.000000  3307 10
62941.000000  3311 10
62963.000000  3312 10
63029.000000  3317 10
63043.000000  3318 10
63103.000000  3323 10
63135.000000  3325 10
63191.000000  3330 10
63193.000000  3330 10
63215.000000  3332 10
63249.000000  3334 10
63301.000000  3339 10
63327.000000  3341 10
63357.000000  3343 10
63377.000000  3344 10
63391.000000  3345 10
63431.000000  3348 10
63469.000000  3351 10
63509.000000  3354 10
63611.000000  3362 10
63635.000000  3364 10
63635.000000  3364 10
63691.000000  3368 10
63727.000000  3371 10
63755.000000  3373 10
63757.000000  3374 10
63809.000000  3378 10
63823.000000  3379 10
63889.000000  3384 10
63921.000000  3387 10
63939.000000  3388 10
63963.000000  3390 10
63981.000000  3391 10
63997.000000  3393 10
64013.000000  3394 10
64031.000000  3395 10
64031.000000  3395 10
64079.000000  3399 10
64103.000000  3401 10
64133.000000  3404 10
64147.000000  3405 10
64165.000000  3406 10
64179.000000  3407 10
64179.000000  3407 10
64197.000000  3408 10
64221.000000  3410 10
64231.000000  3411 10
64283.000000  3415 10
64285.000000  3415 10
64313.000000  3417 10
64377.000000  3422 10
64379.000000  3423 10
64431.000000  3427 10
64455.000000  3429 10
64519.000000  3433 10
64533.000000  3434 10
64623.000000  3441 10
64657.000000  3443 10
64693.000000  3446 10
64713.000000  3448 10
64731.000000  3449 10
64751.000000  3451 10
64775.000000  3453 10
64775.000000  3453 10
64787.000000  3454 10
64797.000000  3455 10
64841.000000  3458 10
64891.000000  3462 10
64925.000000  3465 10
64939.000000  3466 10
64955.000000  3467 10
64987.000000  3470 10
64989.000000  3470 10
65015.000000  3472 10
65039.000000  3474 10
65047.000000  3475 10
65081.000000  3477 10
65103.000000  3479 10
65117.000000  3480 10
65133.000000  3481 10
65179.000000  3485 10
65191.000000  3486 10
65213.000000  3488 10
65213.000000  3488 10
65259.000000  3491 10
65307.000000  3495 10
65369.000000  3500 10
65443.000000  3505 10
65501.000000  3510 10
65517.000000  3511 10
65639.000000  3521 10
65655.000000  3522 10
65657.000000  3522 10
65715.000000  3526 10
65715.000000  3526 10
65715.000000  3526 10
65785.000000  3531 10
65843.000000  3536 10
65875.000000  3539 10
65877.000000  3539 10
65923.000000  3543 10
65925.000000  3543 10
65945.000000  3544 10
65979.000000  3547 10
65993.000000  3548 10
66023.000000  3550 10
66073.000000  3554 10
66081.000000  3555 10
66101.000000  3557 10
66127.000000  3559 10
66153.000000  3561 10
66171.000000  3562 10
66265.000000  3570 10
66289.000000  3572 10
66301.000000  3573 10
66333.000000  3575 10
66341.000000  3576 10
66399.000000  3581 10
66407.000000  3581 10
66493.000000  3588 10
66511.000000  3589 10
66539.000000  3591 10
66663.000000  3601 10
66703.000000  3604 10
66705.000000  3604 10
66753.000000  3608 10
66831.000000  3614 10
66867.000000  3616 10
66941.000000  3622 10
66999.000000  3626 10
67013.000000  3627 10
67047.000000  3630 10
67047.000000  3630 10
67073.000000  3632 10
67143.000000  3638 10
67189.000000  3641 10
67219.000000  3644 10
67233.000000  3645 10
67255.000000  3647 10
67275.000000  3648 10
67299.000000  3650 10
67353.000000  3655 10
67365.000000  3655 10
67383.000000  3657 10
67413.000000  3659 10
67423.000000  3660 10
67459.000000  3663 10
67519.000000  3668 10
67521.000000  3668 10
67571.000000  3672 10
67571.000000  3672 10
67671.000000  3679 10
67723.000000  3683 10
67723.000000  3683 10
67751.000000  3686 10
67803.000000  3690 10
67803.000000  3690 10
67803.000000  3690 10
67839.000000  3693 10
67871.000000  3695 10
67909.000000  3698 10
67923.000000  3699 10
67939.000000  3701 10
67979.000000  3703 10
68039.000000  3708 10
68059.000000  3709 10
68127.000000  3714 10
68161.000000  3717 10
68185.000000  3719 10
68217.000000  3721 10
68219.000000  3722 10
68241.000000  3723 10
68241.000000  3723 10
68275.000000  3726 10
68297.000000  3728 10
68299.000000  3728 10
68353.000000  3732 10
68367.000000  3733 10
68393.000000  3736 10
68419.000000  3738 10
68473.000000  3742 10
68625.000000  3754 10
68827.000000  3770 10
68923.000000  3777 10
69087.000000  3790 10
69147.000000  3794 10
70411.000000  3893 10
70419.000000  3893 10
70439.000000  3895 10
70461.000000  3897 10
70509.000000  3901 10
70627.000000  3910 10
70713.000000  3917 10
70715.000000  3917 10
70739.000000  3919 10
70771.000000  3921 10
70845.000000  3927 10
70857.000000  3928 10
70893.000000  3931 10
70893.000000  3931 10
70893.000000  3931 10
70915.000000  3933 10
70915.000000  3933 10
70915.000000  3933 10
70915.000000  3933 10
70987.000000  3939 10
71029.000000  3942 10
71041.000000  3943 10
71073.000000  3945 10
71121.000000  3949 10
71163.000000  3952 10
71205.000000  3955 10
71229.000000  3957 10
71273.000000  3961 10
71293.000000  3962 10
71327.000000  3965 10
71381.000000  3969 10
71433.000000  3973 10
71433.000000  3973 10
71529.000000  3980 10
71761.000000  3999 10
71763.000000  3999 10
71801.000000  4002 10
71835.000000  4004 10
71835.000000  4004 10
71885.000000  4008 10
71913.000000  4011 10
71935.000000  4012 10
71937.000000  4013 10
71947.000000  4013 10
71981.000000  4016 10
72035.000000  4020 10
72037.000000  4021 10
72067.000000  4023 10
72129.000000  4028 10
72131.000000  4028 10
72161.000000  4031 10
72215.000000  4035 10
72239.000000  4037 10
72303.000000  4041 10
72339.000000  4044 10
72339.000000  4044 10
72381.000000  4047 10
72407.000000  4049 10
72433.000000  4051 10
72463.000000  4054 10
72487.000000  4056 10
72501.000000  4057 10
72521.000000  4059 10
72541.000000  4060 10
72543.000000  4060 10
72571.000000  4062 10
72571.000000  4062 10
72587.000000  4063 10
72597.000000  4064 10
72607.000000  4065 10
72637.000000  4067 10
72691.000000  4071 10
72691.000000  4071 10
72749.000000  4075 10
72869.000000  4085 10
72871.000000  4085 10
72885.000000  4086 10
72939.000000  4091 10
72939.000000  4091 10
72995.000000  4095 10
73011.000000  4096 10
73101.000000  4103 10
73135.000000  4106 10
73161.000000  4108 10
73181.000000  4110 10
73297.000000  4119 10
73335.000000  4122 10
73337.000000  4122 10
73357.000000  4124 10
73389.000000  4126 10
73417.000000  4128 10
73419.000000  4129 10
73435.000000  4130 10
73463.000000  4132 10
73487.000000  4134 10
73557.000000  4139 10
73595.000000  4142 10
73603.000000  4143 10
73623.000000  4145 10
73719.000000  4152 10
73757.000000  4154 10
73799.000000  4157 10
73821.000000  4159 10
73875.000000  4163 10
73931.000000  4168 10
73931.000000  4168 10
73965.000000  4171 10
73989.000000  4172 10
74023.000000  4175 10
74023.000000  4175 10
74023.000000  4175 10
74045.000000  4177 10
74079.000000  4179 10
74079.000000  4179 10
74079.000000  4179 10
74107.000000  4182 10
74109.000000  4182 10
74161.000000  4186 10
74161.000000  4186 10
74179.000000  4187 10
74195.000000  4189 10
74225.000000  4191 10
74227.000000  4191 10
74237.000000  4192 10
74257.000000  4194 10
74285.000000  4196 10
74311.000000  4198 10
74311.000000  4198 10
74351.000000  4201 10
74353.000000  4201 10
74369.000000  4203 10
74395.000000  4205 10
74435.000000  4208 10
74467.000000  4211 10
74535.000000  4216 10
74547.000000  4217 10
74549.000000  4217 10
74571.000000  4219 10
74571.000000  4219 10
74571.000000  4219 10
74571.000000  4219 10
74629.000000  4223 10
74663.000000  4225 10
74665.000000  4225 10
74715.000000  4229 10
74743.000000  4232 10
74745.000000  4232 10
74799.000000  4236 10
74819.000000  4238 10
74849.000000  4240 10
74851.000000  4240 10
74893.000000  4243 10
74915.000000  4245 10
74941.000000  4247 10
75019.000000  4253 10
75093.000000  4258 10
75133.000000  4262 10
75195.000000  4267 10
75197.000000  4267 10
75227.000000  4269 10
75289.000000  4274 10
75363.000000  4280 10
75385.000000  4282 10
75419.000000  4285 10
75473.000000  4289 10
75483.000000  4290 10
75483.000000  4290 10
75515.000000  4292 10
75529.000000  4293 10
75563.000000  4296 10
75609.000000  4300 10
75631.000000  4301 10
75665.000000  4304 10
75685.000000  4306 10
75699.000000  4307 10
75715.000000  4308 10
75749.000000  4310 10
75763.000000  4311 10
75775.000000  4312 10
75799.000000  4314 10
75831.000000  4317 10
75887.000000  4321 10
75889.000000  4321 10
75941.000000  4325 10
76013.000000  4331 10
76039.000000  4333 10
76071.000000  4335 10
76099.000000  4337 10
76147.000000  4341 10
76189.000000  4344 10
76191.000000  4344 10
76237.000000  4348 10
76239.000000  4348 10
76263.000000  4350 10
76273.000000  4351 10
76299.000000  4353 10
76371.000000  4359 10
76399.000000  4361 10
76431.000000  4363 10
76459.000000  4365 10
76461.000000  4366 10
76495.000000  4368 10
76497.000000  4368 10
76521.000000  4370 10
76553.000000  4373 10
76553.000000  4373 10
76629.000000  4379 10
76631.000000  4379 10
76647.000000  4381 10
76665.000000  4382 10
76689.000000  4384 10
76691.000000  4384 10
76715.000000  4386 10
76717.000000  4386 10
76739.000000  4388 10
76761.000000  4390 10
76761.000000  4390 10
76795.000000  4392 10
76813.000000  4394 10
76845.000000  4396 10
76875.000000  4398 10
76891.000000  4399 10
76891.000000  4399 10
76925.000000  4402 10
76953.000000  4404 10
76967.000000  4405 10
76979.000000  4406 10
76993.000000  4407 10
76995.000000  4408 10
77029.000000  4410 10
77029.000000  4410 10
77047.000000  4412 10
77059.000000  4413 10
77067.000000  4413 10
77099.000000  4416 10
77131.000000  4418 10
77183.000000  4422 10
77237.000000  4426 10
77265.000000  4428 10
77297.000000  4431 10
77299.000000  4431 10
77321.000000  4432 10
77323.000000  4433 10
77337.000000  4434 10
77369.000000  4436 10
77395.000000  4438 10
77433.000000  4441 10
77445.000000  4442 10
77461.000000  4443 10
77481.000000  4445 10
77483.000000  4445 10
77499.000000  4446 10
77519.000000  4448 10
77519.000000  4448 10
77519.000000  4448 10
77533.000000  4449 10
77661.000000  4459 10
77685.000000  4461 10
77693.000000  4462 10
77727.000000  4465 10
77753.000000  4467 10
77787.000000  4469 10
77809.000000  4471 10
77823.000000  4472 10
77835.000000  4473 10
77861.000000  4475 10
77863.000000  4476 10
77917.000000  4480 10
77933.000000  4481 10
77967.000000  4484 10
77993.000000  4486 10
78033.000000  4489 10
78033.000000  4489 10
78057.000000  4490 10
78079.000000  4492 10
78099.000000  4494 10
78119.000000  4495 10
78133.000000  4496 10
78149.000000  4498 10
78167.000000  4499 10
78215.000000  4503 10
78231.000000  4504 10
78233.000000  4504 10
78247.000000  4505 10
78269.000000  4507 10
78271.000000  4507 10
78291.000000  4509 10
78291.000000  4509 10
78307.000000  4510 10
78325.000000  4511 10
78339.000000  4512 10
78339.000000  4512 10
78355.000000  4513 10
78389.000000  4516 10
78443.000000  4520 10
78465.000000  4522 10
78475.000000  4522 10
78497.000000  4524 10
78545.000000  4528 10
78547.000000  4528 10
78577.000000  4531 10
78601.000000  4532 10
78603.000000  4533 10
78611.000000  4533 10
78627.000000  4535 10
78655.000000  4537 10
78691.000000  4540 10
78729.000000  4543 10
78735.000000  4543 10
78765.000000  4545 10
78801.000000  4548 10
78821.000000  4550 10
78843.000000  4552 10
78859.000000  4553 10
78875.000000  4554 10
78967.000000  4562 10
79025.000000  4566 10
79097.000000  4572 10
79175.000000  4578 10
79283.000000  4586 10
79323.000000  4589 10
79343.000000  4591 10
79395.000000  4595 10
79441.000000  4599 10
79471.000000  4601 10
79517.000000  4604 10
79553.000000  4607 10
79561.000000  4607 10
79577.000000  4608 10
79589.000000  4609 10
79611.000000  4611 10
79643.000000  4613 10
79645.000000  4614 10
79665.000000  4615 10
79719.000000  4620 10
79775.000000  4624 10
79837.000000  4629 10
79839.000000  4629 10
79867.000000  4631 10
79921.000000  4636 10
79945.000000  4638 10
79959.000000  4639 10
79975.000000  4640 10
79995.000000  4642 10
80003.000000  4642 10
80029.000000  4644 10
80039.000000  4645 10
80081.000000  4649 10
80155.000000  4655 10
80155.000000  4655 10
80167.000000  4655 10
80191.000000  4657 10
80271.000000  4664 10
80325.000000  4668 10
80379.000000  4672 10
80433.000000  4676 10
80435.000000  4676 10
80507.000000  4682 10
80537.000000  4684 10
80539.000000  4684 10
80565.000000  4687 10
80587.000000  4688 10
80589.000000  4688 10
80615.000000  4690 10
80617.000000  4691 10
80629.000000  4691 10
80645.000000  4693 10
80693.000000  4696 10
80693.000000  4696 10
80693.000000  4696 10
80733.000000  4699 10
80777.000000  4702 10
80795.000000  4703 10
80821.000000  4705 10
80835.000000  4707 10
80847.000000  4708 10
80869.000000  4709 10
80891.000000  4711 10
80923.000000  4714 10
80953.000000  4716 10
80955.000000  4716 10
81009.000000  4721 10
81011.000000  4721 10
81069.000000  4725 10
81071.000000  4725 10
81125.000000  4730 10
81135.000000  4731 10
81167.000000  4733 10
81219.000000  4737 10
81255.000000  4740 10
81301.000000  4744 10
81327.000000  4746 10
81363.000000  4749 10
81411.000000  4753 10
81449.000000  4756 10
81465.000000  4757 10
81513.000000  4760 10
81575.000000  4765 10
81611.000000  4768 10
81613.000000  4768 10
81633.000000  4770 10
81647.000000  4771 10
81669.000000  4773 10
81703.000000  4775 10
81705.000000  4775 10
81725.000000  4777 10
81735.000000  4778 10
81749.000000  4779 10
81749.000000  4779 10
81777.000000  4781 10
81803.000000  4783 10
81813.000000  4783 10
81827.000000  4784 10
81837.000000  4785 10
81865.000000  4787 10
81873.000000  4788 10
81895.000000  4789 10
81923.000000  4792 10
81925.000000  4792 10
81945.000000  4793 10
81953.000000  4794 10
82011.000000  4799 10
82069.000000  4803 10
82089.000000  4805 10
82111.000000  4807 10
82127.000000  4808 10
82147.000000  4809 10
82193.000000  4813 10
82195.000000  4813 10
82215.000000  4815 10
82273.000000  4819 10
82331.000000  4824 10
82333.000000  4824 10
82365.000000  4827 10
82391.000000  4829 10
82425.000000  4832 10
82449.000000  4833 10
82485.000000  4837 10
82487.000000  4837 10
82513.000000  4839 10
82515.000000  4839 10
82541.000000  4841 10
82583.000000  4844 10
82601.000000  4846 10
82601.000000  4846 10
82613.000000  4847 10
82637.000000  4848 10
82643.000000  4849 10
82663.000000  4850 10
82665.000000  4850 10
82691.000000  4852 10
82721.000000  4855 10
82731.000000  4855 10
82767.000000  4858 10
82787.000000  4860 10
82813.000000  4862 10
82871.000000  4867 10
82871.000000  4867 10
82871.000000  4867 10
82887.000000  4868 10
82949.000000  4872 10
82971.000000  4874 10
82971.000000  4874 10
83029.000000  4878 10
83043.000000  4879 10
83063.000000  4881 10
83065.000000  4881 10
83117.000000  4885 10
83165.000000  4889 10
83193.000000  4891 10
83239.000000  4895 10
83239.000000  4895 10
83261.000000  4896 10
83263.000000  4896 10
83307.000000  4900 10
83331.000000  4902 10
83363.000000  4904 10
83393.000000  4907 10
83441.000000  4911 10
83475.000000  4913 10
83505.000000  4916 10
83541.000000  4919 10
83543.000000  4919 10
83573.000000  4921 10
83631.000000  4926 10
83643.000000  4927 10
83643.000000  4927 10
83685.000000  4930 10
83701.000000  4931 10
83725.000000  4933 10
83757.000000  4936 10
83789.000000  4938 10
83841.000000  4942 10
83865.000000  4944 10
83891.000000  4946 10
83903.000000  4947 10
83929.000000  4949 10
83961.000000  4951 10
83963.000000  4952 10
83999.000000  4955 10
84019.000000  4956 10
84039.000000  4958 10
84061.000000  4959 10
84061.000000  4959 10
84121.000000  4964 10
84123.000000  4964 10
84125.000000  4964 10
84141.000000  4965 10
84149.000000  4965 10
84171.000000  4967 10
84185.000000  4968 10
84201.000000  4969 10
84203.000000  4969 10
84225.000000  4971 10
84255.000000  4973 10
84285.000000  4976 10
84287.000000  4976 10
84315.000000  4978 10
84329.000000  4979 10
84341.000000  4981 10
84365.000000  4982 10
84371.000000  4983 10
84387.000000  4984 10
84399.000000  4985 10
84439.000000  4988 10
84439.000000  4988 10
84469.000000  4991 10
84485.000000  4992 10
84495.000000  4993 10
85735.000000  5090 10
85737.000000  5090 10
85757.000000  5091 10
85757.000000  5091 10
85769.000000  5092 10
85795.000000  5095 10
85821.000000  5097 10
85839.000000  5098 10
85861.000000  5100 10
85885.000000  5102 10
85905.000000  5103 10
85929.000000  5105 10
85959.000000  5108 10
86033.000000  5114 10
86035.000000  5114 10
86055.000000  5115 10
86073.000000  5117 10
86103.000000  5119 10
86177.000000  5125 10
86237.000000  5129 10
86237.000000  5129 10
86295.000000  5134 10
86355.000000  5139 10
86373.000000  5140 10
86419.000000  5143 10
86467.000000  5147 10
86487.000000  5148 10
86517.000000  5150 10
86535.000000  5152 10
86545.000000  5153 10
86563.000000  5154 10
86593.000000  5156 10
86639.000000  5160 10
86639.000000  5160 10
86651.000000  5161 10
86683.000000  5163 10
86685.000000  5163 10
86685.000000  5163 10
86711.000000  5166 10
86765.000000  5170 10
86767.000000  5170 10
86801.000000  5173 10
86827.000000  5175 10
86859.000000  5177 10
86881.000000  5179 10
86881.000000  5179 10
86917.000000  5182 10
86919.000000  5182 10
86939.000000  5184 10
86979.000000  5187 10
86997.000000  5188 10
87017.000000  5190 10
87037.000000  5192 10
87045.000000  5192 10
87055.000000  5193 10
87077.000000  5195 10
87077.000000  5195 10
87089.000000  5196 10
87113.000000  5198 10
87115.000000  5198 10
87123.000000  5199 10
87145.000000  5200 10
87171.000000  5203 10
87603.000000  5235 10
87603.000000  5235 10
87603.000000  5235 10
87603.000000  5235 10
87603.000000  5235 10
87675.000000  5241 10
87691.000000  5242 10
87711.000000  5243 10
87757.000000  5247 10
87791.000000  5250 10
87793.000000  5250 10
87807.000000  5251 10
87819.000000  5252 10
87849.000000  5254 10
87873.000000  5256 10
87875.000000  5257 10
87883.000000  5257 10
87909.000000  5259 10
87911.000000  5259 10
87929.000000  5261 10
87981.000000  5265 10
88035.000000  5269 10
88077.000000  5273 10
88105.000000  5275 10
88107.000000  5275 10
88139.000000  5278 10
88141.000000  5278 10
88165.000000  5280 10
88197.000000  5282 10
88251.000000  5287 10
88309.000000  5291 10
88383.000000  5297 10
88409.000000  5299 10
88423.000000  5300 10
88445.000000  5301 10
88465.000000  5303 10
88515.000000  5307 10
88563.000000  5311 10
88577.000000  5312 10
88577.000000  5312 10
88593.000000  5313 10
88651.000000  5318 10
88653.000000  5318 10
88681.000000  5320 10
88755.000000  5325 10
88755.000000  5325 10
88791.000000  5328 10
88815.000000  5329 10
88829.000000  5331 10
88853.000000  5333 10
88909.000000  5337 10
88909.000000  5337 10
88957.000000  5341 10
88979.000000  5343 10
89013.000000  5345 10
89059.000000  5349 10
89059.000000  5349 10
89089.000000  5351 10
89135.000000  5355 10
89135.000000  5355 10
89189.000000  5359 10
89205.000000  5361 10
89219.000000  5362 10
89219.000000  5362 10
89255.000000  5365 10
89257.000000  5365 10
89265.000000  5365 10
89291.000000  5367 10
89349.000000  5372 10
89385.000000  5375 10
89409.000000  5377 10
89441.000000  5379 10
89465.000000  5381 10
89521.000000  5386 10
89535.000000  5387 10
89611.000000  5393 10
89623.000000  5393 10
89625.000000  5393 10
89635.000000  5394 10
89655.000000  5396 10
89661.000000  5396 10
89671.000000  5397 10
89709.000000  5400 10
89717.000000  5401 10
89737.000000  5402 10
89737.000000  5402 10
89775.000000  5405 10
89795.000000  5407 10
89805.000000  5408 10
89833.000000  5410 10
89871.000000  5413 10
89895.000000  5414 10
89931.000000  5417 10
89933.000000  5417 10
89985.000000  5421 10
89987.000000  5421 10
90063.000000  5427 10
90065.000000  5427 10
90099.000000  5430 10
90101.000000  5430 10
90151.000000  5434 10
90181.000000  5437 10
90183.000000  5437 10
90209.000000  5439 10
90237.000000  5441 10
90239.000000  5441 10
90255.000000  5442 10
90273.000000  5444 10
90305.000000  5446 10
90325.000000  5448 10
90355.000000  5450 10
90369.000000  5451 10
90385.000000  5453 10
90401.000000  5454 10
90417.000000  5455 10
90435.000000  5457 10
90445.000000  5458 10
90471.000000  5460 10
90473.000000  5460 10
90513.000000  5463 10
90515.000000  5463 10
90539.000000  5465 10
90591.000000  5469 10
90605.000000  5470 10
90635.000000  5473 10
90637.000000  5473 10
90663.000000  5475 10
90665.000000  5475 10
90741.000000  5481 10
90741.000000  5481 10
90741.000000  5481 10
90741.000000  5481 10
90741.000000  5481 10
90829.000000  5488 10
90875.000000  5491 10
90875.000000  5491 10
90893.000000  5493 10
90919.000000  5495 10
90939.000000  5496 10
90971.000000  5499 10
90973.000000  5499 10
90993.000000  5501 10
91039.000000  5504 10
91089.000000  5507 10
91111.000000  5509 10
91175.000000  5514 10
91189.000000  5515 10
91265.000000  5521 10
91277.000000  5522 10
91287.000000  5523 10
91287.000000  5523 10
91303.000000  5524 10
91331.000000  5526 10
91333.000000  5526 10
91363.000000  5529 10
91395.000000  5531 10
91397.000000  5532 10
91427.000000  5534 10
91429.000000  5534 10
91455.000000  5536 10
91457.000000  5536 10
91459.000000  5537 10
91459.000000  5537 10
91477.000000  5538 10
91495.000000  5539 10
91553.000000  5544 10
91573.000000  5545 10
91593.000000  5547 10
91617.000000  5549 10
91643.000000  5551 10
91657.000000  5552 10
91677.000000  5554 10
91743.000000  5559 10
91771.000000  5561 10
91793.000000  5563 10
91827.000000  5566 10
91855.000000  5568 10
91857.000000  5568 10
91883.000000  5570 10
91885.000000  5570 10
91939.000000  5574 10
91967.000000  5576 10
92027.000000  5581 10
92027.000000  5581 10
92027.000000  5581 10
92061.000000  5584 10
92093.000000  5586 10
92123.000000  5589 10
92145.000000  5590 10
92161.000000  5591 10
92185.000000  5593 10
92233.000000  5597 10
92265.000000  5599 10
92279.000000  5600 10
92307.000000  5602 10
92307.000000  5602 10
92317.000000  5603 10
92337.000000  5605 10
92353.000000  5606 10
92385.000000  5608 10
92409.000000  5610 10
92419.000000  5611 10
92439.000000  5613 10
92493.000000  5617 10
92527.000000  5620 10
92557.000000  5622 10
92573.000000  5623 10
92585.000000  5624 10
92617.000000  5627 10
92649.000000  5629 10
92649.000000  5629 10
92679.000000  5632 10
92681.000000  5632 10
92709.000000  5634 10
92709.000000  5634 10
92709.000000  5634 10
92741.000000  5637 10
92803.000000  5642 10
92831.000000  5644 10
92851.000000  5646 10
92859.000000  5646 10
92891.000000  5649 10
92909.000000  5650 10
92919.000000  5651 10
92937.000000  5653 10
92937.000000  5653 10
92983.000000  5656 10
92999.000000  5657 10
93013.000000  5658 10
93031.000000  5659 10
93097.000000  5665 10
93097.000000  5665 10
93097.000000  5665 10
93117.000000  5666 10
93167.000000  5670 10
93209.000000  5673 10
93211.000000  5674 10
93229.000000  5675 10
93257.000000  5677 10
93289.000000  5680 10
93365.000000  5685 10
93409.000000  5688 10
93409.000000  5688 10
93431.000000  5690 10
93433.000000  5690 10
93453.000000  5692 10
93471.000000  5693 10
93503.000000  5696 10
93551.000000  5699 10
93551.000000  5699 10
93563.000000  5700 10
93589.000000  5703 10
93599.000000  5703 10
93623.000000  5705 10
93681.000000  5710 10
93681.000000  5710 10
93717.000000  5713 10
93747.000000  5715 10
93749.000000  5715 10
93779.000000  5718 10
93779.000000  5718 10
93805.000000  5720 10
93839.000000  5722 10
93841.000000  5723 10
93861.000000  5724 10
93893.000000  5727 10
93921.000000  5729 10
93921.000000  5729 10
93921.000000  5729 10
93933.000000  5730 10
93947.000000  5731 10
93999.000000  5735 10
94031.000000  5738 10
94033.000000  5738 10
94057.000000  5740 10
94059.000000  5740 10
94093.000000  5743 10
94095.000000  5743 10
94151.000000  5747 10
94163.000000  5748 10
94181.000000  5749 10
94229.000000  5753 10
94261.000000  5755 10
94275.000000  5757 10
94301.000000  5759 10
94323.000000  5760 10
94355.000000  5763 10
94387.000000  5765 10
94401.000000  5767 10
94433.000000  5769 10
94461.000000  5771 10
94463.000000  5771 10
94469.000000  5772 10
94501.000000  5774 10
94525.000000  5776 10
94535.000000  5776 10
94567.000000  5779 10
94591.000000  5781 10
94605.000000  5782 10
94623.000000  5783 10
94645.000000  5785 10
94671.000000  5787 10
94693.000000  5789 10
94717.000000  5791 10
94719.000000  5791 10
94743.000000  5793 10
94769.000000  5795 10
94821.000000  5799 10
94841.000000  5801 10
94849.000000  5801 10
94895.000000  5805 10
94925.000000  5807 10
94953.000000  5809 10
94963.000000  5810 10
94977.000000  5811 10
94997.000000  5813 10
94997.000000  5813 10
95055.000000  5817 10
95087.000000  5820 10
95111.000000  5822 10
95111.000000  5822 10
95129.000000  5823 10
95181.000000  5828 10
95191.000000  5829 10
95225.000000  5831 10
95279.000000  5835 10
95303.000000  5837 10
95355.000000  5841 10
95377.000000  5843 10
95405.000000  5845 10
95419.000000  5846 10
95457.000000  5849 10
95495.000000  5852 10
95503.000000  5853 10
95525.000000  5854 10
95575.000000  5858 10
95617.000000  5861 10
95675.000000  5865 10
95711.000000  5868 10
95713.000000  5868 10
95737.000000  5870 10
95737.000000  5870 10
95753.000000  5871 10
95809.000000  5876 10
95823.000000  5877 10
95853.000000  5879 10
95887.000000  5882 10
95917.000000  5884 10
95919.000000  5884 10
95923.000000  5885 10
95937.000000  5886 10
95961.000000  5888 10
95989.000000  5890 10
95997.000000  5891 10
96027.000000  5893 10
96055.000000  5895 10
96103.000000  5899 10
96115.000000  5900 10
96117.000000  5900 10
96141.000000  5902 10
96155.000000  5903 10
96171.000000  5905 10
96185.000000  5906 10
96201.000000  5907 10
96249.000000  5911 10
96249.000000  5911 10
96285.000000  5914 10
96315.000000  5916 10
96317.000000  5916 10
96349.000000  5919 10
96351.000000  5919 10
96401.000000  5923 10
96425.000000  5925 10
96439.000000  5926 10
96445.000000  5926 10
96501.000000  5930 10
96575.000000  5936 10
96599.000000  5938 10
96635.000000  5941 10
96817.000000  5955 10
96829.000000  5955 10
96859.000000  5958 10
96873.000000  5959 10
96897.000000  5961 10
96939.000000  5964 10
96961.000000  5966 10
96995.000000  5968 10
97019.000000  5970 10
97053.000000  5973 10
97055.000000  5973 10
97075.000000  5975 10
97135.000000  5979 10
97137.000000  5980 10
97165.000000  5982 10
97189.000000  5984 10
97223.000000  5987 10
97247.000000  5989 10
97295.000000  5992 10
97297.000000  5993 10
97325.000000  5995 10
97341.000000  5996 10
97389.000000  6000 10
97455.000000  6005 10
97475.000000  6007 10
97489.000000  6008 10
97573.000000  6015 10
97607.000000  6017 10
97661.000000  6021 10
97691.000000  6023 10
97693.000000  6023 10
97703.000000  6024 10
97735.000000  6027 10
97739.000000  6027 10
97781.000000  6030 10
97805.000000  6032 10
97839.000000  6035 10
97859.000000  6037 10
97879.000000  6038 10
97915.000000  6041 10
97921.000000  6041 10
97921.000000  6041 10
97943.000000  6043 10
97965.000000  6044 10
98013.000000  6048 10
98061.000000  6051 10
98069.000000  6052 10
98093.000000  6054 10
98121.000000  6056 10
98131.000000  6057 10
98151.000000  6059 10
98193.000000  6062 10
98195.000000  6062 10
98245.000000  6066 10
98245.000000  6066 10
98301.000000  6071 10
98303.000000  6071 10
98333.000000  6073 10
98369.000000  6076 10
98395.000000  6078 10
98429.000000  6081 10
98483.000000  6085 10
98485.000000  6085 10
98507.000000  6087 10
98533.000000  6089 10
98581.000000  6093 10
98581.000000  6093 10
98593.000000  6094 10
98619.000000  6096 10
98667.000000  6100 10
98683.000000  6101 10
98721.000000  6104 10
98767.000000  6107 10
98785.000000  6109 10
98829.000000  6112 10
98829.000000  6112 10
98885.000000  6117 10
98909.000000  6118 10
98943.000000  6121 10
98973.000000  6123 10
98975.000000  6124 10
99005.000000  6126 10
99007.000000  6126 10
99027.000000  6128 10
99041.000000  6129 10
99053.000000  6130 10
99085.000000  6132 10
99085.000000  6132 10
99119.000000  6134 10
99119.000000  6134 10
99159.000000  6137 10
99175.000000  6138 10
99197.000000  6140 10
99213.000000  6141 10
99249.000000  6144 10
99303.000000  6148 10
99351.000000  6152 10
99427.000000  6158 10
99447.000000  6160 10
99481.000000  6163 10
99483.000000  6163 10
99503.000000  6164 10
99503.000000  6164 10
99513.000000  6165 10
99547.000000  6168 10
99599.000000  6172 10
99629.000000  6175 10
99631.000000  6175 10
99643.000000  6176 10
99667.000000  6177 10
99701.000000  6180 10
99703.000000  6181 10
99723.000000  6182 10
99755.000000  6185 10
99789.000000  6187 10
99815.000000  6189 10
99833.000000  6191 10
99853.000000  6192 10
99875.000000  6194 10
99923.000000  6198 10
99935.000000  6199 10
99953.000000  6200 10
100001.000000  6204 10
100021.000000  6205 10
100035.000000  6206 10
100057.000000  6208 10
100089.000000  6211 10
100099.000000  6211 10
100121.000000  6213 10
100127.000000  6214 10
100147.000000  6215 10
100207.000000  6220 10
100209.000000  6220 10
100215.000000  6221 10
100237.000000  6222 10
100239.000000  6222 10
100271.000000  6224 10
100271.000000  6224 10
100307.000000  6227 10
100331.000000  6229 10
100333.000000  6229 10
100341.000000  6229 10
100397.000000  6234 10
100429.000000  6236 10
100429.000000  6236 10
100461.000000  6239 10
100549.000000  6246 10
100629.000000  6252 10
100631.000000  6253 10
100655.000000  6254 10
100677.000000  6256 10
100699.000000  6258 10
100721.000000  6260 10
100777.000000  6264 10
100833.000000  6269 10
100841.000000  6269 10
100841.000000  6269 10
100875.000000  6272 10
100899.000000  6274 10
100931.000000  6277 10
100995.000000  6282 10
100995.000000  6282 10
101021.000000  6284 10
101065.000000  6287 10
101067.000000  6287 10
101097.000000  6289 10
101189.000000  6296 10
101247.000000  6301 10
101269.000000  6303 10
101317.000000  6307 10
101321.000000  6307 10
101321.000000  6307 10
101351.000000  6309 10
101367.000000  6310 10
101429.000000  6315 10
101431.000000  6315 10
101437.000000  6315 10
101473.000000  6318 10
101475.000000  6318 10
101501.000000  6320 10
101513.000000  6321 10
101525.000000  6322 10
101525.000000  6322 10
101551.000000  6324 10
101567.000000  6325 10
101577.000000  6326 10
101577.000000  6326 10
101605.000000  6328 10
101635.000000  6331 10
101637.000000  6331 10
101641.000000  6331 10
101641.000000  6331 10
101657.000000  6332 10
101683.000000  6334 10
101713.000000  6337 10
101715.000000  6337 10
101735.000000  6339 10
101765.000000  6341 10
101809.000000  6344 10
101825.000000  6346 10
101839.000000  6347 10
101863.000000  6349 10
101863.000000  6349 10
101899.000000  6352 10
101919.000000  6353 10
101943.000000  6355 10
101957.000000  6356 10
101983.000000  6358 10
101983.000000  6358 10
102009.000000  6360 10
102147.000000  6371 10
102183.000000  6374 10
102237.000000  6378 10
102313.000000  6384 10
102371.000000  6389 10
102401.000000  6391 10
102415.000000  6392 10
102417.000000  6392 10
102491.000000  6398 10
102493.000000  6398 10
102571.000000  6404 10
102571.000000  6404 10
102597.000000  6406 10
102597.000000  6406 10
102647.000000  6409 10
102705.000000  6414 10
102705.000000  6414 10
102763.000000  6419 10
102819.000000  6423 10
102833.000000  6424 10
102845.000000  6425 10
102873.000000  6427 10
102903.000000  6430 10
102927.000000  6432 10
102959.000000  6434 10
102985.000000  6436 10
102999.000000  6437 10
103019.000000  6439 10
103055.000000  6442 10
103079.000000  6444 10
103105.000000  6446 10
103125.000000  6447 10
103133.000000  6448 10
103153.000000  6450 10
103153.000000  6450 10
103163.000000  6451 10
103185.000000  6452 10
103209.000000  6454 10
103235.000000  6456 10
103245.000000  6457 10
104205.000000  6531 10
104207.000000  6532 10
104235.000000  6534 10
104235.000000  6534 10
104235.000000  6534 10
104241.000000  6535 10
104257.000000  6536 10
104257.000000  6536 10
104257.000000  6536 10
104257.000000  6536 10
104321.000000  6541 10
104345.000000  6543 10
104375.000000  6545 10
104425.000000  6549 10
104427.000000  6549 10
104443.000000  6551 10
104461.000000  6552 10
104475.000000  6553 10
104511.000000  6556 10
104543.000000  6558 10
104569.000000  6560 10
104605.000000  6563 10
104607.000000  6563 10
104631.000000  6565 10
104633.000000  6565 10
104639.000000  6566 10
104673.000000  6568 10
104701.000000  6571 10
104703.000000  6571 10
104713.000000  6571 10
104729.000000  6573 10
104751.000000  6575 10
104785.000000  6577 10
104787.000000  6577 10
104837.000000  6581 10
104861.000000  6583 10
104893.000000  6585 10
104915.000000  6587 10
104965.000000  6590 10
104997.000000  6593 10
105045.000000  6597 10
105067.000000  6598 10
105075.000000  6599 10
105077.000000  6599 10
105115.000000  6602 10
105145.000000  6605 10
105189.000000  6608 10
105243.000000  6612 10
105243.000000  6612 10
105259.000000  6614 10
105281.000000  6615 10
105295.000000  6617 10
105317.000000  6618 10
105349.000000  6621 10
105351.000000  6621 10
105385.000000  6624 10
105459.000000  6629 10
105483.000000  6631 10
105519.000000  6634 10
105539.000000  6636 10
105599.000000  6641 10
105617.000000  6642 10
105631.000000  6643 10
105633.000000  6643 10
105659.000000  6645 10
105669.000000  6646 10
105719.000000  6650 10
105755.000000  6653 10
105807.000000  6657 10
105833.000000  6659 10
105833.000000  6659 10
105871.000000  6662 10
105901.000000  6664 10
105903.000000  6664 10
105915.000000  6665 10
105915.000000  6665 10
105937.000000  6667 10
105997.000000  6671 10
105999.000000  6672 10
106029.000000  6674 10
106031.000000  6674 10
106053.000000  6675 10
106087.000000  6678 10
106109.000000  6679 10
106145.000000  6682 10
106147.000000  6683 10
106183.000000  6685 10
106203.000000  6687 10
106249.000000  6691 10
106255.000000  6691 10
106281.000000  6693 10
106313.000000  6696 10
106331.000000  6697 10
106351.000000  6699 10
106367.000000  6700 10
106369.000000  6700 10
106433.000000  6705 10
106465.000000  6708 10
106527.000000  6713 10
106527.000000  6713 10
106623.000000  6720 10
106649.000000  6723 10
106709.000000  6727 10
106711.000000  6727 10
106765.000000  6732 10
106779.000000  6733 10
106793.000000  6734 10
106829.000000  6737 10
106881.000000  6741 10
106909.000000  6743 10
106939.000000  6745 10
106949.000000  6746 10
106981.000000  6748 10
107055.000000  6754 10
107071.000000  6755 10
107085.000000  6757 10
107103.000000  6758 10
107103.000000  6758 10
107103.000000  6758 10
107103.000000  6758 10
107157.000000  6762 10
107181.000000  6764 10
107241.000000  6768 10
107255.000000  6769 10
107271.000000  6770 10
107271.000000  6770 10
107317.000000  6774 10
107331.000000  6775 10
107351.000000  6776 10
107353.000000  6777 10
107375.000000  6778 10
107385.000000  6779 10
107419.000000  6782 10
107421.000000  6782 10
107441.000000  6784 10
107489.000000  6787 10
107501.000000  6788 10
107519.000000  6790 10
107529.000000  6791 10
107547.000000  6792 10
107577.000000  6794 10
107601.000000  6796 10
107629.000000  6799 10
107643.000000  6800 10
107701.000000  6804 10
107721.000000  6806 10
107767.000000  6810 10
107767.000000  6810 10
107825.000000  6814 10
107859.000000  6817 10
107911.000000  6821 10
107911.000000  6821 10
107937.000000  6823 10
107993.000000  6827 10
108007.000000  6829 10
108023.000000  6830 10
108023.000000  6830 10
108023.000000  6830 10
108023.000000  6830 10
108121.000000  6837 10
108157.000000  6840 10
108159.000000  6840 10
108179.000000  6842 10
108237.000000  6846 10
108255.000000  6848 10
108255.000000  6848 10
108305.000000  6852 10
108313.000000  6852 10
108351.000000  6855 10
108363.000000  6856 10
108385.000000  6857 10
108429.000000  6861 10
108453.000000  6862 10
108453.000000  6862 10
108453.000000  6862 10
108453.000000  6862 10
108513.000000  -1 10
108513.000000  -1 10
108571.000000  6872 10
108585.000000  6873 10
108615.000000  6875 10
108669.000000  6880 10
108671.000000  6880 10
108723.000000  6884 10
108743.000000  6885 10
108743.000000  6885 10
108759.000000  6887 10
108785.000000  6889 10
108795.000000  6890 10
108831.000000  6893 10
108845.000000  6894 10
108871.000000  6896 10
108885.000000  6897 10
108905.000000  6899 10
108921.000000  6900 10
108995.000000  6906 10
109047.000000  6910 10
109115.000000  6915 10
109173.000000  6919 10
109205.000000  6922 10
109205.000000  6922 10
109229.000000  6924 10
109263.000000  6926 10
109283.000000  6928 10
109283.000000  6928 10
109343.000000  6933 10
109343.000000  6933 10
109379.000000  6936 10
109381.000000  6936 10
109437.000000  6940 10
109457.000000  6942 10
109463.000000  6942 10
109497.000000  6944 10
109515.000000  6945 10
109541.000000  6947 10
109593.000000  6951 10
109637.000000  6955 10
109671.000000  6957 10
109741.000000  6963 10
109743.000000  6963 10
109769.000000  6965 10
109803.000000  6968 10
109861.000000  6973 10
109871.000000  6973 10
109883.000000  6975 10
109915.000000  6977 10
109969.000000  6981 10
109997.000000  6983 10
109999.000000  6984 10
110027.000000  6986 10
110041.000000  6987 10
110061.000000  6989 10
110087.000000  6991 10
110101.000000  6992 10
110103.000000  6992 10
110127.000000  6994 10
110145.000000  6995 10
110161.000000  6997 10
110191.000000  6999 10
110207.000000  7000 10
110231.000000  7002 10
110263.000000  7005 10
110269.000000  7005 10
110285.000000  7006 10
110313.000000  7008 10
110351.000000  7011 10
110351.000000  7011 10
110377.000000  7013 10
110389.000000  7014 10
110443.000000  7018 10
110467.000000  7020 10
110499.000000  7023 10
110681.000000  7036 10
110683.000000  7036 10
110719.000000  7039 10
110733.000000  7040 10
110787.000000  7045 10
110787.000000  7045 10
110829.000000  7048 10
110857.000000  7050 10
110859.000000  7050 10
110905.000000  7054 10
110945.000000  7057 10
110971.000000  7059 10
111003.000000  7062 10
111027.000000  7064 10
111059.000000  7066 10
111135.000000  7072 10
111169.000000  7075 10
111193.000000  7077 10
111201.000000  7078 10
111203.000000  7078 10
111225.000000  7079 10
111255.000000  7082 10
111267.000000  7083 10
111269.000000  7083 10
111283.000000  7084 10
111315.000000  7087 10
111317.000000  7087 10
111319.000000  7087 10
111335.000000  7088 10
111347.000000  7089 10
111369.000000  7091 10
111395.000000  7093 10
111403.000000  7094 10
111423.000000  7095 10
111423.000000  7095 10
111435.000000  7096 10
111455.000000  7098 10
111471.000000  7099 10
111499.000000  7101 10
111513.000000  7102 10
111531.000000  7103 10
111577.000000  7107 10
111601.000000  7109 10
111635.000000  7111 10
111635.000000  7111 10
111635.000000  7111 10
111657.000000  7113 10
111689.000000  7116 10
111719.000000  7118 10
111733.000000  7119 10
111735.000000  7119 10
111745.000000  7120 10
111777.000000  7123 10
111779.000000  7123 10
111829.000000  7126 10
111861.000000  7128 10
111917.000000  7133 10
111949.000000  7135 10
111967.000000  7137 10
112015.000000  7141 10
112041.000000  7143 10
112085.000000  7146 10
112087.000000  7146 10
112141.000000  7151 10
112177.000000  7153 10
112189.000000  7154 10
112241.000000  7159 10
112243.000000  7159 10
112301.000000  7163 10
112333.000000  7166 10
112365.000000  7169 10
112401.000000  7171 10
112431.000000  7174 10
112433.000000  7174 10
112487.000000  7178 10
112521.000000  7181 10
112545.000000  7183 10
112583.000000  7186 10
112599.000000  7187 10
112625.000000  7189 10
112627.000000  7189 10
112661.000000  7191 10
112685.000000  7193 10
112699.000000  7195 10
112717.000000  7196 10
112929.000000  7212 10
112957.000000  7214 10
112973.000000  7215 10
113005.000000  7218 10
113007.000000  7218 10
113043.000000  7221 10
113045.000000  7221 10
113065.000000  7222 10
113079.000000  7223 10
113131.000000  7227 10
113155.000000  7229 10
113163.000000  7230 10
113195.000000  7233 10
113197.000000  7233 10
113229.000000  7235 10
113255.000000  7237 10
113291.000000  7240 10
113293.000000  7241 10
113295.000000  7241 10
113315.000000  7242 10
113341.000000  7244 10
113361.000000  7246 10
113387.000000  7248 10
113423.000000  7251 10
113423.000000  7251 10
113445.000000  7253 10
113491.000000  7256 10
113491.000000  7256 10
113501.000000  7257 10
113533.000000  7260 10
113565.000000  7262 10
113567.000000  7263 10
113641.000000  7268 10
113679.000000  7271 10
113681.000000  7271 10
113703.000000  7273 10
113703.000000  7273 10
113717.000000  7274 10
113719.000000  7275 10
113753.000000  7277 10
113755.000000  7277 10
113805.000000  7281 10
113871.000000  7286 10
113893.000000  7288 10
113917.000000  7290 10
113939.000000  7291 10
113951.000000  7292 10
113953.000000  7293 10
114013.000000  7297 10
114065.000000  7301 10
114095.000000  7303 10
114113.000000  7304 10
114113.000000  7304 10
114131.000000  7306 10
114157.000000  7308 10
114191.000000  7310 10
114215.000000  7312 10
114215.000000  7312 10
114223.000000  7313 10
114223.000000  7313 10
114233.000000  7314 10
114267.000000  7316 10
114269.000000  7316 10
114299.000000  7319 10
114323.000000  7321 10
114339.000000  7322 10
114373.000000  7325 10
114375.000000  7325 10
114461.000000  7332 10
114521.000000  7337 10
114521.000000  7337 10
114565.000000  7340 10
114631.000000  7345 10
114663.000000  7348 10
114671.000000  7348 10
114673.000000  7349 10
114703.000000  7351 10
114751.000000  7355 10
114789.000000  7358 10
114813.000000  7360 10
114875.000000  7365 10
114877.000000  7365 10
114879.000000  7365 10
114909.000000  7367 10
114911.000000  7367 10
114941.000000  7369 10
114971.000000  7372 10
114985.000000  7373 10
115013.000000  7375 10
115013.000000  7375 10
115013.000000  7375 10
115071.000000  7380 10
115073.000000  7380 10
115099.000000  7382 10
115129.000000  7384 10
115143.000000  7385 10
115173.000000  7388 10
115191.000000  7389 10
115239.000000  7393 10
115301.000000  7397 10
115361.000000  7402 10
115395.000000  7404 10
115413.000000  7406 10
115413.000000  7406 10
115475.000000  7411 10
115477.000000  7411 10
115511.000000  7413 10
115511.000000  7413 10
115511.000000  7413 10
115537.000000  7415 10
115593.000000  7420 10
115627.000000  7423 10
115651.000000  7425 10
115659.000000  7425 10
115693.000000  7428 10
115727.000000  7431 10
115763.000000  7434 10
115819.000000  7438 10
115835.000000  7439 10
115861.000000  7441 10
115863.000000  7442 10
115883.000000  7443 10
115883.000000  7443 10
115945.000000  7448 10
115983.000000  7451 10
115997.000000  7452 10
116017.000000  7454 10
116033.000000  7455 10
116041.000000  7456 10
116051.000000  7457 10
116075.000000  7458 10
116095.000000  7460 10
116109.000000  7461 10
116133.000000  7463 10
116193.000000  7467 10
116229.000000  7470 10
116283.000000  7474 10
116285.000000  7475 10
116309.000000  7477 10
116343.000000  7479 10
116367.000000  7481 10
116425.000000  7485 10
116473.000000  7488 10
116493.000000  7490 10
116545.000000  7494 10
116547.000000  7494 10
116573.000000  7496 10
116573.000000  7496 10
116573.000000  7496 10
116603.000000  7499 10
116605.000000  7499 10
116619.000000  7500 10
116657.000000  7503 10
116681.000000  7505 10
116689.000000  7505 10
116705.000000  7507 10
116761.000000  7511 10
116763.000000  7511 10
