68551.000000  9516 40
68609.000000  9532 40
68849.000000  9595 40
68851.000000  9595 40
69019.000000  9639 40
69095.000000  9659 40
69155.000000  9675 40
69249.000000  9700 40
69249.000000  9700 40
69437.000000  9749 40
69459.000000  9755 40
69535.000000  9775 40
69537.000000  9776 40
69641.000000  9803 40
69677.000000  9813 40
69697.000000  9818 40
69697.000000  9818 40
69783.000000  9841 40
69797.000000  9845 40
69833.000000  9854 40
69885.000000  9868 40
69885.000000  9868 40
69939.000000  9882 40
69939.000000  9882 40
70069.000000  9916 40
70071.000000  9917 40
70101.000000  9925 40
70119.000000  9929 40
70137.000000  9934 40
70137.000000  9934 40
70187.000000  9947 40
70199.000000  9950 40
70221.000000  9956 40
70237.000000  9960 40
70255.000000  9965 40
70271.000000  9969 40
70319.000000  9982 40
70343.000000  9988 40
70373.000000  9996 40
70405.000000  10005 40
70529.000000  10037 40
70559.000000  10045 40
70561.000000  10046 40
70589.000000  10053 40
70615.000000  10060 40
70677.000000  10076 40
70677.000000  10076 40
70741.000000  10093 40
70955.000000  10149 40
70967.000000  10153 40
70985.000000  10157 40
70993.000000  10160 40
71013.000000  10165 40
71021.000000  10167 40
71021.000000  10167 40
71055.000000  10176 40
71079.000000  10182 40
71079.000000  10182 40
71093.000000  10186 40
71117.000000  10192 40
71117.000000  10192 40
71213.000000  10217 40
71247.000000  10227 40
71261.000000  10230 40
71277.000000  10235 40
71335.000000  10250 40
71335.000000  10250 40
71335.000000  10250 40
71365.000000  10258 40
71399.000000  10267 40
71427.000000  10274 40
71443.000000  10278 40
71479.000000  10287 40
71501.000000  10293 40
71527.000000  10300 40
71527.000000  10300 40
71547.000000  10305 40
71595.000000  10318 40
71603.000000  10320 40
71677.000000  10340 40
71699.000000  10345 40
71699.000000  10345 40
71715.000000  10350 40
71715.000000  10350 40
71769.000000  10364 40
71835.000000  10381 40
71903.000000  10399 40
72025.000000  10431 40
72027.000000  10432 40
72101.000000  10451 40
72115.000000  10455 40
72209.000000  10480 40
72235.000000  10487 40
72249.000000  10490 40
72295.000000  10503 40
72325.000000  10511 40
72337.000000  10514 40
72393.000000  10528 40
72395.000000  10529 40
72417.000000  10535 40
72449.000000  10543 40
72473.000000  10549 40
72487.000000  10553 40
72541.000000  10567 40
72573.000000  10576 40
72597.000000  10582 40
72627.000000  10590 40
72655.000000  10597 40
72667.000000  10601 40
72675.000000  10603 40
72701.000000  10610 40
72737.000000  10619 40
72789.000000  10633 40
72791.000000  10633 40
72811.000000  10639 40
72819.000000  10641 40
72839.000000  10646 40
72955.000000  10676 40
72955.000000  10676 40
72981.000000  10683 40
73043.000000  10699 40
73045.000000  10700 40
73065.000000  10705 40
73077.000000  10709 40
73111.000000  10717 40
73111.000000  10717 40
73137.000000  10724 40
73137.000000  10724 40
73171.000000  10733 40
73227.000000  10748 40
73229.000000  10748 40
73295.000000  10766 40
73303.000000  10768 40
73327.000000  10774 40
73327.000000  10774 40
73393.000000  10792 40
73413.000000  10797 40
73425.000000  10800 40
73445.000000  10805 40
73459.000000  10809 40
73575.000000  10839 40
73599.000000  10846 40
73599.000000  10846 40
73715.000000  10871 40
73715.000000  10871 40
76763.000000  10876 40
76819.000000  10889 40
76915.000000  10921 40
76983.000000  10945 40
77097.000000  10986 40
77121.000000  10995 40
77135.000000  11000 40
77161.000000  11009 40
77187.000000  11018 40
77189.000000  11019 40
77197.000000  11022 40
77213.000000  11028 40
77249.000000  11041 40
77277.000000  11051 40
77329.000000  11069 40
77365.000000  11082 40
77367.000000  11083 40
77435.000000  11107 40
77435.000000  11107 40
77489.000000  11127 40
77607.000000  11169 40
77747.000000  11220 40
77795.000000  11237 40
77817.000000  11245 40
77903.000000  11276 40
77931.000000  11286 40
77961.000000  11297 40
78115.000000  11352 40
78147.000000  11363 40
78203.000000  11383 40
78259.000000  11404 40
78293.000000  11416 40
78395.000000  11452 40
78443.000000  11469 40
78469.000000  11479 40
78521.000000  11498 40
78523.000000  11499 40
78549.000000  11508 40
78565.000000  11513 40
78609.000000  11529 40
78621.000000  11534 40
78653.000000  11545 40
78667.000000  11550 40
78703.000000  11563 40
78777.000000  11590 40
78809.000000  11601 40
78811.000000  11602 40
78845.000000  11614 40
79023.000000  11678 40
79045.000000  11686 40
79059.000000  11691 40
79075.000000  11697 40
79097.000000  11705 40
79153.000000  11725 40
79169.000000  11731 40
79203.000000  11743 40
79245.000000  11758 40
79275.000000  11769 40
79307.000000  11780 40
79309.000000  11781 40
79379.000000  11806 40
79435.000000  11826 40
79459.000000  11835 40
79459.000000  11835 40
79507.000000  11852 40
79573.000000  11876 40
79609.000000  11889 40
79661.000000  11907 40
79673.000000  11912 40
79687.000000  11917 40
79689.000000  11917 40
79713.000000  11926 40
79741.000000  11936 40
79809.000000  11961 40
79963.000000  12016 40
79975.000000  12020 40
79975.000000  12020 40
80009.000000  12033 40
80011.000000  12033 40
80063.000000  12052 40
80085.000000  12060 40
80101.000000  12066 40
80133.000000  12077 40
80163.000000  12088 40
80197.000000  12100 40
80221.000000  12109 40
80247.000000  12118 40
80271.000000  12127 40
80273.000000  12127 40
80295.000000  12135 40
80341.000000  12152 40
80341.000000  12152 40
80367.000000  12161 40
80387.000000  12168 40
80403.000000  12174 40
80413.000000  12178 40
80413.000000  12178 40
80437.000000  12186 40
80439.000000  12187 40
80477.000000  12201 40
80495.000000  12207 40
80529.000000  12219 40
80531.000000  12220 40
80567.000000  12233 40
80587.000000  12240 40
80613.000000  12250 40
80645.000000  12261 40
80669.000000  12270 40
80683.000000  12275 40
80705.000000  12283 40
80737.000000  12294 40
80763.000000  12303 40
80819.000000  12324 40
80821.000000  12324 40
80835.000000  12329 40
80835.000000  12329 40
80861.000000  12339 40
80889.000000  12349 40
80891.000000  12349 40
80919.000000  12359 40
80949.000000  12370 40
80995.000000  12387 40
81031.000000  12400 40
81059.000000  12410 40
81089.000000  12421 40
81119.000000  12431 40
81165.000000  12448 40
81191.000000  12457 40
81239.000000  12475 40
81241.000000  12475 40
81261.000000  12482 40
81273.000000  12487 40
81285.000000  12491 40
81321.000000  12504 40
81355.000000  12516 40
81355.000000  12516 40
81411.000000  12536 40
81435.000000  12545 40
81451.000000  12551 40
81477.000000  12560 40
81501.000000  12569 40
81533.000000  12580 40
81619.000000  12611 40
81621.000000  12612 40
81623.000000  12613 40
81647.000000  12621 40
81681.000000  12633 40
81707.000000  12643 40
81743.000000  12656 40
81755.000000  12660 40
81755.000000  12660 40
81783.000000  12670 40
81801.000000  12677 40
81813.000000  12681 40
81847.000000  12693 40
81853.000000  12695 40
81919.000000  12719 40
81921.000000  12720 40
81971.000000  12737 40
81971.000000  12737 40
81997.000000  12747 40
81999.000000  12748 40
82053.000000  12767 40
82053.000000  12767 40
82111.000000  12788 40
82143.000000  12799 40
82201.000000  12820 40
82201.000000  12820 40
82263.000000  12843 40
82315.000000  12861 40
82369.000000  12881 40
82387.000000  12887 40
82403.000000  12893 40
82419.000000  12898 40
82435.000000  12904 40
82473.000000  12918 40
82497.000000  12927 40
82545.000000  12944 40
82579.000000  12956 40
82603.000000  12965 40
82605.000000  12965 40
82635.000000  12976 40
82635.000000  12976 40
82689.000000  12995 40
82717.000000  13005 40
82727.000000  13009 40
82761.000000  13021 40
82763.000000  13022 40
82789.000000  13031 40
82791.000000  13032 40
82801.000000  13036 40
82803.000000  13037 40
82851.000000  13054 40
82895.000000  13069 40
82897.000000  13070 40
82899.000000  13071 40
82915.000000  13077 40
82935.000000  13084 40
82949.000000  13089 40
82969.000000  13096 40
82995.000000  13105 40
83017.000000  13113 40
83017.000000  13113 40
83017.000000  13113 40
83017.000000  13113 40
83055.000000  13127 40
83073.000000  13134 40
83111.000000  13147 40
83175.000000  13170 40
83211.000000  13183 40
83235.000000  13192 40
83249.000000  13197 40
83305.000000  13217 40
83339.000000  13229 40
83393.000000  13248 40
83395.000000  13249 40
83417.000000  13257 40
83451.000000  13269 40
83453.000000  13270 40
83479.000000  13279 40
83481.000000  13280 40
83517.000000  13293 40
83519.000000  13294 40
83567.000000  13311 40
83575.000000  13314 40
83607.000000  13325 40
83627.000000  13333 40
83669.000000  13348 40
83671.000000  13348 40
83691.000000  13356 40
83721.000000  13366 40
83741.000000  13374 40
83777.000000  13387 40
83801.000000  13395 40
83839.000000  13409 40
83841.000000  13410 40
83895.000000  13429 40
83897.000000  13430 40
83917.000000  13437 40
83949.000000  13448 40
83951.000000  13449 40
83973.000000  13457 40
84005.000000  13469 40
84005.000000  13469 40
84039.000000  13481 40
84055.000000  13487 40
84057.000000  13487 40
84079.000000  13495 40
84079.000000  13495 40
84135.000000  13515 40
84137.000000  13516 40
84175.000000  13529 40
84211.000000  13543 40
84247.000000  13555 40
84277.000000  13566 40
84291.000000  13571 40
84321.000000  13582 40
84335.000000  13587 40
84351.000000  13593 40
84371.000000  13600 40
84373.000000  13601 40
84377.000000  13602 40
84377.000000  13602 40
84413.000000  13615 40
84415.000000  13616 40
84439.000000  13624 40
84465.000000  13634 40
84473.000000  13637 40
84493.000000  13644 40
84529.000000  13657 40
84531.000000  13657 40
84545.000000  13663 40
84553.000000  13665 40
84571.000000  13672 40
84599.000000  13682 40
84601.000000  13683 40
84629.000000  13693 40
84653.000000  13701 40
84665.000000  13705 40
84693.000000  13716 40
84707.000000  13721 40
84731.000000  13729 40
84745.000000  13734 40
84745.000000  13734 40
84781.000000  13747 40
84783.000000  13748 40
84811.000000  13758 40
84811.000000  13758 40
84849.000000  13772 40
84873.000000  13780 40
84873.000000  13780 40
84899.000000  13790 40
84921.000000  13798 40
84969.000000  13815 40
84981.000000  13819 40
85007.000000  13829 40
85055.000000  13846 40
85073.000000  13852 40
85097.000000  13861 40
85121.000000  13870 40
85123.000000  13870 40
85143.000000  13877 40
85183.000000  13892 40
85207.000000  13900 40
85225.000000  13907 40
85241.000000  13913 40
85271.000000  13923 40
85273.000000  13924 40
85299.000000  13933 40
85321.000000  13941 40
85337.000000  13947 40
85349.000000  13951 40
85351.000000  13952 40
85377.000000  13961 40
85411.000000  13974 40
85429.000000  13980 40
85479.000000  13998 40
85527.000000  14015 40
85541.000000  14020 40
85591.000000  14038 40
85603.000000  14043 40
85641.000000  14056 40
85653.000000  14061 40
85673.000000  14068 40
85673.000000  14068 40
85761.000000  14099 40
85761.000000  14099 40
85761.000000  14099 40
85775.000000  14105 40
85805.000000  14115 40
85807.000000  14116 40
85859.000000  14135 40
85913.000000  14154 40
85943.000000  14165 40
85943.000000  14165 40
85965.000000  14173 40
85965.000000  14173 40
85989.000000  14181 40
86013.000000  14190 40
86013.000000  14190 40
86029.000000  14196 40
86041.000000  14200 40
86087.000000  14217 40
86117.000000  14227 40
86119.000000  14228 40
86147.000000  14238 40
86161.000000  14243 40
86191.000000  14254 40
86205.000000  14259 40
86221.000000  14265 40
86247.000000  14274 40
86271.000000  14283 40
86295.000000  14291 40
86311.000000  14297 40
86347.000000  14310 40
86359.000000  14314 40
86375.000000  14320 40
86391.000000  14326 40
86407.000000  14332 40
86467.000000  14353 40
86491.000000  14362 40
86525.000000  14374 40
86527.000000  14375 40
86547.000000  14382 40
86573.000000  14391 40
86573.000000  14391 40
86573.000000  14391 40
86601.000000  14401 40
86665.000000  14424 40
86667.000000  14425 40
86719.000000  14444 40
86803.000000  14474 40
86811.000000  14477 40
86829.000000  14483 40
86829.000000  14483 40
86845.000000  14489 40
86895.000000  14507 40
86917.000000  14515 40
86975.000000  14536 40
87001.000000  14545 40
87015.000000  14550 40
87039.000000  14559 40
87093.000000  14578 40
87095.000000  14579 40
87105.000000  14583 40
87105.000000  14583 40
87121.000000  14588 40
87151.000000  14599 40
87151.000000  14599 40
87189.000000  14613 40
87191.000000  14613 40
87273.000000  14643 40
87273.000000  14643 40
87273.000000  14643 40
87273.000000  14643 40
87273.000000  14643 40
87289.000000  14649 40
87303.000000  14654 40
87325.000000  14661 40
87343.000000  14668 40
87343.000000  14668 40
87361.000000  14675 40
87393.000000  14686 40
87407.000000  14691 40
87427.000000  14698 40
87435.000000  14701 40
87463.000000  14711 40
87483.000000  14718 40
87485.000000  14719 40
87495.000000  14723 40
87515.000000  14730 40
87537.000000  14738 40
87551.000000  14743 40
87569.000000  14749 40
87569.000000  14749 40
87587.000000  14756 40
87607.000000  14763 40
87679.000000  14789 40
87679.000000  14789 40
87679.000000  14789 40
87701.000000  14797 40
87761.000000  14818 40
87835.000000  14845 40
87837.000000  14846 40
87867.000000  14856 40
87893.000000  14866 40
87947.000000  14885 40
87987.000000  14899 40
88033.000000  14916 40
88057.000000  14925 40
88127.000000  14950 40
88127.000000  14950 40
88177.000000  14968 40
88193.000000  14973 40
88243.000000  14991 40
88261.000000  14998 40
88281.000000  15005 40
88299.000000  15012 40
88299.000000  15012 40
88333.000000  15024 40
88379.000000  15040 40
88403.000000  15049 40
88419.000000  15055 40
88447.000000  15065 40
88477.000000  15075 40
88479.000000  15076 40
88491.000000  15080 40
88551.000000  15102 40
88561.000000  15106 40
88567.000000  15108 40
88599.000000  15119 40
88627.000000  15129 40
88653.000000  15139 40
88677.000000  15147 40
88697.000000  15154 40
88711.000000  15159 40
88741.000000  15170 40
88765.000000  15179 40
88781.000000  15185 40
88801.000000  15192 40
88823.000000  15200 40
88841.000000  15206 40
88895.000000  15226 40
88903.000000  15229 40
89191.000000  15332 40
89207.000000  15338 40
89231.000000  15346 40
89273.000000  15361 40
89275.000000  15362 40
89303.000000  15372 40
89315.000000  15377 40
89415.000000  15413 40
89455.000000  15427 40
89457.000000  15427 40
89485.000000  15438 40
89531.000000  15454 40
89533.000000  15455 40
89541.000000  15458 40
89565.000000  15467 40
89597.000000  15478 40
89635.000000  15492 40
89665.000000  15502 40
89689.000000  15511 40
89721.000000  15522 40
89745.000000  15531 40
89777.000000  15543 40
89821.000000  15559 40
89823.000000  15559 40
89829.000000  15561 40
89841.000000  15566 40
89891.000000  15584 40
89929.000000  15597 40
89971.000000  15612 40
89995.000000  15621 40
90017.000000  15629 40
90043.000000  15638 40
90051.000000  15641 40
90073.000000  15649 40
90093.000000  15656 40
90095.000000  15657 40
90105.000000  15661 40
90165.000000  15682 40
90215.000000  15700 40
90283.000000  15724 40
90337.000000  15744 40
90399.000000  15766 40
90401.000000  15767 40
90429.000000  15777 40
90483.000000  15796 40
90561.000000  15824 40
90575.000000  15829 40
90625.000000  15847 40
90667.000000  15862 40
90691.000000  15871 40
90765.000000  15897 40
90801.000000  15911 40
90803.000000  15911 40
90821.000000  15918 40
90837.000000  15923 40
90851.000000  15928 40
90933.000000  15958 40
90933.000000  15958 40
90933.000000  15958 40
90967.000000  15970 40
90969.000000  15971 40
90997.000000  15981 40
91009.000000  15985 40
91035.000000  15995 40
91049.000000  16000 40
91101.000000  16018 40
91101.000000  16018 40
91155.000000  16038 40
91157.000000  16039 40
91187.000000  16049 40
91195.000000  16052 40
91213.000000  16059 40
91215.000000  16059 40
91241.000000  16069 40
91241.000000  16069 40
91281.000000  16083 40
91317.000000  16096 40
91347.000000  16107 40
91361.000000  16112 40
91381.000000  16119 40
91397.000000  16125 40
91439.000000  16140 40
91457.000000  16146 40
91505.000000  16163 40
91541.000000  16176 40
91575.000000  16189 40
91591.000000  16194 40
91591.000000  16194 40
91599.000000  16197 40
91637.000000  16211 40
91669.000000  16222 40
91671.000000  16223 40
91691.000000  16230 40
91725.000000  16242 40
91727.000000  16243 40
91799.000000  16269 40
91817.000000  16276 40
91921.000000  16313 40
91941.000000  16320 40
91957.000000  16326 40
92007.000000  16344 40
92047.000000  16358 40
92061.000000  16363 40
92073.000000  16368 40
92093.000000  16375 40
92095.000000  16376 40
92137.000000  16391 40
92141.000000  16392 40
92175.000000  16404 40
92177.000000  16405 40
92201.000000  16413 40
92215.000000  16419 40
92241.000000  16428 40
92245.000000  16429 40
92265.000000  16437 40
92299.000000  16449 40
92301.000000  16449 40
92323.000000  16457 40
92393.000000  16482 40
92393.000000  16482 40
92393.000000  16482 40
92407.000000  16487 40
92451.000000  16503 40
92485.000000  16515 40
92499.000000  16521 40
92525.000000  16530 40
92559.000000  16542 40
92593.000000  16554 40
92601.000000  16557 40
92603.000000  16558 40
92659.000000  16578 40
92677.000000  16585 40
92697.000000  16592 40
92711.000000  16597 40
92731.000000  16604 40
94011.000000  17064 40
94031.000000  17071 40
94075.000000  17087 40
94077.000000  17088 40
94157.000000  17117 40
94229.000000  17142 40
94263.000000  17155 40
94291.000000  17165 40
94293.000000  17165 40
94321.000000  17175 40
94349.000000  17185 40
94349.000000  17185 40
94349.000000  17185 40
94383.000000  17198 40
94383.000000  17198 40
94399.000000  17203 40
94417.000000  17210 40
94463.000000  17226 40
94489.000000  17236 40
94505.000000  17241 40
94575.000000  17267 40
94601.000000  17276 40
94613.000000  17280 40
94631.000000  17287 40
94657.000000  17296 40
94683.000000  17305 40
94715.000000  17317 40
94717.000000  17318 40
94739.000000  17326 40
94797.000000  17347 40
94935.000000  17396 40
94959.000000  17405 40
94959.000000  17405 40
94993.000000  17417 40
95031.000000  17431 40
95033.000000  17431 40
95101.000000  17456 40
95121.000000  17463 40
95141.000000  17470 40
95169.000000  17480 40
95183.000000  17485 40
95183.000000  17485 40
95279.000000  17520 40
95311.000000  17531 40
95325.000000  17536 40
95385.000000  17558 40
95385.000000  17558 40
95385.000000  17558 40
95451.000000  17581 40
95485.000000  17594 40
95539.000000  17613 40
95561.000000  17621 40
95577.000000  17627 40
95595.000000  17633 40
95615.000000  17640 40
95617.000000  17641 40
95671.000000  17660 40
95709.000000  17674 40
95735.000000  17683 40
95751.000000  17689 40
95765.000000  17694 40
95785.000000  17701 40
95801.000000  17707 40
95831.000000  17718 40
95845.000000  17723 40
95941.000000  17757 40
96005.000000  17781 40
96007.000000  17781 40
96035.000000  17791 40
96065.000000  17802 40
96067.000000  17803 40
96101.000000  17815 40
96101.000000  17815 40
96101.000000  17815 40
96113.000000  17819 40
96123.000000  17823 40
96169.000000  17839 40
96171.000000  17840 40
96235.000000  17863 40
96237.000000  17864 40
96245.000000  17867 40
96279.000000  17879 40
96281.000000  17880 40
96365.000000  17910 40
96391.000000  17919 40
96445.000000  17939 40
96469.000000  17947 40
96469.000000  17947 40
96501.000000  17959 40
96511.000000  17962 40
96513.000000  17963 40
96543.000000  17974 40
96551.000000  17977 40
96585.000000  17989 40
96601.000000  17995 40
96635.000000  18007 40
96637.000000  18008 40
96669.000000  18019 40
96725.000000  18039 40
96747.000000  18047 40
96757.000000  18051 40
96777.000000  18058 40
96805.000000  18068 40
96807.000000  18069 40
96827.000000  18076 40
96941.000000  18117 40
96957.000000  18123 40
97023.000000  18147 40
97039.000000  18152 40
97039.000000  18152 40
97091.000000  18171 40
97149.000000  18192 40
97171.000000  18200 40
97199.000000  18210 40
97207.000000  18213 40
97239.000000  18224 40
97283.000000  18240 40
97283.000000  18240 40
97283.000000  18240 40
97323.000000  18254 40
97325.000000  18255 40
97363.000000  18269 40
97365.000000  18269 40
97395.000000  18280 40
97397.000000  18281 40
97431.000000  18293 40
97433.000000  18294 40
97461.000000  18304 40
97493.000000  18315 40
97525.000000  18327 40
97557.000000  18338 40
97559.000000  18339 40
97571.000000  18343 40
97601.000000  18354 40
97603.000000  18355 40
97619.000000  18361 40
97637.000000  18367 40
97661.000000  18375 40
97675.000000  18381 40
97695.000000  18388 40
97707.000000  18392 40
97733.000000  18401 40
97759.000000  18411 40
97759.000000  18411 40
97805.000000  18427 40
97825.000000  18435 40
97851.000000  18444 40
97873.000000  18452 40
97875.000000  18453 40
97885.000000  18456 40
97903.000000  18463 40
97905.000000  18463 40
97937.000000  18475 40
97939.000000  18475 40
97955.000000  18481 40
97967.000000  18486 40
98039.000000  18511 40
98097.000000  18532 40
98131.000000  18545 40
98165.000000  18557 40
98181.000000  18563 40
98189.000000  18565 40
98217.000000  18575 40
98219.000000  18576 40
98243.000000  18585 40
98269.000000  18594 40
98279.000000  18598 40
98279.000000  18598 40
98297.000000  18604 40
98315.000000  18611 40
98355.000000  18625 40
98373.000000  18631 40
98381.000000  18634 40
98405.000000  18643 40
98411.000000  18645 40
98433.000000  18653 40
98479.000000  18669 40
98491.000000  18674 40
98511.000000  18681 40
98511.000000  18681 40
98511.000000  18681 40
98531.000000  18688 40
98539.000000  18691 40
98563.000000  18700 40
98593.000000  18710 40
98617.000000  18719 40
98649.000000  18731 40
98703.000000  18750 40
98729.000000  18759 40
98799.000000  18784 40
98801.000000  18785 40
98805.000000  18787 40
98851.000000  18803 40
98879.000000  18813 40
98935.000000  18833 40
98979.000000  18849 40
99021.000000  18864 40
99051.000000  18875 40
99067.000000  18881 40
99081.000000  18886 40
99097.000000  18892 40
99111.000000  18897 40
99129.000000  18903 40
99139.000000  18907 40
99157.000000  18913 40
99171.000000  18918 40
99229.000000  18939 40
99231.000000  18940 40
99261.000000  18950 40
99263.000000  18951 40
99283.000000  18958 40
99379.000000  18993 40
99407.000000  19003 40
99409.000000  19003 40
99505.000000  19038 40
99529.000000  19047 40
99579.000000  19065 40
99609.000000  19075 40
99609.000000  19075 40
99639.000000  19086 40
99639.000000  19086 40
99693.000000  19105 40
99727.000000  19118 40
99753.000000  19127 40
99781.000000  19137 40
99783.000000  19138 40
99817.000000  19150 40
99849.000000  19162 40
99873.000000  19170 40
99887.000000  19175 40
99903.000000  19181 40
99937.000000  19193 40
99939.000000  19194 40
99943.000000  19195 40
99961.000000  19202 40
99967.000000  19204 40
99989.000000  19212 40
100053.000000  19235 40
100113.000000  19257 40
100191.000000  19285 40
100207.000000  19290 40
100255.000000  19307 40
100271.000000  19313 40
100295.000000  19322 40
100323.000000  19332 40
100361.000000  19346 40
100387.000000  19355 40
100389.000000  19356 40
100407.000000  19362 40
100437.000000  19373 40
100477.000000  19387 40
100501.000000  19396 40
100535.000000  19408 40
100587.000000  19427 40
100611.000000  19435 40
100645.000000  19448 40
100719.000000  19474 50
